0.801849521848965
0.851424298340021
1.06342315966615
1.09745749500438
0.305849107439345
1.15622289199917
1.38369588095948
1.52724633696658
1.66767591221092
0.145953569788862
0.236423696023569
0.348266899682166
0.894191391518752
1.29930416510089
0.896310839070185
1.79722775263799
1.83212444962662
1.67942111232035
1.10880328348502
0.862243373435907
0.813415514219702
0.704700624328731
0.96498951343368
1.05331581406076
1.62512920598956
0.878201828530415
0.543487356721363
0.903611273553308
0.404396620030562
0.612432770091314
0.784202473710082
0.912899848463242
0.726968102296253
1.17075888117913
0.901891687090799
1.70096085360404
1.85464437767993
0.866291149904442
0.771942223085153
0.81263782004012
0.802927200669028
1.34405422820225
1.29772639989326
0.279650366309675
0.873975253588796
0.535905879459702
0.106718413641602
0.637067005033277
0.506821391191739
0.75794049415177
0.313183937079305
1.05830312811205
0.92386800882095
1.21128092483548
0.623605975899535
1.29980945326916
1.20673121388214
0.887118190142526
0.326675273264559
1.19752455497417
1.41045366773741
0.854142188764223
1.11131035084784
1.5144125607825
0.298454798666921
0.949937955309711
0.625403932197462
1.74246548488281
1.6707053376011
0.392691342194996
0.683123634945473
0.733286656712522
1.13581870446371
1.11964055143436
0.486048893457669
0.875332876190024
0.877810328338736
0.76452241092868
0.724201488378149
0.490094829827517
0.911841745070493
1.06283552001896
0.803875710101077
0.990441048682122
0.825973249616367
1.26808531132144
1.30079166748994
1.7891838088249
0.167663464117896
0.441710351763945
0.7957196526909
1.86692575482599
1.2507417908548
0.884647460354034
0.801014560279549
0.84235007780468
0.638066146171994
1.08863677971278
0.803266309082876
0.301191073908915
0.978302251265054
0.831005465370263
0.88727612139101
1.13212877314528
1.29555305097141
0.89472623065598
0.245851115315446
0.324483880378968
0.362609104142067
1.28159728501534
0.794046018940334
1.05793696487249
0.105495699575387
0.88332711596208
1.55583771626654
1.24502826661815
0.887178852124065
1.05719001082948
0.939473995702609
1.05628292765384
1.02310584479638
1.19280779693984
1.21676305506995
1.29823466730985
1.15198914539216
1.05506931143063
0.855328444338549
0.951594380221633
0.851911945139202
0.851947928646051
0.391227922012654
0.612787255493752
0.388590988900875
0.864491811572765
0.78734435885717
0.869978379393576
0.47058132980963
1.00705243069901
1.50301924089297
1.85517038535005
0.986643125584922
1.7223114316536
2.0018829324252
1.84598421377601
1.15236018378779
1.66820404767168
1.06815729837666
1.84904009782169
1.19147498595882
1.24040295298372
1.69817543141801
0.437540832315661
0.0908662499280444
-0.0422988967493769
-0.221406490928478
0.859899683283848
0.335984353717151
0.438804560199929
0.3314534593339
0.43330201493115
0.24452033185268
0.400202515024123
0.747590533929766
0.690819002051144
0.516903575444206
2.68155811940468
2.68096373391908
2.13162808780856
2.41865868964916
2.60164972775169
2.97868904986962
1.82168497346106
2.14286316263752
1.96724415746117
1.41639584035107
1.32543860824636
1.1840487671994
1.51986922681457
1.05810760698551
0.807752608271326
1.33285781348268
1.6252544988132
1.83883210372783
1.31949615432012
1.38454580784254
1.50617816435712
0.742182030816031
1.05600195173363
0.168484763681453
-0.217513730670184
-0.606758237797356
-0.457435068089656
-0.445907995514805
-0.465941319163328
-0.429723135972387
-0.383910482088493
-0.320912323663421
0.187987573684886
0.450333915043573
-0.198526468796687
0.617711716943108
-0.519487449040055
0.152314573147211
-0.481194092677758
0.323897849245175
0.903649966369347
0.0127767978691396
0.130211105419293
0.643875184027967
0.350023332559074
0.773711605368957
0.965189666185576
1.1955217544182
0.837721209443146
0.701898741331385
1.51502029489694
1.29535736372077
1.00284486448561
0.424247008354019
0.202691459004674
0.349887275580805
1.10840103536081
1.68854694483733
1.40392033639649
1.85130149605454
2.04945862224457
1.7458737539708
2.04136728097014
1.81791362074306
1.96627577172968
1.983802976888
1.76058984068691
2.01347104523014
0.370457320156003
0.389677025055129
0.0670838234630527
0.202065943521747
0.232838453931131
0.675456084588445
0.0857283570017684
0.325170200394438
0.15676752501232
0.304585610073622
0.677365030378946
1.1275917287413
1.10823394884599
0.566860830930285
0.280557071050121
0.947692958963236
0.922683381524156
-0.0321253423514332
-0.034904297859219
-0.164501800940113
1.49396844816762
1.12467923529003
0.975344338119486
1.19561707496061
1.11621257453233
0.912279825883155
0.959733050521381
0.835395289174043
0.617928643152603
0.103609730956087
0.00493194220966474
-0.315651499212457
-0.0869630643246885
1.45310778543015
1.4500809731593
1.16871575029164
1.242934011664
1.04503889436912
0.639302191058909
0.415575332448914
1.91364028049986
2.33863371028841
2.19731013183224
1.28193197992477
0.908151403351357
1.53617539299562
1.35617650731353
0.94259749686771
0.983278518960591
0.796876068556949
0.940782521981201
0.769727553111799
0.891358960549218
1.36372674616749
0.906410523326324
2.14661406806025
1.17275911740688
1.06152697915385
0.896142468776617
0.662256053605141
1.56854040030728
0.177160327267877
-0.0945313386845683
0.376551479177408
-0.450490725912478
1.53324494697081
0.622052642156617
0.774881141266008
0.834461300848541
1.13122489876198
1.98159015567942
1.16258769175251
0.728575924976589
0.919895407453088
0.11617090407541
0.490181526630559
1.27808329864913
-0.0855738333735655
0.543879883684061
1.01337417473609
1.46722948594144
1.20374648514677
1.07215288409419
0.0154193622670901
1.58434146951947
0.861715759299819
0.72692222906893
0.931094488890695
1.92167230100034
2.32147968668225
1.80387932262384
2.26561078991131
0.552648989468318
0.309234911099074
0.944056832545236
1.07097917948222
0.226642169836341
1.96201820204186
0.366484706760512
0.309311788780319
1.06463231199473
0.814552194449972
1.9885806461546
0.432284961209638
2.08976553207328
2.46999771952711
0.428562153222946
-0.0402618884028768
-0.0268178189086665
-0.238106265048855
0.0638665358083037
-0.43697588814444
2.13155911127072
1.78920099929183
0.628530076308023
1.9581256605869
0.0323545890456716
1.22212272111232
0.0363780611691723
1.50003305306165
0.622762231597755
1.04060809818695
1.18068824037382
0.750699301010502
0.885518116875177
0.241070277707868
1.13926881139913
0.971485296439427
0.911415982579626
0.979458080827452
1.55922310335226
2.095506660381
2.96058725279586
0.00536885600398362
0.770281735761718
1.04351604704405
0.696934658547539
2.01364331571698
0.941103365582092
0.749129940406891
0.722804633496973
0.907496528407166
0.805241547309958
0.509208192531721
1.0336140565047
1.66047901857741
1.68547317833373
1.51531150684616
1.15755497811617
1.03212958052263
2.07046600300298
0.783771385659388
0.00858507269516689
0.252648338787784
0.497009374691217
0.859093960474034
0.770459444947217
0.80651497260779
0.574930948340876
0.583311630189148
0.867295243935707
0.805718706039208
0.582665648447591
1.20861858873097
1.04511989584914
0.59782194286339
2.82012541339617
0.946363234589297
1.04821228501132
1.36402842348769
0.588777577689208
1.95684945610481
1.24506794372978
0.014361574085704
0.0244037817523434
0.34576674180547
0.154413984238499
1.28581206514804
0.00538939322320137
1.02602824337691
1.08994422949429
0.880594819234845
0.651379013064973
0.889664026059064
0.469083730735211
-0.148558620418192
-0.123243873788683
0.0669655932937268
1.30645182201781
0.977720427224109
0.456514605797143
1.06226996020208
0.943145328428056
0.772669278105798
0.808554415061966
0.915406293834344
1.27236198815553
1.25832538586737
1.20157319491199
1.23063881942111
1.26627892281474
0.0610011427833704
0.451518467190289
0.876111089785084
1.22822644657322
0.357396078614128
0.715692841839258
1.2344448683384
1.92558894439443
1.90342227730348
1.83692690969563
1.44067363668673
0.915817825708792
0.989803803237846
0.58366056630231
-0.504745688917778
-0.440602741322709
-0.255672023961076
-0.0361875745282244
0.641047788664081
0.549531584708353
1.26924876250603
0.704481066161336
0.967027740568388
0.413913753000437
-0.533791201803136
-0.212511661216213
-0.613230132463411
-0.128962619041665
1.63697636852815
1.69798673239749
1.62878634139444
1.34644439681253
1.40803766968506
1.39826383227496
1.27561905503644
1.111732059513
1.5442310366831
0.63733876528434
0.620913622575781
0.341160857290068
-0.114377109872294
0.827289957752176
1.77559329869843
0.242730416565374
2.07932691286646
2.00243576056887
1.27386515767386
0.590461396009047
0.0318907744919571
0.318162860553622
0.71357118713278
0.687045499201109
1.83404303200629
0.794718461741316
-0.00579086415925303
0.101856853026889
1.21534719973746
0.871461596428982
0.476447819738536
1.32440925785917
0.15742654263032
0.597988670558805
0.81239374891377
0.988412258722861
0.252405209117931
0.802732571318484
0.832837341864637
0.750519490378392
0.900661675217245
0.196995183399995
1.27683083912511
1.14918843387072
1.11473542226573
1.78437831264141
0.622220336924033
0.748874357160781
2.10702542071922
0.0986815690829676
0.0580197015910584
0.230159292789611
-0.133344478885714
0.750321418786559
0.513349795477574
0.0276904449718119
1.36458907514656
1.71253397089053
1.40554790494718
1.45946418819123
0.933576811514405
0.20925010601112
0.583668889612033
1.40446216298302
0.579233197130983
-0.12242664534026
0.237651459403682
0.682633631849121
1.59624868803632
1.78824864952693
0.721695236580854
1.37962355715787
1.98689023467748
0.606063622907456
1.03801515171263
0.426677299037674
0.901841786811692
0.0991932493192487
1.52109768718198
1.95620554914045
1.68729722377413
0.952927671678407
0.901876613967091
0.872049368032604
2.3908285086049
0.241367963401164
-0.0626320714765183
0.304942731807146
0.75287837461721
0.639999465410405
1.86281717977405
0.0706398888831521
1.50809736942909
0.15294499716169
-0.139326716477867
-0.551499699018024
0.594849501275053
0.313109649318518
0.3132732111522
0.918870594613749
1.32956265912988
-0.355620110444814
2.07510242611223
0.788464409296157
0.981473400548893
0.560762843343828
1.56797949321597
0.506532566997356
0.462873058565587
1.53169283587488
-0.264290372940111
0.820979258908972
0.846062131761067
0.881563806868619
0.708880262130939
-0.00288230264376663
1.34687056877047
0.788768241469074
0.714404413047038
0.763595813230754
-0.031151399696117
1.22879336694943
0.885189874717105
0.0659559403815268
0.969669228907855
0.763188431114782
0.427865500613128
1.31279211965109
1.38998228371363
0.627740530308667
2.28804656451583
0.185413161198491
1.12876280175932
0.706451683592467
0.900278336124039
0.494959078695885
0.326684094400819
0.0452721528244086
1.40746994402893
0.288136820238177
1.18889437798172
-0.0267918196947733
1.75369698700799
1.7766383857386
1.10137010628861
0.775316453959323
0.708055337390836
1.60403313062326
0.833806378951992
1.02826271565521
1.63687536290592
0.111659521676711
0.890423999856001
0.0592240816235944
2.28453543338505
0.720492814626419
0.091743891738732
-0.0686520935811028
0.234086157904511
0.325241275774491
0.830468605368105
-0.124652960905835
2.01172480003896
0.890955794979059
-0.059928514907394
0.457516873917913
0.0250381509077941
-0.245431335369004
1.44783588920634
1.17977831131905
0.94686872905156
1.0755050841302
0.864989114615736
0.601225527272007
2.28807837933278
2.08654869930134
2.847509037134
1.30789588245051
1.3119886275794
1.34143193931908
0.78328978534927
0.87055433693754
1.92587377527331
0.25722882392608
1.13722677258526
-0.154900395350985
1.06215281718881
1.84465927480533
0.468807460733644
0.462379079384616
1.31835883013228
0.21815006355562
0.0950324847241102
0.303027416026248
0.439911142185767
1.73067371407203
1.46571318018437
0.553157929120464
0.678460990809365
-0.212180416566141
0.863850885596942
1.34682187521047
0.143704227788597
0.669887858472342
0.730159435430308
0.783205241312213
1.57872660066006
1.11920370843655
1.2320262769188
-0.166502503939096
0.994032816647346
2.47800153954097
1.14157585507297
1.84566695273844
1.70026005990699
0.817541435653348
0.45259712172372
0.30546805130983
1.63741537345283
2.55522847692464
1.7953084728197
1.87952165064362
1.90798081131579
0.255637664523556
1.02333983151633
-0.086020174883884
1.83480083633597
0.390479652172461
0.546883965795759
0.369053909365007
2.18777796850871
1.14619659890421
1.88362409057705
2.11775593227555
0.914690532542713
-0.00861362889146315
-0.331123055469665
0.247378642722143
0.879342928480133
0.624581762178069
0.00497813720881039
0.415192128948233
0.252954695693325
1.19807116573882
0.288113462533933
1.23669559461717
1.19240951975171
0.7950294875593
0.810316809773437
3.26479888866107
3.09414672340781
0.617142893373808
1.22511195712799
0.171274095385241
1.59597733071304
1.30892753231345
1.96007367050681
0.602083562121123
0.078742959786208
0.251970082685232
1.43014501419004
0.516771892292382
0.536558692312548
-0.473572615713607
0.805930736341569
0.71465034020357
0.119767698663937
0.721182546385027
0.159828639018865
1.34458392939726
1.51441783390138
0.2964942967482
2.27544032826568
0.599501789529039
1.12886841758215
1.04709883471594
0.0998979923060813
1.76631644807075
0.403980062449754
1.47838969266947
0.281813414761113
1.90487856341478
0.817754615181466
1.70142530573912
1.49038673960012
1.44852419527703
0.488632656488444
0.821788990465396
0.887770923313824
1.04724308298772
0.873883579709135
1.8190156551702
1.1877752051265
0.633507266001085
1.57560781524206
1.89492610941341
1.90511602206887
1.89231003475708
0.0113958090092891
2.10521383814521
0.0535204276466469
0.110128855470423
1.694872162711
0.500601844049347
0.563630712750787
1.45717046906355
-0.557320020555653
0.996100458963768
0.726974501620737
0.42024156573082
0.601745008307027
2.9309939590352
0.977026968955502
1.06582997403923
1.41398253832708
1.82775690694079
0.930837202811511
0.719879933127657
0.469182533448983
0.00225155788550208
0.336736815789663
0.31505808462656
1.75307423307202
-0.45774199388776
0.119440718983269
0.879722758921911
0.941427348512384
0.255471239748833
0.615102754536395
1.70082539285813
2.07030641263753
1.01421745692941
0.645044263155144
1.65058386038971
1.86997445776574
0.360210284527257
0.499337377296
1.94287031533341
0.534406296485687
1.46688318942518
0.831347508570025
-0.00248298757241264
0.61068239533304
1.19948803117127
1.42901267918663
-0.00878125459665068
0.786937639143926
0.365393513213864
1.82026366431088
1.526168585764
1.73157813010975
1.5798193948519
-0.291143363818144
2.04284258259258
2.08733467552731
0.259353995733605
1.89612294283929
0.770069708229425
1.90973716808641
-0.00592520511833856
2.02126856293144
1.41435018875683
1.05261437922736
1.42726515222691
0.888304341330043
1.94457639640602
0.842193848455003
0.60791931281727
0.658455147484497
1.94628663753254
1.80114041230807
0.359493690199447
1.16888097416672
2.01076822065095
0.791568401078462
0.932309471518374
-0.359201002324277
1.45017929743422
-0.179632825068884
-0.00212542209065651
1.96966798793356
0.786876241269201
0.2364100439856
1.09736122124762
0.711018635565302
0.0920555392183841
1.57905077156406
0.705301906190405
0.712727736566942
0.41444853298358
2.51490571875288
0.207531779893401
0.20220189537488
0.70571937157975
-0.0336750607988935
1.31262743374975
0.72219661527711
0.602401421652877
0.989893809877814
0.00574907426619668
0.758784150739382
0.0138665746425602
1.03542802429681
1.00362954170543
0.775018228125243
0.951708043413917
-0.0280687478165562
-0.145877111690837
0.853789097965866
0.483658970097099
2.02483975211695
2.86998914412949
1.17411069961084
1.1946283799276
0.592921329140206
1.06607537269041
1.52505341824822
2.09054088896529
1.1351386573196
1.32035192983298
1.16441323189615
0.8431172543711
0.722750521603744
0.909187788978287
0.310234911839836
1.12794135350339
0.70714133340174
0.319053588369263
0.810528137216339
0.0163406257860254
1.05078414399012
1.21488819519655
0.285949500270373
0.0597676069063346
1.14742951067735
1.00401021976646
0.73506397582321
1.36106793666161
1.2163751203744
1.22191678109698
1.91738682858682
0.575955539372964
0.0361298625698102
0.916740223106112
0.859452055114305
1.06202233110747
0.0114872398225641
0.973192719499981
0.138430891042752
0.995871496490477
0.744517087214279
0.825433512236559
0.557646204191418
1.8453315948046
0.0395700841027372
0.584530567094371
0.243762187982453
0.553873047117896
1.06069978377568
1.74294082984425
1.35898690509603
1.67050625836089
1.62957276946525
2.40839166704891
1.13218996691411
1.05357342776592
1.00081028724296
0.649987050810838
1.34118528582862
0.113212113689628
2.06860564557072
0.353235166306973
1.72818633908473
1.98474834565006
0.455665116409906
0.358244908776767
2.30653546573249
1.0058733065797
0.870436575735491
-0.117339713775532
2.04321539615644
0.82034932164899
1.0036527738201
1.06184017459767
1.41382492883646
0.718476764496697
0.879049765814384
0.895456870969996
0.160941084301838
0.159637756595196
1.20880132291432
0.0247807814287557
1.03674390525116
1.49425151537643
0.709693988054023
0.478436904154523
0.851582579391655
0.952338000537632
0.836403916445929
0.192704042605989
0.296992021271451
0.190243689738022
0.889881634913828
2.0142234394903
0.420216174400639
0.834734145408153
-0.00762431605761141
1.82020023518959
0.187491466487135
1.81405551242308
0.711657663868558
0.47831460389777
-0.239010703370859
-0.000376886212393484
0.8227398414467
1.97785661114502
1.32702049078839
1.03291123837712
0.284494761997831
0.574755363307755
0.49678402419803
1.29985330960167
1.44235549204028
0.483961024984408
0.80427594692497
0.610957704971949
1.94312805483506
0.368632812905389
1.82450414177369
1.2230358317258
0.773886689063178
1.62214302778151
1.95601709406944
0.39341910204419
1.80933300343736
0.680017367589542
-0.58886970602104
0.813573808827662
2.00868670312444
1.94467748018033
0.330640606001168
0.961743152694819
2.33564771587285
1.63754079316859
-0.206940601137712
0.00454517615333296
1.07639788689703
0.92823430359741
0.237670858251723
-0.257826575513785
1.8390376155492
1.63309747353492
0.950994137824936
1.08973292258628
1.34785852473994
-0.145473354944736
-0.233556861881017
1.35502886518347
0.220840937053301
0.0883945482392162
0.153196802648633
0.607328996146466
-0.334018532704003
0.799148254810261
1.09969991387574
1.22682046029765
2.07297400911481
0.960894383881432
0.85398756960915
2.18698076780856
-0.351784182286671
1.12084234381676
1.08926206438178
0.609994099911438
0.625124539251049
1.33319677205171
0.354870615295088
0.00561820359320233
0.543115205303798
0.916916847021336
1.66327095230855
1.38031735901952
0.243790391463289
0.157092911958354
-0.0978513845427156
0.358235675268833
1.5706261660719
1.98735311606325
0.842570526946527
0.869375085607538
0.983818581955962
1.00999925785634
0.672165450245001
1.35935450994771
1.59927127173763
1.72349721498514
1.15843691211684
0.755982932188926
0.746925190304105
0.98207572303926
1.05398815316118
1.17666446259012
1.01985693756551
0.865412263383638
0.883263059046702
0.771844049718055
0.796192038909287
0.973518468004436
0.392660300743419
1.20612377260803
0.819235419895365
0.860589193695903
0.459676403953731
1.45340641980187
1.24142958811008
0.49895312064487
1.20461036322759
1.63392530239828
0.828365231313411
0.862898460271239
0.966037909200254
0.594742255414244
0.983377636542322
0.951165248408282
1.69350701972636
0.889824313707882
1.43200272902761
0.846973681997787
1.85017625587236
0.872265125419576
0.362338234076565
0.522620893915599
1.09665175094738
0.564850634213861
0.860400504641168
0.659164821320691
1.00016511546349
1.1706039069015
1.01142624693365
1.18891884573013
1.02579801041338
0.99910871482131
0.846318047017039
0.94268344305381
0.715813144175483
1.24294278065431
1.0540480324465
1.63173977765773
1.28508839573919
1.11509306090131
0.708162174768509
1.1662026209275
0.751832780528957
0.947441397145416
0.802125679540773
1.15778130250695
1.03018700250154
0.89365711344151
0.869273071703537
0.883301149876492
0.857681761277287
0.910996565248237
0.916998221181156
0.898636807726906
0.88513945236459
1.05238901775369
0.739362172436814
0.772135995498166
0.764819840165089
0.755228798215124
0.40572535174067
0.629638197005585
1.5424774527889
1.14099360940868
0.906602883697149
0.883317113390089
0.847576557021667
0.861976392986918
1.23353806083947
1.45700751410149
1.46180592907402
1.01358949964406
1.01687775485376
1.88990127315708
1.85499216695767
1.40081814659504
0.827251727889142
0.872167411107574
0.843284173426589
0.711727818241887
0.68836559686182
0.861707230531961
0.835296360637123
0.647784697191113
0.392643974903597
0.548884635881774
0.887469677960393
1.06722432151722
0.904510402995229
0.820007736514013
0.590983377429405
1.29599483978229
0.259880444462607
1.26800485995182
1.26207229558862
1.7212208083114
0.446759345804993
1.44756592127122
1.17946074174802
0.819454355394246
0.600251483470956
0.808606398073758
0.836091376346994
0.856890744566177
0.615230327215153
0.601835662775241
1.15000609800752
1.1532353752227
1.0132268053726
0.890754582364696
0.987082703813648
1.70375631109246
1.47519731629958
1.2512541897627
1.4146281277434
1.12876587598626
1.19684201911366
1.05808883465043
1.0994997897033
1.04618801516017
1.01292298249738
0.646877707315875
0.975137911484548
1.01978701042791
0.881026240953547
0.900056749947444
0.883467085513054
0.826489176261653
0.92155434100015
0.752760982367448
0.386876359496251
0.406239685894319
1.57788451054681
1.24352485570819
0.990264060401551
0.732962429746435
0.822731726925739
1.29989836687582
1.07687860171364
0.650567201895409
1.06502384656146
0.897968483836646
0.861988110732669
0.93307072093452
0.67760794265084
0.725988990423491
0.871872581252619
0.878891892759824
0.852057588745648
0.857732168848912
0.870698340719879
0.894039832841827
0.726187629397762
1.65354142472645
0.586056285238363
1.01842912460834
1.6657030384702
0.248907394406331
0.562430727527616
0.708231465648022
1.14195767237058
1.25746301757917
0.4436750599828
