0.835360461059541
0.903572500619686
1.06235195143197
1.08048114375766
0.32744025346032
1.17474456269028
1.42999779520494
1.56160980779683
1.67600684809761
0.150863194882271
0.209992110300087
0.336861053614064
0.907473302440654
1.34567282787855
0.915218692074058
1.81746377858266
1.85142420063767
1.70846366652179
1.15327801850575
0.890633228858153
0.843139804493218
0.591429160484051
0.840717046541615
1.06842897945276
1.60556425475684
0.970842407804559
0.521976946751283
0.886046530754603
0.454495279127835
0.621826712055587
0.792849274467205
1.01032763910174
0.761474011599476
1.10284212141944
0.914744876090195
1.70483421568104
1.87127422744779
0.889218417457307
0.785911347304915
0.863998498739501
0.656463138213196
1.33245780852292
1.3192285462818
0.326593562329735
0.87747775320097
0.553461351809404
0.0779486499032452
0.578674281672241
0.508483284727654
0.756987368270923
0.363599828164734
1.02707467760516
0.932852219056025
1.21472281670347
0.66792320324256
1.31361602947674
1.23273077073531
0.886970818651018
0.364135991587159
1.2236854236023
1.45224184850179
0.884499039840656
1.11729741271599
1.49365136202513
0.338099975418444
0.983738697752799
0.586725312530039
1.75773005098108
1.66005880905772
0.404135150525486
0.600326922138554
0.595544557151646
1.09675302849503
1.01858485069251
0.477146159578676
0.727897231730999
0.878045942405647
0.772652715100185
0.760418253858171
0.537722285135943
1.01753007724535
1.07211107790738
0.832193431163886
0.998928532981824
0.837441105908168
1.29484422281375
1.31491850178184
1.81042920675729
0.140356928854005
0.445512195993016
0.808669111539539
1.88377541934128
1.28866766791681
0.95869396607227
0.840003053750171
0.914437585050088
0.666995934931173
1.09677680340082
0.838644367667461
0.350585667534996
0.989432352814479
0.858449729183774
0.895097289884874
1.15379451661245
1.32427949470234
0.899667618597616
0.27518158982143
0.367391530245251
0.41390611019702
1.32983337318658
0.780545124425923
1.05486676538258
0.0904674631952498
0.905404970104399
1.59232565000185
1.2903071591378
0.890482106941532
1.05443422980399
0.910862318043566
1.06215578830062
1.05490286097726
1.21312472756642
1.25485411093905
1.31230571288028
1.15460155964065
1.07655425914385
0.867503789220995
0.973369367346575
0.811714982778792
0.859822929738005
0.414795210237929
0.587449244625907
0.372175317773221
0.893496140477095
0.758645463325146
0.88677005989725
0.394239736234903
0.967004752155492
1.47538198146081
1.89510813918611
0.997873682312411
1.73296065358583
2.01792300784834
1.84677315172245
1.22269008727847
1.64865940383018
1.0763107063405
1.86523860849986
1.19044720233569
1.22841799197431
1.68374958307369
0.438384465039574
0.00987626863607723
-0.0199632358111351
-0.219937505166852
0.854070488765178
0.328009273984874
0.432348694532506
0.374275077502084
0.435085292434289
0.239935250409121
0.40701576698378
0.777984609431049
0.683099978929507
0.507311378317638
2.66853924341377
2.68006255212984
2.11426140791421
2.4154520859195
2.62385593345844
2.99731317161795
1.77837469042976
2.18098440714578
1.9810064794209
1.46739505783873
1.3459649787261
1.23431174989608
1.52972962597152
1.04315569981137
0.824056245869592
1.3497194514997
1.55521685571071
1.86303625358375
1.31635286250278
1.40884917551213
1.51530891337967
0.726987387934944
1.0619791166032
0.156388306749195
-0.210770959480286
-0.616301874154763
-0.474642288546963
-0.455136202285466
-0.482157557476157
-0.444924919252513
-0.392006268052381
-0.334650638626496
0.176908283385552
0.453722818631607
-0.207206367414127
0.584554447257435
-0.49070859467495
0.145011737160346
-0.501145890271988
0.325847846909388
0.909990932227795
-0.038161788831724
0.108651469851935
0.66504086343585
0.331790421994118
0.785674854473568
0.984363469667425
1.183210730082
0.840132734824958
0.700457086795828
1.50021364654545
1.31085889191061
0.978866579807362
0.42756873331117
0.193080556016217
0.345850645636857
1.11023397168397
1.70399211185285
1.41449844373106
1.82053435537737
2.03515777665567
1.70652892746142
2.0681044026018
1.82621819972011
1.91484123468821
1.94012060627883
1.7658590859624
2.02147575358355
0.343771387917976
0.388644356566336
0.0537106560881599
0.185676153476329
0.197923393853424
0.676678920418474
0.0700141336282432
0.314722612556309
0.140105888220701
0.306259721491107
0.662921133691444
1.13369115933076
1.08067752645004
0.611807156429797
0.265022036238127
0.945113595807548
0.934933540741333
-0.0337186173679507
-0.0762596484692607
-0.164349400698032
1.54269810485354
1.14332590179419
0.956186700850708
1.21074550681365
1.12012504663146
0.910798462800682
1.01962793891312
0.864236932110219
0.592064215303965
0.13130626746209
-0.0106621005183415
-0.361305443182494
-0.0900115240683537
1.40365781081956
1.49755289472665
1.1677568006341
1.27830465147186
1.06462321014678
0.675645347134021
0.364478412984383
1.91965004199088
2.30494015225839
2.18122315950933
1.27517966450846
0.87441364107486
1.47308001042797
1.35420355780483
1.01955358294492
0.958920096306981
0.80552903823544
0.943678644439139
0.764394154290249
0.892747502725177
1.34490904835858
0.927526546496778
2.1545020798461
1.1582528123384
1.06654437460017
0.914226067478457
0.666825157984844
1.53991042752357
0.119650274644734
-0.0455777377024987
0.374888921631389
-0.453496827057423
1.52644645735993
0.63843236761319
0.776412757122652
0.873527489263848
1.16587393165407
1.9976794364875
1.16706956489328
0.757704592299449
0.974149546759243
0.146223125659634
0.473763159021008
1.29214423951683
-0.113105893021118
0.541866649778119
1.02424879846634
1.45905089534406
1.13525290020271
1.0416774122244
0.0346362553550995
1.59530662852
0.840004206667463
0.729904230477904
0.882965534334014
1.93539022800944
2.32658032894042
1.80699679899659
2.26832384154235
0.535142467979389
0.313115634825396
0.959958131985863
1.06668410245556
0.226231191958519
1.96659707545468
0.370323969687595
0.284449223391315
1.05289989922266
0.818047188417906
2.00546449406049
0.427403429522079
2.0710759242851
2.44626997148409
0.434583818740517
-0.0296571066386751
-0.00059536227990596
-0.188579590943901
0.0870001992385463
-0.485713673275748
2.17183898305782
1.76313724799205
0.626354077490951
1.95635949840346
0.0029064884546089
1.19583727792213
0.0331138157601074
1.48965732393779
0.622574041412502
1.03969378081998
1.19187677826858
0.755756972214453
0.929514203024763
0.232303772733228
1.13855203952317
0.989927943102128
0.956091491284311
0.95766211701495
1.56180835292234
2.07957779506169
2.95380048837333
0.0278939438421012
0.792446589951782
1.0306618526119
0.670902654191989
2.01934026964983
0.915274543364896
0.741715411109876
0.691304521745586
0.909289425816682
0.721084864383183
0.459606872920656
1.00818101499863
1.62120196955412
1.71578938355132
1.55330197543549
1.14101590141833
1.05023337216535
2.02638153796812
0.790327393508679
-0.00394680918751932
0.235552777785056
0.519679691458881
0.935499675410316
0.796993808171503
0.86809131056325
0.571688385794446
0.57372229977298
0.876332197361263
0.792881782012196
0.575777161744812
1.21139051965462
1.05616789533836
0.538021973561614
2.84264028740414
0.991518530766017
1.05310019877656
1.37810715754587
0.593407067514457
1.95079508040762
1.2213858309038
0.0552298733007429
0.0705327336664073
0.390690761577111
0.185739569783515
1.28162496752135
-0.0226577999412259
1.02433938232297
1.06833924267569
0.859123621053329
0.614501024244506
0.858617970730839
0.456088688268893
-0.129834590497331
-0.153061172574902
0.0627089250866311
1.30085718450244
0.982448805281972
0.458679900542827
1.01021536037987
1.05287383728318
0.74514763778765
0.806035321281836
0.878866207925404
1.27487522072436
1.27833484362444
1.20441203860436
1.2236807977909
1.29709257041256
0.00606237607175995
0.458860260672396
0.894989684257495
1.14856217156337
0.328804800081863
0.723496396925355
1.24334448173391
1.91988752928055
1.8679427592566
1.84617306244975
1.44359010221036
0.902110028006524
0.962625625236173
0.608112519356643
-0.531826922187986
-0.464896883309019
-0.287110721268921
-0.0990467795214918
0.655467084100718
0.582403838822008
1.23567379757897
0.681572450689296
0.995524719121866
0.450914067548804
-0.551797770661126
-0.201575964622251
-0.618994113526074
-0.114721752091026
1.60447872880433
1.69913038372658
1.63596888688835
1.33054793279116
1.39532491715016
1.37462838357854
1.25023180442161
1.10542196734765
1.54729062903156
0.646242787792758
0.620550279009576
0.310305343635364
-0.0715252684592265
0.812112445783131
1.75582443837557
0.261174682233956
2.0422929801042
2.04911296979904
1.26122818159757
0.564060227517203
0.0322671657405545
0.316604033113186
0.720747795119518
0.682736486262549
1.81543287948746
0.81029776157091
0.0176685999513047
0.11926770545973
1.19542090644508
0.879980554859016
0.476476699932167
1.3831612685495
0.18733485812339
0.542038025932163
0.720039915502234
0.962644260163635
0.266788631887519
0.822891104610354
0.837784561583018
0.7961751507007
0.895770268081983
0.244755061864964
1.24722651873093
1.14253669823914
1.09377538663112
1.79401668309094
0.613651124404796
0.751797839344238
2.08131385350996
0.0570250907392991
0.0924058809938977
0.273987104203931
-0.124690563228517
0.745624094109157
0.465400510475029
0.0562520236016853
1.38267826762293
1.73444393162003
1.42209963339509
1.47456670510323
0.923344935701973
0.199646326793585
0.571787211724089
1.3980476111126
0.608591716509489
-0.10151343823422
0.233985680078944
0.608873993399295
1.59599377560974
1.7722790696702
0.751352616020662
1.41035589649708
2.00111558702907
0.601410213639674
1.02201038648468
0.46831560354552
0.906770705020566
0.0590168744812676
1.48784097513156
1.98870331658143
1.65514625155618
0.974274359604429
0.923698926036123
0.901726421655519
2.42403421986613
0.285657767574105
-0.0925157928424887
0.353274533790125
0.805846468120222
0.655395707608721
1.86310943972098
0.0944197543104201
1.52452861113807
0.167877223286482
-0.156451311111149
-0.586173257235155
0.6031478962826
0.303153040779968
0.317591176418876
0.968826228106757
1.36876286546505
-0.379247626683992
2.08975155658341
0.807416046105448
1.00771302765083
0.537579052012542
1.57751876937568
0.502311058519899
0.439115764129069
1.55778289282164
-0.267484899824879
0.833111730874908
0.842001026714645
0.874773698087683
0.710887987807369
0.0324180116255424
1.36428090953736
0.812294641906521
0.619368041160979
0.794789718113587
-0.0221798764470098
1.23914562363721
0.880047437320506
0.0661143385766942
0.939763986442946
0.769960113691147
0.433504174403973
1.24994618276565
1.34500307513295
0.60006404667235
2.25675735500724
0.19632331635509
1.14969173260569
0.639110700511925
0.92213550985082
0.484153902291927
0.314188426812173
0.0137221601355273
1.41414342731141
0.247670499774892
1.17596444203676
-0.031065741213755
1.74748298645727
1.75927887552489
1.13179085069356
0.816152484222193
0.726124305836881
1.61836683434715
0.802190609681095
1.03125630930117
1.6265133215981
0.158467291682093
0.992699701298659
0.0940210761935352
2.25415606575435
0.741096246862896
0.129786266438422
-0.0213598283189799
0.196620328311558
0.319744834232654
0.844945028614699
-0.135370600937453
1.98593921214883
0.889278426333416
-0.0369002343397353
0.487592538439464
0.0261032996399704
-0.263783338918712
1.46350233830476
1.17689816721038
0.95151860093498
1.07450964239022
0.87934667841734
0.604106578164929
2.30298808457538
2.08614559843376
2.83306862076338
1.32880502850575
1.30484841256812
1.34779235664662
0.659838944198688
0.883286185643429
1.93676705810932
0.261174945404324
1.10659304145886
-0.125175822144256
0.967430462341208
1.83321787284997
0.461167160209156
0.474639653122931
1.39036516261655
0.255722948306455
0.137733296188783
0.351787239295733
0.460410365974977
1.70527235229319
1.45867935800869
0.563130091390187
0.667889338247529
-0.223662248826209
0.853791134796545
1.31544811831357
0.150370106844017
0.694681358913192
0.749328055034592
0.820878840136892
1.59499954709305
1.10179942663507
1.24466167281837
-0.200074412191939
0.960215761057834
2.50251004343174
1.17093294315184
1.83072209039828
1.66796654530822
0.798296953896919
0.438330510141679
0.299998422243434
1.63745527793426
2.5086782949626
1.78596264242599
1.88963011599476
1.89970261026217
0.242713170569282
1.04970555832949
-0.0962395079880052
1.84853576139819
0.337433863640009
0.553022441946886
0.385936753514892
2.19333862465923
1.17909519092486
1.88139768207668
2.08006523767744
1.0007919881266
-0.0418853152036641
-0.337074225717982
0.241378704887094
0.883613406027232
0.632735851625564
0.0188581812900599
0.438729737214752
0.281179804944949
1.21262549528833
0.257004409803999
1.24161477469823
1.21151937550958
0.811906740044739
0.84606177761067
3.28725694296936
3.08646102543123
0.573388842588502
1.23033758744709
0.179437709598298
1.57589049036486
1.26434446640817
1.96003427788752
0.632851682089999
0.102450212369673
0.260569485077253
1.3862791440649
0.481490447262981
0.51303026271328
-0.480285862732301
0.840213902950725
0.717224162185033
0.110390888626495
0.721113914145259
0.173579114803035
1.35904394253226
1.45153306457795
0.339331830958292
2.24920821051074
0.561819059132194
1.12012507873764
1.06215994749725
0.0894301984048309
1.77323046985019
0.389711661910843
1.44448176554251
0.272339712101333
1.96028565263463
0.774993141947396
1.7245183374244
1.50335730001022
1.45543955422897
0.502910425992437
0.865166867756927
0.925746151824518
1.09856983114839
0.892239848534708
1.83670568429477
1.18266064670048
0.635973304467489
1.6029259064384
1.88138520718828
1.88742638568014
1.91710383063006
0.0568147722549794
2.08609221318812
0.0290716466698114
0.108365390379389
1.70580842099044
0.484709528760385
0.594079989482385
1.41701408370756
-0.594662619627163
0.996574970353422
0.71495687494429
0.395503826995467
0.609408803649676
2.94726803339627
0.959275387704117
1.03719799374282
1.42453565427365
1.84167354323069
0.868486272935114
0.764628040091894
0.438047713552517
0.0289991153594949
0.291556987076168
0.31183898985509
1.75322090775345
-0.442613846586205
0.158265863138975
0.897934526080969
0.95502561764972
0.198262931432273
0.544637114216992
1.69434347304674
2.07898579854791
1.05532901448237
0.605957093715501
1.67148137407822
1.88049093057544
0.321822838786407
0.494147482093324
1.92400863522806
0.539570246184559
1.5066270188271
0.790424432933833
0.00460389053211556
0.637911323711959
1.17758331012247
1.39970212136477
0.0270644772395237
0.787838391015911
0.337847552495723
1.8085394329516
1.53296174129762
1.75261246467016
1.55489125888966
-0.261413075701537
2.03711179867
2.09812374080225
0.25543436033396
1.89567189847413
0.767350181640099
1.92259110528793
0.0328884468141592
2.07830487759844
1.42095835445585
1.06169162893471
1.41836177146029
0.771281207973947
1.956084116337
0.82232437117932
0.580305770571615
0.644773936267721
1.94923433932404
1.82859817255479
0.365817401671471
1.16040524899972
2.00444475688685
0.836513151947944
0.953309180750321
-0.386485126370429
1.45416076328608
-0.18472849214036
0.00676569133608182
1.96640578536052
0.76408553921958
0.200239663407094
1.11047115620065
0.675524713176118
0.0084901855607339
1.62355779920395
0.705714833204372
0.716855790240731
0.414493812747363
2.47588896563085
0.227409360056692
0.186892489646452
0.650220145413325
-0.050446067771301
1.35392191545798
0.734979395881425
0.59644058345856
1.0223549194552
0.0315294681316419
0.78593999512725
0.00160161379807231
1.0100208289601
1.00159958072993
0.784974036474131
0.931007901292154
-0.0620041902504457
-0.144165183391855
0.865166362510482
0.466019655206195
2.06411412832782
2.87194590503073
1.20681333905336
1.22316567686169
0.55047809905225
1.03872683115019
1.55798590098537
2.07293110979117
1.1767334841609
1.35044332267949
1.14682914226598
0.923914899760171
0.70378128965527
0.981330296545285
0.310335249794917
1.13490563706028
0.720085570087966
0.352236694045847
0.839712436767731
0.0361789650876647
1.08447361032773
1.23940157208127
0.283214452971488
0.00567189735704617
1.19617885660808
1.04821458804531
0.781086645711173
1.35327823214305
1.15524295323882
1.19282023311597
1.92299498369527
0.561441778989036
0.02183407521431
0.906042335683835
0.809287078684346
1.04328342386835
0.0318203778312701
1.08171058310524
0.175666881774736
0.962352599609525
0.721710216314824
0.813616828837101
0.548278429388333
1.81496520417719
0.0569222520743423
0.55297388990501
0.217767163742622
0.539701673335969
1.07849133053317
1.74062496574388
1.37510330975169
1.63297599673425
1.59544487779308
2.37554529894108
1.12043503065081
1.05269053023523
0.995516441914301
0.689292977655828
1.37859679762062
0.091292266094807
2.07685572904369
0.352938228782912
1.71488606606795
2.07696838059444
0.448840449907104
0.355015486501023
2.29109468664085
1.01970453246298
0.931968102771483
-0.136763105707603
2.06306015302092
0.838518958891124
0.990696578650209
1.0454615392187
1.42588272922887
0.757874893841701
0.911656006268043
0.947183371445499
0.182586964053067
0.166213538719456
1.20207375061715
0.00396534945083882
1.01622536075071
1.48416646370634
0.722403343446959
0.497662901565625
0.932837297330322
0.990792914563672
0.844705521822586
0.239118695119219
0.344685553609762
0.237467203048263
0.90768383577292
2.01728528932755
0.413359503778465
0.860292958565203
-0.0341964035888325
1.84037106460023
0.176915716448597
1.79450525475685
0.72166317006607
0.493997732453551
-0.198991786591135
-0.0118748946867356
0.843478199623368
1.98414021536519
1.35150394638262
1.03115688408474
0.274346980383691
0.544731882254599
0.491841180638343
1.31373769707465
1.40474234950109
0.470223347267705
0.818084605716355
0.597066980941267
1.91971089551227
0.413499937029589
1.77480582158776
1.25116917105917
0.760481201228082
1.63368259729105
1.96472698492549
0.389853423306387
1.81396528209178
0.619231606845759
-0.599115645769361
0.814934586218591
2.01617204833846
1.95521027812987
0.331483905025671
0.881542727420369
2.33077572910925
1.63506253327187
-0.235421344630091
-0.00521105782772137
1.06352189876766
1.03508537498058
0.286269902742345
-0.257853367541873
1.84666688623521
1.66720891353414
0.946495860913474
1.08660117023063
1.32689109055164
-0.114718810534045
-0.212738026306689
1.38739897341358
0.243518560456984
0.115993553620417
0.187250409196403
0.61381994663356
-0.383579943405248
0.66818006582259
1.10792502982474
1.21858412630668
2.11091864593841
0.93600304112242
0.876874829301281
2.14589911652859
-0.34425425476525
1.09598274418369
1.07722568758397
0.604903943025113
0.634649389156189
1.35369631336978
0.348290745913322
0.015420922387232
0.566794781454201
0.915136221840782
1.65768858884748
1.3979813946898
0.235796451602351
0.146675183545466
-0.101387220681633
0.365518808048136
1.59429474716684
1.97084897427725
0.885064023073539
0.925881575811473
1.00095443163024
0.992197637978471
0.67820461065575
1.40595228402718
1.62673656819624
1.78816851534349
1.23191985317608
0.739052799382397
0.734735899903047
1.04868217307155
1.11493708580535
1.23652343907069
1.09277882532182
0.915866448711564
0.928901273466565
0.819005183894648
0.72856845472069
0.997455790166662
0.406091059882409
1.25286872488884
0.837971993666127
0.90232096254045
0.50157566510736
1.49917515160343
1.26951584435867
0.487063425865966
1.24869204952373
1.66397843478173
0.876639461891018
0.904146361688967
0.994952087410767
0.561642410473808
0.885865905081959
0.963180707164695
1.70496806407364
0.979435678989574
1.45039131204988
0.718229976538046
1.8278103249701
0.884098049345456
0.332617642324178
0.527022328668345
1.13732895611316
0.618506428444147
0.917010998699188
0.674957545971137
1.03307870579116
1.23147353740529
1.02617349660511
1.21610115062325
1.01568420999521
1.05859043713383
0.870777219424988
1.00804661048589
0.753792308579045
1.29952635993882
1.1180951543494
1.66350542378461
1.3379486327422
1.18106298041662
0.693819498813192
1.22286140346495
0.750884061060676
1.00130391898509
0.817540033104966
1.20938405936715
1.08215508424886
0.970675681770634
0.916324754590266
0.949859955062173
0.875544445956107
0.941888934393785
0.777702102126067
0.841994391248224
0.800218353644841
1.09229470410306
0.646310736826451
0.696644206165526
0.78766187656979
0.760285982609961
0.436740323398255
0.65653826896271
1.5695959442971
1.20084569874276
0.923140195250623
0.914839656664233
0.913967613823436
0.921565059853674
1.28061003010951
1.49131828215904
1.50065066406469
0.967272347414767
0.990901485778255
1.8663897076204
1.85388891281904
1.46599894637214
0.866343197496068
0.921719021615118
0.890644255793716
0.678464840341044
0.664749870900651
0.873624468810662
0.851281339596505
0.619477969273556
0.366891874490351
0.52178762730575
0.922626629222533
1.09473910012923
0.908821490051234
0.87454900047956
0.605295695069281
1.34817356375863
0.234515072323809
1.30911067502031
1.31474066019945
1.74740191040987
0.497579508493762
1.45094815492302
1.21686565119062
0.841016110271041
0.650358361073886
0.656628390369442
0.8715033171841
0.907910382924549
0.573040637164073
0.588049597015249
1.17119508660884
1.17016301438056
1.03902075274971
0.986827406288723
0.991196295684405
1.73143158410094
1.5212327661585
1.31256617535528
1.46106423711569
1.19585240809841
1.25807967761887
1.098827864317
1.15451420767286
1.1090784557802
1.07967223452544
0.635418094467682
0.917637927580725
1.03126615428595
0.895238029601532
0.989859815570123
0.891112383444405
0.850153678575705
0.93814817685588
0.639671463259594
0.425691397603108
0.429846724543314
1.58805258943299
1.25850717228427
0.865610334925704
0.761051858493312
0.873895999642915
1.33012497309361
1.12018909433025
0.662069084811858
0.998807499888616
0.762275681243045
0.757101260395301
0.825440443011751
0.612649227773087
0.686858162262855
0.951780564476106
0.955289854786925
0.913997223993884
0.887217822797654
0.920940399897675
0.918146289778614
0.735500758022011
1.67954101141955
0.562684536472848
1.0080815651025
1.69218458754544
0.254137157062602
0.623626469948188
0.740713922991018
1.18378071297286
1.28948831854959
0.435655758770509
