0.771070615132142
0.889147329529781
0.995464287930245
1.02169004120142
0.291313929123458
1.129886278864
1.38277805754786
1.5340780594729
1.68547428149944
0.143144647485419
0.0637612535681246
0.174839043547451
0.794891848824721
1.29743940040256
0.912878503483132
1.81712630477065
1.88282863246577
1.89353215513018
1.2579675402806
0.892605863640653
0.801860140465219
0.611819512895775
0.905565814540818
0.995795625755895
1.63856555152358
0.881667013769341
0.513172925256586
0.90975223821524
0.391796134612489
0.626807568816343
0.77362371207821
0.956503977834981
0.583229089174784
1.11353048868687
0.863330462285084
1.66956246304247
1.98654715644403
0.813159870504546
0.785733497716291
0.779305098490739
0.703425519491774
1.40030645358738
1.23487919061495
0.267284034024943
0.829354147416486
0.37188480285985
-0.017238980313708
0.568086321572513
0.492897305163995
0.752144056862158
0.304430016836981
1.06694861151368
0.884010482327419
1.14729558371751
0.594510863136698
1.2466417215041
1.1397288242392
0.815680843746962
0.310228493195671
1.23310307141991
1.63156719068531
0.733164999746766
1.15518715095806
1.55699073301971
0.317783048865874
1.03225017915667
0.573447363907548
1.72535687827341
1.65513684190954
0.37921644375446
0.601674815929614
0.632786640361361
1.0613647266836
1.07092486840776
0.470143622406892
0.79157569551876
0.820738010917368
0.765252708578012
0.684473987218376
0.471126631283568
0.942872021991822
0.997586488865663
0.830157283433626
0.935823484309805
0.802598463379222
1.20242343150565
1.24056773684864
1.9652316304654
0.00980832036469282
0.271785202871186
0.798894315914719
1.9584108033506
1.24549389105683
0.929224009815627
0.765847733376355
0.822521497290586
0.483493414620177
1.04355824376562
0.671176543440233
0.290353209010158
0.931068707840215
0.838136517745611
0.849820243345898
1.06679706955451
1.26343201177279
0.80951029014224
0.230813586690055
0.309590914780908
0.353446960071628
1.31066788868486
0.789338427934517
1.08098504037739
0.0366115190274712
0.773775653717202
1.78727561063497
1.43398826888838
0.921710868207288
1.06197665623999
0.924203144671752
1.03776331671839
1.04396910225726
1.15066852501615
1.23415388034716
1.34511332351813
1.19128840817714
1.06500682505005
0.859746927187899
0.955633541791493
0.776942785938409
0.835626940093723
0.40418888297926
0.65345393858665
0.284265931445109
0.946340573798733
0.788647375564475
0.940105678485515
0.34189876892673
1.04326750286857
1.38831631455535
1.81916166490257
0.965105605658638
1.76156940651676
1.99451519240627
1.97968530868291
1.06596273596784
1.57055676970579
1.07256376830732
1.85527290991795
1.19786484138034
1.26383148097895
1.71685144616875
0.465572671028645
0.0318311880389279
-0.0563031602347544
-0.289765609535134
0.893660396208609
0.235644068567098
0.423322766727769
0.358806631128179
0.373203362049295
0.232630090414833
0.423020570450601
0.824925691804815
0.714576276952738
0.461540862166982
2.73244023787824
2.75409708231202
2.09601309980728
2.41773838468395
2.65038331253719
2.99515786809489
1.82096700960774
2.18400754327669
1.99547051583753
1.43707070563914
1.29033633038621
1.20171632793039
1.52704820394818
1.05122435558114
0.790241986478091
1.34790738538609
1.56101838526908
1.88177280820919
1.31032811719864
1.41643115331503
1.52501059418353
0.729503457809351
1.08465152994183
0.190558875627437
-0.237561428126795
-0.607824617729549
-0.432712764822014
-0.437385196813631
-0.367293681802165
-0.437154895074929
-0.400836311209975
-0.366640259263198
0.138805456251234
0.547733192835476
-0.197599727360331
0.603846500214345
-0.4941860207122
0.0941876612256743
-0.554391517364497
0.206464511933006
0.883919747782722
-0.0164244285982882
0.060019263038996
0.720727202621683
0.344273123873645
0.784643269450547
0.970060208321067
1.15174956107522
0.842743906590587
0.669537097278452
1.48890050268758
1.25144645403499
1.03418149895458
0.436322764699891
0.187187596374561
0.2683200819389
1.17832022241333
1.91110849267708
1.39229849754259
1.87408305501212
2.06848725718138
1.70618450990655
2.0664719026737
1.81976163296589
1.93479886473096
1.92007596286164
1.72259306061028
2.05790492034626
0.337810968729717
0.445681982349593
0.0318124142527687
0.221793023974563
0.264506702886672
0.705176125792615
0.0408757362420347
0.357245605220039
0.109391382319336
0.310452541317614
0.703188032558142
1.18213314275298
1.09043235448006
0.533713990626916
0.186051941725497
0.951276563015113
0.948616701508252
0.0244307530295247
-0.0175378077986253
-0.19262981939176
1.51625105662058
1.13352900828756
0.935984897271379
1.20062465596101
1.14679802279838
0.871180012434224
1.04507909993934
0.868578600222512
0.637496532384579
0.154982513733451
-0.0145355106743331
-0.326631668636026
-0.0578527843784258
1.42304625148901
1.5239580844057
1.19075098331607
1.20176597880266
1.06452396181836
0.46654515317452
0.338105475258139
1.89819708527169
2.27886369760838
2.15154015210413
1.32514365074454
0.891659921361484
1.56105903605933
1.39786238992655
0.997347650548798
1.0240575431699
0.779647223174958
0.984037511974639
0.75837851215718
0.889749506665914
1.30081520051842
0.901943228623376
2.19708341700768
1.18779401672597
1.12150023045953
0.949160402689319
0.624812786147672
1.55441293407547
0.0998060986695355
-0.104407143463864
0.326748627688988
-0.452199768118384
1.53743456821958
0.618030854577815
0.793497488646536
0.90481167410236
1.18303439325614
2.03429621101092
1.13228391987811
0.741635927027624
0.819579460558775
0.145791972186597
0.465472864359201
1.31740713468316
-0.125226304318293
0.47932813972267
1.12583553955535
1.51096043861585
1.20121931244612
1.0657537350274
-0.00336234101930058
1.57724886123532
0.859486030644695
0.756142567411391
0.865116634665586
1.95448155628172
2.34749363588305
1.74551769074529
2.31688571552645
0.535762262352039
0.285463477629623
0.923618907205376
1.12001959669197
0.174727371076038
2.11316219406081
0.3417822709473
0.282265466792798
1.06314837016138
0.798659331351678
2.03401104174744
0.435925324843109
2.06876364519154
2.48578278272383
0.420156619440174
-0.0561912921216911
0.0232950204969509
-0.279525023176569
0.0313572174698197
-0.494071425329
2.15523093155816
1.67183753999722
0.662465774268746
1.96052130643659
-0.0158019464763931
1.1689467873352
-0.0219955251921908
1.47062270926677
0.615413414309849
0.985727367597304
1.18074665637816
0.78308196414316
0.913640730866625
0.0599568927929057
1.07224245046206
0.933010592835692
0.898118809905866
0.936024522798131
1.54986348835571
2.06008246806619
2.94711306092531
-0.0120256069778277
0.792165079740779
1.02856689585382
0.661261371309783
2.10900471486207
0.863805267483375
0.773433904233629
0.698041554423502
0.893541906934213
0.745106691618214
0.472641505378053
1.08177275804875
1.73573931120585
1.75223746107953
1.49037529340521
1.11752002256477
1.03473130593168
2.04398862543953
0.769663563377406
-0.169463615256649
0.347303898909498
0.33113449499347
0.795249123965511
0.729925339119784
0.77639404869716
0.476687076774914
0.579707015535877
0.901060843453876
0.794500621297232
0.640244168265967
1.21360520988867
1.08518512821625
0.579227017172223
2.89435392163183
0.831876916479123
0.963596672823877
1.3247576270059
0.587232925807384
1.98694391572247
1.19449809177802
0.012814721648612
0.00311710598141341
0.348682117959915
0.16742168350923
1.28407343925203
0.00299219275276578
1.05515513807306
1.08614477586753
0.80332525069679
0.681374178899145
0.858383035380265
0.472696710984794
-0.133227637032729
-0.147253729584808
0.0363513923701081
1.38091053206506
1.02143665508655
0.497182406371969
1.0718716225788
1.01199786029961
0.737621784760261
0.83410402419296
0.90066288441796
1.31711744676941
1.30667599484241
1.19853940405439
1.21125724351385
1.30692197750954
0.102465836354014
0.412570061564262
0.859550864305545
1.1683677301743
0.319082643543742
0.771582612509379
1.23297853320011
1.94081932470577
1.99074089982083
1.80407549422501
1.42805840117059
0.905749111459044
0.93828341100116
0.587417983023313
-0.498230554310592
-0.422378369801353
-0.237744120643052
-0.0885242082736602
0.664346125741773
0.545839436218603
1.26750336353052
0.65964676896912
1.06971366455814
0.416759783450851
-0.534224536013465
-0.163384329815563
-0.647513828814361
-0.107276988540141
1.5749039039453
1.7124909134359
1.66329005532515
1.30907294337368
1.35710801579492
1.4767877243105
1.24102320179593
1.05204599603267
1.54356846824477
0.648893590967917
0.546176084970689
0.313648751769045
-0.153519938655875
0.796188101360568
1.7425421520918
0.258346966060825
2.0712501700358
2.03059347060739
1.22897602911592
0.562465616748628
0.0561167405057235
0.314424102824508
0.751030150884647
0.702690063575313
1.86265333977424
0.778346120757009
-0.0097009630669703
0.155623603041165
1.29777345483684
0.903882728503961
0.44294910807511
1.39666322620924
0.134915328388326
0.539114670327731
0.756085628577201
0.928737825006884
0.231085149731565
0.800111303428962
0.822797934081525
0.605828631122787
0.877832557968612
0.187142358956547
1.20664724366371
1.0913517976089
1.10763207850592
1.83034090198594
0.629592899976935
0.805884420497707
2.08902668821947
0.05668031275135
0.0796864324644048
0.234470159287466
-0.159314728607012
0.801797255185832
0.534500166001752
0.0815134364439766
1.32308758134386
1.9543437338536
1.37339460594408
1.4692091452745
0.863763034436545
0.132028221133911
0.614808861771287
1.40255259879295
0.438239157446762
-0.0828745766157605
0.271836153080444
0.653455529423301
1.59754185732582
1.80623121409796
0.753469010213545
1.60679193061564
2.01560347691688
0.661283487756955
1.07500256298821
0.418798162786817
0.918191468495244
0.137058909212034
1.59272395809986
1.97803059638325
1.72865538147507
0.848786909505302
0.888722954700808
0.867518271298591
2.4235520755902
0.223449524278567
-0.104010456539528
0.303488554630377
0.761889639556008
0.63925901633379
1.81488398989583
0.0917791873138835
1.58780778779704
0.163242461316471
-0.145988408140044
-0.600164039386084
0.598988676299352
0.355981989952654
0.297547461469676
0.982466577631654
1.36780957836854
-0.356748459571725
2.10465021416966
0.866011414253569
1.08558640737387
0.529694945375347
1.63936441022933
0.496279133175156
0.399092909483371
1.55669532804377
-0.261872506845621
0.83863346164237
0.810882978345261
0.824729694771628
0.706118684119636
0.0330303553902573
1.39861550299411
0.759614529988259
0.648083057497523
0.73242355342718
0.00873010986159394
1.17312629449543
0.935308248394271
0.07249797618906
1.02068075943376
0.776314818743727
0.443867749971671
1.24685063701027
1.4464741628307
0.588024694694661
2.30665530569011
0.228321792269091
1.12487857941534
0.567544379370316
0.956922424763745
0.48096527462622
0.286623161740066
0.0882002269851624
1.44928119297592
0.28254204044452
1.14510658541375
-0.0482504415192866
1.69830895591597
1.6925750818789
1.0174751185543
0.713467101437896
0.703370316962207
1.58084149845014
0.790536213801598
1.03760160502586
1.64547361575613
0.100213461320291
0.906680626305723
0.0712960103156784
2.17873614090826
0.780610411947254
0.0638751646478136
-0.0934157277637537
0.27629904553684
0.309528590856753
0.803671776520461
-0.164452816519256
1.9653662802964
0.883960460829467
-0.0258440035584896
0.468661105797684
-0.00833845733629692
-0.303862543786974
1.45432003029629
1.27193761399308
0.857295722727686
1.01831417390384
0.816652425743773
0.659565533841793
2.31012048310298
2.15983358894287
2.93725756845012
1.2496009039843
1.25284438799712
1.28741911101838
0.680778549735655
0.811734350013624
2.07471629232651
0.231553278849681
1.24599056004805
-0.193040280500383
1.03682770903808
1.81397614070822
0.458252891941965
0.394071780481114
1.38903968568253
0.233810324592279
0.097593154983677
0.297778340576854
0.475131695555251
1.73505730073918
1.42828756828116
0.53813687105812
0.70153161328982
-0.157341761951835
0.876408728533065
1.29375007901722
0.18399569627134
0.681326248088874
0.753858435874858
0.792145883414514
1.54784517316799
1.09545203224566
1.17546892736414
-0.194322661243366
1.03485858901376
2.54323073659225
1.06052793438663
1.90236878128535
1.77314556152681
0.799381448355992
0.474152712505272
0.309354281657785
1.60273057562916
2.61299696147886
1.71199529027405
1.85250242736758
1.87017614302179
0.256993438696669
1.00010967100578
-0.132688598909459
1.81963724508826
0.365061874262092
0.594972932133294
0.391105291670457
2.21491032151151
1.31176260628812
1.9023520404105
2.12329231294703
0.981548445992853
-0.0527198222307623
-0.329703903562394
0.178419258276384
0.861079123290345
0.644392896981439
0.0296941861126359
0.455750605006682
0.284669549053872
1.13342178500948
0.223455991216111
1.1975704054517
1.21603072957941
0.870803630150439
0.861361134465808
3.37891208926812
3.0946792721071
0.562485044038294
1.24868725007135
0.148524015573495
1.57774131078902
1.26121021244238
1.92612455127443
0.441196848249119
0.0565966951977591
0.249769742399231
1.49306478964868
0.502019492880003
0.506643401406834
-0.474058660526787
0.832528184369105
0.733703736197577
0.0951070960370745
0.736335586774742
0.130236623346191
1.38117814252145
1.58971704446719
0.304738282218737
2.24173434242932
0.563379392529094
1.06317061685856
1.05140359064795
0.102022750383711
1.72675519941068
0.381766446449279
1.39321589436609
0.180188890511918
1.93301169617205
0.831301775583712
1.69759074357438
1.49725427729968
1.4470088724647
0.506764871176474
0.687203763889747
0.765392264378339
0.960525437386585
0.864270484810923
2.01868811807535
1.19021980148995
0.694787283630631
1.60831271863583
1.89235477301074
1.86732296575296
1.98162902939721
-0.0020448833727564
2.11532722086358
0.0420429051021163
0.0555097548181771
1.73459560312325
0.519892927600167
0.563449734631901
1.54465086436796
-0.578561920223137
0.950164195651699
0.729109629523879
0.401382774484469
0.59811027667104
2.91144005731531
0.933455472859727
1.01001462358493
1.45165966325204
1.83022306135933
0.879563298653959
0.576822513844399
0.476926714407373
0.0281055265673382
0.305101431931149
0.266552456928127
1.72616802325402
-0.480544935172577
0.0984219559418334
0.932960884790336
0.875363963939839
0.172121576706872
0.593565471425339
1.71384338959612
2.13238276121737
1.00750476563402
0.593149656479479
1.65110168619674
1.86409085559578
0.303599555527686
0.492233228553158
1.93484243323185
0.60672447852589
1.53558382363847
0.900979712846426
-0.0388449752660795
0.658430836762261
1.16853226708634
1.4013958304419
-0.0188390643787086
0.816342101421503
0.336261129022844
1.80025774467367
1.53362783693352
1.75829510131779
1.60609358106486
-0.280023258774244
2.12216665524031
2.07694310170706
0.202943367445318
2.04833643654508
0.75394165652597
1.91067816990542
-0.0396577155606094
2.0752409616495
1.40989809098092
0.995190690074821
1.42605466975974
0.830573702764176
2.01779380172642
0.840667957821404
0.554664109081124
0.653643346864629
1.95955364154574
1.82754697705546
0.37108684771789
1.1501388321482
1.99490846955736
0.752979226445075
0.885956778271743
-0.40804788454133
1.49568159488406
-0.203373537753141
-0.0188144054339628
1.96326338813935
0.791761392460048
0.213064338680828
1.04660926246846
0.697808105723939
-0.00333856779041809
1.66882845088857
0.711740753839554
0.732662345092871
0.404228195338026
2.53695326621203
0.244100528953807
0.225161050436851
0.750950460395704
-0.037746968139865
1.31874559487077
0.777596184526685
0.635070932909884
0.884923470352202
0.0282750541659578
0.716298939653844
0.0210410892816989
1.03744371497354
1.05706231663548
0.761466938702699
0.905103454790401
-0.0537110024727875
-0.124542249388931
0.925294936940444
0.433236019885833
2.03051297623876
2.84423540982948
1.22093380559687
1.18953645081697
0.551839731842712
1.05913988209918
1.76710819782438
2.12715724144568
1.13954477827681
1.27656374086467
1.0927275691261
0.840098468246803
0.705944750304029
0.991547016624186
0.28328958381957
1.13962363301321
0.707885106813416
0.322297882060242
0.812976025980005
0.0289434257160588
1.06808664490058
1.28505483030205
0.295077309628899
0.0242569622813331
1.11032889191998
0.964908971606248
0.595192388815265
1.336253536226
1.18584764897846
1.25660285203668
1.94263858044237
0.565133053000984
0.0241241691576686
0.893504928902207
0.774845658338557
1.02287977269366
0.0267367050550195
1.06856150450603
0.150354048292105
0.949081791993681
0.757668177691725
0.824622937935375
0.567022314284264
1.76995086457324
0.0553079731645577
0.55084500980141
0.268909396428916
0.534157751626148
1.04341273462347
1.78701773935892
1.33420161811994
1.7347735613744
1.59705922531567
2.46372653423113
1.14182430578385
1.07389483574443
0.971274003617593
0.624937095533121
1.37195547936799
-0.0717122688735114
2.1325584870112
0.175826143485086
1.69603670997985
2.13451527143305
0.474193671911691
0.375043295413603
2.33893086169205
1.01393224961656
0.929449375639792
-0.151850960914641
2.06730909322172
0.830559199440068
0.93128379050054
1.05075597926338
1.41430108545157
0.570011475649367
0.894853800356741
0.774622165844624
0.184216395229098
0.160671461337794
1.19167913028491
0.00383175886974093
0.995497019327006
1.48743271774919
0.749760679405311
0.492039853449436
0.840641142110447
1.00742735078956
0.910683393141657
0.189967349452018
0.28262644760047
0.173348261603734
0.858914924444435
2.12899830685922
0.388180843041112
0.810212093866964
-0.13390767103163
1.82724138686229
0.209537459067752
1.80852295319272
0.702922422779542
0.307719974830479
-0.29267982491761
0.0451378774544301
0.832864309942938
2.03412944609685
1.35163541347116
1.00038691068226
0.289501645108304
0.54017961474795
0.506119450012216
1.33590690524245
1.411742213846
0.511128557194117
0.821745427133046
0.632686052001026
1.95230385374498
0.36093947883683
1.75005837796305
1.2857249030747
0.760839857296814
1.631979841894
1.97985053830858
0.394694240184256
1.81391910436835
0.626661989973777
-0.65063192703483
0.817999683224188
2.07317661705213
2.0616553231659
0.292966200106094
0.935801461573128
2.37690441878396
1.67452925178335
-0.178233695646886
0.0235319903941485
1.08265738213224
0.981200191352342
0.228413094340994
-0.205245344563251
1.82339971840591
1.67524983268396
1.01455974017777
1.14615397645706
1.42004596676853
-0.126982733462159
-0.281683332710262
1.42016822552221
0.201596887249587
0.0607375328921175
0.135156103130656
0.581613848443376
-0.330731976745955
0.707288141214496
1.03933210235054
1.17190296910859
2.0989566676238
0.904960385371216
0.835633715644317
2.15282871710409
-0.326236459195938
1.0436661929343
1.10218426507724
0.588608792911805
0.625751804541638
1.27751912814564
0.339405747265657
0.0435219352850787
0.539737092494098
0.838530902102314
1.75417906802587
1.58014137014147
0.262293195932492
-0.00918621536013919
-0.0917760511606818
0.196373651300679
1.81536905938204
2.04177936396792
0.827880858877174
0.85240850529293
0.94108426017402
0.951450017560446
0.654919483812988
1.27518183051852
1.54094864212538
1.70575132582974
1.17888251884622
0.700994752960737
0.686158649551591
0.941475980363848
1.02934320957009
1.18861624229413
1.07594743610934
0.868165687065801
0.831679274356635
0.730613559635881
0.745501949161774
0.982284361798424
0.321291180356181
1.14599436002422
0.715515111624943
0.862788244678729
0.446845062499772
1.63992180088154
1.17370071056782
0.354274674781669
1.20024490106143
1.6647795991597
0.802715816269325
0.881198882812615
0.907691272473612
0.558186897787499
0.900601194105071
0.903955099192316
1.60542206221266
0.901219582508039
1.42702869071367
0.749057512698122
1.98895335070561
0.800233733365794
0.233904194502533
0.509653024121277
1.03140639291657
0.54422276849635
0.81329285929835
0.524192501305156
0.932048535318215
1.33209424762542
1.01612809395212
1.19929677099703
0.95349681331319
0.974060719448521
0.810841029729798
0.895316820770765
0.687724721976338
1.20925152523992
1.01588945588767
1.72852954324523
1.30748219327229
1.19820987783255
0.63128535723139
1.08908744644044
0.696677388842513
0.890478809182772
0.746518492440312
1.08388540806731
1.01302569319185
0.911235163018097
0.845689072386814
0.871154413767919
0.833360343110593
0.878346764870243
0.830401494545684
0.836945837703332
0.812959496121668
1.02854899639206
0.656504022587932
0.716729848918111
0.643615920149247
0.668770601095466
0.394449349222619
0.616044060586772
1.53275745307502
1.11736920241835
0.847376810671471
0.819285050916579
0.829043073253261
0.846148434378638
1.21665141372727
1.39884092412531
1.37052701888983
0.932652142359288
0.950511152537984
1.80306256306146
1.81664932324336
1.4394434915081
0.811750130205313
0.878420259654998
0.82799037846004
0.683321350959372
0.662493698359025
0.769569652788503
0.752412817284647
0.561504384306603
0.244095058280381
0.434174722864809
0.831402972557386
1.086165347317
0.905880599047984
0.781853883469573
0.441359415802034
1.48893365521673
0.13482484916542
1.22293132400793
1.25866628450234
1.79163840011217
0.431910412243171
1.46211537852717
1.11231720490837
0.819232856416434
0.573193962572471
0.703336821393425
0.837988563090603
0.874149634672758
0.566003091311144
0.579452510409903
1.163368712355
1.08786024501429
0.955326761692524
0.900249132825567
0.927437642449931
1.84712658521852
1.60436913325611
1.3781046973026
1.47993709680272
1.17610194811432
1.24996513460861
1.05752021372149
1.08166387621013
0.986496543961017
1.08856267775003
0.544014520220744
0.898221379089014
0.968688036500965
0.847125714720257
0.929041327857766
0.823922978352371
0.711339915127743
0.872050950081105
0.656311615301067
0.373506329668565
0.393393803808127
1.56132470396851
1.23464166851388
0.91766174113202
0.598518945374588
0.792979391492577
1.25851479023755
1.06053438134936
0.633593013995183
0.986522273008972
0.805048142886868
0.784756137892396
0.849677446554315
0.617412189593503
0.68758847609824
0.867652783318843
0.875117882980762
0.835556386586053
0.843780894275961
0.855113041471599
0.862282605013165
0.619005148564015
1.65622714910872
0.49395233347195
0.945461794181759
1.61862699986216
0.19420302482573
0.508533238575993
0.666315450211087
1.16581661334257
1.19405023114639
0.28356889276261
