0.801348574147555
0.850761287889341
1.06276994115331
1.09696918408239
0.304605503904606
1.15590793291398
1.38251032264454
1.52646579943936
1.66750980736935
0.145811774983147
0.236447956557329
0.347865353846105
0.893949711733871
1.29906757223845
0.895618045825546
1.79772658803112
1.83267841064905
1.67964746460147
1.10762808393502
0.861419995743247
0.812723218001676
0.704987425287149
0.965643365683034
1.05277764942086
1.6260661038085
0.877371686936883
0.543521137792235
0.90387985841234
0.402692319619501
0.612452021520724
0.783993026413426
0.911813098204675
0.725833498914389
1.17107364885232
0.901331149366559
1.70168246701441
1.85520546264537
0.865157551581895
0.771874488139375
0.812304090235973
0.803293693862485
1.34426860712922
1.29721442320496
0.278175782679714
0.874071386957874
0.534885835906078
0.106823722521691
0.636852550305558
0.506245157983389
0.757487476394102
0.311589454001817
1.05860153910519
0.923637507826134
1.21103406359099
0.621939018371323
1.29939972547828
1.20609511201071
0.887303329996918
0.325278870321369
1.19797333172454
1.40984519019448
0.853348193720408
1.11103742070301
1.5150038276057
0.298610612712265
0.948954480954725
0.625272623782057
1.74294839726257
1.67169364622976
0.391666424005812
0.683051954360587
0.73371840665024
1.13575965563043
1.12032962097763
0.485981570777807
0.875912663838569
0.878002288954273
0.764450527904372
0.722724627507788
0.488387946850361
0.910764087541772
1.06214132486847
0.803618026222823
0.98979090873886
0.8255682685533
1.26748548184948
1.30033491076501
1.78965585741156
0.167747434577045
0.440957394385433
0.795006697574639
1.86750551711081
1.24984697101166
0.883740896753596
0.800645333525821
0.841842431111464
0.636913600290003
1.08848710675346
0.802237967182933
0.299666979161009
0.977885176073631
0.83028157332361
0.887211402426692
1.13148495923367
1.29512189482448
0.894743968175522
0.244520448770102
0.323065326076138
0.360933265739482
1.28171809271825
0.793905354517431
1.05846222172854
0.105456590199146
0.882809481298017
1.55568512133756
1.24401022040502
0.887086025228558
1.0570403338155
0.939384446790047
1.0561727505252
1.02331812337158
1.19276112609122
1.21701261555372
1.298565437912
1.15188840866102
1.05512384361008
0.855310934916919
0.951540641896769
0.851915207321733
0.85193031156364
0.391284496818628
0.612619837036913
0.388023440823836
0.864704397022355
0.786884410908227
0.870243092961923
0.470165258455224
1.00712991233337
1.50290325504615
1.85504591001699
0.986621923881179
1.7224803716225
2.00166417774083
1.84595824628585
1.15238863069912
1.66803943667809
1.06814667185537
1.8488514279273
1.1914438474145
1.2402205144662
1.69798769489737
0.437709312916485
0.0905802734539914
-0.0424179054362649
-0.221528579017417
0.860155118237674
0.335976715415645
0.43889802324569
0.331507841844084
0.433334937704978
0.244729437269877
0.400170737680355
0.747597622193833
0.691091967643203
0.516690377501332
2.68161916312165
2.68089014954438
2.13176481421036
2.41865931764459
2.60162042343674
2.97880505872745
1.82170107523802
2.14269781984025
1.96735613282814
1.41621701500827
1.32520307418303
1.18390848191885
1.5199687824868
1.0581756631812
0.807999926013091
1.33311344499964
1.62524489138462
1.8384045482318
1.31967513812014
1.38465437439908
1.50617910987569
0.741995284753059
1.05599581938595
0.168343862285088
-0.217281942167423
-0.606585656755652
-0.457607514664912
-0.445620644576933
-0.466003057353339
-0.429810624087037
-0.383662697433275
-0.320965667135265
0.188042605055694
0.450642078852709
-0.198261518517764
0.617966634162454
-0.519321009485042
0.152259379727845
-0.48133773342385
0.323465933664436
0.903352082898506
0.0126497510754113
0.130117893338878
0.643918708377952
0.35006282050523
0.773923832591993
0.965041437783935
1.19546707201587
0.837784350183659
0.701687768793208
1.51512057327276
1.29547528156854
1.00275449528927
0.423918281889053
0.202639358352481
0.350099653561683
1.10806099229325
1.68841554110039
1.40389150522251
1.85121543367499
2.04935438962562
1.7461174360718
2.04170667237524
1.81763978315649
1.96620576496392
1.98371477831332
1.76062549558733
2.0134393051701
0.370256644975857
0.389499099389992
0.0672308820666203
0.202439286667686
0.233121755396634
0.674915356709684
0.0861301213149813
0.325041425291253
0.156625708073864
0.304690384531696
0.677339809372637
1.12757445370548
1.108207829091
0.56660234876688
0.280497142861722
0.947835503234974
0.922653872690703
-0.0319192588703793
-0.0348483045990362
-0.164674103245255
1.49394201936645
1.12448772983313
0.975432596010112
1.19577047995274
1.11596501283506
0.912424623007738
0.95987921877279
0.835526838062061
0.617863787708401
0.10384660184674
0.00457566181919491
-0.315539638457297
-0.0869972278966644
1.45292915727781
1.44991641819033
1.1686763631351
1.24248910855489
1.04499811042019
0.63898246083781
0.415782025426571
1.91346300256208
2.33856813566839
2.19717054436431
1.28169714310143
0.908205735982493
1.53617246997211
1.35618394200067
0.942650715405207
0.983322793073196
0.79667920554783
0.941012657064983
0.769893961628597
0.891371658490731
1.36373719263583
0.906297802317344
2.14636777540002
1.1726954541657
1.06175269373809
0.896064739407208
0.662143696634257
1.56845428210794
0.176658431780823
-0.0945011799380237
0.376517980775209
-0.450926658713269
1.53306366443543
0.621775619773443
0.774538175952542
0.834343264530458
1.13123419769896
1.98165973704622
1.16224503885994
0.728270217499229
0.919055633294347
0.115613804361479
0.490115268407834
1.27800115528787
-0.0855855286463701
0.543977992420985
1.01262702297881
1.46708625455716
1.20446747153363
1.07233448825346
0.015430314426354
1.58428036935224
0.861561604210565
0.726954093863441
0.931193638148803
1.92182086761222
2.32157064105111
1.80373323120959
2.26579682524309
0.552536874533393
0.309154241694925
0.944371026896235
1.07083746476511
0.226369208002962
1.96194779134418
0.366396712452157
0.309259581243689
1.06439726138992
0.814373539607635
1.98834090721523
0.432230484880447
2.08987956534714
2.47013550710073
0.428548152682631
-0.0405320311481164
-0.0269160446454034
-0.237852784866111
0.0634640427002119
-0.436890811204947
2.13146823432666
1.78915555915401
0.628466300716486
1.95809478410158
0.0322539118228596
1.22205646822699
0.0362563900373188
1.50016827158644
0.622837935962699
1.04057521532656
1.18042896191282
0.750540389548254
0.884251822583743
0.240513895973057
1.13888223419104
0.971087072368325
0.911349811543611
0.97929043710838
1.55937374153665
2.09547447548741
2.96104731435967
0.00486604429247106
0.770365850929397
1.04337807037761
0.696946088555523
2.01381656984223
0.941458688206133
0.74914352477058
0.722496967666295
0.907243287242347
0.805450723696062
0.509045962178042
1.03360506304523
1.66023333549844
1.68543332188144
1.51518089800181
1.15737607614179
1.03215319555119
2.07033856371506
0.783694092486243
0.0085299382171264
0.25269404738221
0.495943171147518
0.85903572622247
0.770232529030925
0.806325749121545
0.574946063614773
0.58351937663859
0.867498854876854
0.805993409444312
0.582635219693666
1.20858528733509
1.0450541734164
0.59773535820835
2.81979113013367
0.945448182520092
1.04834059588538
1.36346134676277
0.589013321337784
1.95699877838235
1.24513023235162
0.0139219520752273
0.0237086729858084
0.344707452026377
0.153116143707725
1.28595452534186
0.00504569459569971
1.02601934151922
1.08976050065992
0.880490556154522
0.651289955252721
0.889176956419669
0.469720100891051
-0.14851010987946
-0.122886365423282
0.0662832943989829
1.30675368817126
0.977754021414017
0.456320397690977
1.06265907816173
0.942706280268427
0.772879189000498
0.808379335102197
0.915384242780789
1.27220861160576
1.2581168588796
1.20144038052341
1.23070080053981
1.26631123363368
0.0609154929352544
0.451474083289079
0.875636928144754
1.228334955423
0.357582565742835
0.715721936014618
1.23441148942393
1.92544227593791
1.90360537019445
1.83668187263695
1.44072760436716
0.915748501655794
0.989875086902427
0.583408237407166
-0.504930362618861
-0.440584612473289
-0.255662484325978
-0.0361100382924863
0.64086611105757
0.548346970285662
1.26960673831066
0.704350058495543
0.967136969549111
0.413802708530826
-0.533950343169279
-0.213018208566195
-0.613492912706478
-0.129849887453142
1.63676621562884
1.69788726508009
1.62864277314968
1.34616269124754
1.40810675064825
1.39835791666351
1.27530676908406
1.11110571025135
1.54425405202661
0.63758401519019
0.621157693481648
0.340973736800542
-0.114539419311426
0.827740627290898
1.77629464779288
0.242803149700291
2.07912687243483
2.00255085072277
1.27382791828105
0.590225578404584
0.0319724788076457
0.318067768055323
0.713928376613699
0.687289231271136
1.83444504168238
0.794382730433873
-0.00593168566996767
0.101844117770369
1.21511147865555
0.870835294685358
0.47581875201596
1.32460041664292
0.156380141609625
0.597795334805668
0.812379318702538
0.989104685335584
0.251397162148965
0.802473986303476
0.832788932671598
0.749335836752291
0.900266115711189
0.195947399621847
1.27635636787249
1.14939812003262
1.11464187966035
1.78447342467519
0.622742056934753
0.748952725060945
2.10672029742105
0.0986875862755163
0.0569061200249484
0.228669070454905
-0.133030952983987
0.750210746189177
0.513353950839455
0.0275352113582821
1.36462896849803
1.71255954272958
1.40504276701568
1.45917750161586
0.934025562271322
0.209116349030741
0.583308663332986
1.40461173542063
0.578630635361346
-0.12226555330324
0.237475197952046
0.682740440150901
1.59623279773397
1.78844011039611
0.721751008020731
1.37893941805977
1.98702945093085
0.606408349084314
1.03833461719651
0.425123844296548
0.901660261040165
0.0991963274195888
1.52119854099862
1.95615603189605
1.68781789262813
0.952545191487854
0.901630124210489
0.871712990536397
2.39111397069951
0.240207935143396
-0.062821992348649
0.303467266374363
0.753050100058609
0.639839277600667
1.86283637803937
0.0705776570285692
1.50803288728283
0.151949439257709
-0.13943694750967
-0.551307568960099
0.594670503074637
0.312929940294469
0.312504585175267
0.918791092144478
1.32933345012894
-0.35576078242635
2.07496032380955
0.788525439381804
0.98058698946315
0.560305603392951
1.56787838596877
0.506552106374039
0.46311779655676
1.53170885740999
-0.2649558560774
0.820612346417813
0.846315689002905
0.881902942635445
0.70895624284631
-0.00281004058770521
1.34673342062703
0.788364103510679
0.714824451121771
0.762299490703645
-0.0311590309914565
1.22900803657698
0.884777383639667
0.065799588731171
0.969772837379078
0.763351744642479
0.427880286876378
1.31274446860751
1.38985405559785
0.627597529732356
2.28813846510555
0.185531819219459
1.12880187794363
0.706467956962206
0.900517073362784
0.495339824489083
0.326885963415867
0.0457823689213007
1.40753508174395
0.287970078865745
1.18887920505953
-0.0267499095134181
1.75406062628037
1.77676876452773
1.10092087025858
0.775213218262381
0.707733761468647
1.60434769367
0.834304449371683
1.02837621591323
1.63703583909145
0.111024048868592
0.889817314578306
0.0588627661562569
2.28455587052173
0.720441867817038
0.0909777816685813
-0.0689267641769259
0.233808302815588
0.325574895369064
0.830441966343655
-0.124571901341159
2.01172839625162
0.890883351696184
-0.0607651972236078
0.457664147431517
0.0248275649446927
-0.245375549970064
1.44790258437474
1.17936786257227
0.946936130050736
1.07507750357486
0.86406773946979
0.60120956490507
2.2882173280862
2.08654522313234
2.84767962897747
1.30729795213255
1.31158641781025
1.34097091148456
0.783409208879427
0.870794280366337
1.92612393182665
0.257414467478489
1.13687497443872
-0.154845110816534
1.06278542476817
1.84510073396903
0.468960231045778
0.462200621352792
1.31855786122532
0.217335712583912
0.0942988166985348
0.301741157886313
0.439898531989636
1.73154163309411
1.46578519347659
0.552946564932576
0.67858272822388
-0.212413491347348
0.863736815929358
1.34706366484806
0.143735435850646
0.669584520757508
0.730339206168244
0.783261516045066
1.57866884569376
1.11921683827295
1.23189324755574
-0.166675044507779
0.993856589549106
2.47773185258256
1.1415757873881
1.84553505956755
1.69995841931892
0.817253758659761
0.452802330581969
0.30567372924949
1.63749352292075
2.55527382330586
1.79504662542962
1.87913584968566
1.90789048202439
0.255550486287484
1.02319563791702
-0.0859591376007589
1.83487665314255
0.390666300964297
0.546822486277632
0.369185286073494
2.18762142991821
1.14515928128956
1.88352998728438
2.11762964308684
0.914073228629978
-0.0088730127612266
-0.330888616840853
0.247289369920098
0.879585737729885
0.624606695981875
0.00509356831880634
0.415259471840605
0.252932817507989
1.19739798489001
0.287852233851667
1.23641837665906
1.19249155332785
0.794990949909825
0.810156024362726
3.26497981483037
3.09432072506875
0.616862490496695
1.22506275559556
0.171293810906668
1.59588761929751
1.30933386149994
1.95981944558389
0.6008928279912
0.0789537686251041
0.25175541076081
1.42975819905382
0.516871360666513
0.53634306840867
-0.47388912188423
0.805690486023234
0.714914884688105
0.11917131621091
0.721442414581299
0.159130119977744
1.34461215655084
1.51442537761979
0.295229995144318
2.27530977787349
0.599590368672754
1.12920854639794
1.04735136187925
0.0999890118624951
1.76657753995869
0.404155965050703
1.47855099324727
0.281661243782184
1.90474171995189
0.817961846323864
1.70143454705716
1.49001874178049
1.44817519905961
0.488417955740231
0.820652570356993
0.886863332337102
1.04642179310463
0.873949852555047
1.81922768572828
1.18771149264772
0.633645180853579
1.57533798358487
1.89481011008968
1.90529720842283
1.89252074895175
0.011086333191424
2.10497657754933
0.0535593966734118
0.110081306087537
1.69482993621117
0.500821217939034
0.563780124794353
1.4569504055099
-0.556947272390763
0.995579752356958
0.726867074260723
0.420187481885395
0.601710413623525
2.93112597819431
0.976495997693127
1.06531743456845
1.41377060665271
1.82770968692727
0.930950631344555
0.718930437573038
0.469114894629835
0.00208607399934238
0.33674093314471
0.315126951917195
1.7533121252869
-0.457657907428519
0.118366180531011
0.879123419830866
0.941289750620589
0.255594968283417
0.615308902999925
1.70075824636468
2.07051819941268
1.01467674396175
0.644818184247792
1.65060146184393
1.86980498662608
0.360318816835553
0.499104843453973
1.9431652958289
0.534426805614536
1.46678545696377
0.831250021300008
-0.00242115780946195
0.610463973759518
1.19948871351286
1.42881000065193
-0.00910238294637275
0.786850469521904
0.365495217689255
1.82021045866629
1.5259981986687
1.73170374140432
1.57966253952797
-0.291154592870799
2.04261168071614
2.08743331344386
0.259219960853773
1.89598047769042
0.769747759169001
1.9095916225637
-0.00636659597496081
2.02123599209411
1.41465139317536
1.05211111890841
1.42710909807858
0.888833313691611
1.94494337839867
0.841895162145316
0.607996008063423
0.658687941901093
1.94641351668766
1.80122699453391
0.358905600813608
1.16891152994757
2.01033140044836
0.791392214778768
0.932482063910275
-0.359113213075807
1.45011316887751
-0.179632051790785
-0.00200841138900597
1.96953993296486
0.786869748236937
0.236562972827525
1.09708854670715
0.710968697508196
0.0915950895018955
1.57886200092977
0.70553273964279
0.713022097618469
0.414101957256487
2.51477351224344
0.207519670679975
0.202212133592696
0.705748239640221
-0.0334118017072742
1.31238633282442
0.722450046603828
0.603012463069416
0.989297792341646
0.00466014001635146
0.758665082680092
0.0136136469263179
1.03540954914203
1.00339602688579
0.774783220674693
0.951931007584271
-0.0277876749589886
-0.145619320160247
0.853816530426421
0.483652856700816
2.02444570808414
2.87011050299801
1.17315467774332
1.19469931951817
0.592839887433897
1.06565491545321
1.52470626002079
2.09075306636242
1.13504970821397
1.32003105070398
1.16415184087141
0.842868083091153
0.722731828497397
0.909026025835286
0.310168296194441
1.12779974633107
0.706312002521447
0.317716800444452
0.809798012211082
0.0162321930470928
1.04988456465699
1.21497924699597
0.286104697759386
0.0598552332693629
1.14688520681631
1.00357155051714
0.734356833641301
1.36099823826039
1.21681886334427
1.22246787347577
1.91758833578932
0.576113851849925
0.035982341768288
0.916830373087534
0.85953919819283
1.06205631186395
0.0115539297597777
0.97336432127109
0.137924726063196
0.995449603097544
0.744176753143232
0.825079659826627
0.557524523011402
1.84499296402515
0.0385248381040983
0.58436295344003
0.243818451081173
0.55400637193266
1.06059240037201
1.74317182114352
1.35865672491416
1.67061182363328
1.62960135838104
2.40863958393025
1.13200229782522
1.0534644211099
1.00063694076986
0.64846542832117
1.34126435537558
0.113160775925663
2.06858412558731
0.352485362858167
1.72897550374295
1.98452864334784
0.456184337663668
0.358198715563605
2.30707231301881
1.0058718867468
0.869929655118669
-0.117228897021863
2.04347379819459
0.820569195495447
1.00416092608738
1.06166114920401
1.41372904154699
0.71726074164152
0.878939072786608
0.894399784055417
0.160953012429605
0.15960794043894
1.20907387374554
0.0245070314478364
1.03679227653252
1.49415245405485
0.709745940368319
0.47793006267617
0.851088314979106
0.952223145362789
0.83619235447949
0.191681225909638
0.295764080912338
0.189296087083679
0.889406948713309
2.01419563600711
0.420341013731591
0.833772302357321
-0.00770525255879624
1.82005538337223
0.18741263674284
1.81468847390159
0.711476504938142
0.47729830183983
-0.239019982452687
-0.000220244793555391
0.822254904501874
1.97805962137783
1.32701919319178
1.03306741555993
0.284361040019
0.574550710709904
0.496375383548543
1.29999497838661
1.44217913531539
0.483869711811758
0.804351233440098
0.61081090226315
1.94309859827158
0.367035763283833
1.82427094538832
1.22342523442736
0.774289083278453
1.6218622650367
1.95583181502212
0.393663320905243
1.80923371121191
0.680117943190416
-0.589003985755412
0.813431795925317
2.00885619577325
1.94503540249537
0.330728891685751
0.962166568678303
2.33557403185506
1.63761694467056
-0.207116538783612
0.00452462528798294
1.07664692277253
0.927355018569265
0.236364088241409
-0.258159812095154
1.8390739970777
1.63321906491659
0.950495516082997
1.08941370350113
1.34787037251478
-0.145602610414565
-0.233623443384167
1.35489230008066
0.21967344432363
0.0876205932844218
0.151963653657546
0.607709160703647
-0.334077054712457
0.799319808861429
1.09908090730403
1.22629965995744
2.07271558867432
0.961044599318906
0.853565068831223
2.18714328952176
-0.352421154971801
1.12077978762403
1.08908986566265
0.609386651773672
0.624452174719211
1.33263281883649
0.354894677661573
0.00546120143063833
0.542274138028044
0.917134326625733
1.66335801084524
1.37983428515444
0.24376544289814
0.156604415930881
-0.0986376554199114
0.35740310133685
1.57041330398722
1.98707458019843
0.841361621802754
0.867838141758937
0.982163944727129
1.00878733416803
0.671894292495157
1.35823155392068
1.59877186457619
1.72190171214258
1.1564822737267
0.756616187438679
0.748002224077257
0.981658797731206
1.0532809152737
1.17695385724932
1.01876272028635
0.863892187900543
0.88346392689493
0.770168235109346
0.796898033159652
0.973342242099203
0.393025730615541
1.20567931942482
0.818758908602598
0.859514849680748
0.457973868550314
1.45345365044942
1.24107170217886
0.498860331359918
1.20491077531427
1.63492151031052
0.827629258387986
0.861612529528941
0.965774761844428
0.594684025175679
0.983648403563467
0.950196926321715
1.69319226883508
0.888321227531024
1.43305778320384
0.847547059977264
1.84966507072899
0.872264311490851
0.362907825139494
0.521737972639037
1.09619600457086
0.562944412348726
0.858638141711035
0.658458477750712
0.999149787095029
1.16933825809029
1.01172722325347
1.18907819630499
1.02484499252832
0.99861342571048
0.845654590920366
0.942443350737032
0.714431106111503
1.24266283588055
1.05389516397469
1.63268296269867
1.28580479700991
1.11448528891765
0.708994580258304
1.16473541193671
0.75231059224441
0.947303293242563
0.802737502903335
1.1566323670896
1.03014397257691
0.892121745748132
0.867428866781685
0.881446533332546
0.856907208267022
0.909417962612796
0.917750605739193
0.898393568468369
0.885436664116592
1.05233923274717
0.739617403399842
0.772834358407983
0.764086467720882
0.755397785503875
0.404195947095001
0.628366862990051
1.54361702184909
1.14077179854568
0.90653814155836
0.883330201143945
0.846742314569261
0.860618412987789
1.23401274710389
1.45625668155891
1.46127769806151
1.01318502922877
1.01582223173452
1.88975655152204
1.85513680438712
1.39920077992922
0.826294851099812
0.870694085157712
0.842111924817353
0.712328373562972
0.688495571243698
0.861525903253192
0.835196932357139
0.648805042996335
0.392893779626013
0.54954997674343
0.886153684881269
1.06691005738511
0.90453220364197
0.818182108749889
0.590166473643558
1.295110069464
0.260237803194991
1.26759287553097
1.26206012912396
1.7220573625446
0.445011483825588
1.44840874461317
1.17888658754589
0.81893128990222
0.598495242693349
0.809240613158937
0.835092875710639
0.855900265333966
0.61524391092977
0.601558111322362
1.15057647573671
1.15292002091764
1.01280834061386
0.889508836608711
0.986218629343453
1.70452242859203
1.47567218789396
1.25094661639777
1.41547202582008
1.12866217288947
1.19702962841611
1.05788775413259
1.09918411626503
1.04585896299778
1.01149932479439
0.647271483613682
0.974695897706747
1.01841233725363
0.880313840486366
0.898643156076252
0.883551101513001
0.825829119711423
0.921393812859788
0.75306816261537
0.385318192234644
0.404892147542299
1.57901432223498
1.2434560826865
0.99097154382721
0.731996580209628
0.822200320376134
1.29934738950823
1.07714578091078
0.650033852923227
1.06503969175054
0.898740775602599
0.862713830051075
0.933534116082206
0.677851827629563
0.726186355002718
0.870593376715724
0.877232590717302
0.850954264465642
0.856705418030624
0.868968722950618
0.892795024010931
0.725962551588387
1.65443866527348
0.587015899116341
1.01767299354951
1.66501846488202
0.248954014366071
0.562916619696319
0.708655332867281
1.1412778222382
1.25699130185465
0.443318161507212
