0.81355400770875
0.847218289901494
1.08380836767543
1.11878548800831
0.314961010692616
1.18104140666563
1.42481387066507
1.55342879701599
1.66642466014388
0.141957466154105
0.230144106995914
0.355888167938335
0.924160831678891
1.32858247720054
0.954283970228738
1.8521615469206
1.88177030782819
1.72380541659448
1.16563599117248
0.889699112054855
0.830175646482296
0.701915915210399
0.953979284302915
1.09791278671847
1.66122208062775
0.890102948131294
0.540833620518577
0.900994936467264
0.451995286291818
0.608534053061406
0.768566908173456
0.92732689430866
0.77158239827428
1.17367000970091
0.90804951480744
1.75300519397172
1.89302572564657
0.907363065884171
0.749735861340433
0.818427057336144
0.802709734259452
1.39299246919521
1.33673529272675
0.306548415264435
0.890111315690183
0.566816675145934
0.0936645933272287
0.642468905489854
0.504698565784246
0.784158466941444
0.349989233714573
1.0550033627825
0.952502780250594
1.23213360597719
0.677597736442143
1.33021845178387
1.256703494326
0.902724055481507
0.344959470646255
1.20538989931057
1.46457550079551
0.897417355651235
1.16831077463504
1.55338925793553
0.297464857583737
0.991899229571112
0.627859664646303
1.79916491568065
1.7120012598745
0.394923290423664
0.685689506644116
0.732343033841405
1.15005804082748
1.10992200219544
0.480348044493469
0.866478792888355
0.892059545410277
0.742584119292042
0.774762350411533
0.541593980076354
0.928465778508562
1.09264366758689
0.787359271020884
1.0050591774129
0.820928513845049
1.31375049005331
1.3340117827481
1.82882046259806
0.158360723140058
0.461719146277473
0.840908443496896
1.90927850979412
1.28731014934882
0.890220434391027
0.809421760328733
0.849030312839391
0.67782044759723
1.10879924413318
0.849764384417229
0.332979782570762
1.01542147702494
0.851116241603236
0.908823941779795
1.18266926142125
1.32698264369701
0.916579905641551
0.259239327026695
0.346813144480066
0.405266622123014
1.30178006235042
0.803443987120626
1.05585012062015
0.0968099032208638
0.920635383428222
1.6054709585561
1.30307813621439
0.891886118814198
1.05887668626567
0.939639037621146
1.05357425179429
1.01921675225138
1.19743680022433
1.21325629773668
1.29622935626095
1.15010055144502
1.05113668619273
0.857932702100124
0.949643177793374
0.853569909130368
0.85532906585799
0.398488334659754
0.604507684571415
0.397240167236267
0.857411255788004
0.795001547916475
0.868606710105639
0.477109743151816
1.00677877030425
1.50240088863792
1.853541331483
0.992151027393214
1.7134990745428
2.00906582899569
1.84187823379014
1.15037186963114
1.67770455510271
1.06695503852554
1.84730414568146
1.18938319970015
1.24262685964299
1.70031334899102
0.432918529800992
0.0982423121899858
-0.045225164174894
-0.220428551155856
0.851277692437849
0.338544068984519
0.444737288754568
0.330227388573019
0.430786689010181
0.243946804070574
0.399136333682655
0.744998495582192
0.683027146543779
0.520177675628807
2.68042670076282
2.67547405065021
2.13083477398549
2.42114812458206
2.60141607901983
2.98015291966263
1.81238967358908
2.1452596295087
1.9670023257338
1.41837148537464
1.33203632853461
1.18358327918644
1.5188273972966
1.05500379066408
0.803293235254717
1.32829646765742
1.62547119126372
1.84815248051498
1.31369740308547
1.38316732599293
1.50647675783524
0.745787632903927
1.05432521444327
0.164846461620669
-0.22029180380773
-0.606589970886618
-0.455950916319537
-0.455387791175216
-0.474176072082585
-0.425961438324434
-0.385917134081102
-0.316987098116164
0.191787118377918
0.448678580193599
-0.202292598774046
0.614668367808175
-0.520168052653746
0.153920450556233
-0.474993135304557
0.339443326824777
0.902567390210714
0.0163278510114324
0.132530636926974
0.640804717057154
0.351848937728804
0.773099846960699
0.960129116659662
1.1973047375061
0.838953566156377
0.706654130643622
1.51463301831322
1.29234752411475
1.00054921346651
0.429252594112676
0.204284519328725
0.34426181596905
1.10679866396992
1.70613520077161
1.40316485726376
1.85318802064248
2.05214438149617
1.73997940777455
2.03075729162568
1.82300442184982
1.97385980181973
1.98485123143412
1.76234904646055
2.03063195233178
0.371510924940094
0.3869974799142
0.0642915333954565
0.19209796315639
0.224884318655258
0.704726200415862
0.083777987258319
0.33156648045751
0.156434991993438
0.306257463153501
0.680299364487924
1.12877659509205
1.11120108509815
0.566029599242981
0.281923333078719
0.938144368465891
0.919984346673531
-0.0390430223655517
-0.0355922080365838
-0.160651661313932
1.49883495640901
1.11962529380056
0.974078553095615
1.1972954256533
1.11740387129226
0.907572499166415
0.960079442520383
0.833904901288579
0.617547647988615
0.0989467537125604
0.0083521220719739
-0.322707814291997
-0.0909857671926059
1.45275638893954
1.45323747074675
1.16611748531141
1.27753556806838
1.05052790997252
0.645299735456225
0.413645799033544
1.91361927634338
2.33525295959665
2.20116280919059
1.28814333135144
0.907912380131589
1.53221378936537
1.35375140069806
0.940428849010972
0.982782494871267
0.800853705827339
0.939000310131665
0.767305389806718
0.889732100297222
1.36687571913374
0.908187217668253
2.14965531978804
1.17075427233376
1.06893875424002
0.904280512121873
0.667369897320745
1.56824928091401
0.185297856557046
-0.0908003157525058
0.35772435067699
-0.447047953575988
1.53215017890677
0.629472348892067
0.772185922687159
0.824055110967946
1.1363654222816
1.97876525041779
1.16363014647495
0.723216334809121
0.960744141649009
0.115683671198464
0.490211168116417
1.27818317483059
-0.0895385066018991
0.543479679005284
1.04296979606728
1.4665280612008
1.19386819488423
1.06989808349587
0.0166181100017761
1.58901833027864
0.866949717000113
0.72504361964287
0.929991019216499
1.95920396842974
2.31914383812271
1.83928983348564
2.2605058859841
0.556878163148621
0.30585791499392
0.939090102302902
1.06505021865274
0.23317592386742
1.9819491022003
0.371299046224219
0.307668280047408
1.06343995334607
0.81686424108359
1.99245696420001
0.431684691091532
2.08864655897077
2.46663554525842
0.428269328212661
-0.0355453580589958
-0.0303531072040209
-0.232170529405411
0.0676140958293703
-0.437094231728093
2.1293866053859
1.79413578805242
0.623135362720764
1.96101908223625
0.0353566819586415
1.22505516086366
0.0404682783133357
1.49867715539708
0.593845260039309
1.04318420441435
1.18321298710993
0.750957488437204
0.913247359756081
0.255478162414484
1.1534602084835
0.978222155644428
0.914064790779571
0.979499107728785
1.56197098009859
2.09710749695952
2.95784344292371
0.0089186439300461
0.773496577625883
1.03571011530251
0.701388016242443
2.03681258797007
0.931976316969028
0.748190339223949
0.731108846143201
0.91172209505153
0.802043504824484
0.501383402588951
1.03662195395945
1.66986496750371
1.69141987229924
1.52053178938273
1.15928660720372
1.03552075797499
2.07367008764259
0.785834684410615
0.0165116219386499
0.254769723162243
0.527305142823567
0.861132871185209
0.775568914231674
0.805784282427138
0.57481441315058
0.580582994709623
0.860491968678425
0.795250644082385
0.584221222978168
1.20809168937506
1.04584805713698
0.598226968854933
2.82611086036302
0.996010578703867
1.07326337120086
1.39076811410299
0.582399407970118
1.95123826515662
1.25414097432394
0.0181325227005027
0.0357550154131501
0.364394848320431
0.18428638938482
1.28739573585013
0.00860128506803022
1.02273289167122
1.08784990324466
0.882975668531759
0.650963927491563
0.899870128567026
0.438879899624175
-0.151802648938657
-0.125271869667923
0.0691943388252511
1.30014807934611
0.97538004882811
0.456242826185773
1.05511844670893
0.951656162183172
0.77279302844275
0.82595051917509
0.91315368594271
1.27489170296094
1.26077502113666
1.20649102090483
1.23199731694719
1.27025798733841
0.060422172131249
0.450635511725834
0.887834685333727
1.22826103556963
0.34956077376758
0.718010620396408
1.23201308522665
1.93043829387902
1.89540368190279
1.84355401486649
1.44282608298989
0.922307876140422
0.99166984500068
0.585646012033623
-0.503075998645548
-0.442942971232783
-0.259546422906631
-0.0376515414765264
0.650538085361459
0.586740858939683
1.26795791966862
0.708273691342904
0.965843662616343
0.411877018450485
-0.53414264688614
-0.214237814901801
-0.610710890061596
-0.118396915512972
1.63970147345778
1.69835163657614
1.63271649278413
1.35225387901058
1.41152582430702
1.38875481808794
1.28646426507187
1.14445330700289
1.54593236999424
0.635328003802997
0.623523762010358
0.341965936279603
-0.107696627959241
0.823968288082175
1.79374532647139
0.243462139818443
2.08644231026022
1.99661996671515
1.29165829931349
0.598016945710602
0.0311796802619983
0.313162595034189
0.685540841629841
0.681058454660572
1.83833042612615
0.786443086767989
-0.00396210038124199
0.0988863676611327
1.25145608303223
0.920289511500086
0.502822966587248
1.3300420740166
0.167317407276075
0.601640321911452
0.818025911622057
0.991456092657006
0.256379540989015
0.809216958292266
0.841868747152768
0.795677366430792
0.919371388784824
0.215306829839132
1.28741057461876
1.14260620359252
1.11582006563492
1.78503255915638
0.585109792608589
0.747271863461579
2.10365692241789
0.0958943543668974
0.0748674919495252
0.26653619787033
-0.136926953904344
0.75419523889332
0.512066557004627
0.023880785471533
1.36515878329825
1.74402655065779
1.42676669194433
1.47042732964487
0.942604778586335
0.203469982439747
0.588731721894056
1.40170390199192
0.598620041102944
-0.122097652806435
0.241303967719184
0.669662951544734
1.59499158097428
1.78468054475524
0.724181911586635
1.4200466544414
1.98658707995029
0.58564065704399
1.02664985886383
0.47255604906926
0.908197725484676
0.0974239377268045
1.54772087785472
1.95449553854185
1.70588962104428
0.989369966488007
0.903639403599825
0.871556970104589
2.3891765404093
0.258828016161864
-0.0623877821170094
0.339051766851191
0.752864566538344
0.639430223558771
1.85622528325558
0.0684977905653965
1.50898000494201
0.1770604780513
-0.141180461033258
-0.552682630292309
0.593286350939909
0.313949777314182
0.313028256000516
0.918877522951495
1.34711715713219
-0.356171246708432
2.08054076991529
0.791702385827715
1.02174904724057
0.566605132622811
1.56698702949118
0.506750238845816
0.456567819975963
1.53416990723899
-0.255139499968613
0.835822371796668
0.850901876099308
0.888956141336805
0.682115784232646
-0.00915029664935467
1.34939421645779
0.797359409742497
0.710072692259702
0.804712315724259
-0.0354074182671408
1.22905422370319
0.890456604761565
0.0664518099143809
0.968521308876388
0.760673075703842
0.425564195237768
1.31175446850882
1.3943708188247
0.630695537242374
2.29836969817769
0.183636581391536
1.12911753813694
0.711861018985127
0.89594910814256
0.46091093088708
0.302147617377099
0.039452823749493
1.40265414971439
0.288436862358033
1.18944027541931
-0.024836336437002
1.79014852719361
1.79578483816206
1.14176578668553
0.773025648586022
0.69495823959486
1.6002378393845
0.828954663525569
1.02621590516757
1.63169062252714
0.121547828558103
0.898726874622441
0.060490817568409
2.28704704798474
0.722887916541442
0.10165154369585
-0.0614080261951038
0.234831074723277
0.314572187254162
0.829462562979313
-0.121989912881222
2.01154437715612
0.895824565428725
-0.0548453056343621
0.45827455450502
0.0254472174214283
-0.24539579037396
1.44868616047942
1.19287895394901
0.969682182559524
1.0869308252915
0.893508364612197
0.601541907461541
2.28472778593122
2.09687497931494
2.84284142855454
1.34545984274702
1.33030463665837
1.3645870892507
0.785680502211187
0.868253197742074
1.95438574749294
0.259298016457676
1.16032324890972
-0.153217038328821
1.0503114941849
1.84848961186239
0.463451828603259
0.472199570619622
1.31639139855846
0.226749767861353
0.104581087065012
0.328949846264758
0.439911009177063
1.75089992982569
1.46590549243999
0.534157990153275
0.680984034270253
-0.213920970869504
0.870007048716774
1.34369417883061
0.141116049592581
0.674365614772985
0.727329995441836
0.782756015354523
1.57571841558233
1.12394129525395
1.25999215729347
-0.161848975617593
0.997783845601913
2.48214767202634
1.14470117878217
1.84845416642493
1.7038139435665
0.819810654192761
0.448230107061516
0.300991411652716
1.6366212567625
2.54574205892965
1.81116812863266
1.90272161702853
1.90816914951704
0.258490457354614
1.02709777430466
-0.0842350000806992
1.88023099883846
0.387415212792907
0.547195259366405
0.365178668844668
2.1863977318739
1.19267528649743
1.88562690277237
2.120537083418
0.920444725007561
-0.00782236835518081
-0.333845796554012
0.257625280235695
0.873629989112755
0.627624233805036
0.00970789288311538
0.411727142636504
0.258401465603835
1.24128144422145
0.289531797933877
1.24068726259356
1.18889409853525
0.783942100443614
0.796419688261146
3.27296908494165
3.09127131400709
0.625466937870958
1.22931979364998
0.176529294120324
1.59766091281223
1.30243451224287
1.96116909546327
0.640531824440167
0.0782354499361426
0.251920271700385
1.4390939736236
0.515741304142303
0.545899054693127
-0.468303341708831
0.811040943135738
0.718753095629722
0.122462191844953
0.713294593796743
0.163451752473153
1.34214145260658
1.51303953871978
0.321608139905238
2.27996410397986
0.599919454015659
1.14606259149262
1.04248839491504
0.0959219922139585
1.81338335290351
0.401453438124067
1.47731208130984
0.276116544571627
1.91246606191462
0.813563875616266
1.70025672711055
1.50120210865748
1.45563092912519
0.490630089606363
0.871650014925657
0.935535722537282
1.09502164025756
0.874856641243719
1.85098635930863
1.19022090448598
0.628663070289442
1.57659287156887
1.90121208164491
1.90510378866077
1.89235933983919
0.0163030462170322
2.10625891312484
0.0467365191140199
0.118361691779346
1.69361557290576
0.49212475506145
0.556915958841288
1.47732075117286
-0.558541593378458
1.02843642159918
0.725221851172928
0.421058176246338
0.603015322732906
2.92716382003405
0.998812552921466
1.08461943035521
1.41807007270455
1.83020555929073
0.93007685868575
0.755716955198266
0.467777935326464
0.00163379953835122
0.337240752651522
0.310371868674492
1.74813667238073
-0.458609662446754
0.132929020981617
0.908475104187812
0.941661427983188
0.250382678019083
0.610404434600028
1.69965896722275
2.06919659781382
1.01274178563528
0.651234491445874
1.64972130807068
1.87294085852499
0.359699150112917
0.505751734381108
1.93337933592884
0.535475336396652
1.46271569454203
0.835794567624204
-0.00200617918874946
0.613751392937699
1.21166954080431
1.4386466047855
-0.00785258599932814
0.785045387636434
0.359338561866431
1.81800750985705
1.52480314312939
1.73472185955308
1.58570769193823
-0.290446915879401
2.05488889326215
2.08902681457442
0.274916762165692
1.9100425924361
0.771857020322652
1.94303288782515
0.00171842657760345
2.024357233674
1.40770672435803
1.06576492002571
1.43114613768809
0.87814356980257
1.97839013953768
0.84719609689147
0.61401444787494
0.649498314366187
1.94639439114167
1.80147245314816
0.376124286557553
1.16879305643622
2.01413168610452
0.793492140038507
0.930340256390417
-0.358386244727055
1.44803746743535
-0.178780196869374
-0.00178412279121025
1.96717279543607
0.793418813930685
0.236177138700296
1.10613099229944
0.702346583250726
0.101961136718421
1.57437125335141
0.674878536457747
0.682583903275051
0.410386914833724
2.51389043072006
0.208601601726812
0.198097815403631
0.702993871800668
-0.0420074733123448
1.33005072947406
0.700664231678201
0.572359476764081
1.03325448148331
0.0228923302905428
0.760967587663503
0.0164208704993016
1.03409984755234
1.00333962430141
0.761142769519108
0.948206872477445
-0.0278528537696043
-0.151065012113373
0.846806274607858
0.488768508759427
2.02496056831421
2.87102264482075
1.19267135504414
1.18940497148632
0.588937166875755
1.06736976561544
1.56817877780164
2.08292310728232
1.13114052190864
1.3263096932133
1.18106067720017
0.844014402435145
0.724705205534798
0.907877414079498
0.320570320863304
1.13076136677539
0.752262959186454
0.355871578299995
0.836329076860423
0.0184180807891385
1.0775824030507
1.20970638311346
0.284033871370688
0.0580870280354904
1.18375046025299
1.03166826485032
0.75995876570596
1.3638270809212
1.21394714129077
1.2156748811589
1.91694843302285
0.574497646624685
0.0383337891806993
0.911924900028894
0.853346307382301
1.05888987170808
0.0098052980586706
0.97356544331014
0.141052672278668
1.004556523018
0.747289170568582
0.833106428906808
0.564363747886777
1.8527728631155
0.0592038827032529
0.587724248106168
0.242624575604239
0.55149453923906
1.06382173534516
1.73388986943078
1.38235086647048
1.68472821493478
1.63007548938336
2.39783702774054
1.13580898133739
1.05562299024092
1.00232802523628
0.698260150462933
1.34560979569616
0.115607044638165
2.07449567286642
0.371927604620222
1.76100503308044
1.98587989381714
0.436958039926314
0.361179139408983
2.29887840071768
1.00711798774805
0.868066100505287
-0.119078977569374
2.03861127410568
0.818377406401288
1.01463685614944
1.07027343229194
1.41649269828936
0.764055713708779
0.876292940143322
0.94529205809191
0.163552191706619
0.161366564538846
1.20528560947851
0.027067296206827
1.03712819566906
1.49385829109992
0.706729364274959
0.488997225297868
0.856789769364713
0.958588344641347
0.837195169338431
0.210482521444436
0.318365429612057
0.205884697267008
0.892787088993827
2.03442960517369
0.392434198958721
0.864296700720446
-0.0102057401493794
1.82389119209057
0.187701358865968
1.82253640898601
0.693455859252654
0.506839875769021
-0.237070754768634
-0.00395083982277508
0.837491663268574
1.97746582320944
1.32485511938266
1.03585726911419
0.283754484090843
0.580798824021051
0.503571137965949
1.30402913847645
1.43882600514106
0.482993091675763
0.800285151590379
0.61626458071102
1.94428939784495
0.413892817654788
1.82986332457514
1.22194046553117
0.768007461121556
1.63028600288367
1.96062893648168
0.38842573215371
1.81402264147435
0.67731183544353
-0.583463208589944
0.819619242551468
2.03257761030647
1.97514437768534
0.333875100607626
0.953516110574526
2.33663283417144
1.63037494015446
-0.206192800133976
0.00128889836838744
1.06858990824938
0.942101830380266
0.262805998371533
-0.259569770758157
1.83992014555994
1.63257311831764
0.990709818723263
1.13715221133401
1.38679157007787
-0.15028650231392
-0.230115150007151
1.36173899338637
0.228643204576245
0.0956096853548396
0.166981210137182
0.601832631560736
-0.334550053344122
0.802322295728528
1.14104582558898
1.25243120124172
2.07646257843009
0.958840619920146
0.85376968050722
2.1870377737408
-0.34854653187168
1.11837275227032
1.09374839430905
0.633054491461681
0.663409064434908
1.36727008169273
0.357149966949762
0.00808641030628435
0.557973898531735
0.932786237536314
1.66638353259142
1.40718121617491
0.243337534296276
0.172505394740484
-0.0844169195773145
0.380673343977786
1.60108403511895
1.99421938510229
0.878447838671992
0.906352098310789
1.02808507407268
1.04741483359847
0.704194716731215
1.45779566683125
1.69451837661434
1.84795066027719
1.25697217673545
0.743671204576637
0.748767460243789
1.0743941952953
1.16063038394975
1.27710130367716
1.11650407615507
0.921089516721732
0.953195889542834
0.833242217387751
0.800977751079157
1.03099065018877
0.380429642346171
1.26984257945486
0.854858890789407
0.865221929278309
0.493407599569011
1.51869025714083
1.29262416576487
0.501979724216008
1.24388861998471
1.70455469449635
0.844901519209598
0.901480211871623
1.01834614266567
0.593248124888324
0.988735038858694
0.97177123375692
1.73548306589344
0.913397983924577
1.50950280933061
0.844652741337794
1.87600666116477
0.901780561997463
0.337074897780881
0.530129832795062
1.16161019329152
0.618291034145296
0.946899153428239
0.689710652478585
1.0583165903494
1.24613081024046
1.04185361935131
1.26848312178745
1.05762588472993
1.09131616027769
0.87724046258913
1.03393379677931
0.773239814483137
1.30139754349839
1.13747310023
1.69423065800199
1.37893763211882
1.20531656882783
0.706709771352219
1.26342584002534
0.746638044550494
1.02607894520763
0.837282141980592
1.24427353853457
1.11080205120245
0.910961317495213
0.908955153676793
0.917965646894379
0.862732061838356
0.944233633647981
0.910101970268843
0.918500146076178
0.895102404630197
1.05951572506797
0.737506216223622
0.774344609302759
0.802733425557266
0.777129540418409
0.428020281507165
0.664358345481556
1.6221651999558
1.24930823383359
0.942115598107451
0.9372445687842
0.862883772551252
0.892203823821988
1.33117763561477
1.5092639211287
1.54393179622845
1.03576784173997
1.05203097489409
1.90315063420762
1.91916777125557
1.48859440261945
0.850831221994825
0.922386365842451
0.873355792130151
0.722713622404232
0.700826438579651
0.890937030369314
0.869849962595335
0.624207879353148
0.380234594848077
0.530522961079699
0.942936075494074
1.14102577177285
0.931712385986293
0.893240943532183
0.619503562544506
1.36272494162037
0.239018258887056
1.31717207144483
1.30151280179837
1.77986665971331
0.488864241730251
1.51072471242597
1.23909785813475
0.80959069353062
0.656160873546695
0.805961745743011
0.863081537453497
0.859073707520554
0.614277693708066
0.598485964097043
1.16754336344745
1.19137574668919
1.06493953371589
0.910960014294048
1.00995573150835
1.75567855131494
1.54806786475466
1.33597237289194
1.49653395807439
1.22843553402832
1.29165561579979
1.1404761000016
1.20307241232385
1.13294682348838
1.09480574483406
0.648808774207055
0.998821495539401
1.05653081915646
0.888774125771909
0.918365781050264
0.907048598696536
0.865458246960552
0.957268045841863
0.750407711369264
0.411602550240039
0.419665701031981
1.64333671891195
1.24873574409429
0.981412546950771
0.77421156997388
0.833735827208952
1.34210197712302
1.1356083139249
0.685080800964418
1.07675772562608
0.893397671968359
0.860975713037988
0.937033130086639
0.675825809441185
0.729077751184698
0.895000092143046
0.909163324979491
0.875507579222693
0.865772492538831
0.898281944989103
0.916429242902724
0.751327171621699
1.72402828711464
0.559727066081496
1.04501450483662
1.70352141955372
0.238897008216016
0.562217445225378
0.710409505798289
1.18649960541033
1.30743809282834
0.452125946515754
