0.792983515269243
0.793295317253424
1.06721681112369
1.10033928952372
0.273961735656135
1.14853423556626
1.34714832372443
1.46723248029925
1.58931383820568
0.187428923155134
0.387626078001353
0.492733744817784
0.976037155678218
1.30021929114112
0.855922883607011
1.70103969138634
1.71145183848
1.46433325422403
0.975245829890513
0.809028067405049
0.789431718125329
0.701100448574252
0.965289680259007
1.06858312433609
1.55915521943775
0.842119739960663
0.52684612402165
0.871733442237159
0.337920787009644
0.607892420544481
0.77294589495453
0.843278565564582
0.835847357427307
1.16002179640681
0.899276770313691
1.6566198537067
1.6767153225037
0.84901450423871
0.742037224973341
0.810271057887032
0.81279614594357
1.25800162332094
1.34815294093468
0.222960357384071
0.911388931359519
0.663281076055735
0.233260261610171
0.636567022140575
0.484988409197755
0.741642968273333
0.245439291697066
1.03852970320926
0.941035718583548
1.219460687908
0.574904600503762
1.35600957269596
1.2339975156283
0.951394855701622
0.285341790241785
1.14550910774593
1.21676358757588
0.947595791515408
1.04425301430122
1.43096308300394
0.288142034154686
0.863026825630953
0.618655449975278
1.68014634170729
1.62205056115934
0.366759074129842
0.68385685633281
0.733088575069063
1.13418846007617
1.10867774079514
0.464730306657964
0.886531966122026
0.929306311473058
0.746306017717171
0.689063878445146
0.43060857993704
0.851797736739205
1.06336521222516
0.760284709184856
0.991919572378137
0.819593110442418
1.30712927124766
1.35986377750404
1.58749652369073
0.311486312044428
0.577600187752873
0.770085230637155
1.71576952835986
1.23044321023539
0.817674950602747
0.798755043053125
0.827327276678883
0.755954640843511
1.09096595758191
0.903725945941867
0.238896923349694
0.991984719504369
0.793848003749923
0.912007654308441
1.1514510675193
1.3281688919272
0.968335594495205
0.208903119427998
0.275753027440546
0.292979868007863
1.24572394163016
0.7748344734354
1.01013284176193
0.196212737047901
0.970478482177913
1.34336540140106
1.08109269498398
0.890676858785686
1.04157279857222
0.945496302959118
1.04085219598427
0.982049847237966
1.18136582554581
1.16959767473676
1.23854066291768
1.11501171643181
1.02327507687231
0.884543704937396
0.922067779308519
0.888296515955773
0.886282265716674
0.40633073860803
0.576675956375778
0.451453165164224
0.782698419213644
0.810352153783732
0.825117633232992
0.554224343170179
0.986454006782933
1.55489273951629
1.89035567326934
0.991673096416584
1.67859965657968
1.9690191788932
1.76327706733597
1.24651204928579
1.74860830936317
1.05605779239853
1.82003414521003
1.17186769954014
1.20368109137034
1.67290973310763
0.422741180983533
0.16018186969806
-0.0408663674251774
-0.178991858434033
0.823150182674122
0.42584958381932
0.486757562299918
0.289434693465174
0.479249185911912
0.247081470996128
0.401698969122069
0.686979785288987
0.665618707794067
0.559752625613269
2.64740716705494
2.6133628352591
2.13631807953601
2.40355540912747
2.54491223082984
2.92737825593963
1.82523773330015
2.10318817770736
1.92802115053638
1.39969810937485
1.34957123318677
1.16830430281843
1.47625222439352
1.0593889674298
0.842982322629403
1.32983016772975
1.64402359190797
1.81585375375152
1.31624986401714
1.35557454351694
1.45071730780217
0.762978347054496
1.06029051164718
0.135389464062914
-0.211977195405069
-0.595192371310066
-0.485593087240038
-0.431841147766839
-0.493270070787319
-0.401853443970697
-0.353263404882218
-0.271896815806914
0.226681977423776
0.395673269248689
-0.215126386527368
0.609766722186342
-0.518909737297067
0.227016127251223
-0.406247273297964
0.409454583239606
0.929755666623562
0.0818457838434319
0.181439041063616
0.572511061130693
0.335208389778997
0.777318315121763
0.964004333875454
1.20186289358729
0.865596215645851
0.726421242902928
1.52730891570547
1.31126391104864
0.962824814958213
0.442275138357439
0.251778343369786
0.453338240717757
1.04739712370796
1.50701445481964
1.4021205201904
1.76076732565341
1.95888440241349
1.76149790783594
2.01961363401842
1.84256176612542
2.00707405307052
2.03672478394119
1.79556951764213
1.91901464774277
0.420024437639448
0.348713866306845
0.0679442990044847
0.211206023238345
0.22600198213879
0.656452143927743
0.165365550381897
0.282092678326561
0.188875142071419
0.278688589152064
0.64379024795766
1.08266151124176
1.09396956147563
0.583010191723704
0.36705939169136
0.938390186833614
0.904230927019426
-0.0768076779888959
-0.0332274361669468
-0.138262283643137
1.44595138184566
1.11231287339749
1.01416341482047
1.16761241086527
1.11334505415657
0.939768477624283
0.909879018053082
0.817633854571255
0.597886131246913
0.0748692873547973
0.0395813325279045
-0.29431898333163
-0.1240339016264
1.43486312746591
1.38136766880138
1.15326576709721
1.26894097532711
1.05186546150484
0.733111131299201
0.532797239219265
1.93436834308731
2.36313230801152
2.2280069495059
1.22233355856049
0.90782156077677
1.49389750016327
1.32421297508664
0.894614878044456
0.968468670535223
0.781593492149163
0.904557555769251
0.756131034680741
0.886082892100062
1.39318199857822
0.920378720629563
2.0840161338896
1.13942147547385
1.01214111142423
0.863715744234413
0.71214281250776
1.57472128431747
0.225213665497619
-0.122219147729254
0.448968114645559
-0.474461457397876
1.55715074080835
0.594912916743867
0.761569324354781
0.757739704276421
1.09772777387669
1.89679443368563
1.1401766574098
0.728835477739298
0.989025894368409
0.0251317079494534
0.515580327168866
1.21852203602091
-0.0990628582379029
0.580117409570209
0.926281487962643
1.42378269669549
1.17545526650606
1.0771050608046
0.0321454374824751
1.59754536179674
0.849160318626114
0.696515542023984
0.953664541783115
1.81990012793301
2.30607869895365
1.78331033833954
2.22706954000317
0.562298022383135
0.325786278990381
0.935837200926116
1.06695969580468
0.263507817591766
1.76721869016778
0.394549780283142
0.332002432623049
1.07066170457138
0.829751478516527
1.94636580762985
0.425949172259989
2.10000315775386
2.43081205758618
0.425232663633635
-0.0103761141480122
-0.0557423719145308
-0.211101025283496
0.0579198761350825
-0.365940423640239
2.11316883559488
1.83906814846082
0.622468501518605
1.96173781272908
0.0784358374972987
1.22958838319132
0.0892481383963731
1.530788162251
0.633915351971777
1.07924586948283
1.17058789442104
0.739180694591343
0.870720858545745
0.384055538648348
1.14265703153641
0.969764988636609
0.935336313491324
0.996019938149997
1.56972196233155
2.10526795380632
2.92507369514244
-0.0279537417638854
0.793709409754427
1.03616756396464
0.710780515662735
1.86140427495341
1.01385490946738
0.721419990160078
0.742235681170851
0.929878669852009
0.832141295348827
0.528842763798395
0.988613597914188
1.55755757034932
1.62630407108501
1.52179671988731
1.16722489578553
1.02696195209477
2.06657390146489
0.78862933311727
0.145143781346255
0.183799010751846
0.61770926774315
0.923868790579204
0.784841901478275
0.810575272365508
0.646902793295523
0.561604532758717
0.85314622437617
0.818970766648075
0.537557283102844
1.19719707340081
1.00422124231795
0.623025865368886
2.73675827326927
1.0301118988311
1.1183162540726
1.36578170734006
0.612943693108471
1.9353962811382
1.2283497890211
-0.0485077751815399
-0.0124859786602375
0.267547220280208
0.0749952858241904
1.24896699089747
-0.0362984969164099
1.01576785961365
1.08763283768133
0.921332406913405
0.653540056733342
0.891033158118279
0.477332760297395
-0.144056697026849
-0.11193542906312
0.0711507844683246
1.26669673586241
0.940740996078499
0.402646517944335
1.05013149230154
0.857264221311935
0.787301528958753
0.775260080249566
0.932479618900304
1.21711815768087
1.19430135656979
1.16381009667175
1.25550147324923
1.23008631139891
0.0383681906428021
0.42262173182115
0.841807399007114
1.2496223738088
0.401660110699972
0.694409994415636
1.25367296190452
1.94676045082016
1.89860584710147
1.8291316372499
1.45804676803413
0.907839781495907
0.988286181322902
0.619881039302882
-0.479653745757608
-0.420865123322854
-0.282587406236755
-0.0274593580421514
0.578698116083572
0.490553719528509
1.23041504436909
0.697690771695788
0.911475508403939
0.432289706764397
-0.550853509727082
-0.297597370237305
-0.571661193961508
-0.202309726058244
1.66803491997577
1.67938968041865
1.61939763761923
1.42657019964028
1.42986777178836
1.34515581829202
1.26176616770569
1.11700874994471
1.5214685139355
0.660142014952245
0.718239675204585
0.355309322468407
-0.112270824339385
0.873947165276217
1.75056876746687
0.228860850905162
2.11521207500856
1.96955272011518
1.29649466760484
0.59707995458095
0.031584234353486
0.303841936626391
0.674427501390056
0.705367446457705
1.7731431208703
0.793219060493591
0.0218109543619807
0.0559309236878649
1.12852337527619
0.829468589908466
0.499402079007702
1.2623616270905
0.13187739896227
0.606429825417432
0.806365039512256
1.04995778166834
0.236580743521122
0.776637356830144
0.844580522697917
0.854172030175112
0.901716525663857
0.136562214884158
1.34233931523862
1.15621099590506
1.12259350197023
1.72089766672441
0.616329510251684
0.739526659748495
2.11801496507061
0.164847784602527
-0.0328787683448155
0.150038672337544
-0.126856576179472
0.714188575986296
0.493602314896282
-0.0635300608632563
1.41791828974214
1.48973354584337
1.44252061773208
1.43310841929625
1.00176705618897
0.303271086676442
0.572985269891959
1.40484891300076
0.670898403337551
-0.161891954833255
0.214221715625013
0.725394865908963
1.61919004766472
1.76901901144935
0.690563280821031
1.19818836507943
1.93210157453693
0.566591250365687
0.974744676439985
0.361640502428486
0.897427289460452
0.101467817407353
1.42157341577428
1.93385712353084
1.60560400431701
1.03580388951803
0.937570253845052
0.860598358679724
2.35256498932414
0.197079357871797
0.00566186148283974
0.228396660616324
0.738240669816409
0.612285448718375
1.8530610124139
0.0646076757045407
1.44256492359473
0.086270330185565
-0.126486722298302
-0.479084701133897
0.611763093898742
0.289272008931772
0.301218150197221
0.845571110416761
1.30421273412172
-0.341804166623716
2.03609522375144
0.74378149451918
0.887559353467756
0.574748461571526
1.52684704923694
0.482366365763365
0.503141596080387
1.49933897562109
-0.305760439530893
0.78170924278292
0.886646935022912
0.938949352327626
0.70315541138838
-0.0446847631963279
1.31502415816135
0.781799673914176
0.70105362186424
0.725968707253617
-0.092562855553105
1.26937233402651
0.848511256196439
0.0553108929954451
0.94672941353584
0.774511943706458
0.4220747942848
1.38984492046022
1.32576268249493
0.621272220668958
2.28340054201729
0.155023104895954
1.15345236142587
0.761066659601162
0.875975293647453
0.519312809452872
0.382187655192208
0.0676074181482379
1.37142437659686
0.313035531699486
1.25126254233696
-0.0106220965072872
1.73417259086215
1.78942956001091
1.16297235819744
0.821241821079555
0.714233244861059
1.64098758497173
0.888600378939985
1.02253426252564
1.60791521694254
0.0574785940525267
0.847174503490598
-0.0132117753924982
2.36478682086121
0.677684723913915
0.0697735587741616
-0.0933713830720497
0.161792446716514
0.353787106805823
0.871467066792096
-0.0948936499995134
2.05198116159416
0.893553469261855
-0.151835329605353
0.440102796444762
0.029590911081491
-0.208684031272448
1.40825223787514
1.10692751230569
1.02412911970193
1.07514008418747
0.84852900962593
0.586635152479539
2.23142087412776
1.96063319795529
2.7497867880731
1.33243761713512
1.38557676969626
1.40272947588452
0.80996623588416
0.904640441632835
1.73426643357021
0.27624016387158
1.05147610500512
-0.136049383900622
1.05481824123368
1.83278491731214
0.449109815264565
0.502044972413906
1.24500902513082
0.131347140930507
0.0212629991581403
0.232659530275451
0.411927204823627
1.675986303135
1.44875350025237
0.584175338486509
0.649796191259157
-0.271337679735121
0.877123398120024
1.39629968152131
0.15628550299686
0.660687544164692
0.716173859753623
0.802213214550172
1.62157530221918
1.14578481589874
1.26985801522452
-0.107387355704894
0.988872188763369
2.40543709237829
1.18052267885743
1.76831850266542
1.60748512589335
0.83135862255465
0.427859987977435
0.297342133103325
1.65037242916286
2.52045614527369
1.80995295365657
1.84244169326029
1.93464576313411
0.261069168114204
1.00896727713492
-0.0421887710503076
1.77195280175806
0.461783511759176
0.553339120111597
0.376559696320638
2.16585605420349
1.0107220253336
1.8478466397277
2.09218733532994
0.830624645187804
0.0150192368442592
-0.322032708166699
0.312702320562371
0.889271943091484
0.630206389284959
-0.000128997705626198
0.386984188282746
0.239633699289155
1.21343830709341
0.345144800036908
1.25333193418494
1.17765045958558
0.717294919067385
0.749572297070975
3.1694242124641
3.0424939785227
0.626907483835145
1.23058595052645
0.184257652486218
1.59644961178588
1.33502349208697
1.99503306230914
0.721319922106742
0.0882372803979868
0.239466963457182
1.33328636013336
0.503783626619992
0.55989762582373
-0.482779781470771
0.79131657181002
0.747317399616217
0.12659638693114
0.727447605746725
0.15304192545438
1.33843450089928
1.43845521774247
0.213111028885116
2.30253172791004
0.618235459006851
1.18230870067031
1.06671444302226
0.137522098509067
1.72636780174642
0.436140939060568
1.51900317771325
0.397539298612393
1.89047027762662
0.827499941111726
1.69882315725695
1.49301871910829
1.48655820119637
0.465926877092058
0.921361629970621
0.979983934758421
1.10843071452668
0.87744768583365
1.60467174272925
1.17561573093811
0.588851118567547
1.54112042183203
1.91861501786814
1.94252938147482
1.83240557362722
-0.0299697398842834
2.09515654775625
0.0549680214995346
0.154623725240729
1.65266719447959
0.527714742472447
0.546422341882905
1.35157333200284
-0.511428329806746
1.00307466429069
0.716934548586224
0.418613302840807
0.62095886897165
2.90157635338578
0.979017665540427
1.06640266687301
1.39014568193247
1.8191380643794
0.95858870222817
0.817540373597491
0.426153142168292
-0.0198451126232071
0.360185875188973
0.34891056469432
1.78859203538962
-0.432058635190739
0.0854596413416128
0.817955660319489
1.0126046733733
0.317890315444759
0.629769761836191
1.69120207760538
2.00400755881701
1.01143212908811
0.646696594825672
1.64084589789363
1.89110171518673
0.405290215437708
0.521592274599489
1.89684964347265
0.474590692191805
1.39546200102198
0.803748700314394
0.0312135671266449
0.599308490019706
1.21472461087704
1.42004440344166
-0.0512305329393396
0.789084407529957
0.418348656521835
1.83679080497484
1.48924947734659
1.70916883778508
1.54176429356
-0.307068586859946
1.89719141014308
2.07821379339761
0.316414148366426
1.71243238772819
0.759090049854255
1.83965103570381
-0.0161681242441667
1.99248650754384
1.40778945861954
1.05603679198088
1.4794107287411
0.899700985567887
1.80912195932656
0.849188666558634
0.659547812027953
0.692545597523068
1.92241484828592
1.80013472381493
0.299142302936865
1.16531643061179
1.98006535387962
0.80163119421852
0.966885652892381
-0.308912965184213
1.42513148638203
-0.138639182700005
0.025541157642204
1.91853567940434
0.779002679446161
0.27008532921854
1.09710689033838
0.701696674879812
0.159700767891327
1.52965714627283
0.690917109432689
0.68635305006052
0.396895358863312
2.50444152062171
0.193353281768521
0.198554237927851
0.669119904138496
-0.031276918818899
1.31464411442502
0.669671337785384
0.578180395308691
1.06942268135918
-0.0794646594744516
0.78398301778456
0.047968220761967
1.03033405348326
0.983669432051391
0.770301276152711
1.01035675444072
-0.016708396868594
-0.155501753964228
0.796003851642592
0.53748421360345
2.02397144228619
2.85887333600182
1.11930503047105
1.20690364897206
0.610501675062133
1.06566034792736
1.3168532765985
2.07573059440121
1.10550143754571
1.30610568252188
1.16462070196516
0.825555746992993
0.72405955693833
0.816465596066679
0.331592947180206
1.11463839637185
0.691455786505768
0.249679404084275
0.756390865340023
0.0276922042582245
1.03903816779765
1.12933071132605
0.282237168895381
0.0907547772417919
1.17493069611275
1.03847899767294
0.822539419802371
1.34778051962104
1.1929623101097
1.17595159014387
1.87421176867453
0.57693996229964
0.045595032227152
0.935261926377038
0.918119918570004
1.09348114123186
0.00386711312758026
0.874282496597615
0.0599540633438118
0.999501640336305
0.741350608182159
0.820722503477763
0.569259176957334
1.91591293686737
-0.0341235905509876
0.580079213805327
0.211228106092954
0.53683060899388
1.08847180519163
1.74984295302201
1.36541069031747
1.57383152296977
1.61560777216858
2.37976901127615
1.12908788736633
1.05109576628773
1.02550357985705
0.601504676776805
1.32538524817028
0.265523881497618
1.9704348085065
0.493170251996249
1.69438993726754
1.889874820784
0.450900601586788
0.324654653975554
2.26281590878909
0.992626870727843
0.796573242661384
-0.104911428415063
1.99278803089721
0.793927741842682
1.07130525399509
1.05209894202636
1.38529070390389
0.828365503336398
0.857431927345803
0.981614889721163
0.15064686709915
0.188036222805314
1.2043943482827
0.0759331563219818
1.05598909114933
1.51404066985042
0.702997881254479
0.485985958604447
0.831837469193686
0.873314139785622
0.8073440388773
0.121964734991234
0.243250776891558
0.142594391631677
0.887877263029925
1.8431996703844
0.468574087594709
0.798452698855934
0.113428765774386
1.82324784625278
0.140292347228446
1.77564786767772
0.715035739424955
0.608495968706097
-0.187576090227324
0.0214398072088076
0.786096365731466
1.91401487095855
1.30222442194152
1.03629701070642
0.254148065585145
0.602410835235618
0.498748952884037
1.25814914996703
1.43331321735003
0.460834124058136
0.811600728876299
0.624331047536352
1.94968803955572
0.299918010772766
1.89043221380136
1.14968315707085
0.809083213866182
1.60025432208816
1.90878198947038
0.374343808070951
1.80439257876358
0.674394989718871
-0.529901085642324
0.813264416877792
1.88671908750019
1.7748793287829
0.384243988745775
0.967448110428951
2.28238566075297
1.59902625283167
-0.20242976501022
-0.0293086897562577
1.06956366385597
0.852136831849813
0.174537692708196
-0.329104540312703
1.83963914448255
1.58592374297321
0.892636993816684
1.0208521364289
1.25549503944813
-0.148998403232024
-0.194041810631877
1.31514140495687
0.196095816594008
0.0717757136795674
0.117913540827508
0.629124633939011
-0.328029198715854
0.80698624340458
1.1114242427208
1.22671718835417
2.0675383168218
0.994131435566054
0.849633919121577
2.20367667802804
-0.416413536462783
1.16725597523613
1.05706209079127
0.61446542815397
0.618870211008638
1.37592359605662
0.325011639586148
-0.0148189227873202
0.569061303097974
0.988308539221914
1.57110009202445
1.22339400109811
0.235057969103825
0.285226923231045
-0.152806695768535
0.478283677775261
1.36846387943221
1.85898189168874
0.813286729037618
0.840700401423338
0.96998912344049
1.0057169815984
0.632360300211855
1.34824829577557
1.56217197268651
1.6759464854605
1.1327719835651
0.799392211389453
0.795037786964578
0.986485727327304
1.02173867572522
1.10335527590982
0.928696804944188
0.822133104978265
0.908576232393055
0.733963694852555
0.782833986201559
0.930029042388115
0.476086605717739
1.24489078119632
0.901083011249527
0.823558812801688
0.405600596164595
1.26503241795244
1.23888488638096
0.623195316427155
1.18543376908602
1.53031296876903
0.810458167267463
0.812169635332838
0.992875240317229
0.571202014866859
0.984506286048708
0.943777516571305
1.65388723709378
0.84121742903879
1.37224251360406
0.844460857091705
1.75157129287391
0.927495721028997
0.487550197758436
0.483795097804234
1.12600767920397
0.508696371851983
0.835602683581454
0.767046518145253
0.993284661208584
1.01792396137217
0.976835383576918
1.13061618669603
1.02696305736455
0.978672002915659
0.869663051053567
0.957918929360028
0.677196100646619
1.26102529729749
1.05807690845848
1.48273478609443
1.19991529070756
1.00267986991971
0.773230291784996
1.16004720325436
0.801512690899606
0.974642483561208
0.838898099203941
1.14795378738597
1.00527824197318
0.841287828939938
0.843244246747169
0.849538820913225
0.841265950158445
0.890901542645125
0.918223318002658
0.894265909600596
0.881906458528071
1.07075484513516
0.730868303118522
0.755281074702374
0.859982166627885
0.824308526328817
0.359002453115104
0.582594007179359
1.47573414220172
1.09967763894364
0.944681435022509
0.922711658462046
0.824694411538494
0.832251322849162
1.18540063062389
1.42909025661604
1.44741677592763
1.01600333949814
1.01544053611847
1.83228548637671
1.79720378567548
1.36782114680518
0.801377886233891
0.826203796271157
0.814063927656922
0.683275850068916
0.654998405059838
0.936527345338005
0.89840164599217
0.726623564453697
0.526738935978628
0.653374857755987
0.86775100525614
1.01172519315431
0.874797671469998
0.781385714599845
0.710325172798929
1.12044299709016
0.385315479204107
1.30467459555389
1.2521353116037
1.58733941251392
0.386967180136622
1.37889152787162
1.21325382044112
0.791291819219422
0.548039277291751
0.810994378338856
0.799421209727413
0.810118728909075
0.599706526189745
0.576296146972946
1.11227143106068
1.15643382450958
1.03475497715619
0.845335777491156
0.985910877569902
1.52255647506697
1.31394112620273
1.10505747600208
1.29432137677224
1.03374801570702
1.09542882502439
1.01372895702869
1.05995096748866
1.07385530839952
0.913899610016056
0.735525576583329
0.975745993933292
1.01037448210888
0.872171928883621
0.839673370386436
0.929988503779291
0.916932633253768
0.94820608792604
0.749042476112162
0.338338617776952
0.366915859271184
1.52319907576277
1.23868202811272
0.988671829227986
0.837167968566705
0.811800426560829
1.28366100180234
1.05902603568401
0.608719479802494
1.06425198842318
0.897272609303144
0.853799192340673
0.933111585081584
0.660708062036937
0.700426520255471
0.835312608785386
0.839979462770775
0.824291562684499
0.831216457134101
0.839829111322129
0.875542385570199
0.812606006633153
1.57272618162837
0.674038177715497
1.02084273423225
1.61992966174876
0.326925607367874
0.611584175611107
0.753375741235792
1.12801386680586
1.30609743001567
0.577999821335184
