0.725911101021529
0.604761097378481
0.870806801583072
0.888832066341558
0.201962867947653
0.778615546317949
1.0192681419199
1.13565290464151
1.252228559738
0.236910057875807
0.434502853678272
0.503713659957187
0.916537009265257
1.06393847025995
0.707653544128958
1.44819653912443
1.42912758666886
1.19493490555505
0.906185050992649
0.788661872677007
0.746378975319046
0.684098458865876
0.848373020484705
1.04677327010617
1.35993854806375
0.669847905139742
0.474519952990988
0.703113813692425
0.0995793791648431
0.597733447243888
0.6460679387323
0.629746740655317
0.740371635728322
0.945005558559446
0.742965078258336
1.48077303897887
1.35965633702699
0.473499848451873
0.602439284748432
0.704210027934295
0.785138087680685
1.03991739334405
1.17280024779454
0.0849259515221808
0.976768169497221
0.612252411056029
0.309237119445053
0.614987715675623
0.432921324058032
0.624144138611676
0.0609248491857506
0.90840865180725
0.995353394066927
0.81373699584284
0.266411857081021
1.15701140007664
1.11884266926632
0.962638071271891
0.188870024240727
0.89965561658488
1.04686931295574
0.846895001539859
0.858752697675445
1.21121028472846
0.298306888696901
0.837499221493399
0.579743233416823
1.47642977684447
1.44599493414827
0.309554809073772
0.672091792192831
0.711942259876208
0.914488068772105
0.924876352679747
0.410685207374765
0.826656718244593
0.972420173610092
0.619884277510787
0.347417699953771
0.160253436751362
0.647995568867653
0.661650684110446
0.598733743866447
0.814248603550843
0.682630122313945
1.15413990016069
1.17231059971802
1.28533727510083
0.374475963440225
0.555999807178322
0.643351986006873
1.40543899648318
0.896675793122604
0.613166426892577
0.716971798495165
0.688363250027064
0.678414990073936
0.701631129221964
0.799115583101459
0.0784623809230346
1.01562916922269
0.766373120036132
0.98279789686232
1.08193588087354
1.11283593872773
0.944111579424204
0.127291209719277
0.159949946685463
0.0820944774277978
0.991532582886437
0.641288136044037
0.796958425189291
0.26563879580948
0.887078878084846
1.11919710809902
0.968605525322862
0.935800145130195
1.00612294500189
0.929410503485583
0.994371621041579
0.862248154523468
0.99246394340403
0.98228178107811
1.02959221953
1.00862506676741
0.952438554372156
0.952535484438214
0.860588123526095
0.906554360237564
0.951003212193742
0.51262389567722
0.495414977484037
0.544356724548195
0.590995832977705
0.817018124839349
0.704280799986673
0.674542402687955
0.98269165926367
1.65092529583352
2.0254812794429
1.05627591074264
1.56537152561368
1.72854900234085
1.51670420821967
1.31302048745775
1.81586532254563
1.10771073728183
1.74171715669241
1.08536004107493
1.18636318067093
1.64450716755516
0.340366519986222
0.186075596777209
-0.0202356759448475
-0.0694569305823877
0.810712788468636
0.545603350746381
0.56003652823281
0.22034297270497
0.398476373599133
0.238304386830441
0.450258966070884
0.584176253924143
0.6335863633923
0.621424217946623
2.55802897483342
2.52227576019234
2.11260826552204
2.28367672951989
2.32328196225907
2.6883259775827
1.86459912024073
1.94815798160627
1.75963134145196
1.36019577408362
1.41301671759931
1.19668435450169
1.32185671731542
1.02313530055742
0.945643168597888
1.16699464009246
1.57430752768962
1.75539973464244
1.34434508820363
1.32687307818332
1.38938083265597
0.92238244372933
1.09611458897
0.167759387998892
-0.0335411850837733
-0.324943564642649
-0.257240094957941
-0.215183862672604
-0.307527184316925
-0.24557939938206
-0.23069291806212
-0.135576112340738
0.243380886669125
0.236715184882086
-0.212869176634258
0.419835609532189
-0.385505896472834
0.287030418067071
-0.185354640165806
0.339110802645929
0.952229197653232
0.283660570982752
0.222277808070104
0.428445504358486
0.378752353298354
0.807219898039705
0.961375487268024
1.13367230384674
0.923645809081751
0.744510535398083
1.40301680474444
1.18463229607992
0.905371979283555
0.554924987953112
0.466944435768628
0.688053115003014
0.962232387587965
1.33930972179025
1.45619967406609
1.57089886765281
1.67935038304259
1.70231712082042
1.85789041477766
1.92968092369929
2.14593722614542
2.15334200778985
1.87337964533729
1.65835241011125
0.519696738136176
0.369249914845147
0.120152405481491
0.348814223094239
0.339528345734906
0.599610337803919
0.272055020561402
0.298952509684816
0.383324309529413
0.28477009874373
0.585601494635764
0.920088673199126
1.00159391012646
0.691224850506244
0.636715676966063
0.929359296827839
0.922470845741014
-0.0824007570852481
0.00796233908951162
-0.0890966353812082
1.33277396661633
1.05712517380932
1.08229708212609
1.00875024741527
1.04458393162615
0.903422597936689
0.732041894707854
0.738347623202594
0.526840666061349
0.118522763079991
0.137618320588328
-0.117097327284211
-0.0487327863550264
1.15296592203439
0.990812296225198
0.851454797759788
0.995149679116185
0.769940842355265
0.564026146070417
0.712281128815529
2.00522692067541
2.35734102360413
2.27032498178622
1.13461360078022
0.945454780701572
1.42508625005867
1.31368549748089
0.733357573411877
0.94032652135151
0.77639984287509
0.90458747154663
0.81976113704459
0.956436504962548
1.47084136850032
1.06853432101511
1.93453421015984
1.01551298712055
0.922421922634664
0.823441186480687
0.780407021083945
1.49410115620452
0.281246694805488
-0.103918175337492
0.566955421395391
-0.28269703561019
1.61185965174022
0.587034450151305
0.746036696649407
0.562701539859386
1.04667609207114
1.68961038153737
1.00658560695809
0.709808332931163
0.774434769903013
0.0220759359308421
0.653097694081274
1.11726561784349
-0.076048245730921
0.558762048379994
0.962607959753646
1.34046086699438
0.991329159152816
1.08924536795022
0.109485433938827
1.48289748548435
0.807812058825407
0.70165943712659
0.940602554168322
1.54943750198632
2.14077883973129
1.64171264589183
2.1022515636325
0.575904564483328
0.412136222279911
0.923098828644111
1.0754764031289
0.357258967460344
1.45247268183866
0.45312541345767
0.35940132935474
1.13390648973983
0.808276838300035
1.83342849128575
0.493352874886806
2.03609903388616
2.30848435139216
0.336239105280798
0.0508968303622749
0.0298755951379981
-0.113834950385317
0.0920742045060488
-0.0970810671331823
2.00467008129485
1.81272418781499
0.605479864116021
1.85029227444105
0.244662257288039
0.998785429128816
0.269254706378523
1.62679563626359
0.600066263697348
1.22120623490422
1.20077570449795
0.9385425636439
0.712081315728459
0.395773506941905
0.946070607031138
0.819819557931832
0.978212407041477
0.965967872151747
1.63005945084491
1.98416696472058
2.73005875617994
-0.00448734041259803
0.855485675124758
0.953763375439476
0.610386826806143
1.53127361907005
1.12503296357952
0.660515592167079
0.764357240415677
0.960723241252628
0.835151386291163
0.469240584297362
0.864148018717626
1.31942557527545
1.55244319374581
1.52625268996356
1.21722209167941
1.03728696086125
2.06691189244851
0.704013192002987
0.201112130793994
0.0451735967236809
0.541215360596602
1.0085398601547
0.733324097156675
0.697901178799184
0.940698186168356
0.499977272199018
0.848958483474498
0.6074754457202
0.309113701385663
1.17511662093484
0.952519268509764
0.762703781597751
2.51090316252626
0.865164201181274
1.01461367777965
1.21513077010633
0.724044395393988
1.9760929760531
0.998080005770976
-0.0720198013325598
-0.0399403232271209
0.162704790623345
-0.053420135347288
1.02467631748597
-0.0666884164235037
1.0567256859444
1.07917962972482
1.05360624309866
0.887239852734294
0.992223760342668
0.47988846427096
-0.0451274709753038
-0.0504593299103324
0.0981462619962346
1.2567177776041
0.880244022797037
0.31710932789803
0.967377616193851
0.627444540462328
0.911787898769106
0.849177189548821
1.09997346709019
1.11732829476488
1.0558529650819
1.14292804054378
1.37546284780649
1.28144344594392
0.0619524228045928
0.246429081444355
0.484169970133275
1.24275035108687
0.606581785569582
0.779053070628348
1.41082017180785
2.06107970499547
1.93944392867937
1.76323986324269
1.52834299531285
0.871772410039674
0.921749128042164
0.685452567112263
-0.280700377923788
-0.239324101987484
-0.180552297382374
-0.0291139132575484
0.353805698310091
0.23793207305533
1.0007160848491
0.713167253981024
0.829715681239682
0.493897542414762
-0.305894401160804
-0.194544364092344
-0.299911966771478
-0.174693109137026
1.63085992577233
1.57066623981552
1.43990540443055
1.26221826296631
1.44344576266605
1.25347918518308
1.18271759360336
1.08673691479306
1.43914825495583
0.720230642009685
0.863442201994834
0.438952577665328
-0.0448031835426901
1.00359386389325
1.60745973992117
0.185288609333992
2.21200016469267
1.86665762979083
1.11524309134352
0.580942457314269
-0.00440922406024489
0.278970565458882
0.549060370900807
0.941205839525388
1.58478691543503
0.690367248190575
0.0968600316086596
0.125767728929378
0.930363309869573
0.703041246513536
0.475114856986056
0.999009719719891
0.100242789091414
0.632718424359941
0.802981707625021
1.06396609754361
0.218452520081847
0.77415674595417
0.97870817610664
0.716246026112074
0.996220976774138
0.0426823233752559
1.16415740171074
0.779410766230574
1.17097183640418
1.55523030968133
0.553202427621391
0.747966865660506
2.16804500984615
0.321658833863831
-0.104825894646882
-0.0260026315789182
-0.0464333880828809
0.762186394703407
0.423352001417271
-0.017778572453117
1.50411696345482
1.24512975214691
1.25589115596858
1.08190502201444
1.00845571095687
0.49775475835126
0.5036872281531
1.41748985822601
0.528240555910609
-0.155475994297967
0.204387930567869
0.852444321803378
1.69644162846395
1.67102829542456
0.671641533634565
1.08143335859425
1.76854778558884
0.479686267455077
0.761754034851744
0.122010299889463
0.635338375532607
0.144651833344272
1.18718374086393
1.82956479868446
1.38818567666088
0.931306174737822
1.0515534323622
0.763060551048694
2.16347370964674
0.118862607100637
0.0792227369667824
0.0564937056206263
0.750986709976472
0.508353634142402
1.7723991623161
0.0949883165239704
1.09851973787636
-0.0284799936510427
-0.0612300025873305
-0.302051751543277
0.672721277251437
0.177164180775381
0.284496257822121
0.486613484097315
0.94658087207569
-0.217476539006506
1.93260149450886
0.625009326936593
0.886565449748173
0.51009549093192
1.34130877974048
0.418199531502915
0.411983865211976
1.35698109925861
-0.228075873475462
0.805578567971905
0.9888369493416
0.988635864077626
0.613530417472343
-0.0407849538558775
1.27789203715745
0.747147598461583
0.69285229463295
0.397878414177398
-0.141599923290936
1.24199985970681
0.754575155098949
0.0927743100867223
0.916124712937298
0.968119625391148
0.438802240638451
1.27372021911733
1.16508735419813
0.57878086593694
2.2758995784483
0.145011131956486
1.17351013521581
0.816770377262337
0.883849342884368
0.533240552651538
0.484727701583373
0.233095932392091
1.29016607135402
0.487079262633508
1.36416538765373
-0.015109468749037
1.5932847627158
1.69868355510892
0.976854014240533
0.768566311660791
0.669262673093435
1.61239726768965
1.02621417509234
0.791238395627556
1.49077008243945
0.0105048241475802
0.664992053002259
-0.00873482356801509
2.41796406790735
0.71802752288219
0.0647391131641957
-0.0793611492148743
-0.00287381195857887
0.435545523543834
0.942919331559367
0.00230592917813466
2.11959195407967
0.909722015814059
-0.146873005369295
0.486316531321464
0.078223864192251
-0.141712992261005
1.18043180358865
1.15287775959791
0.970554362482971
0.685761464148212
0.476215947596241
0.859764004388356
2.0156702497733
1.64430194745118
2.56038733386959
1.1842604591064
1.20414957526159
1.21875488911644
0.817475459806537
0.87186949224888
1.40783808734523
0.294239265098169
0.871404385701925
-0.0303182721453538
0.939406344534221
1.71797544898456
0.40190898231709
0.347394503157488
1.01565300647514
0.0720869003243965
-0.0408671113301779
0.0969408081722777
0.415695345682854
1.49306868707048
1.38389567242865
0.614125346712257
0.530672352308856
-0.141840999805773
0.907927385167106
1.48493195890486
0.105108104890601
0.585995302054817
0.766994853917336
0.972089112675524
1.71231420097602
1.08261049474146
1.05793212849681
0.0562465082145477
0.92244049697431
2.20968351842923
1.15351619466615
1.55678390844507
1.38688014210365
0.97602256217947
0.36860872604887
0.281122977306966
1.67472897608789
2.44853281714823
1.73898476119628
1.68945796115102
1.93726901643347
0.282594602859355
0.864099106062266
0.129778448370831
1.56147015883332
0.643261184175466
0.551790723556198
0.359953423368369
2.22599978367447
0.964856722854452
1.67228067907863
2.00949856136114
0.605729862600045
0.0696475293805357
-0.208969621423644
0.407628556576599
1.02181390402924
0.873500740438799
0.0600711481275036
0.372134355285737
0.260297055385455
1.1234498429902
0.363090599950486
1.33625586031322
1.11653486313418
0.535295523055533
0.573868770033917
2.88129264765003
2.81969296919239
0.632584905223305
1.28134253785072
0.263189535084841
1.60594016987492
1.24728031929458
1.99165359445785
0.634360744730547
0.0699986468922045
0.197366247205135
1.11323087639882
0.427759427729317
0.595485259979568
-0.307450815170193
0.769033870967841
0.833933838894062
0.145745084444349
0.709572112224351
0.168565700972012
1.30460413875598
1.29671802648662
0.0866801929651612
2.37276860034447
0.692091504294335
1.0726654527249
1.06157639906647
0.263835330218545
1.55322345452568
0.534239082074071
1.51327315268938
0.590360282710773
1.82477375379227
0.908496055333115
1.60009386499742
1.30400776224458
1.3097940164614
0.509681386451743
0.792029988770748
0.852336404423066
0.887742778491074
0.802810343279246
1.30958624343739
1.21800538060102
0.460382241136335
1.41138495999897
1.98868813864384
2.03452420702055
1.74617515724611
-0.0373453303061832
2.07127316480996
0.0723327287069741
0.119979646781429
1.54188629226023
0.557797010885606
0.448981418739745
1.11760810225489
-0.319010058098626
1.0311530818224
0.689610726694648
0.406731607973783
0.670067986716197
2.73818466740964
1.02894724798547
1.07095397944545
1.32558510021509
1.61939815065118
1.03920407620416
0.66174502372473
0.269961695110873
-0.0439093155258306
0.489065189347374
0.436571378145262
1.9057361620335
-0.183671486007434
0.0389126355677057
0.836450119670628
1.18703700630868
0.346671486606333
0.556254878903446
1.68998027516125
1.85485705757818
1.06671950687321
0.625066084860307
1.66025702071237
1.9821499632169
0.615765706048083
0.402398704030201
1.69781628744184
0.440276354931584
1.30382434982794
0.775176307199173
0.128264135146776
0.653171393748986
1.12616682388421
1.14522135971128
-0.0471350244756521
0.872708468443376
0.598053377370878
1.83444543799774
1.1236975832544
1.73014736811198
1.48439515157462
-0.246054974069915
1.57982012531081
1.94379957683138
0.371390961598007
1.45156265032564
0.768127573908082
1.61899483876679
0.0169021313847995
1.90608355470191
1.41069501946801
0.878251101724579
1.3352439180075
0.843376033616462
1.49906794579984
0.837581683414919
0.727159727190888
0.939914745701173
1.73690036221833
1.85141931586651
0.145642304254857
1.17385591811241
1.85356634145254
0.71180913184512
1.01693301069655
-0.141675270073681
1.43765560681042
0.0193699493561428
0.157367836673006
1.73215628602014
0.89891049660016
0.396331013008962
0.922511704500637
0.586911881694008
0.21954088418654
1.35805094998949
0.590837354570603
0.571802436935633
0.360833224660035
2.48940857964749
0.164491715341739
0.25949829151469
0.593067611760689
0.072489648234444
1.08473029350654
0.531392484550951
0.504376177173751
0.923190264513551
-0.134859560415619
0.731197484707231
0.0894421121288644
1.04593766729767
0.95420763446452
0.660622298763852
1.14824484123435
0.0311032343083081
-0.0971114501969954
0.767789164686908
0.628075995868821
1.96827630785089
2.68081414779587
0.896882800227907
1.15031648687589
0.604316000116448
1.05653362797649
1.1266275539734
2.11292826381507
1.00923142806523
1.1947602589595
0.951370799584179
0.683257719190154
0.656430680574245
0.589257293591342
0.220759537672277
1.09766380151259
0.597844388787398
0.054130791093287
0.471997124576785
0.0639070649000891
0.799272174016946
0.887358335371734
0.320749454104783
0.154056451662723
0.895270650888566
0.775877481464252
0.641066322268262
1.22713047457295
0.973720689054954
0.991760724151222
1.71510713806657
0.535864510344168
0.0951774284495808
0.974087593494732
1.02483751501525
1.17664899971387
0.00210575789206017
0.639702042038007
0.036760133640232
1.0554166067771
0.924938921231345
0.966271950077574
0.572155507272462
2.03336810262139
-0.0915717835684676
0.530449052633329
0.250614439355244
0.485047339053744
1.22357708115839
1.796582567696
1.07497711102391
1.34023812724555
1.51907799790782
2.35125183366757
1.12578545456417
1.06973627076209
1.04409540353179
0.301955361043359
1.1073707076246
0.320251701263456
1.71134226120623
0.483552423078846
1.53661439856052
1.65548150231628
0.447436790007408
0.378338302283999
2.23239490482231
0.958014267162704
0.591726971438121
-0.044243210038806
1.80354891300606
0.81521694006046
1.03733481824959
0.863504175607795
1.24821545185558
0.71861720642448
0.782079943718026
0.806422183476255
0.190058476557156
0.289482218837184
1.10307280764529
0.250964699826906
1.07052138922396
1.59208002446862
0.931208579418946
0.558665421903992
0.682407165170621
0.544521451330491
0.743998374618984
0.0232149419506468
0.138264719401719
0.0757095841163254
0.750996935721048
1.50966282355551
0.538798523872289
0.463719554960586
0.192019153734409
1.83918252426742
0.013783717355947
1.61750631295648
0.64708795417536
0.55966569435854
-0.0884193849496504
0.147465590542225
0.782268131551168
1.74929655814981
1.21502385587463
0.681908835922436
0.275385935633141
0.665918727000911
0.519583231693865
1.21382902639104
1.13233856287663
0.412144078128717
0.810133217794966
0.626520303720954
1.99820982479484
0.0678887060748231
2.03313282839973
0.891062488391971
0.98730843589998
1.57443924261431
1.79516925247116
0.333315862638808
1.86368513176517
0.686838304403106
-0.340214547780874
0.968750261471033
1.58335244218679
1.44533880885746
0.545281666351414
0.914195464248837
2.14259353542869
1.49699029584993
-0.054374748420389
0.0139087465804548
1.1164021303137
0.630910579556801
0.0459906393213775
-0.182884056806072
1.81030855289348
1.56374407286128
0.753752387352461
0.844986844749798
1.0360722743801
-0.0938245939092325
-0.0619040265448617
0.95787672081956
0.156146934913625
0.0731807753161655
0.054508740843159
0.702015436390795
-0.113032197834378
0.798282301558022
1.07486970722848
1.14478609391678
2.17619997469767
0.973317021005807
0.736886772801466
2.23203399794367
-0.302405632984267
1.33572597876707
1.04516007159422
0.542892492611743
0.561745568052147
1.20310029446295
0.181527208424917
-0.0273027933678532
0.554961507572212
0.97679267191874
1.46660385500541
1.1416432830774
0.299305584517095
0.297390353468373
-0.173716565574545
0.432796448087332
1.19328841653723
1.58362098124806
0.68294648942237
0.691022000734493
0.793615120976103
0.828866766604005
0.398822564433027
0.982551973594917
1.20376202987995
1.35081724510148
0.915122299384802
0.725879953003504
0.724653691858488
0.860687375326693
0.866353439942038
0.944940239640248
0.778462571217013
0.699656603480316
0.821543295884725
0.393044182361194
0.651692635476551
0.75256070070279
0.503464231754916
1.07500323009068
0.836617859168715
0.645595716180299
0.214758149295513
1.04118368630979
0.803619183862417
0.611044437668826
0.955889728214003
1.29047621825333
0.697604101353752
0.750557294674601
0.977703347344188
0.482506869235776
0.803424228290325
0.759046512858362
1.21107520956631
0.653697741388115
1.1870334003915
0.778808006672645
1.34654134481986
0.916803131687735
0.526166723875488
0.351680621010575
1.03249344591844
0.251228670820132
0.489385512775973
0.708497159056222
0.579075533987851
0.891864717304233
0.787551149456457
0.933395268148794
0.821629874703246
0.816716042538624
0.749834082730748
0.85430022508092
0.386258185059645
1.04754068668748
0.902553427417618
1.21274707880706
1.02385955498549
0.840798383033221
0.714575800555167
0.79566416628857
0.720237230132903
0.886275160561578
0.752855482583449
0.751483405327589
0.827862471462415
0.646012967490347
0.677519619727123
0.681191285157946
0.67384019338795
0.711511609627607
0.794492538798651
0.739403232207948
0.740330761063971
0.947884035163303
0.671227556264098
0.635570066876146
0.786011485657561
0.758893123906182
0.212661898880706
0.356770333880256
1.28105765944684
0.974388220000872
0.952040891706348
0.868035068606197
0.683910391843568
0.685648019379598
1.04555056403812
1.00417381459556
1.02757605540153
0.809788656481088
0.831391099838762
1.377523308424
1.36656371040931
1.12102808124468
0.716786793337912
0.71162556777854
0.688962279045041
0.523229414226214
0.48447735758302
0.893409157930925
0.846073760553071
0.687835251195522
0.547657656658069
0.641231628298429
0.485738327664092
0.824709120228753
0.715914308438863
0.442712756366142
0.660478562003305
0.967035636081247
0.44128825190148
1.09872145921522
1.01536570084473
1.3109147292584
0.176836318524426
1.17610199354381
1.08589299080666
0.633144233626009
0.257266868718554
0.757321446497891
0.745007992467787
0.626889292054053
0.53535961688505
0.49487187966344
0.885295346090387
0.73239192280232
1.01211094821124
0.66163449561769
0.793261602530757
1.22942061216147
1.07194590345142
0.915648043418742
1.07369678461134
0.860401630234778
0.916401176793007
0.831443869318245
0.894984107433004
0.955149715736618
0.786612557268624
0.692130680874599
0.793574806710011
0.82277167591595
0.706988141309939
0.636220675545455
0.953955791242423
0.835829159939033
0.976831511465833
0.709318170825244
0.19697993531442
0.256365611574214
1.34161791010872
1.08070229689951
0.831103487302332
0.756080185648569
0.69939360140689
0.882723713153123
0.874052837649198
0.364418373377357
0.854079247442346
0.797932090560032
0.750408267232034
0.791857554452392
0.576370970422682
0.573479885895528
0.669560284900248
0.668177069871566
0.680875344049815
0.657311448051556
0.66378915589165
0.695658727331747
0.748185017052563
1.35236072217463
0.654441398285903
0.815407920722924
1.22016484726353
0.376400825104309
0.61043036836118
0.683775445555357
0.918382648192702
1.12730931096764
0.571399687228244
