0.90846449621338
0.710750967557407
0.792395966509658
0.771257137978647
0.183848530850668
0.615478241749796
0.855582971290953
0.925891702800436
1.00908718934855
0.381646952327125
0.473000853272557
0.506968930144591
0.749124978333631
0.929403578140344
1.08717511867399
1.39957789618368
1.38869321842645
1.28756988057732
1.15318380517881
1.0348819159618
0.960904936791257
0.526504528574759
0.660712060966873
0.907539465798183
1.34566601945335
0.788291725172496
0.304474836513172
0.960413036097532
0.171544895402317
0.673594373613606
0.715062995732279
0.73879856115848
0.617691055686546
0.758448298479708
0.740251186398054
1.40982015915543
1.35129260951255
0.373410015182256
0.706656904624528
0.848526410480809
0.61477085769535
1.21763851672616
0.925393859526104
0.163859957062348
0.848646926441852
0.55601232980642
0.414157698035225
0.437075904416591
0.337561262926869
1.01350863411637
0.154577477397419
0.82575232336635
0.883018783494857
0.636671052323195
0.270615765802618
0.925676880599655
0.921768663557828
0.804530820445288
0.227137657569988
0.935401169820026
1.2255781462683
0.684242384026099
1.14991327142138
1.28393774632049
0.448451329802667
1.09424436751482
0.393203514257247
1.41206526544067
1.38634412674663
0.254918858188561
0.508147525461136
0.551847446989709
0.755420591872967
0.726949354704865
0.269531498675301
0.646785195494815
0.827516073131794
0.710446829509784
0.305797888513849
0.204128982972092
0.760105818618304
0.508819641589604
0.706180929823176
0.773180529564382
0.720019413434143
0.924691042074718
0.924955907613406
1.32143129413964
0.443122975273774
0.529631027060668
1.048003437546
1.37357422050009
0.752894208653149
0.721883320994563
0.879927885831292
0.816938091858921
0.586363259486992
0.53559600600957
0.651635048576351
0.167549310547396
0.896712492415311
0.998320187517165
0.86718032245514
0.91694935253238
0.926222154420744
0.77768465474415
0.141804798058454
0.22067892926874
0.171195060474016
0.930449974938758
0.983007079554371
0.944919980143172
0.39219385321841
0.717547842982341
1.25783675025635
1.18952884876091
0.78763651034279
0.855949158978044
0.770325389762771
0.882447885779308
0.774783510782134
0.846890909594757
0.817465901402943
0.822615675179256
0.81768545746383
0.796580130604213
0.822582834689772
0.782526953660213
0.791067884435204
0.815761204186683
0.841625233539778
0.77172213818765
0.902808571809346
0.799361863328215
1.08354383779036
0.936763804713479
1.01666927589563
1.24160944919142
1.74037942419151
2.05748412189107
0.892692910391661
1.10901413998557
1.22384858783866
1.15784680769815
1.31184209462305
1.56599266178818
1.02856941073542
1.32774860449037
0.997333564501852
1.16301893246463
1.40331192978289
0.274789166391321
0.244459945366284
0.197781084307164
0.248144445763954
0.6670883305804
0.470057167229775
0.463333647767492
0.243163364090929
0.473159210716715
0.360079402763562
0.566151201094579
0.450609367200963
0.501194190827566
0.6950436349062
2.19941798625246
2.08193531737806
1.73132640724043
1.81527674181308
1.87978483043602
2.11807094581529
1.71797531157116
1.6402000930927
1.47180181033482
1.54359730744379
1.57860571465247
1.61549856040914
1.32732371148989
1.38537737604801
1.53433196268669
1.00704924157531
1.16426699314876
1.32677177808827
1.06831555679005
1.067866092447
1.13837360871486
0.814702845520943
0.926063152500102
0.233872171593059
0.28413562998663
0.264010375599447
0.337645277397277
0.19938077596069
0.22196880712234
0.165395299265032
0.245309636326916
0.151873086086662
0.246453450186662
0.32780302386643
0.237040563950206
0.550855070400039
0.248240842123207
0.582763866608023
0.438373589781275
0.389304518851266
0.750693718092457
0.461094353585451
0.445052914311102
0.536012995416044
0.68837583903119
0.859605547873037
1.23906198665394
1.13771098743529
0.896207376324104
0.699675930635311
0.984164283092446
0.936946714541249
0.888843491118779
0.812035119737115
0.933513561053815
1.08840832303623
0.834695750524103
1.33904907113437
1.47363307004077
1.3950266505236
1.4370127326347
1.50219555445487
1.55975788806681
1.77424014217614
2.07835149824621
1.93986756221504
1.6569377740582
1.46427211956423
1.18088935444132
1.22271499846556
1.0090241292338
1.19630749523799
1.25418046311432
1.06930714153003
0.98985302341536
1.23606469857694
1.20242443077378
1.08927295414556
1.12311466848239
1.15620898980478
1.19451778212097
1.10265462004836
1.26678490540082
1.04235863331565
1.05914037060303
0.266948757535565
0.335511031631373
0.321582541743349
1.09629153575343
0.929707055698782
0.745912290166319
0.620694590535983
0.736805958253768
0.749082450309488
0.441782702895645
0.611960476143301
0.498171711590484
0.399836856557057
0.317701065277132
0.341355060301356
0.403681797712666
0.587450391188305
0.506120235592554
0.540135053964387
0.578046338103647
0.462519240370297
0.395096348584239
0.895711153190525
1.90330355699775
2.04987982374691
2.11047256641623
1.20830815674791
1.1731581277215
1.5043464652708
1.46647240165171
0.887981350091099
1.12082673477403
0.96637723707667
1.09713408103264
1.06105303425897
1.18500736141787
1.58852729653267
1.31101970323531
1.79507600347041
0.92117446660013
0.877272785154284
0.814288842485409
0.878638517312772
1.02958079290999
0.32140926880359
0.24039731445722
0.759112124689426
0.316627041856877
1.28625640435842
0.787749899720592
0.823011453157618
0.722822161109057
1.40160522913971
1.43287352441127
1.40837044552407
0.764397722332283
0.500625093094663
0.44141464311912
1.23899481759783
0.730215429907709
0.374233926711932
0.413673969232701
1.18776625449819
1.15796954109226
0.788470538326541
0.897710368100538
0.970460210445439
1.07164889485784
0.626488745577176
0.599503419616472
0.825449912996484
1.42952919278863
1.67834062823791
1.47378576249833
1.64362185620006
0.625917210290972
0.448806424338451
0.778087678097488
1.13290523508059
0.572944267081795
1.36088721070428
1.15856603032203
1.02854849442364
1.33788112626964
0.973116940338839
1.64784662795725
0.856286527964998
1.78793953042156
2.09009769532505
0.304526150661869
0.236668677431862
0.194150375161184
0.240639185473564
0.261525684544974
0.374540821062875
1.59855259098516
1.53696934934506
0.658972862391458
1.42182037786641
1.16666605004525
0.512956498839771
0.491169701932451
1.74460098594505
0.730351152472561
1.01058588049174
0.963253925605205
0.829136975616631
0.72908666298386
0.445838830587112
0.825392019523378
0.772751736704257
0.822700066638186
1.17715461130034
1.69371787956651
1.70390871250973
2.22797294352738
0.409510213986361
0.873841507438515
0.843430067111578
0.358280013457432
1.40479915637489
1.19714931193003
0.502025073864919
0.642290053472671
0.806173471591058
0.674196937994868
0.915901516449785
1.16367420062325
1.29341326216757
1.65243967767603
1.55736832256372
1.1171427112653
1.29137251035865
1.79836476819223
0.496128354521945
0.372114476966735
0.285834210753253
0.485603753195581
1.07495422418898
0.896288395125619
0.837867286095014
0.841494453377903
0.355183437537797
0.679044778223536
0.47518046520148
0.353815885358648
0.867481839393885
1.03337740466956
1.16178943219219
2.05678526544278
0.617034870709935
0.706587980765105
0.892348511763574
1.06838894993189
1.97871533112967
0.813766954292509
0.273129019595397
0.173139008801266
0.407509326526549
0.216152865595477
0.837087828639256
0.306535959587196
0.860231629668134
0.892871251931408
0.891605964112151
0.812782772775226
0.848900581150338
0.719263053271683
0.240365294111022
0.128100613909241
0.163630477947769
0.95250136329529
0.704415623336155
0.54524313539513
0.784981153390925
0.763051204513701
1.17060057988605
1.10996050648333
1.32777819837778
1.05012453225926
1.00375911987728
1.08553268195496
1.3514671355175
1.18861055914991
0.532688879914647
0.459299560786303
0.433124955535643
1.37222135110575
1.41597518253963
1.38232397764012
1.53102584482552
1.83963604309908
1.65839034427133
1.53492191552282
1.16390417166868
0.797435701043368
0.826148209264071
0.791694997552771
0.16827149526314
0.281506043999287
0.316144518590253
0.345228752144121
0.50913027458792
0.350314840224278
0.796258606940212
0.877328185795193
0.837883743653591
0.648343183434303
0.325689146890634
0.347822967379943
0.307643218786249
0.278394545509063
1.17908675441586
1.09301091543578
0.956590663950828
0.897301696255784
1.04316117512143
0.882806585918607
0.892582557215946
0.891814379818965
1.20052749054297
0.7812123968055
0.900740957067147
0.637699211566561
0.234077286562223
0.798133079589862
1.43955783018011
0.339487632383613
1.9335286743535
1.83940020501155
0.658399748815669
0.418299751034738
0.172478319620228
0.208873323391934
0.708880515524342
0.783829038082246
1.40504085230917
0.733798868451672
0.320231729934145
0.546468204742182
1.1704786111296
1.0938347671614
1.00361819272446
0.920755759082411
0.185963378288951
0.508600266265512
0.661807678612905
0.742334419748896
0.246207035327734
0.994591553108159
0.851772565371669
0.548331420885364
0.872865836346332
0.231330924682638
0.912018381813948
0.668773235647986
1.42299656638318
1.57938238773746
0.714448635615744
1.26568622710524
1.84426164220665
0.647575725680754
0.225476078133444
0.161465765382921
0.183298145241539
0.975822350372603
0.458362421453587
0.467534478261673
1.7600401785679
1.2954513102326
0.90202019806087
0.545337897972992
0.770525225565088
0.773498506856662
0.33669473545115
1.17570244175838
0.428323478479361
0.329398123711403
0.406064266507422
1.00003459855958
1.62656835744356
1.33583502634678
1.27678709626051
1.23540446822984
1.52084670723936
0.718265818275703
0.928956465436898
0.240572103164791
0.612641958199084
0.276671632471439
1.26078115754879
1.5131531163295
1.33923590990745
0.703551058996908
0.877766971575352
0.754860844477539
1.85534824097148
0.240681562243133
0.348883991773359
0.21470765939418
1.26790570003131
0.386193350119992
1.5248734768123
0.270100223560038
0.582488146486377
0.260441375444927
0.194617406087622
0.241445865329165
0.593973950699054
0.263700153038356
0.260106913523423
0.485743466073357
0.489328850231186
0.396491685066501
1.86960986493288
0.677952715173786
1.13625835421247
0.966208807002708
0.921276005232935
0.565704465868226
0.388241925079614
1.62146903048061
0.267482762563687
1.05273697192497
0.82567028830394
0.805641060369502
0.719135345361638
0.336767250331222
1.44881832368622
0.93748395255503
0.558113099326888
0.389099897590912
0.297150095347393
1.03665730947414
0.790562950707822
0.40507768324403
0.742850687753587
0.81688963087308
0.757703254776591
0.955689519666713
0.677537993806732
0.404799105723563
2.08878511603923
0.367814525102073
1.41377613311674
0.674520771554068
1.50913864528627
0.727206390683064
0.737162770760864
0.494724682368089
1.10529930934729
0.953330420792531
1.3973687574767
0.307927821068643
1.44807182865846
1.48563895039504
0.643082328787084
0.92436167434139
0.745460911345871
1.39100468658299
0.767884288114059
0.501400586139045
1.3513356154426
0.272042619519262
0.793322899039952
0.407523893750013
2.06154932511378
1.02451888398812
0.230900912604022
0.198804943503574
0.246195737304379
0.73758092342866
0.816220439658031
0.380500524447564
2.00265215644646
0.752342783828939
0.287408580620664
1.14075760379392
0.224535741309181
0.262739364196149
0.684009434253576
1.30149538547356
0.745962322508969
0.557060981290702
0.388120397135795
0.780873006698194
1.47714110528658
1.43929010780972
2.15094008091687
0.911247565440887
0.908376181609111
0.911921684002476
0.659129180881145
1.05361350825448
1.35727762322824
0.987153263513646
1.14556823273996
0.26788518356955
0.750307363251148
1.4749982622882
0.265929734456785
0.349297856336777
1.00887098482747
0.404808088604965
0.255217470440907
0.264272690206981
0.457224024652855
1.38894425096861
1.13150221578981
0.750116777888314
0.299721493715037
0.385247912727228
0.752879194867872
1.5792322305294
0.246134133143913
0.501726876908567
1.45089336334803
0.875360428630893
1.65359191068079
0.832286564896791
0.642172939337112
0.538727122781023
0.677488441275125
1.93335295497429
1.38049488576719
1.38210812202475
1.31714103427214
0.839472995377581
0.28871001889185
0.232478619672341
1.30632335665154
2.0634120467419
1.51529874422255
1.49210206934503
1.61936272560228
0.512080293067582
0.783143360138426
0.585077936483181
1.44113866981788
0.885520937608975
0.406863734627288
0.521235072881032
2.17590985763826
1.18507514603781
1.47481576090868
1.66526757947289
0.736083998766569
0.168870266166245
0.396544257124422
1.05006739316521
0.771889277851771
0.810115035121571
0.247354566970663
0.506103572724623
0.422096519304479
0.909006648035925
0.944426319035442
1.13213054781654
0.80134116386189
0.736319873404645
0.712490592810199
2.30807990786995
2.31514452247256
0.480576379964226
1.16451719950869
0.525813258240581
1.31110326157378
1.04773806437183
1.61469467988859
0.541106211411633
0.262445867875496
0.315881085045667
1.21985206523087
0.27945312271283
0.470122483415255
0.263385321168349
0.780740789802143
0.863826444030303
0.164267558688382
0.669737958908504
0.26723322394896
1.35487106269635
1.34077922600877
0.326690767068492
2.22967836935857
0.904324833555501
0.697942425180009
0.838602002527428
1.08026902436687
1.43877798335904
0.535333075649724
1.22067660304892
0.806827239763059
1.77465474085918
1.22994636945256
1.54403169467169
0.898320054784794
0.892398934316708
1.21244787189888
0.613663717848588
0.652816882319395
0.570965708743474
1.00767342821488
1.32154281267386
0.958955798433221
0.329482822041932
1.42890836558202
1.81123276077362
1.89380071972971
1.61435738609131
0.27944924470691
2.01459829409463
0.358595351823902
0.3253763144776
1.18977982472083
0.433217796567613
0.354214177269658
1.22716799501602
0.181157487259854
0.891730560505241
0.74078908488643
0.47027899059182
0.735115113764577
2.21070210220938
0.875869829523158
0.867936238805175
1.1078753717173
1.18785366411403
1.31049988382069
0.491857924256504
0.519196129467497
0.336155410148076
0.828783391660931
0.66974566623217
1.99196426826864
0.287262768400571
0.157288916327353
1.0925181834576
1.58065691782541
0.957847800106746
0.974183115036603
1.51135083455299
1.4708747697215
0.967645295696678
0.45115622815291
1.66259622167512
1.96935756734386
1.17172873313464
0.533401692403455
1.43442571936166
0.725350845523666
1.10402401302202
0.624967321990641
0.934001547289577
1.26615083048623
0.691212031655787
0.607347149292691
0.324092673929414
1.32934481991203
1.15258959174362
1.57122015808145
0.549215912720687
1.73384637351422
1.53038393882679
0.327800847552683
1.40318940866001
1.57961166545025
0.992025248968043
1.35309129486761
0.640954883716377
1.45980167265779
0.237048232483294
1.66705137962482
1.56906833395843
0.805082031042158
0.928057106444779
0.666484337642254
1.40449155387527
0.685119425242502
0.628017647622624
0.771301849057134
1.23196130832568
1.79870915372933
0.384853161245953
1.40199198887283
1.42892024908829
0.856877471660603
1.4893078304679
0.12133374008603
1.60428772931557
0.353712030671204
0.407941686662475
1.47359439842455
1.15416685157383
1.20198826358544
0.821166226760432
0.942500284225717
0.277253017190331
1.11973993682832
0.712456285097219
0.708838442599293
0.277612681702441
2.1648618099063
0.247733475509465
1.07619634917201
0.62148006271988
0.47395149010521
0.914235710397335
0.713870131382788
0.712499023983109
0.661800234188348
0.223725724334904
0.885701740720646
0.230751567485066
1.24621178542495
0.830430896299216
0.723829941500224
1.18290529742059
0.219433741461333
0.137465502872927
0.639989346483558
0.548933054470782
1.61715654125376
2.14293878708335
0.811466724538669
0.97562423192262
0.904759241060687
1.25488526205424
1.25548487223022
1.79285354963504
0.821917654477739
0.81727014925119
0.810420771555627
0.826759102992985
1.12523461998723
0.743909187244296
0.334277883449322
0.960924295910252
1.04901511808638
0.23847392185933
0.539143454955382
0.264849963868917
0.760902826167209
0.980088865725053
0.499374444544667
0.269444206463418
0.518522428234868
0.454780848426412
0.436805481671329
1.17527139314735
0.773998392922031
0.787323389980624
1.45360707815942
0.393351910964038
0.33958207960418
1.06727327936399
1.11668909801086
1.21685450574109
0.199833389837471
0.79364849146099
0.411457856645887
0.864812307087849
0.824145311336729
0.850603141041711
0.424892974223688
1.77508936187899
0.26462754594937
0.363194425844035
1.19899247389178
0.326728840294859
1.41343273269945
1.81548277392317
0.593316491363876
1.31092814280148
1.31635574742215
2.00536763634324
0.954622316083069
0.851978644767671
0.806471398818493
0.331966872477137
0.951177522770312
0.419038313189558
1.48151303552719
0.488314224068002
1.41983925134026
1.7251207433035
0.720888298717645
1.25440288564545
1.89665185620802
0.985429969290258
0.721831157295459
0.112457644666267
1.28099877221671
1.0283111574046
0.739096786543508
0.475699250206746
1.4901054309877
0.581691913156988
0.765663909475257
0.569247813644442
0.97863697953763
0.531330623839543
1.0960366949067
1.07802835529365
0.874990396287434
1.26313886808625
0.809114333781167
0.905479315021894
0.811066874003812
0.576019116194934
1.28960253277018
0.246502354612636
0.269632190530302
0.254831807380354
0.750586672431004
1.38690396074177
0.740792467996161
0.4483438790954
0.372052237475871
1.62654600073682
0.253152170487709
1.43120716907871
0.733207021671903
0.516109389622807
0.14509624365161
0.367966604555809
1.01744233003488
1.39268972437192
1.35884734608341
0.565408859350192
1.19073429604322
0.565957413728879
1.150406128733
1.41266890340965
0.571125231461126
0.352613026054695
0.773634149433452
1.14168977774337
1.84323438571846
0.181969498809012
1.92313344717967
0.918516904561083
0.792006233598748
1.67675323587918
1.76637996762665
0.225103299664351
1.83410348430443
0.569372831313436
0.337837489678285
0.848535673508559
1.43227715693744
1.37676903281108
0.836919804522628
0.738130078597202
1.94867358458727
1.07584659261738
0.52069720915375
0.445244857919902
0.881319055819608
0.750968659928633
0.186746936918487
0.383431183823402
1.57952840715496
1.34404600463373
1.11252036430528
1.14383784605
1.21055858892192
0.159216187755135
0.269560195507054
0.539700390141608
0.188331025140419
0.203114393273634
0.121363433633785
1.45216352520503
0.412735155115547
0.642430087721652
0.904220027117997
0.885004836812252
2.15800094763515
0.760065143661021
0.742847380017323
1.96770456350948
0.242646764723528
1.46662989811094
1.20243290957927
1.0019297011988
1.04711175253217
0.915888093796269
0.42141597602776
0.249138373890377
0.715188838346641
0.77476424328665
1.39732400922207
1.25562785627479
1.22129824662147
0.398997859642213
0.22053155639378
0.443441390564444
1.27464940390301
1.39446028515735
0.856453996213521
0.7669230927482
0.772174229763318
0.741776335798465
0.128744990129412
0.652073343027552
0.854375566037414
1.07148419467268
0.718216686598237
0.632554758630143
0.718305886897946
1.01730148249083
1.19614271882668
1.25555876526176
1.12900506504137
0.952725714464299
0.899901771962404
0.304852727445532
0.382526516994088
1.07692815289665
0.467419472667034
0.947312352769066
0.752236409143085
0.706533779006936
0.175722375096439
1.23929994121487
0.553811871652131
0.579097504124274
0.972423865104975
1.35018311480603
0.853089505207945
0.999892714332365
0.907508349709756
0.272718766076501
0.628083108761201
0.749265461180428
0.864538731997905
0.743234028830847
1.3061998167054
0.569300898776541
0.9819817396499
0.835614244344479
0.506787067457003
0.200486640132293
0.933959195397781
0.225111077788846
0.25528890215994
0.645973234249762
0.392127033547425
1.15872850215627
1.01049687975193
1.19244653517669
0.750942754716036
1.09420592517245
0.606936560054051
0.968250853183465
0.17819696016148
0.959993101990586
1.00483764999963
1.31684549793106
1.27383429334904
1.16034324092898
0.691371889767621
0.504405331905623
0.587339337510081
0.928514301122504
0.805959888184875
0.489347644981744
1.07239755796101
0.721238665355925
0.701945858557788
0.738695077093181
0.705109989844514
0.721244881003928
0.595696041214297
0.566590656852731
0.535179103216116
0.747116663295577
0.456315920334447
0.367606654539584
0.695922924658959
0.742693522615147
0.155641298753385
0.188399898040137
1.34875014530061
1.26240096963491
0.872945161650414
0.878931198011798
0.808854195997167
0.794280204396882
1.27266674987133
0.736034667591058
0.691098421480138
0.681421129359755
0.737503716012489
1.00681064286534
0.986820532104008
0.886400241468883
0.91774824113878
0.950695921343161
0.855036070568936
0.216588185246501
0.217572269662275
0.781293554544558
0.805002001815503
0.615266432848581
0.532205533266816
0.589683671102241
0.363628837512213
1.13774242760701
1.01743152799874
0.284817367716754
0.602079770160875
1.19534642005233
0.464673316412263
0.94471879118536
0.952552776743511
1.35052888683417
0.197463974477296
1.28862046599272
0.933906512318943
0.703187862524271
0.241151999275466
0.56719542826693
0.974908169038078
0.706547777446316
0.326411280735529
0.327028518439116
0.965836586997219
0.518729882352991
0.912488140450786
0.76537493821947
0.752361129452416
1.31318372475859
1.26480739780667
1.19500389841176
1.28196596484773
1.2068531156246
1.22559676479674
1.13139810038766
1.20605556297509
0.95535102826191
1.09144841481705
0.657273020159926
0.656873344588571
0.795342324837295
0.723116067513443
0.727454061076508
0.848925061321009
0.7152137161556
0.885522579998085
0.518944196954058
0.192052842342306
0.204827114405473
1.36123775748087
0.870163442991708
0.637855289589743
0.655736261124108
0.844641416188587
0.663764650817737
1.019094071616
0.118373862404358
0.690375490943787
0.58620940856281
0.508555640832148
0.593089735834008
0.340879436747907
0.319567384980846
0.771726535023041
0.7454969426394
0.801438719067543
0.699051955398222
0.703192754112566
0.709926410481545
0.704094942976708
1.37205168602473
0.564748407536551
0.732592286393214
0.939159639368829
0.423004667625459
0.55733020161218
0.531442628937578
0.684186626322049
0.937698074120799
0.549111079062892
