0.821648488889561
0.926161433599654
1.10484281747598
1.11981011016863
0.343654759060494
1.15950051794753
1.36048008817747
1.49354446895368
1.64655412666834
0.121818686724866
0.273241703604587
0.389852885467349
0.905818762055008
1.36896678633265
0.850351575524641
1.73422350274328
1.76623469146638
1.60002035965965
1.04140589916773
0.82840511766734
0.808046929983194
0.649975805716283
0.900086502097025
1.05889489309835
1.54694126165125
0.981617643171099
0.540801766728912
0.976289038988793
0.438314094517166
0.615758542004201
0.855318692565096
1.00959849302807
0.75575234450273
1.14423955099717
0.965535208936238
1.64463285797934
1.78008123282818
0.894876285441685
0.840063195325197
0.878253651090932
0.717884095316808
1.22623695069943
1.30906502357478
0.322464188176924
0.899685580382542
0.575314518343842
0.109668801609587
0.606847374764261
0.535368006368319
0.780360343917148
0.351603513724179
1.02581662136497
0.946900096823712
1.23673103394651
0.653743882819733
1.33810663516973
1.20374410260052
0.903656988620321
0.370226163158245
1.27946055013639
1.33605093073714
0.870774841809515
1.01707860746836
1.41148394855921
0.307395432138513
0.896047838103351
0.603898657040153
1.68486554933395
1.60952499704319
0.427748836643563
0.645551888537323
0.655179627369904
1.13698233580745
1.07113810656669
0.502288053427505
0.796365610390207
0.89897306859708
0.834190736622122
0.752819979873566
0.521848339398894
1.01774029102639
1.0915563820228
0.873283732186681
1.04614047727803
0.894826620988662
1.26951515379051
1.32533425678465
1.71010811904114
0.191711178462477
0.483183838359872
0.784277131100469
1.79651945921121
1.23944547636279
0.968007774062845
0.840458999851842
0.933330236388718
0.672788542354089
1.10304849016785
0.8251909228313
0.342012877473767
0.993692609722784
0.81141602086832
0.914619815806418
1.13068800146812
1.34867802841059
0.907496475098636
0.286705869419081
0.368608299880876
0.39896095160493
1.362783518633
0.8459415049533
1.13697129471115
0.0900637536995035
0.896013590162131
1.47828033621459
1.17363320669049
0.884739492076996
1.0483518113946
0.928553347272375
1.07060015461103
1.06263887075802
1.23921816465968
1.25340888568535
1.29734593238457
1.14407430087433
1.0838539273159
0.869704825476348
0.972352493526225
0.827486938064609
0.867422480107612
0.394707108410634
0.600949311881922
0.379129093859437
0.896185018484882
0.744434497998479
0.877078790704533
0.413670025554366
0.982908292088166
1.50572063714272
1.90901264384578
1.01034445051035
1.73583687735488
2.00350671227948
1.82008067794876
1.24424984628669
1.64988825406763
1.08386555418038
1.88485913324735
1.20150102781032
1.23281824587878
1.68481614825043
0.442615643705239
0.0121893179708881
-0.0210564280297403
-0.21955723797956
0.857792086344561
0.337391800729702
0.433000669148604
0.369885516759391
0.431028425657183
0.238372293198624
0.422691789425861
0.724760111122641
0.682752469460368
0.518638043213034
2.65976965723898
2.68917736059302
2.12016083563342
2.40352708323191
2.6118910086024
2.96461088020669
1.82113023032215
2.17222821108426
1.970851683334
1.46103544521827
1.33540736896195
1.21813396239959
1.52667944902724
1.05915606589302
0.835470609942587
1.34031666593095
1.54512456099854
1.81369520185627
1.31688658823298
1.40438196969661
1.50268165142921
0.742339471155337
1.06098500579926
0.155595913448318
-0.207745622626592
-0.628150207050971
-0.481413235720143
-0.433617225374453
-0.477479635005625
-0.44773974165293
-0.383569789061131
-0.341795180982397
0.177523749866479
0.450442374617838
-0.199703538687698
0.583631323052319
-0.499169540740869
0.156686951713859
-0.46343559713825
0.347547316247596
0.92488846161124
-0.0206165738118971
0.117644285796479
0.648757289936965
0.324239156787408
0.769687492373155
0.974493848615125
1.19232661109181
0.814252952143215
0.688807616463052
1.50813362740092
1.32681007011631
0.993292117746422
0.420239413296055
0.192198702755384
0.364135946416365
1.11284493280231
1.62102462385355
1.42380764473794
1.79766719480267
2.01257148986256
1.71790464462938
2.0675272918108
1.80876036548456
1.91105783560027
1.94742673782034
1.76867069902773
1.9718369981918
0.354646287478669
0.375591182529483
0.0514224880214133
0.195347680529412
0.199199274148086
0.592532170414217
0.0938755665527025
0.285815583649482
0.143816668037042
0.300098366099355
0.642607433287685
1.13300713013637
1.07512278280713
0.616261111174177
0.280666140368998
0.956392749792135
0.941024517058035
-0.0482732773252637
-0.0643510510741848
-0.163469796306127
1.50537225945967
1.1458051391694
0.96454347588179
1.22311674009936
1.11499977161059
0.910947066231788
1.01163856148978
0.845236493316389
0.613817580118057
0.138276546896659
-0.00567351022616212
-0.340191339587644
-0.0937640957156083
1.42798789883578
1.50606249429131
1.18926803326254
1.2545795924479
1.09408677118215
0.721117265318653
0.404973293132701
1.95565303369609
2.3268684029894
2.19960312962417
1.25266464750713
0.884315745653522
1.48281200349984
1.33604779013872
1.02113999792059
0.930903906363741
0.774601302005014
0.89806553010681
0.746522628090835
0.877212861224066
1.37491609115719
0.912536491055926
2.14536531276856
1.16468603891284
1.05108928617594
0.908398277382552
0.672150092227944
1.5474586866433
0.138098117026253
-0.0362251204800123
0.418736462119503
-0.44391331838817
1.52741336847448
0.622931610921239
0.76825827822208
0.892149175520259
1.15841962295691
1.97830270094355
1.1637018187077
0.779153902268494
0.965386554319596
0.152129104785159
0.473442266351042
1.29109425808995
-0.0984233701707204
0.573983145315652
0.958542544840261
1.45890712580045
1.16057275599596
1.07099524313137
0.0301565833787166
1.58758281627142
0.818779915133937
0.735427509113285
0.908226445426656
1.86422971038961
2.33702520740327
1.77020632437171
2.28065926842451
0.548554298549818
0.314366940366593
0.965737454316848
1.06377919958612
0.2632995859111
1.88038323982003
0.364354517555181
0.319943255123394
1.06367645270219
0.815356619352162
1.96946604227436
0.436774050598229
2.07607851023245
2.45569195386707
0.42974872272256
-0.0219359184426251
-0.00764451100995823
-0.154179347692403
0.116785632476792
-0.481918730591539
2.18646225717974
1.79844239389545
0.627429088018173
1.94344713896248
0.0178879016692359
1.22176382117012
0.0175580731722848
1.50189712006884
0.68669026500048
1.06821525803091
1.17323019906806
0.788369629272865
0.86235692571904
0.281290113582813
1.17933068367981
1.03385668359967
0.954032127979523
0.937816732746303
1.5762649631133
2.12789732202996
2.95829868460642
0.00898933125475948
0.799429891813194
1.04799473895741
0.683210809693267
1.94719516543536
0.961055430659159
0.710956564436443
0.689066118308207
0.920388910423712
0.748774465073396
0.552450700167249
0.964272376117052
1.56276852356225
1.6965169752076
1.54176387117381
1.17409289474914
1.05865002956193
2.03942257862288
0.795565363512482
0.0306848597839527
0.202169547522879
0.540441845167317
0.951381045983578
0.79935382875228
0.896788387375896
0.589738853146562
0.57100581247783
0.873518870445595
0.837046788034507
0.545844585460321
1.21422946161598
1.05710743600093
0.542854881703732
2.81363504247103
0.965928583043212
1.04153445499308
1.32034946584611
0.59793733816762
1.93601546629528
1.24818789781634
0.0544391105125265
0.0835774901401238
0.390421217746671
0.188538395230281
1.29020620305959
0.00880863981928395
1.02195543942822
1.0755914589624
0.864435137627196
0.645750404175705
0.886841957890318
0.498893676495612
-0.112122269090897
-0.135345684120823
0.084995883679527
1.28877605682667
0.957189987289365
0.437949278505779
1.02497727851524
1.05290256696976
0.74127143733237
0.758936621022429
0.900391141705685
1.26703211090675
1.26065651957802
1.19594722819851
1.22850478758642
1.27877274009436
-0.00362697602373658
0.461554684369752
0.914986480244365
1.16071515729348
0.343373138020833
0.718317602758042
1.30115922316942
1.90809840372369
1.88923735731149
1.85017478673782
1.42929632834101
0.900769142468925
0.967005453582599
0.618891856114872
-0.54196995935357
-0.455046321810494
-0.264290850560717
-0.0753070680958659
0.665982197654731
0.580801507769808
1.2465798153905
0.694642627123864
0.978420363118743
0.423092106361737
-0.553928675789692
-0.190425878925213
-0.603910709984168
-0.100186062805873
1.61414372837738
1.68314601687698
1.60015483563057
1.35278326774453
1.40570426946608
1.35596871371787
1.2255287323416
1.09391125881686
1.52143487501339
0.633731406191684
0.638193376563561
0.308800578459931
-0.0355508504569685
0.841418741447969
1.74302726087031
0.232881816334114
2.05883690239379
2.01594492860156
1.24777179035967
0.559314208881662
0.0360794806277167
0.340272551760643
0.766474647138655
0.708317246173769
1.79153596022255
0.86418515679383
0.0185742240059066
0.101054887540251
1.08398740918764
0.788491431588853
0.469595743983662
1.40123221242523
0.204572293472812
0.581029242801774
0.747680924969487
0.970493211785656
0.288791732902021
0.787972371621185
0.866837969265892
0.789243308029503
0.920022410404284
0.245621061104139
1.30069577826948
1.17721644216996
1.10307434345736
1.77484997939807
0.678826451013297
0.723629060762687
2.09707682763398
0.110530467314168
0.0972741276027489
0.267535394362948
-0.0842691384262558
0.729324487610448
0.435622511388367
0.0476451698315339
1.38563400184129
1.63072560691517
1.39241821695482
1.46992855661127
0.936823103621073
0.220885683676036
0.562566357096817
1.40428873547315
0.627445272192273
-0.0997356128494953
0.192669846702378
0.651404893539479
1.57867792869471
1.79336580745264
0.726689090592915
1.31066555564183
1.99530226338833
0.622056408164719
1.10109744524071
0.459318817109213
0.901405418948417
0.0686371444347817
1.39977355945499
1.99773956804955
1.60108998469585
0.959906860609972
0.936332750659707
0.932273890619961
2.40671450194435
0.29197962478843
-0.124511763589359
0.344777764351408
0.780399787801156
0.655997213334997
1.876461781145
0.0941554916912936
1.52089276627179
0.178061516208038
-0.142529035823334
-0.541093699454532
0.599116017339057
0.269680672646084
0.341897282632432
0.958902137074059
1.36231369709758
-0.360328546934989
2.06351675781929
0.808160274927721
0.919463033697919
0.600257063221149
1.5035199917311
0.506011034746319
0.473799302369942
1.4984078227621
-0.246702130503094
0.785981090172774
0.869891568736999
0.897593650015843
0.777372769028998
0.0304479353042788
1.34610031481827
0.791408520708714
0.665309245238942
0.795446178912194
-0.0257660221246756
1.23769608833936
0.841419267557796
0.036262141610059
0.948740327505027
0.798684499301488
0.42828375629095
1.27610298205462
1.33955197895734
0.600992502129155
2.26264901320464
0.187428687392888
1.15991612366036
0.674056169511951
0.909557298784146
0.543452807504255
0.356002620469739
0.00583574340219545
1.41440305173761
0.251798876147132
1.18611060243242
-0.0388651614190259
1.7137337111897
1.7603637235275
1.10487744348675
0.842628564836976
0.772533340626039
1.58496056384004
0.827110450651031
1.05561532534034
1.63911997395766
0.163327487282968
1.0067059194458
0.0827074500058363
2.30145678354507
0.723883808245565
0.150278407703248
-0.00272454348442471
0.178986573219552
0.330434866306679
0.875659307780677
-0.129419263318106
1.98874678945589
0.880990120541346
-0.0243299040856012
0.482532733806651
0.0548067564290394
-0.237459143950517
1.46986465052663
1.1596299023701
0.951623877033044
1.1087702827597
0.897023412556181
0.615419380108291
2.30520200197333
2.03571599305573
2.82653055711397
1.28900131061595
1.33273721442576
1.35004803236845
0.709715470876626
0.869716819177075
1.84674540270205
0.249346106975843
1.00013267366748
-0.0838804858970129
1.00560707131176
1.84409524834636
0.47817241354725
0.476396785267105
1.36277175659708
0.259952528415179
0.138545629057435
0.346965942416249
0.450571022039706
1.67171491183786
1.47316769681908
0.608669455000112
0.673803210245213
-0.220913743259343
0.832729575166859
1.34777945527035
0.120598711110582
0.683947779004114
0.729623467969022
0.829178121205329
1.62259871630782
1.09666054533742
1.22335319876138
-0.171095472339681
0.949261077848885
2.46556742540137
1.17640620551323
1.80114894177793
1.6382836360354
0.805720945458212
0.438107417872859
0.319269369866434
1.64921877556414
2.51619052853184
1.78737972990675
1.85913709448045
1.92202978164853
0.215792481817433
1.0787331358189
-0.0542934312764068
1.7835323859479
0.356627870259213
0.552781807382689
0.369446511018183
2.17149062646317
1.07862655006712
1.89137848632984
2.07003222965852
1.00485189220291
-0.0174074004896092
-0.328509478746039
0.231905201204919
0.894228801578953
0.633276788722269
0.00424872842105216
0.443037471103272
0.292787492538503
1.1816531542494
0.31408825667141
1.25946935572194
1.20894214651133
0.826158631998612
0.874098417856955
3.24716704211431
3.08501967063894
0.592762132773184
1.22366439030225
0.194591697981858
1.56670933594893
1.27340933155901
1.96407673714903
0.641810990313871
0.121234795283736
0.217360244583682
1.32305678688984
0.476091526683223
0.521652906692308
-0.462148474570516
0.836518166318396
0.725971978078224
0.128278388447014
0.727229200851236
0.198328119736444
1.35434815969832
1.44627313301761
0.338211210836956
2.26962143284712
0.563612122738656
1.11060666549174
1.05198113800089
0.0967419653659716
1.71773103638097
0.393945062148329
1.46601024775676
0.303413814085365
1.92753787580289
0.795412296191932
1.75058314318443
1.4532209969117
1.43764904175593
0.485548134074385
0.847319230267892
0.904799791665268
1.0713952854498
0.864097019667149
1.73637369520481
1.19130468806294
0.639663478296273
1.60223710517455
1.89242586084144
1.91297193686891
1.86626863169467
0.0642182370591459
2.0841918743473
0.0162137186320502
0.112530793078592
1.67459800398566
0.495124922965351
0.607699722200723
1.32590419306974
-0.564959597685411
1.00270775085583
0.726043746762622
0.388198780729824
0.614630679760498
2.96735465612541
0.975196072656934
1.04161467820632
1.40937119010186
1.84379865754698
0.885934883924946
0.768740801141175
0.429016800623298
0.0144305293162694
0.298716736934094
0.346736938315638
1.76808993562744
-0.442713748810187
0.171114468762573
0.828704423505555
0.988333347592568
0.272166116442404
0.617327923642802
1.67777178741031
2.06003755754453
1.06686157886618
0.616741095537791
1.69546139399888
1.89999865794958
0.322540418613037
0.488854884359165
1.9311920020299
0.519601033158827
1.47784318595444
0.77587069127868
0.000102713915577773
0.61849386126977
1.16458318440642
1.40328135088854
0.0245085253553822
0.775858182207563
0.338883348646797
1.83172005797384
1.54733807357708
1.76478192887924
1.55749380949311
-0.269361143898814
1.98014012584263
2.10505638953578
0.251708959332543
1.81795603379471
0.754641956496493
1.86621421036528
0.0610456059206813
2.04347940217909
1.43876643094923
1.10724533669879
1.41539629414348
0.820138012673883
1.8793405294199
0.818453831045218
0.585612280623757
0.669542008996871
1.94773785513483
1.81739057907502
0.380254980613894
1.17800632323925
2.01599373005289
0.857199790435511
0.964035601329763
-0.385857093070259
1.4463892645583
-0.174276679336179
0.0105254401786655
1.96753068384836
0.748295502451207
0.229634533770769
1.15164812963209
0.773887809014778
0.023785669975437
1.618383286045
0.770621582176297
0.773380485585197
0.440583002569369
2.46864304839178
0.223235878068441
0.197438924240026
0.65952430542209
-0.0381128051548833
1.37501219467792
0.765802674371703
0.637347145928316
0.998764072811706
0.0410163622768525
0.800862865266224
0.00445831368357752
0.995319440607997
0.997704771270363
0.845567088660823
0.951702697021245
-0.0557295642562845
-0.130526920378427
0.857361499309646
0.476483234933464
2.08512655317984
2.86264329737067
1.13647709443662
1.21817715144878
0.565196901473693
1.03088542415496
1.44915597113446
2.09412076708837
1.17175828298122
1.35511856457321
1.18446449836341
0.944381987689446
0.710845816968735
0.989370068060795
0.304582640010362
1.13213824630588
0.671775557165638
0.351120599089103
0.84309942327764
0.0463915295186039
1.03758789862307
1.26347312042388
0.301832088604225
0.0320473423379082
1.17851486898499
1.0517465618224
0.800007911388477
1.35669099501535
1.18542097597234
1.19371870924884
1.90930113313924
0.564410992088281
0.0111687478539832
0.921649667099952
0.857088088199038
1.08205411535605
0.0361746471706496
1.08324225457578
0.174351162890002
0.979105832471772
0.754941498348204
0.847642385835319
0.543142635085721
1.84344496197913
0.0688316212670725
0.547109132042978
0.212774280151299
0.544831368708079
1.09279673773393
1.75356640975917
1.35713276708369
1.57087817269933
1.61912344678738
2.38257995012002
1.11138166008436
1.04626556264811
1.01071353486108
0.681482059081471
1.38759308667926
0.146348652886134
2.03890147796003
0.395426296674353
1.6809613075309
1.97878466633077
0.469261857615535
0.338305479898359
2.31373726139496
1.00672609737697
0.946442100697684
-0.109838142683952
2.06521666161031
0.8044806799646
0.994489153594001
1.05144104207172
1.43019606890282
0.751942120084085
0.92669248558474
0.92639455427717
0.168296876439992
0.159519060052409
1.19487215092003
0.00124007133556523
1.0394376795237
1.48003414826729
0.747292088128385
0.474876913192423
0.954315993938405
0.997940576130774
0.823420245177452
0.238400372362555
0.34539734215467
0.243661658520009
0.957112305071366
1.94158553324503
0.46546453912272
0.868727237053681
-0.0209742895707801
1.8215591191927
0.176330591172693
1.78294264962757
0.779658468499083
0.520405400104496
-0.176213164054881
-0.0336937849581245
0.798430242862383
1.95825994396099
1.35715378528105
1.0485872658036
0.260973330710274
0.568866404025522
0.477489325305117
1.30609663192383
1.43778178320391
0.470934347939534
0.82550003266208
0.562791368201872
1.9331670030731
0.402636476208772
1.78157986125048
1.30088283768692
0.789825444629903
1.61858505920309
1.9451725483732
0.402477869311653
1.83744764581087
0.662713682081019
-0.581685535713901
0.847159004985256
1.95144719511166
1.87150948412961
0.334576423121122
0.907629592930455
2.31198703502636
1.64238504285349
-0.217357603678527
-0.0147368138449416
1.06661066727432
1.0332320894521
0.282414816408198
-0.253970118229004
1.85731880857564
1.65386942128635
0.837754716843623
0.981179911636954
1.22000378425072
-0.116876644854561
-0.194635017569542
1.39700135492871
0.261356761569156
0.13871145741491
0.198897922402553
0.61240408593879
-0.380548137693136
0.71710783062227
1.09377836187639
1.18928803916582
2.09832838303801
0.933600533237595
0.919834857553554
2.17856716514515
-0.33074272783728
1.16960731000074
1.0734645940905
0.623646178520471
0.570568777931189
1.32957267254378
0.353406037678523
0.00751540812787767
0.529037126191294
0.925706582224545
1.62010236750801
1.32621322648394
0.238245185377607
0.189540129563308
-0.0801610258040204
0.3962191934391
1.4989032088252
1.92820002012583
0.855963495510176
0.902805250686793
1.00271043244488
1.01161076269166
0.676751140821623
1.34898549942
1.58987881116814
1.71222647992503
1.14808826393615
0.773686801052735
0.768198466277327
1.00304208556317
1.03138381541269
1.14442985554766
0.992883259666105
0.858373787356922
0.899930316256698
0.794940991430008
0.781374090603505
0.976304652053457
0.412111679085082
1.23768961175385
0.837708501786523
0.929279710309108
0.492041152727591
1.38599825011944
1.24483590914003
0.537750722110378
1.27831556558431
1.5711526001484
0.869777803655273
0.83907094000727
0.986702355672018
0.595667863251163
0.949098689170164
1.00169188373024
1.6749263257999
0.972681326775369
1.36089004603637
0.78754627458325
1.79417627451195
0.893980786858746
0.392493165466202
0.547640177966447
1.11287230363188
0.593085267024142
0.855943094292214
0.689082368080047
1.01657146427158
1.10524224826926
1.0661203178107
1.12722836666058
1.04860461583109
1.01082114739812
0.851794395426681
0.959462020677844
0.723344140963293
1.30146087278859
1.08855958373353
1.56703760942498
1.24377332845557
1.07882564210824
0.733361107555865
1.15671231268654
0.770792670034204
0.96676312843151
0.819781730153522
1.15474205345263
1.05079076827864
0.972478481909271
0.904042256368052
0.934003605447439
0.921172071931078
0.9506273349618
0.856200420658752
0.885278106925298
0.858678051653628
1.08093339797257
0.701063671876377
0.750428937831793
0.786713760131701
0.777763102984705
0.438863912226224
0.64812163710128
1.47783661252505
1.10563216976427
0.930216260293985
0.90332882283313
0.916884643619893
0.903865774153521
1.19031199495069
1.44269796370421
1.45147983032936
1.01042568904776
1.01708176258389
1.86852028164092
1.83763090427059
1.38907668598231
0.835832253980095
0.864752161980015
0.865789521503173
0.708907188353305
0.690183146389278
0.878354870184406
0.855421917337147
0.677259558337454
0.430915726762723
0.583740238360642
0.910397377216593
1.01242218404654
0.945920604718503
0.830434954737012
0.626062039502843
1.22614798265023
0.281828877175052
1.31739608192555
1.3357439303562
1.65502705733171
0.480857655645911
1.3637985222598
1.19141884228885
0.888721029922659
0.628611287113129
0.729723523397283
0.823147569392001
0.930247091483586
0.602643965749172
0.619224900547544
1.22853577101199
1.16722500307142
1.02860711714256
0.985442664416877
1.03131313771947
1.63186862853961
1.41464322119753
1.20131492814965
1.36422646466612
1.09943014001511
1.16168571096063
1.03709867752467
1.06663444752654
1.06835995675363
0.976099416249153
0.677338824194528
0.961398806270717
1.04847381775749
0.943771497590889
0.987007410638773
0.907054771369873
0.843783811311544
0.945910361812695
0.701591188102823
0.424777314172741
0.441835911956661
1.51269620980352
1.25519175413636
0.936323102115481
0.758455844444361
0.878373047758307
1.29452116483978
1.12572839572555
0.657443333983061
1.04777448700884
0.839979808309543
0.823101372667706
0.894394917900621
0.657974835346694
0.722945641745344
0.945847176637901
0.941679368020247
0.904675683084849
0.920078654002177
0.92202538850643
0.943584598074101
0.750969119609369
1.58996196278122
0.614975903069108
1.04553435344416
1.64091373592736
0.24922030876543
0.604995208760518
0.732500023800892
1.13731271593252
1.28328302033243
0.484492909570795
