0.724682345883827
0.562230708883593
0.925168677630848
0.934723345168665
0.234209740437596
0.869117836631378
1.11330736932731
1.19647576596486
1.27855777968528
0.213486117126647
0.506504664002533
0.610806695593031
1.04868997285869
1.07397866386202
0.807503745415668
1.45459302295504
1.43669333309832
1.23330109205772
0.949378221293017
0.802588117562814
0.751471410096073
0.675427960900764
0.84494837697884
1.14825172063464
1.3807029915448
0.643671966213382
0.461879902836581
0.719858417644229
0.187514815684157
0.569652791621625
0.665377570125739
0.588454962184242
0.909498354419249
0.960309904390885
0.789216987154533
1.4859786328508
1.37482608039101
0.562996074230081
0.584728841101299
0.692122229701829
0.771926616111794
1.10553566738542
1.25549120722729
0.143620888869724
1.04804495401386
0.763990883987462
0.327543959826691
0.607871479698584
0.441191301081378
0.69062320976479
0.134216043571212
0.905360738837349
1.07597316118419
0.891868504954872
0.366069526257704
1.20091668882785
1.22562234841227
1.05428283049951
0.234726581729209
0.894603856123788
1.09552171448843
1.00771987629734
0.946417537907258
1.25322204823768
0.260673641492694
0.863302711131806
0.567014969737648
1.48275616948603
1.45200300941584
0.329740408895792
0.667082493155752
0.699306654034707
0.944206584858383
0.927703052369795
0.403258483562934
0.81642154434708
1.05020499982623
0.620298019387689
0.444813617763229
0.253820965910094
0.613134791621327
0.744138528557631
0.565265168675274
0.868615476439851
0.717225938384468
1.25278577158109
1.23650635704278
1.31064346142179
0.421239991377457
0.687345808482755
0.734193544531735
1.41561917232986
0.996425766881793
0.568587056012738
0.710765999954526
0.669488760782873
0.842986857091116
0.78458862856778
0.96834452393741
0.144123296929721
1.10715414942144
0.774831988598856
1.05527727013427
1.19080403385861
1.13951056811945
1.05458149066326
0.165155332866302
0.211630875623275
0.164466833938489
0.988265909254182
0.682702748811753
0.797312378902192
0.26149890973951
1.03438494759987
1.16610428941589
1.017618924416
0.939317664021749
1.01214200745351
0.933122127868363
1.00016920522859
0.882858401780415
1.02166895152552
0.998774071387502
1.03803823732239
1.01417533247161
0.956625748304098
0.956405465939951
0.872963193223498
0.906681273693282
0.953338009609953
0.522450859607315
0.467326652285569
0.543632515039572
0.55310682250245
0.811529165584001
0.680447934187554
0.668689676413978
0.986931939405022
1.62902211184375
2.04163071715033
1.06123805904959
1.55703061721409
1.72826218854889
1.51541169045602
1.30389869635899
1.80377667003803
1.11767497172338
1.74849116641307
1.08958782410612
1.18022786395792
1.6598237395435
0.335106086077673
0.188260832133256
-0.0364898404950913
-0.0914495157154056
0.800654850992916
0.546202417648631
0.562395414411476
0.214417027485416
0.380801826696321
0.238493033853122
0.457442459705533
0.55660539917261
0.600275759506477
0.631998676042983
2.57056101766918
2.53147280143334
2.11794879273948
2.28751281884466
2.31882851863178
2.68160243359296
1.85091042040028
1.94455387433763
1.75891362066091
1.36437120089324
1.41113163713095
1.19198159410252
1.33784158446764
1.0349570630024
0.927591882141145
1.14259718088565
1.56293171180392
1.75319302834565
1.33507666434768
1.31532759335809
1.37915560476944
0.917483791534696
1.09328320290706
0.147312446408755
-0.0738260776598259
-0.381370200481356
-0.317031167054081
-0.275420631418086
-0.379338816274733
-0.286868890095339
-0.292279568900191
-0.163058964977662
0.229548823905439
0.24481407603909
-0.234136345823376
0.449873275968104
-0.416558240874749
0.335157560856029
-0.188851485008653
0.438199553739566
0.927813402044199
0.279924357109409
0.232102816528971
0.420349126406053
0.392483938584459
0.794631999185364
0.966995074959293
1.13228534967278
0.913328180235238
0.735771017584025
1.38447709158119
1.18117148069453
0.913442546606003
0.570502194360844
0.485581614148156
0.6922421523079
0.965682318936225
1.35533187675589
1.46292153234435
1.55804059310906
1.67041788740259
1.68282119867943
1.84249882541588
1.97296880200403
2.18799715764216
2.19007466772244
1.90222704233586
1.66668009803338
0.557022422204727
0.364113001958269
0.0998792889786971
0.352740386533722
0.335157970416519
0.677849194211814
0.318087941107543
0.305632441688517
0.381550186250506
0.287215947052472
0.5796112742387
0.904317372336493
0.984904105826529
0.677800103408122
0.634701973410661
0.898971578208935
0.90240073906864
-0.109544280377825
-0.00363037972008348
-0.122057792832706
1.32805189844249
1.05504392004344
1.08700423466623
1.03881884502493
1.06423682569227
0.90997220552197
0.755608451837994
0.750306926585915
0.534014108429499
0.0976131063514971
0.116466361214674
-0.164923042292559
-0.0985505362862879
1.20092239243732
1.05878917760469
0.907574854476901
1.11909035811504
0.854505485132045
0.653297709537113
0.716203561690266
2.00692943679489
2.33142464079316
2.27899572491275
1.12680173109307
0.943293179770484
1.40903844719093
1.29459158224191
0.706304306089919
0.944151123133219
0.772108575043731
0.904996481896962
0.819307938077714
0.962898993166031
1.49367762956665
1.08573282613564
1.94040834136633
1.01549212757518
0.927276715963179
0.835454239974806
0.791548734117753
1.50217718626962
0.282136870742233
-0.131222579794542
0.583929924215803
-0.33614506270669
1.60117257751465
0.615973709229317
0.737405516571392
0.511778401741596
1.06877779209913
1.68651038814289
1.00457494385691
0.736614923894671
0.914030983183798
-0.00612342651059229
0.673552580757343
1.13474108085335
-0.0839807738199994
0.547632659925435
0.993958631032231
1.32766389821608
0.99602398905152
1.08927775470636
0.104406905950084
1.46967829315359
0.791819579894917
0.700093826005507
0.941212300670732
1.55629650593523
2.13646306158838
1.65093996579805
2.09863002111103
0.574236848058332
0.393568772270232
0.924522166792696
1.06741919854579
0.367324681122523
1.45696491948784
0.47479673042208
0.36535679213606
1.15498677390175
0.800458461466902
1.82601276285942
0.521036099431906
2.02507146895025
2.30747115165294
0.3357242992835
0.0598972636152589
-0.0100450318871541
-0.139571634391909
0.0929471522240531
-0.143669631605246
2.00317929293494
1.81525997753331
0.617340105586939
1.84768620777483
0.26176781212122
1.03533973631142
0.27416052831717
1.60366527703308
0.616816516941393
1.23106224528715
1.22816111001658
0.959806275489583
0.787654996394085
0.497263209242009
0.988719018257301
0.864591494265011
0.984396547718388
0.975237359019309
1.63141615740626
1.9887237949594
2.70146206199329
-0.0469902126541473
0.861555824491386
0.95539135653325
0.614963234173539
1.53423460510187
1.11338123803289
0.649964691752611
0.771369770691302
0.96771446914111
0.831158459765942
0.479025386798935
0.904206400094932
1.34500949606668
1.56023810091334
1.53323328155464
1.21294649964681
1.03945248086989
2.06194250389532
0.718461762486855
0.255200207453206
0.0835251904046233
0.683496396588585
1.00978598872971
0.724403728832328
0.678451424203105
0.935488945720604
0.483668187038342
0.814490363760927
0.655788566160069
0.356929371823228
1.15996899141521
0.945723453324534
0.76518945179802
2.50305616039916
1.02437166446099
1.11966423853678
1.29084114505429
0.722247809752411
1.9641545761203
1.02044754826235
-0.092864785876151
-0.0340982614946009
0.189053321750244
-0.026743532817622
1.04197756340605
-0.0980775128475295
1.04542406856383
1.06716654111737
1.06130136753559
0.900768668161946
1.04129449977638
0.471846064377063
-0.0686594482864922
-0.0602197117739581
0.101871342096864
1.25778006536628
0.877821985972535
0.338016107697422
0.971166405204283
0.586394133228927
0.919989698670025
0.862527693549633
1.12037636651866
1.11686421016018
1.05509209116109
1.1475907834242
1.38209000762602
1.29171602212062
0.0647683840293412
0.21444966514722
0.513992531307484
1.23376514764525
0.609746695196829
0.795773674432784
1.42629163160107
2.0972719318631
1.95756936508174
1.78077065575315
1.52674428026231
0.876046757814408
0.92184537003296
0.706712241578351
-0.336744926743554
-0.305722395802018
-0.241692100396365
-0.0789958478060988
0.350192794963189
0.284904343868263
1.01182181477675
0.734851011949358
0.839674849149138
0.50455481416624
-0.365512905466861
-0.244160304568314
-0.362176238225701
-0.198186659535377
1.62913631754548
1.56036450990613
1.46295155026102
1.28601506251458
1.44652294087112
1.2708875604139
1.23740378010794
1.17239855919381
1.42394704415375
0.707756818573613
0.859440660565274
0.427146532499494
-0.0598362790065235
1.02641785222466
1.6080065912525
0.174505571851325
2.19404774485456
1.85309343346224
1.18726366727484
0.574294405984678
-0.0113747705230437
0.272283375180187
0.514221797295124
0.935386022717098
1.58925651901819
0.726126158239454
0.0991034673068515
0.0981331214729773
1.00055715236903
0.793833997464553
0.552784324965476
0.982271985861953
0.121382527852151
0.633587370740099
0.793754643583563
1.10473019147959
0.233933373425787
0.77433022711121
1.02171169474107
0.878996568639861
1.05882887172345
0.0712699094972837
1.16940467659595
0.818702909768362
1.16131184705236
1.54286453552089
0.544407988540415
0.76493680225965
2.15149492069544
0.334626654446307
-0.0963198765158598
0.0277984464357527
-0.0601230689426663
0.766212619880919
0.412866814033151
-0.0703002750633101
1.4959677057471
1.27627996081926
1.32153640417754
1.17016218713966
1.07983547419511
0.506833391048249
0.494805930090764
1.40306716631595
0.653387695628919
-0.198743213815375
0.197707611753612
0.836959095447419
1.7082071874894
1.65648419024599
0.655543728612865
1.12230139015056
1.77948747172232
0.448155556779208
0.74526202072456
0.190186547432393
0.706723587212572
0.142843280762475
1.23117542279748
1.8272859847338
1.40868505488784
1.06990869513272
1.06124138189265
0.798061388692722
2.16235204407351
0.151966477300975
0.0848525773025622
0.116907956476106
0.771111586708817
0.490056582917426
1.78725619277703
0.0933913400557444
1.14303592189356
-0.0209670800270322
-0.082679156827818
-0.35478917509591
0.673233633573822
0.162575336064099
0.291209925294132
0.490961063152939
1.04959335698257
-0.233565919759766
1.92673306842827
0.614600017379128
0.915461640717749
0.555782665878804
1.37746950231054
0.410434920869199
0.426519337265048
1.34327685200443
-0.267441976071907
0.812463821301619
1.03493585464968
1.05405124542933
0.624542737533373
-0.0756949219716885
1.29798146065177
0.744340190662685
0.683429657360353
0.471541403157523
-0.139751242058292
1.24205526867215
0.787859377840025
0.0718858257503122
0.919044925627802
0.97805404420742
0.433034831853322
1.26262327141064
1.18949211904588
0.564895416102372
2.2748917443155
0.143365596587565
1.17109893931923
0.80984856482609
0.882501763811816
0.538776652219417
0.492630171458059
0.240124989452852
1.26395890333763
0.50197396177636
1.36766089589508
0.00753669426305405
1.59610161924248
1.70059832407901
1.11080896214191
0.752383015582606
0.699755387556282
1.59968068774143
1.03064503482239
0.822187606039784
1.48542423010106
0.0118124039587139
0.63578232773586
-0.046467749203461
2.39809059095394
0.727024415897401
0.07393674437824
-0.0925011747103935
0.00905460434051344
0.438112684408806
0.947900942634341
-0.0208392469310783
2.15088108135047
0.907381452432584
-0.168906363045909
0.504293031514215
0.077439303861543
-0.175482423103895
1.21373137502763
1.1786608491127
1.08000029251884
0.739836304814665
0.542946612801121
0.856788811995262
2.01430163687094
1.64346009251112
2.53376590870156
1.27589875946218
1.24227306078261
1.28027998310582
0.807187878560859
0.86443549367161
1.41844300032849
0.303223205564838
0.93375734251827
-0.049161599646815
0.940025080215514
1.71576239062178
0.38845890429316
0.434760407967317
0.991246699007205
0.0711155113603231
-0.0404545370964698
0.143763991520341
0.404695091945658
1.50081192805003
1.37505169486697
0.638089014668475
0.541591643068157
-0.199859826904074
0.910280444521258
1.47757969276526
0.093973401694068
0.590845258234613
0.750093042717758
0.970694092414086
1.71303856842623
1.06761476244218
1.16424359435161
0.0760942019897498
0.936903131015424
2.20399401760368
1.16966771506164
1.56400861684286
1.40377668672774
1.00080209754995
0.358868084186029
0.272999471032156
1.66579455470225
2.4170607597076
1.74985290392143
1.70346254082242
1.94315729265451
0.302463175222595
0.897503471492876
0.121765667284033
1.56928521937677
0.644261523544367
0.546361175493815
0.352674360288627
2.24593688478361
1.00544704107894
1.68016676326379
2.01707374772158
0.55732307570353
0.0689156498238591
-0.227587564756864
0.470363012628581
1.01959450928826
0.873222482125014
0.0701121528000653
0.372020123383431
0.250503030749158
1.22294347410109
0.405981219540839
1.3484818445473
1.08702995264054
0.489688297731025
0.527355342226314
2.86716384846084
2.80335971502068
0.630640200246796
1.27298640324905
0.262052272451926
1.59526322524246
1.21937032248356
1.98728836216365
0.792929184461239
0.057102749930325
0.190338543430962
1.14797328800123
0.414279979576592
0.597293834089476
-0.366023946625622
0.789814491193411
0.835206030302601
0.145622544933326
0.717974305998906
0.1771646633445
1.29922784298157
1.28896862908492
0.122062181251822
2.39615305628759
0.681511140995524
1.15088444973916
1.06560663693132
0.291108471519724
1.55980828969748
0.510407785172621
1.49706733522824
0.603875184297288
1.83038693850016
0.905499384627022
1.60725611066846
1.35513559523565
1.34225853650043
0.506286948453088
0.960978121586569
1.01496441543076
1.03509736765183
0.787282899611267
1.33303003248087
1.21834358344781
0.453296376037351
1.42249769378908
1.9763804202923
2.02194653204395
1.72959497737683
-0.0559208675823379
2.05799541696327
0.0572881393966002
0.173644373851972
1.52347934620065
0.549322570721659
0.438405104783032
1.16350440835392
-0.377561391991451
1.1152593375893
0.683155671439822
0.404818802087755
0.674563384198418
2.73675599340537
1.09843268306555
1.13556240364532
1.32094294054214
1.61322498641761
1.0312477591994
0.809786016449865
0.261139995425825
-0.0956882938316445
0.491834363363767
0.419322208214903
1.9005816995414
-0.238781968107206
0.0625044399827881
0.853497454554495
1.17785694124596
0.364168715335425
0.549546025810189
1.70314833855191
1.8488433544685
1.07712585834313
0.616239780583027
1.67659423275395
1.99232249827835
0.631600496792645
0.462074944126906
1.67941652677561
0.468757941239867
1.29655514983045
0.773938804045264
0.135924350089746
0.678246884885011
1.16228404527517
1.21356783025223
-0.0805256006161078
0.885845542256006
0.615842767925951
1.84883078623643
1.18727954787129
1.73835098673399
1.48353311611547
-0.260400916090434
1.5745429630943
1.94334757195758
0.441480816018151
1.45394474106529
0.76838631168278
1.62900058258534
0.0129819679995883
1.92880517653132
1.39716215523392
0.928405153780491
1.34159809329293
0.837647593706925
1.50471027712095
0.843825564934358
0.730307981471695
0.927640967304805
1.7267134177257
1.86132816744698
0.145105679148585
1.17279586910814
1.86119271544662
0.69753232217267
0.999320460574529
-0.180586634420363
1.417614837343
-0.0107605545942295
0.166346442785693
1.73350664227619
0.91360180650688
0.412689676704673
0.963470700048536
0.602127649675791
0.220073086339007
1.35900267909774
0.585500530208926
0.549962759157035
0.360368607522435
2.51398650014391
0.169814914261678
0.26809427190034
0.583630923900785
0.0328592650977831
1.08178266904197
0.489806854940111
0.477722366154186
1.07016404423575
-0.13389411261505
0.718982626171148
0.0949260478956578
1.0557341095584
0.957356062242441
0.688191551136115
1.14191785274968
0.0201565511954371
-0.115926560620892
0.757341131993725
0.631069789327586
1.97066799879729
2.68153861097948
0.950383380603838
1.15035134528194
0.585458256359509
1.07467117081988
1.16997014516301
2.12933020622463
1.01270016230036
1.22263121740641
0.989692448824781
0.65953925005994
0.650830421238998
0.539755851509267
0.296609189649388
1.10656034167778
0.692462890362438
0.0967940473932423
0.502500280961685
0.0677002309149103
0.886144354334926
0.863803984898879
0.32627769055135
0.152323680920833
1.02205025482375
0.890850521807377
0.762338382229979
1.23121738557763
0.984095648813111
0.997775519387536
1.71481156244723
0.524909425396564
0.0805359303753512
0.960776014927679
1.01048449788262
1.16734202432718
-0.00616847435327381
0.600656904108335
0.01457720786829
1.09933725211643
0.95473263627817
1.00898236120408
0.568768209817611
2.01958960405218
-0.0924809425225947
0.517314532450727
0.247055391045912
0.468800669960242
1.24415590696384
1.7842171199662
1.17835039834714
1.36549614404742
1.50818957286919
2.32363147433316
1.13035491647213
1.06774568860352
1.0305188196413
0.385109408300602
1.09267844362746
0.388390785974799
1.71952031949439
0.604139991191352
1.53922790259694
1.64129777309794
0.435622767907614
0.378645850395175
2.21443859808886
0.960078477953276
0.542443827358563
-0.0499498753003812
1.79751505382786
0.813108863196318
1.10927752841159
0.8878414919205
1.24411853420289
0.885815774510933
0.808486420648335
0.966819505090832
0.170663032229281
0.296474071655832
1.07746519503184
0.284942489445741
1.06239010473149
1.58407955159603
0.935237310437573
0.566360343640148
0.659555743134963
0.549449930277485
0.757979560422066
0.0481666216927196
0.179680801169996
0.0979529115805581
0.796454755479472
1.51028191404958
0.552659332745668
0.516977013400974
0.217680770684698
1.87006195430747
0.00878784233065314
1.61901921639164
0.674204674216761
0.701883775279771
-0.0828709864694444
0.151343114003357
0.78797598439071
1.74602226534807
1.22596688006962
0.745258858134151
0.267030300663483
0.670084155396221
0.545589688553345
1.22757961019632
1.17953221533676
0.41034558011698
0.813932066054867
0.677903214637333
2.00061696028596
0.141283913232258
2.07959724938037
0.872869383710018
0.991841900772939
1.59648247489567
1.80137539924534
0.319495377421882
1.87084810905121
0.685156239208487
-0.356266763461304
1.00484627307153
1.58787740473017
1.4526446812328
0.552835281307457
0.913448432807471
2.13121072938607
1.48009911892036
-0.0698553986595764
-0.00779688536057825
1.11058996634519
0.589695244065719
0.0934396822513465
-0.240589998066354
1.83075119477005
1.55481651440966
0.835100700057459
0.927454704196104
1.0994836582682
-0.11648387571006
-0.0834208415770994
1.03932390032223
0.179645855302427
0.0836739220836565
0.086039176849483
0.68218849465935
-0.166438746785578
0.786832309523533
1.17204554778586
1.22031852857844
2.20455655241555
0.979256569546816
0.7773433931721
2.21639558516126
-0.347719356929489
1.35114945923774
1.04527797624789
0.611408187832089
0.649404923909296
1.28556119021468
0.15055789527601
-0.0463644651188013
0.611170597686519
1.06945908686356
1.4667414549279
1.17308732082836
0.291451798376589
0.382719057164139
-0.193763590917917
0.55269848892417
1.22633908970514
1.57333301010367
0.70099478250024
0.692065933643114
0.846810914165244
0.874866595302792
0.483646906343799
1.08482396329186
1.28710745998173
1.47879305209632
1.0259842794852
0.794321465747913
0.849549355443819
0.934034993204029
0.949044205727362
0.993492646585911
0.863817946052607
0.741697372138365
0.971106668003241
0.521176092085844
0.639633508070674
0.84099119543518
0.489377936671593
1.16913116097484
0.993630492549342
0.63277047261161
0.301801222907774
1.09659184399508
0.918915205882066
0.729192175396853
0.978218220158983
1.29977551819226
0.695537180876548
0.772084345795543
1.09418798505534
0.483122354148937
0.814003535809467
0.810284839685536
1.28666298957517
0.626784816112048
1.21611852810072
0.764817288834919
1.39419537277398
1.03395223639329
0.559521695673251
0.393478642379242
1.15308056522873
0.367567012606084
0.652350661119324
0.869236607912737
0.703193692666379
0.950245468748926
0.834720737063814
1.01859161999607
0.879477892666174
0.901715591459885
0.821683598780209
0.968490252684188
0.514397086840967
1.095368625242
0.969210241700318
1.23935013037609
1.05456671762922
0.913771917780174
0.839256614459148
0.926075664037982
0.767979833572441
1.02388544798783
0.911251461613337
0.896698107938492
0.906999521409331
0.614457905773634
0.694282669576956
0.676305602587232
0.701467470544445
0.745101424300391
0.784508507106848
0.754528888871222
0.738460870421183
0.947826044271743
0.660471715043925
0.62816025380597
0.951125616376196
0.912213098731401
0.278202824021359
0.457531360447804
1.29052251214805
1.00660632798071
1.05952292072994
1.00962730995715
0.671373902465331
0.683899736687609
1.06396859276305
1.11216518174879
1.13417942711551
0.846521638901928
0.87666020682084
1.42845331047782
1.4473063800948
1.22039234832309
0.725139658264379
0.744346463801125
0.698724378993729
0.538787776393472
0.523794487540686
1.02748698123487
0.993064368400794
0.759897608852256
0.62605633401754
0.721780339579245
0.601218976669281
0.923707255673387
0.770107756579021
0.599620577476442
0.815052178201051
1.02265397441415
0.461577055041801
1.15055697789192
1.03351974311802
1.32596385836036
0.269144301740435
1.22011005685952
1.19817692569922
0.627513348362027
0.368730401196369
0.741398074246207
0.75767329078303
0.5983269927749
0.524497796681194
0.500934345262826
0.895543308450406
0.835369328135117
1.12297771423342
0.635373423882851
0.850225393085693
1.25949873314368
1.12344973163976
0.985508266798363
1.11297033964348
0.94262959326608
0.981222418177616
0.922636047347162
0.975923356849134
1.07769952611425
0.848745186028771
0.820272322873266
0.823412981690798
0.874861276144232
0.75003793466069
0.599174440730764
1.04879525182927
0.996886467780732
1.07264114639567
0.698784664413827
0.261824539463202
0.303701673476769
1.35101965271498
1.08479587523392
0.828838682391338
0.925262867511145
0.69122054995188
0.988546539303986
0.921415671829283
0.461411319859076
0.877027027667108
0.783751273271212
0.737294411900256
0.788011747886816
0.568823651035393
0.58578956923506
0.652164342100995
0.653753888565597
0.674951873272319
0.666353990025258
0.668106266782056
0.729370916109385
0.906399904594407
1.36009489991519
0.69056345635576
0.869598492818847
1.29886625938439
0.357979805066057
0.580191717245415
0.686327260389033
0.96943116931787
1.21336513119587
0.690918818133668
