0.862563600842093
0.914722511858921
1.13324978940169
1.15323409953857
0.369063137087119
1.18513572319308
1.41026710916709
1.5290990162184
1.64422286070203
0.122061643221826
0.310130878082679
0.450411138941677
0.979278805817907
1.37004850905968
0.867212286952838
1.75004167843474
1.7622126833982
1.54461834782867
1.05465342441141
0.860382161167289
0.848065496420599
0.646132612553892
0.916118779801559
1.09284304091827
1.55813601764669
1.00205138132849
0.556312342950808
0.910391953915874
0.469523114835824
0.552506802473913
0.832869008952084
1.01950143562388
0.869401219983178
1.16043290380701
0.969696825496313
1.68331791917194
1.73324102146799
0.922236339525947
0.809658608161503
0.905831869919705
0.752156950096688
1.25049083266367
1.35457603545711
0.350603100630664
0.913941182910481
0.672177934975621
0.124381942055064
0.622288761521701
0.549989063204944
0.753340542556074
0.379329120558707
1.0070392504315
0.961368671985371
1.25448930987946
0.689514019394918
1.37337500272182
1.25100510385044
0.940408810141538
0.400580706300177
1.22816749915231
1.3070930019886
0.973849660417231
1.04363595217795
1.42504838049667
0.269703859153125
0.921452910507218
0.624422382668162
1.72125768712648
1.63111679383356
0.447447487714429
0.649848246899906
0.669919397041312
1.16402717377604
1.07821443670376
0.512644961347688
0.824370857044158
0.922717937475687
0.804872884213415
0.786375524389499
0.554928183380949
1.03478276190369
1.11363870623826
0.848552315652181
1.06304876098787
0.884734625499159
1.31750955797039
1.36769074845852
1.65445205666422
0.218770547987655
0.563357644684001
0.781647635707197
1.76787525774871
1.28044619722697
0.96717601588645
0.876075650740335
0.955846854826279
0.781993210247343
1.12170251465505
0.937524836761082
0.370112847113781
1.01687782862588
0.846145338309416
0.925648217789783
1.17440523510393
1.370792105628
0.962017339992494
0.313875228085416
0.397825352287627
0.428466158071084
1.33520107278554
0.796926248177231
1.07154547735633
0.0996380655254512
0.985323080404086
1.43205757896605
1.16850223769441
0.869091200772701
1.0569434048463
0.934838825722099
1.06648370594445
1.03375765530818
1.23533535000635
1.22153460135509
1.27054884966058
1.12512366425486
1.04936428743854
0.880988256645104
0.952982996277061
0.844744772623744
0.882961801623477
0.403201021068967
0.591910471688278
0.405353445909999
0.858032290181303
0.762195331075411
0.836769874916511
0.443500077811072
0.994191721614277
1.56528530831371
1.90123365684039
1.01917519759548
1.69979965124714
2.01351238782248
1.79702510185864
1.27418275412926
1.74019624058371
1.05212440988362
1.87949016323506
1.1849539527721
1.20679220850741
1.69805022330077
0.428534628908292
0.0362267476515969
-0.0457170267577432
-0.237275991419773
0.821659202251368
0.377748866180383
0.469098588931993
0.336967912160457
0.480666332623712
0.2257462214753
0.4443109382295
0.705891989476416
0.661330268359972
0.573117772627588
2.64994096043332
2.66411232324663
2.13400525755451
2.41790475682111
2.5980508789605
2.94503772842002
1.81094058106908
2.16401045610167
1.95106999714022
1.46652245122632
1.34659075313032
1.20813052925376
1.51053360622806
1.06075674545658
0.83512531628075
1.31360135484944
1.5790756268743
1.8160624325335
1.28117170044902
1.34499583066218
1.47339529076113
0.7596928874682
1.0570466272939
0.157188151702088
-0.186511945918651
-0.606454304042846
-0.470101046898551
-0.446651467958823
-0.506388097975641
-0.430248315805644
-0.390071962080966
-0.310454717571415
0.222875627265978
0.464595463116602
-0.221680139263414
0.591034632494915
-0.517118410935397
0.154517789087407
-0.401673160653871
0.396225218703417
0.923815658066899
-0.0184677103976535
0.154619075823088
0.605733551729428
0.334415097283848
0.777348876275769
0.963303938605596
1.22274550783931
0.831807780551019
0.718108246497375
1.52063065658833
1.34626464072551
0.990643424983493
0.44781127519313
0.202778193379513
0.379785535795529
1.09862130172522
1.55264975032561
1.40819187469334
1.75484554095199
1.96444606414346
1.71644945482486
2.04291776975038
1.82314172875794
1.9354112004831
1.97882591120728
1.7804356711075
1.95473306729462
0.374476549555184
0.358525579304816
0.0768945583025381
0.208891615056274
0.207603382694234
0.606876217706589
0.0799394478618229
0.281158125419485
0.144259418044814
0.283424626771962
0.649488494669708
1.12744011859328
1.0633672481961
0.587618993471124
0.292177394251618
0.911760450990273
0.937007123116432
-0.0832559624828044
-0.0714152312234298
-0.155595711796273
1.48036842844199
1.11372031427839
0.985548512313017
1.22097484484416
1.09991215120175
0.917157020046484
1.00478018017365
0.829599804968842
0.612847939207849
0.112771564812471
0.0154880224442302
-0.339087635329325
-0.0946237825413504
1.43092367004705
1.48308006436703
1.22425256484925
1.32214075829383
1.14029376217103
0.801758756533447
0.467536550331684
1.96340977033259
2.32453257773316
2.2123511031518
1.24834451008105
0.895473283104583
1.47311382099983
1.28810484222132
0.982375683586534
0.919209968754257
0.800617989642876
0.895406358196012
0.742241094934751
0.856634435027778
1.38647241090416
0.905566295113987
2.07236738682093
1.14163098789276
1.04074806529507
0.901089428835952
0.711991935555806
1.54114950607329
0.157312657799004
-0.0507655598403384
0.435498770977388
-0.44214506595692
1.50815309795344
0.636845560611883
0.735350457100346
0.865391138627372
1.10637641336836
1.93517990713354
1.13050723968961
0.771129398003855
1.06931447878659
0.121366054655984
0.488682925201181
1.25401587463362
-0.117909586610686
0.582048480734472
0.957652930091112
1.45718296144383
1.15519171671309
1.06666641119649
0.0413282847391533
1.60821659144633
0.830272746813765
0.653914456646789
0.917826992603282
1.86339969533298
2.35186007818765
1.81305960825885
2.2457960223585
0.551059658343912
0.290906124140479
0.944166258696012
1.03658532593759
0.271963875264441
1.80751333022946
0.403506181762442
0.326993392592738
1.07963120054666
0.822273179789337
1.94470429988003
0.44559858401178
2.08841268960736
2.44428574082703
0.444457915898697
-0.00202902385799382
-0.0199658976661906
-0.158788190852911
0.135046396633109
-0.446841700505474
2.15608896753108
1.83379202497799
0.623442068863615
1.94230575216642
0.0241937007481149
1.23070482594371
0.0104328084209424
1.54279607287469
0.656152908546716
1.09514189793677
1.1593279887798
0.756900476408928
0.882811662578989
0.341319161987571
1.19684497754956
1.03296621432441
0.960779495569522
0.958639267598991
1.59816659904821
2.14700226624213
2.9429026928472
0.00912127166046825
0.822834153306863
1.04055640991894
0.698211219289702
1.89869602686109
0.952977013404628
0.71337125815484
0.70904697605176
0.912949226817072
0.777184411031775
0.517845854499979
0.955343918151032
1.55210923441638
1.66752950925599
1.55823715767287
1.18808884833072
1.05769917315443
2.03558008275224
0.789542395210881
0.067824114854694
0.171960966284352
0.635210959827013
0.945667570276899
0.828180514030669
0.899804269373166
0.617401533560773
0.584745152338525
0.850627675667179
0.881711546668765
0.548217054298895
1.1804176806804
1.05181786462869
0.546789934280289
2.7862319460778
1.07902939520118
1.11089223651513
1.33149397927632
0.588193527617138
1.95113701726529
1.26212034002947
0.0403753495160665
0.0924906206950295
0.388383393835146
0.175002516462412
1.28747579458802
-0.0261248015396206
1.00523060464925
1.07712372749766
0.897243729590585
0.644599617658221
0.882989115874782
0.467456757317308
-0.114315883030951
-0.137591569150242
0.104090853122677
1.27515871976938
0.931884736984775
0.43098471817913
1.02312482088956
1.03572234227011
0.726332911551519
0.768175917619071
0.895340509351726
1.2361846533688
1.22608527196785
1.16946632820161
1.23161290440114
1.26015948682484
-0.00882359383456452
0.435551465795368
0.876619236905658
1.17086343559189
0.363064021842364
0.722918997315041
1.2765309293009
1.93136025617302
1.88016617651795
1.85733589666255
1.42819471608582
0.902590488791736
0.963071297707766
0.64149623754973
-0.523990531370152
-0.471900691692528
-0.284750442195455
-0.079202662485949
0.601629834457964
0.567560635583446
1.24215600479679
0.724657863190633
0.975586074825248
0.410182654538441
-0.545425565857635
-0.220283973817928
-0.56698159804558
-0.123615671324674
1.64051455030545
1.68505838006456
1.57956928873258
1.38472708061974
1.41525909295562
1.32083396833271
1.22300593719899
1.1148424288717
1.54690110588353
0.63062239470565
0.687527945503382
0.312876368596313
-0.0276972611020941
0.847723558382238
1.74651641005483
0.241046730302304
2.08747551093596
2.01033988622553
1.28952099477789
0.583592228481399
0.0347469616391145
0.344970998492979
0.726476948825676
0.699578166468166
1.76607450375242
0.848350172908767
0.0263539454751167
0.048081253396864
1.10169592998458
0.808891218904032
0.463727211377165
1.35098665493882
0.229000507887175
0.568905468589537
0.760442241184524
1.00834130728741
0.311945664663347
0.812736338870228
0.855311868866029
0.906900737628556
0.915645125045051
0.2554578311039
1.31978865383684
1.16452435486427
1.10588152338732
1.76401242143868
0.635942695872914
0.702514491177465
2.09077129404123
0.114838523821428
0.0781022160745262
0.272301424176155
-0.0780683022544777
0.72821445178048
0.447255759843755
0.0181381985649119
1.39181350581842
1.55936495611722
1.41204164077566
1.46945497738339
0.97505122019179
0.261575132324367
0.565662172058031
1.40275324735008
0.709766556325481
-0.132449604045205
0.175291393428222
0.650524872288957
1.59300234725218
1.79666834147759
0.72406425520665
1.27156741926248
1.9619522718797
0.590975222646918
1.03301582806593
0.469917818065173
0.897301138635725
0.0380063947454711
1.404827649952
1.95432896798046
1.59360530613001
1.04827265263525
0.935288720597611
0.918873191092799
2.37655795722619
0.313809013395425
-0.102764570909017
0.358833381738732
0.77692206733217
0.642438233055786
1.86753411398141
0.0618930708755693
1.4920210380934
0.151793499349194
-0.1316786890778
-0.549540638342533
0.576864797035736
0.251222168970633
0.358032692922462
0.905035537990721
1.39389294978662
-0.372239012402856
2.08630957194055
0.771338254601126
0.933836398784331
0.56199098005183
1.46005834317057
0.49431962527867
0.512507116735242
1.4808370635577
-0.261642765116222
0.803494318656934
0.875526397255265
0.920105043664047
0.743915219997211
-0.00708612492274782
1.32684540698185
0.828703503744612
0.639819398620836
0.805223725737591
-0.064488174135585
1.27943596768079
0.831179265421423
0.0176961860957984
0.914160851887933
0.778502006947909
0.421068167140811
1.31509673856164
1.33041181655569
0.625117381533343
2.2833231260007
0.157981926483854
1.15035234830267
0.721327872663682
0.900778144188534
0.515520977226906
0.352035639780133
-0.0476826452395546
1.39614950785727
0.265448940963937
1.20255157004826
-0.0372070100877385
1.7494555139021
1.79113100194532
1.19385715542904
0.831557909082745
0.755523075256997
1.63676153838993
0.847856227502221
1.06874703340841
1.61084281900771
0.161992294851445
1.00952018576369
0.0658335375787602
2.34245222558145
0.708281014787356
0.168894128229786
-0.00220630056254485
0.158896198766168
0.322591343722745
0.861694003378905
-0.1273928943336
1.97598960641488
0.877189627261304
-0.0561435223431931
0.49405586392209
0.0718595263379993
-0.23133454285514
1.44464172230175
1.13584284137114
1.01478242598852
1.10344723675437
0.901291548729178
0.607744477446711
2.2879175464593
1.98544015638044
2.78888904614116
1.32133271637737
1.36757459829254
1.38434964138206
0.753477443213741
0.853572936367122
1.78399241860527
0.259401586197744
1.01025640997349
-0.077103588261095
1.01277020860383
1.82750687189292
0.488103941157434
0.516624138932692
1.31553652903659
0.240598743912136
0.127894608874878
0.360161317472829
0.410727163189262
1.66759616991838
1.4429548071101
0.600509591900038
0.67840833650835
-0.234885551746147
0.83386746867188
1.33913654913143
0.133399656983292
0.689561014924832
0.72242931505291
0.78211360520006
1.62285917850787
1.12639834036884
1.28426553881937
-0.145003823751922
0.940639982905932
2.44180825292383
1.18806295349612
1.77642361784283
1.62621931748085
0.809997371213287
0.429852424877027
0.317400122659906
1.65518177361378
2.50491055152715
1.82676188666171
1.87986510335464
1.94161830397266
0.203346648390484
1.06725538716618
-0.0431320288168224
1.81331686457056
0.392045972778836
0.555238332834789
0.388129223776317
2.14034500923906
1.07580560434093
1.87886980622254
2.07208220818999
0.993770404142487
-0.00764494056321906
-0.324344297188677
0.245490309554169
0.883111868320999
0.643327301604484
0.00182107241678618
0.421256347630949
0.294555330397785
1.21697610122674
0.29031264095409
1.27814748034669
1.17310232327768
0.80025045200869
0.847643072651799
3.22198757420728
3.05687617920929
0.607204507651675
1.23999230271066
0.190452527202923
1.5511927545432
1.28394439387201
1.98004145193801
0.750027675576585
0.115638441907675
0.220213869560394
1.3205056975342
0.483354522215878
0.54027108596105
-0.45951204798739
0.836292830055857
0.752722187324531
0.143195505465948
0.731932503123781
0.221184577398137
1.34918125369137
1.42756895749337
0.3354237344263
2.28573299169695
0.573604283034174
1.1641805254163
1.05363782074765
0.0900966683709586
1.7584373554899
0.396319686611147
1.49183594033681
0.363552482023139
1.94578866823584
0.804566114082574
1.74841953489451
1.44384834254569
1.44637410201
0.486135638399914
0.966464302220915
1.01615122004661
1.17528199861959
0.857830502968137
1.66781741150886
1.17621502287255
0.62406610626847
1.55390124370551
1.92956157312095
1.92689464734699
1.8902242864645
0.0558272398027435
2.12710998001525
-0.0122468153337358
0.121269452407756
1.67741219073753
0.500137808905106
0.602903183198243
1.32924183134885
-0.573572722062342
1.01879521700494
0.703190060535915
0.396216470312217
0.632436266128979
2.93203354444238
0.980469809695199
1.04944268444643
1.40675544193546
1.86200336410957
0.887020201926598
0.875998581907151
0.430274936102107
-0.00583950827304923
0.310118530800125
0.318930869667418
1.79333797139587
-0.422301548381866
0.193098291711423
0.848268985491936
0.979556062779926
0.252981764442079
0.617172652453597
1.68143393224399
2.03281023869753
1.03719049954958
0.638638452311826
1.65852002893548
1.90095049431368
0.341935042853054
0.490251656958462
1.88916840561186
0.520853250520386
1.41247768738372
0.764250904058255
0.028480368755444
0.628225027701653
1.19691118855649
1.4195231540756
0.011999359786825
0.771821417765819
0.344898461912513
1.84209596271805
1.51768889143913
1.7580678288486
1.5615200199982
-0.303118838384093
1.91902658584185
2.11676850570973
0.250576248182877
1.74422794636266
0.750300592775135
1.88125961640383
0.0747175013705718
2.02861165981283
1.43128771338789
1.12028969634138
1.44590534895601
0.842302157937335
1.85260261195734
0.823318153510607
0.613518635231175
0.672054937841686
1.94842307367542
1.82216108760687
0.337354802581508
1.19110360048309
2.01749213139653
0.875395980145739
0.961508040133539
-0.356414179202383
1.42767881491908
-0.162309829240511
-0.00252076915991816
1.92784375802127
0.742533246998246
0.232207140445717
1.1552210412126
0.713657837354529
0.0459706952051772
1.60630874204331
0.732296260726688
0.734189027734331
0.450745083842062
2.4887682605262
0.21224945443964
0.18880398383666
0.638272805684346
-0.0420917761505498
1.36443278569534
0.730516669629466
0.598246583913208
1.09849078902336
0.0176755239458741
0.813722749212208
0.014884151381551
1.00340774933319
1.00203956998872
0.824849190140076
0.954616277641118
-0.0728326150060414
-0.141567454097251
0.77647398045958
0.489775879851065
2.06166330900919
2.87532246313466
1.14947089320762
1.22617145580283
0.559497944528829
1.04767048497331
1.3985972265038
2.08288307216711
1.13789990094933
1.33917532482632
1.210378420612
0.934040687449395
0.73512364840717
0.961286059704689
0.321493479418477
1.14263712630047
0.679841901228853
0.342182917364204
0.807540961361938
0.044685584642168
1.06073548437206
1.2070255368533
0.292005268028113
0.026031064242083
1.2567764937192
1.12908076824446
0.894766990826501
1.36680948635345
1.18988017914824
1.17573180438147
1.87815339947099
0.566462058841584
0.00481788036597071
0.911941785334895
0.854564347882451
1.06824923614349
0.013657251609376
1.03310047843074
0.154565632983085
0.9796589657055
0.740698802417082
0.829490469005887
0.560581225419058
1.88934422125851
0.0458534923061575
0.567398703705697
0.208823919729781
0.562091249012709
1.09768455676235
1.74510795987023
1.39491351821314
1.56124442431719
1.64995879476189
2.34569573282631
1.13152179230501
1.04119374442953
0.998012726753118
0.702026472080952
1.35698847225998
0.186505233478664
2.001012111323
0.469017762691844
1.70033814150639
1.95742291047653
0.444487259665747
0.308370950890404
2.24772935435927
1.00493047116736
0.930772355111127
-0.101750588132592
2.0464697202025
0.810497308870408
1.04206242549735
1.06252498567149
1.39739538250806
0.869092845558179
0.909425736779852
1.04385367301269
0.174073841877801
0.16463489587317
1.17320972349679
0.0155295075030849
1.03473454212209
1.45294342880002
0.719983897568342
0.480197553994668
0.966004702157375
0.907459663771822
0.793089871571977
0.240598780883677
0.36615800808414
0.257124367960456
0.953564973212229
1.87854431015055
0.456719435335038
0.856419400801435
0.00519153098580371
1.82379468565118
0.16841519115087
1.7671918006097
0.756282464433134
0.612881942756834
-0.167227361402242
-0.0708737947201917
0.824562655593045
1.92842824296931
1.34611452799424
1.04494749086612
0.262144664302481
0.570908060005768
0.485092481525932
1.29132538691455
1.43350509497967
0.474501429455047
0.833285493366465
0.573770666235218
1.93882708323263
0.419257101823649
1.80939155009018
1.23673015172179
0.788348786157046
1.60906965560183
1.91660262982143
0.40820919229312
1.83952352515141
0.621201979664258
-0.543669333237316
0.826113664728455
1.92391926365542
1.82102817594501
0.359114928482471
0.920503552737134
2.32479250700539
1.59229016297108
-0.224773734728182
-0.0503204831602529
1.05388735573813
1.03585279359227
0.300572063941622
-0.271714597573972
1.85322040804469
1.63863221310823
0.857953408939681
1.00326172468768
1.23791724385349
-0.124721220153154
-0.195706946253843
1.41371799081091
0.286844234629322
0.160184852663215
0.224437892150365
0.639814270370612
-0.363771367769276
0.749239401358543
1.12424175664017
1.20254875605329
2.06923759974778
0.94266222686142
0.910219953107445
2.17556369836596
-0.351285516996662
1.16799618945806
1.07508253639381
0.602602169075079
0.58267529528983
1.36637948620494
0.318856532817047
0.011763750867653
0.534839367542647
0.97230281467793
1.57816399484257
1.27963487107622
0.247521265960502
0.237828943591113
-0.106931832781807
0.469104631536159
1.43539291140239
1.86933032744899
0.908167736028746
0.964823601999029
1.06666680482871
1.06802174907376
0.717184165297414
1.4689937167118
1.68857526200374
1.84056173494268
1.25248045320809
0.795012729090918
0.806388284265423
1.09095316171974
1.10938804849337
1.19925502873541
1.05196637198821
0.917170801838218
0.98596151161738
0.85782995283369
0.791492100194969
0.97776760589571
0.41404926234593
1.30555332368548
0.918846279814368
0.935851372678575
0.534987009365049
1.3650829530339
1.31052667226368
0.595076227597831
1.27656961824227
1.59047610452764
0.913953260409418
0.887325013835862
1.03578211840917
0.608898445463729
0.97452081661374
1.03050281342694
1.73697213978826
1.01051004480474
1.410313800558
0.805363428511462
1.80826242577944
0.940052347497114
0.40200933155256
0.56937191907511
1.17835293015187
0.650057389600112
0.967334440250404
0.781566167514064
1.08313320838342
1.12546706192013
1.03726148129103
1.17209717005449
1.09790457250664
1.07591114087618
0.907182938716843
1.05957652561424
0.796730894952328
1.34717685191271
1.16068730661481
1.55556943992588
1.28652053028728
1.11940892097655
0.773380907305526
1.28326165267934
0.791574484528121
1.057374768436
0.882708170207919
1.26712710005887
1.09675987108104
0.996426974489232
0.96393066382878
0.991044560119911
0.92706236874693
0.99953364708478
0.874380011209439
0.917222114443245
0.882450954002332
1.08545150724671
0.712494390184244
0.761656730636284
0.882253252380441
0.84156830885476
0.474238397350979
0.696454555527806
1.52598262390555
1.18361012569404
0.968004938671728
0.972272637540274
0.957065868943336
0.960361550005319
1.25454043104953
1.51347749248478
1.55692953830773
1.0509375591778
1.07221981126154
1.89604674606964
1.90315621410206
1.47850040583969
0.883088811092576
0.92076666828827
0.917658863922173
0.724133633326325
0.710295165822966
0.943089938087131
0.920229561033724
0.691521308003782
0.464113375552382
0.608646885829744
0.964002716112604
1.0467336094761
0.912453194377524
0.920195518264013
0.718676716818108
1.22157766103157
0.289881385055209
1.36307101254912
1.34179723515816
1.64883021070026
0.523825495050976
1.3998895494448
1.25291133095824
0.875276042430285
0.678576217945875
0.754775415083874
0.867257866246774
0.931968440012738
0.618795265731416
0.632002810483317
1.18949734913051
1.21193278558113
1.07358639721491
1.01944348113069
1.06353986305227
1.59599445406002
1.40974170654654
1.22032593954599
1.38201610027668
1.14912639899652
1.20230633465118
1.07696970317617
1.13863732231935
1.16382827330968
1.02739620207768
0.727274583703508
1.004006865364
1.10347741123473
0.952027595986193
1.00941069294495
0.937037778292633
0.937198455181935
0.97482394115167
0.708731289143813
0.460295252072271
0.470592955090243
1.55466135574543
1.25655334295022
0.949951766248621
0.864400355993842
0.915956057128036
1.34722184898175
1.14660054484754
0.701415691507475
1.07634874219622
0.85766407871192
0.837362466403779
0.917108663701185
0.669834352922283
0.737957254688483
0.990712484870422
0.993201157983094
0.954540103773871
0.931598909025606
0.96477657036212
0.975668651044814
0.827210419963283
1.62509846499303
0.620436419941572
1.08595737774932
1.69664717953747
0.251661631294481
0.593284130812225
0.742858368289906
1.18309308680783
1.33984738556328
0.54900186521301
