0.79429019402711
0.82390803358051
1.0678231834107
1.10460656693338
0.301664891046016
1.16171534567732
1.37278320643361
1.50753284293012
1.64012353353626
0.171029391333782
0.303827884447316
0.412070439821318
0.925429116322706
1.30945292812788
0.875321071058951
1.7620787693232
1.78850818744192
1.59881828283567
1.05663642738335
0.842562397229882
0.802760858952506
0.722050310349435
0.97975901016061
1.05907860295308
1.60046193293382
0.858966136962933
0.546766332184645
0.896624436368088
0.395345602716937
0.605619326125376
0.773068239151284
0.881392343341744
0.77304277118053
1.17724936148577
0.897767900362344
1.68319673198707
1.79063523498585
0.877339187704869
0.753945848699079
0.805216267774326
0.82647428532754
1.31081267291407
1.3243544549733
0.271654516544071
0.885171688832715
0.59128596619966
0.164474651044605
0.652093937859436
0.504849034314882
0.74990607875466
0.302834803236926
1.05266824519231
0.928113078674501
1.23032460425163
0.621869726637567
1.33309393268836
1.21992722953634
0.909726013561833
0.321646742072649
1.18377963833553
1.33472219618266
0.891798218067351
1.08212681220691
1.48381117238177
0.299516210070553
0.916982820364664
0.635144196437163
1.71868290097173
1.65165356384918
0.389340143906315
0.700673877264999
0.75277101735241
1.14404590177439
1.12801656917611
0.485453957645865
0.897755439798035
0.894835044972392
0.750519657248687
0.727945540173277
0.483842788515648
0.883811353120672
1.08072647354651
0.781268231076524
0.990887011694701
0.818046606751208
1.28782928742004
1.33346827616922
1.71555258161159
0.232215012680497
0.5012377564694
0.781146543236381
1.81260511829877
1.24742872572579
0.854054164767294
0.794292695926847
0.830446947991485
0.688790912155231
1.10144156664632
0.844775428993762
0.292063213162946
0.982241060819797
0.816834449159712
0.893636260184182
1.14069758066337
1.31933824997416
0.921821931431026
0.241114228018498
0.318184623318936
0.352125722344608
1.27517974882553
0.788922241213619
1.04575272294112
0.14927300443014
0.917477377264077
1.47409152791372
1.18056978461882
0.891865233780838
1.05124893803003
0.940073071986159
1.05570740190936
0.999288735845522
1.19311015559519
1.20373244590812
1.2803334665062
1.13975988675267
1.04406686179219
0.870182420536387
0.926158692698263
0.862329865474871
0.865446303778649
0.402765864523905
0.604180887839679
0.422270007974653
0.832374662306394
0.799730624884913
0.851732982012728
0.516098496970295
1.00013390574445
1.5384379307324
1.86730268287783
0.989260001358087
1.70762037561231
1.99707940083664
1.812197800892
1.19161809691861
1.70139358541304
1.06528754592058
1.83621188202411
1.19022572406676
1.23060046277872
1.68632577336636
0.430420895163728
0.108669395559545
-0.0464094716648934
-0.202089617540905
0.849022278546046
0.361934953864646
0.459783842924343
0.314056024642918
0.458815463598263
0.251858450378034
0.400585112640228
0.72591460819476
0.684247297190613
0.537757803014165
2.669529292899
2.65205768121261
2.14193900101967
2.41447908360219
2.58644083350312
2.96327745607639
1.82804500081133
2.13433480944796
1.95889274050942
1.40834028410012
1.32954462283211
1.17430232036189
1.50606950523572
1.06165951253466
0.816111972813603
1.3334575422869
1.64220705805068
1.83247433565041
1.31598571968309
1.36995885651125
1.47779872883283
0.755210684197075
1.0548909368483
0.15068918286068
-0.219312372889006
-0.603906399042245
-0.463187030735722
-0.440224960806852
-0.484369669266097
-0.427385347044328
-0.37294067552461
-0.306696411368049
0.209470691324617
0.431726053069658
-0.204378378967076
0.617711065787164
-0.524357119611695
0.182776573987816
-0.449773465982625
0.359927314978558
0.916615972329934
0.0411209341214396
0.152942626423985
0.615088657657483
0.341867651702657
0.771264349781881
0.964548651837378
1.19970294607522
0.848658594040635
0.718280559200515
1.53047498124527
1.31901359466103
0.984533786679069
0.420902204140546
0.214994041588532
0.388594805815089
1.08397223700227
1.61605220346724
1.40036374347873
1.82843112136524
2.02079538809705
1.75322500977714
2.03215312132389
1.8261363307546
1.98282481116207
2.00659585006072
1.77063268204807
1.97469887434462
0.389452509353981
0.374238047842126
0.0680025948369283
0.206677758117062
0.225580051712295
0.658996562317466
0.108395747291913
0.304321003545249
0.17180025647542
0.293652057301872
0.666151271237355
1.11384391593694
1.0984300317512
0.578749688666172
0.313687952461369
0.944932907021598
0.914579810961044
-0.0528195348512817
-0.03562768975576
-0.15698487526188
1.47129027381301
1.11743310657011
0.988880789827075
1.19242318886281
1.12276998072154
0.928420138852059
0.942304757641254
0.829288872157883
0.609543598184211
0.093381703936745
0.0227495772390237
-0.305877787484953
-0.0947887596250195
1.4541702423506
1.4163486045944
1.16170419221852
1.25168606458518
1.05380473182287
0.693088428507129
0.448557859126706
1.91906281228535
2.35187207018209
2.21034578894429
1.25350462290101
0.917208298331357
1.51573675068018
1.34585151967807
0.91782707259674
0.965925721330441
0.788322702237302
0.922872857672359
0.763953730251976
0.882391037367206
1.38049103398938
0.905535450540281
2.11191586464196
1.16381301919374
1.03611180602865
0.867112969927799
0.674158581912527
1.57032200736636
0.189719870798281
-0.0970374092972624
0.386371151722404
-0.458079515843804
1.54369612896976
0.615211023191935
0.760944587333917
0.801529668637986
1.10998594912988
1.94496543795806
1.15161085099233
0.712838826294124
0.951859440351618
0.0965157333806084
0.498360992775232
1.25477407919841
-0.0923249081293976
0.562125606344865
0.978342275964249
1.4462966625124
1.20152882104499
1.06919354476995
0.0153638028441307
1.58706180985713
0.861708784332437
0.718551438953035
0.942346928103281
1.88297088354455
2.31531002141198
1.79309831549478
2.25280774585831
0.552218097264149
0.314815459820121
0.9517151161271
1.0701533998435
0.242505602277517
1.89344066396563
0.375622399524658
0.318288355747487
1.0674705987422
0.812209157633949
1.97479074202589
0.429493718146294
2.089324503878
2.45475501771528
0.432014537585879
-0.0298729577553683
-0.0366617398321988
-0.221384779241028
0.0686477187277683
-0.408611105957282
2.12255321636835
1.80369089708688
0.623261549613768
1.96113684967444
0.0535808020316537
1.2315398479254
0.0570236989759502
1.51634433634226
0.614652885865558
1.05276303524218
1.17447922432785
0.742529572385318
0.879031207546002
0.301706911867183
1.1448144493984
0.96752320703714
0.919867781536182
0.989308982326223
1.55832265639827
2.10207967786232
2.95239692957951
0.00347686496939205
0.780133958885028
1.04655346722206
0.705161759284924
1.95811925676323
0.972486606063762
0.7425557936564
0.724664313118819
0.914717452593712
0.827224823810247
0.524646271995866
1.01983773939237
1.62585435333089
1.6653411659709
1.51888717764974
1.16647240518345
1.02383688579568
2.06900050176309
0.785289068670604
0.0667653954503327
0.220257053411121
0.549577228126962
0.881884460997853
0.767605707011504
0.802237448355476
0.605302680997855
0.579515473451687
0.859832911722734
0.823882308731964
0.562380910199829
1.19983169708433
1.02403684098469
0.6087992641083
2.79000365877832
0.980235037670084
1.0732760632599
1.36311551817047
0.601163808018608
1.95284207806305
1.24759941280296
0.00469548743324793
0.0224021075252345
0.332093723854354
0.136210434356644
1.27940559291108
-0.0117676096641596
1.02140092380378
1.09632782072422
0.899732950786673
0.65311035277224
0.890814361182213
0.464081962707196
-0.144955748599693
-0.121717314585246
0.0688622694814175
1.28315552900861
0.962637344757944
0.437301455342201
1.06209556894596
0.906591097683543
0.776712994406428
0.796633605604963
0.92159208334145
1.25410681266978
1.23380488159485
1.1938096174169
1.24667116039338
1.25074662416197
0.0547252439128205
0.440489624037888
0.879271130140986
1.24496677324706
0.374800325871286
0.701868179862735
1.22912247392751
1.93216782558606
1.900716595085
1.83089712343884
1.44603543711133
0.903775314406233
0.990150684832403
0.580824632766362
-0.498918199306342
-0.447259451434437
-0.278071789199968
-0.0317838995248717
0.622596845600012
0.539939341103005
1.26205164328449
0.702020358724413
0.95119953627775
0.43084226871938
-0.539807350118779
-0.234167716693598
-0.592945405382129
-0.149213048436887
1.65575642219134
1.69491166675405
1.62325962931443
1.38625525490384
1.41796324312236
1.37064629049256
1.26707159335313
1.11343376318814
1.54116393175627
0.638015598385117
0.659536352257506
0.345069047036485
-0.104624514321244
0.841090406650745
1.76333342399408
0.235537867736337
2.08910298050539
1.99346514495225
1.28131089833486
0.600645689360576
0.0238080298291432
0.314648362333629
0.692401233305178
0.690207279122432
1.81250016295274
0.785459597253053
0.00428043172069805
0.0738748460253281
1.18045592293332
0.847767027348787
0.477437979091786
1.30478058332351
0.156146192925928
0.615599628392334
0.823663579374127
1.00897871050875
0.251388669236629
0.792701300924262
0.833085717779862
0.795593180022337
0.899158236442413
0.188606991222953
1.31434711454665
1.16353187932772
1.1195336369756
1.75455387936233
0.610651965264169
0.730262978614765
2.11053547744842
0.126970580129377
0.0378755402932409
0.215270289618674
-0.125683808904073
0.745066289136608
0.501579213309206
0.00602938155111054
1.38612324924945
1.62718297290086
1.42293728411395
1.44787085696292
0.957160144411228
0.236575831483633
0.581660400107045
1.41015094699119
0.623294215843138
-0.133250538880312
0.222333880422864
0.69461260198461
1.60783497373182
1.78573957338476
0.711849819364961
1.30610115336956
1.95903711344219
0.588005255532116
1.01980561109561
0.416775356140915
0.902893492608849
0.085193750612025
1.48538250086517
1.94120537106159
1.65812572128007
0.984514736181288
0.917508127430778
0.857649808089071
2.37091517672824
0.236772950044767
-0.0374816419034763
0.291977488736026
0.75019764657711
0.639654276141073
1.85693537261402
0.0576198707953106
1.48252392259709
0.134096836882082
-0.135273468101405
-0.5251874468053
0.594623654538867
0.299534311408394
0.311487286549059
0.896835180114955
1.31596889119662
-0.358092260931025
2.065365753048
0.765725531800565
0.945071303174095
0.566632543040398
1.54512849145682
0.501375368637188
0.482225961502031
1.52210330359878
-0.280525790523409
0.80674845140306
0.857669360584804
0.900558938195988
0.697388661981476
-0.0197896012422951
1.33451194717681
0.782078594713161
0.724566846294947
0.765830114884711
-0.0564431719087711
1.25026319341469
0.87201834958353
0.0627334657743791
0.955000644353328
0.762107276959594
0.426289581550169
1.3472776488856
1.36465182541043
0.634070595605443
2.28231271228934
0.176185693191111
1.13458183011744
0.746310288750243
0.893688664502052
0.492078130528027
0.336164805708957
0.0468791506478926
1.39080245363255
0.294950411200053
1.21467903383955
-0.0197366233651903
1.74338121980067
1.77697955690994
1.12418587228005
0.789133538816924
0.697134372310766
1.62157439398932
0.851966292835532
1.0265449446664
1.62498734956357
0.10512199581645
0.869357893787367
0.0457814401069716
2.32551271674895
0.709853319268889
0.093060171474448
-0.0673274923423715
0.202578076560649
0.331314043947375
0.858511902684731
-0.116004182648448
2.03233191688844
0.898797494791026
-0.0821380723502492
0.450501853081365
0.0298930214439141
-0.231376727632578
1.4369860371124
1.14720125651239
0.97514739241679
1.09210816320916
0.876342121628722
0.591478657012103
2.27212475221735
2.03866789196668
2.8091992299771
1.31920957194632
1.35149561058237
1.37309151671327
0.812011657387427
0.880629672037328
1.8571810435651
0.259889662772516
1.10379197398509
-0.140961384393359
1.06967567520758
1.8355192765928
0.467206685808237
0.481955788992962
1.29382828442338
0.201005821197437
0.08252296308139
0.291929974760419
0.425436187038411
1.70946543753571
1.4582294032033
0.548540417928744
0.666517067578402
-0.224542674536199
0.871474914936431
1.36655743572253
0.145894904935049
0.667240104546072
0.723153777047539
0.775910109524608
1.58885606224082
1.1394744838278
1.24459604801052
-0.143143638247484
0.995544949923347
2.44602747988423
1.15854668506611
1.82192224562374
1.66839782645085
0.825642781633604
0.4416275860523
0.300511754425362
1.64286433729085
2.53240623341371
1.79717875246803
1.86239509922677
1.91906107437843
0.262505784182147
1.01371003237477
-0.0670769245451508
1.80976333482131
0.412817295468656
0.549552506030743
0.371338235342056
2.17889892697288
1.0920579867651
1.87543088280377
2.10749651548941
0.87845647756315
-0.00323439112283048
-0.326419637752298
0.265252129479973
0.884254404895458
0.620818443976357
0.00471265504576506
0.402756671789102
0.249585698476653
1.20473631289353
0.309383354842217
1.23381448355238
1.18339858652833
0.764202081426081
0.782009372539758
3.22419148087137
3.08383417992175
0.633702690350077
1.22690408035445
0.172365575345923
1.59125152872026
1.32213435443204
1.97410081604307
0.653643948617673
0.0831422324373605
0.243906388453764
1.39890744837182
0.516231084718887
0.554240953300549
-0.481621661025532
0.78300778487683
0.72741809318233
0.120227229299384
0.722895876557366
0.162111733232476
1.34246101095969
1.47836685503154
0.280576157282225
2.28556930123592
0.607075548298346
1.14695711406474
1.06209767961015
0.108358148280603
1.74941355812137
0.416850052252679
1.50482728827459
0.308210691955528
1.89946013549788
0.820248337891194
1.7016025741673
1.4900320453066
1.46576820359207
0.479879875004747
0.863194134130226
0.924915255151599
1.07217455573761
0.874081214556215
1.74007643378627
1.18351446693466
0.620414134359906
1.55758243799798
1.89951761137146
1.921889208
1.85410193668101
0.00765916338313363
2.11035504625304
0.0550352530324894
0.128139042537214
1.67868318309619
0.509225724372563
0.562123277648437
1.41985264496043
-0.55138535836208
0.997926585006958
0.716306674709523
0.419945313479106
0.608508018632719
2.9218942026704
0.977374693761745
1.06569322874992
1.40255628872945
1.83540721184897
0.950239470193655
0.764804532070598
0.452061750435072
-0.004177893884582
0.344566277011564
0.326212335012983
1.76501359885972
-0.450670344367957
0.116987146154666
0.856733091678805
0.959115822154745
0.286328959319143
0.632000671896974
1.70045950646676
2.04467431679603
1.01444878718621
0.657333805439378
1.6393349000072
1.87018267013873
0.370585707833717
0.508559020366987
1.93311853864171
0.509538903028349
1.43350327542422
0.817091143746343
0.0124273443160471
0.604632342668278
1.20342397820361
1.42772598816107
-0.0133801795460408
0.791002369148952
0.377046228299979
1.82454589967915
1.51443680731123
1.71815194812667
1.56005129780416
-0.301815847928286
1.99357962803301
2.08710573510683
0.27135634548692
1.83180390474469
0.762073326645668
1.88121015906983
-0.00064869922925763
2.00662295042951
1.42187203884322
1.0545229165574
1.44921991807153
0.906354443835949
1.89483271629879
0.841213923601064
0.620081012516973
0.670457949987976
1.94659279738965
1.79910237882899
0.341218348142293
1.16821018442361
2.00299158732149
0.787795293319661
0.945186347904858
-0.337390435547717
1.4445017855344
-0.162556900593405
0.00861510421769681
1.94938251375394
0.784305198299785
0.250464391526691
1.09826453844625
0.713153659098841
0.108209176969779
1.56430342591777
0.691507575710428
0.695261327460307
0.412109546969317
2.50726778610325
0.202949530315481
0.198995341224805
0.683506515526779
-0.0306271796779278
1.3225351813057
0.697484374309948
0.586932634964719
1.0206082819517
-0.014964021174317
0.759552431389417
0.0171729178847623
1.02888712193062
0.995693399403907
0.765193968728641
0.979810326103467
-0.0301043906259701
-0.150259410721155
0.83185590603932
0.507297048116803
2.01970838746839
2.87000139792098
1.15394507005573
1.20102657744868
0.608225454440917
1.06703325108574
1.44318750194205
2.08791116599984
1.12951399334907
1.32029056828892
1.17118731049445
0.832256516726368
0.727722543875397
0.871011357666314
0.318083149217053
1.12533768557462
0.693246822406607
0.305080319702387
0.801551652851055
0.016609113054644
1.04723035188249
1.18551395132756
0.286321433876081
0.0635386626656789
1.15859879421397
1.02230263458316
0.779712077909147
1.3585202591386
1.21700671296316
1.20980649211165
1.90167707387711
0.580991484288098
0.0367476991955153
0.919076130709849
0.884217374419081
1.07936537073741
0.00286462879297956
0.932158128442525
0.123843581267149
0.997971548513494
0.743173157863801
0.821990326347971
0.566507781793844
1.87155821826144
0.0195495966092087
0.589449650683074
0.225287837211657
0.554350328096789
1.07035957104906
1.74821588855356
1.35961831146948
1.63707718668607
1.62678162458235
2.39112036733708
1.1326249203666
1.04982205605089
1.00538906502496
0.647784390567752
1.34078794518076
0.178655852003051
2.02565610522003
0.413586813244804
1.71343588678309
1.94931479331257
0.449401643551232
0.343071261132519
2.28632581540877
1.00351026739698
0.837652607390465
-0.112579868963708
2.02869082602556
0.809025058850692
1.02705692203909
1.06013954997854
1.39943129508733
0.765371125531932
0.85831949090758
0.931945437439933
0.153741532446352
0.167280322222551
1.20908160737496
0.0401147405536714
1.043476111694
1.50083994355369
0.702011415426647
0.485405338139577
0.838474482434584
0.928432182652358
0.812721746081503
0.181354018262212
0.290239474990026
0.185343895710021
0.883774905674048
1.95386684107815
0.423700073787297
0.83701823467109
0.0439024732382881
1.8166811979449
0.171290286263965
1.79789521538114
0.701805490541804
0.534760259325644
-0.215386472694386
0.00967662243990007
0.809242247479143
1.95438833952624
1.31975917137003
1.04334920104356
0.271324849376971
0.594035369325593
0.486515562669402
1.28374917395098
1.44684474912341
0.473373591739986
0.805923646387458
0.614127789261831
1.94586968716692
0.358295700217633
1.85315977460096
1.19958110930071
0.783188608733148
1.6174628104489
1.93788559469703
0.388958271797057
1.79920528795691
0.691441609092174
-0.569603894130098
0.809820621524166
1.96222321989666
1.88356039943149
0.353216045848386
0.972517624546893
2.31902708368226
1.62376772755691
-0.212686609108168
-0.0141081038132434
1.07073345478685
0.894578385894553
0.228392059809935
-0.275055593964471
1.8353563691219
1.61110669528255
0.922338256592277
1.05922882245767
1.3124730516839
-0.147958993733199
-0.213941486123275
1.33546111242654
0.218443490826642
0.0898683444463216
0.149519868643992
0.618823003150036
-0.325980618228736
0.820229498385298
1.10430443894877
1.22551002256393
2.06659078897906
0.979411233970108
0.844267088393666
2.19369063456997
-0.369767581547164
1.13366563175734
1.0829025823133
0.607828998665313
0.612669527917953
1.35443835455536
0.345851810826601
-0.00673888420729543
0.552508163238396
0.942383006465296
1.6296462471353
1.3153213635643
0.233558759559029
0.209524429480098
-0.116961346770911
0.409327534437565
1.48993030438053
1.94814681361379
0.83188868492615
0.858087415516234
0.981556206148621
1.01454960139073
0.668170071035203
1.36667672357725
1.59473195273733
1.71120642689357
1.15278269481066
0.78061093712002
0.772552079120693
0.989504740602589
1.04504994253456
1.15423549303747
0.987712890152685
0.850225154949825
0.896137511865702
0.773536796460061
0.803942114639327
0.956381055889538
0.438163545992944
1.2292285594389
0.852635169664533
0.842431889535577
0.451710282525214
1.38281193437313
1.25418884949205
0.555764799219159
1.20586364225496
1.59819199925443
0.817889025432021
0.844073991802122
0.975623094341471
0.598417611123733
0.997514957175499
0.94856384572839
1.68948663645961
0.866631204984584
1.41117443162847
0.865774448025904
1.81086346982536
0.892748622486749
0.422655138311669
0.518289787355278
1.11102730570557
0.558109743004942
0.861642826614812
0.706501175126381
1.0140785632366
1.11171585038945
1.00229118680017
1.1668279680863
1.03103009530686
0.996144513880089
0.862302366882615
0.952730214460504
0.712643981099043
1.26028265562877
1.06266038649956
1.57933117940672
1.25821356510383
1.07493941363177
0.740871116302759
1.1754571638459
0.780109617120092
0.961100457368932
0.821146999405398
1.16681083407458
1.02575839010031
0.869011280945563
0.859798258248909
0.868605279938126
0.848581205095889
0.90395097286998
0.935617710350317
0.907263073821084
0.897423801486153
1.06914867841765
0.754154953919176
0.780434905665375
0.80491758400893
0.786976378502912
0.398654987250182
0.623019751316264
1.51962882262281
1.12938320668302
0.919712830650386
0.899861714445529
0.83398385544196
0.848918687268616
1.21922060416177
1.45574886288657
1.46923321825115
1.02333110226016
1.02326855122965
1.87889048387979
1.84214873395243
1.39233081976692
0.815876154051556
0.855468103150806
0.831258573545194
0.712920865102314
0.688095021281121
0.890717009571829
0.861240297375213
0.687933972240287
0.454763183077667
0.599348848447831
0.897036572951556
1.04368439944431
0.894740287240906
0.818458214952094
0.643409922942669
1.22797408932194
0.319861191478111
1.29312589068566
1.26752048427834
1.67398370057371
0.438457824849
1.42250883689222
1.19693210712205
0.803615634527938
0.59645127748294
0.830431505214274
0.821759723267283
0.834183930289482
0.622838460448668
0.602114290191878
1.14259206533623
1.16951234883313
1.02135908463741
0.868281665693679
0.988377646673942
1.63868449607296
1.41711374179841
1.19769506797445
1.37381994203897
1.09689777771264
1.16278923742427
1.0418479766503
1.0870144127677
1.06185492431974
0.976417857916179
0.689100765070591
0.985518102914696
1.01887942002803
0.874987697200546
0.872078644370856
0.899242236334996
0.86327940581269
0.929728158824735
0.770815780357993
0.379994167937888
0.400815432266658
1.55797312260558
1.24586338824532
1.00515860559413
0.777187863680903
0.813244236291524
1.30286357542173
1.0767562160402
0.645996680186616
1.07560696065741
0.916783685040845
0.875921199387452
0.948656075923339
0.686896056879821
0.729695202140112
0.85360469961914
0.860941991706967
0.838394546624461
0.844805659004399
0.857445835795203
0.886546599949783
0.764673498053779
1.62507661040606
0.631033806081084
1.02401198890559
1.65547715553328
0.291026233947004
0.595314805510429
0.737004363778354
1.14293500052226
1.28489113516991
0.503883429803003
