0.747685799863453
0.670570950773625
0.824318604441528
0.811645075199737
0.36449897012474
0.805213621020874
1.0189685625973
1.07781096459463
1.1481061700025
0.40649507161993
0.476281665932073
0.500037969398338
0.641411551816176
0.82999596425671
0.837120282471405
1.16531689104037
1.15514649842725
1.07021791102164
0.940868793728868
0.840146787669817
0.780586021965653
0.655530815052408
0.723276914539335
0.804674110614423
1.12196376745627
0.682398989127942
0.480879755223261
0.776294699424332
0.439805792897264
0.723073376700074
0.717592708346957
0.663863998976339
0.570845602701965
0.803949365298683
0.757864442808067
1.18114875814013
1.12659870319127
0.596250830983671
0.692490364565309
0.716007808633524
0.715667785105601
0.985213703965343
0.854313962560938
0.406942509464061
0.711879805434537
0.532605783600647
0.431277745056611
0.593290920171329
0.506847889579179
0.789676223803665
0.420971243715043
0.917572160132482
0.75763138023326
0.838596874856827
0.516353448145053
0.851199478183135
0.839341666167783
0.673066964254381
0.430712104241608
0.799248295115554
1.01519124516086
0.608136673564084
0.908474825442069
1.05888204168176
0.478128898422282
0.889996127917386
0.564021279137884
1.18073369177096
1.16365286781292
0.423535960755818
0.648188081885364
0.667826067439747
0.801606871115197
0.775316805081518
0.450361939176672
0.725146412144301
0.691227271510768
0.705854373790696
0.541085304806294
0.462835264225909
0.669219136839361
0.71998642750966
0.681578114865776
0.797412809634719
0.73039458015868
0.849348188313186
0.853631365213218
1.10057532348157
0.454606881661335
0.515376317998102
0.805748651600675
1.14375395400059
0.92797905609546
0.665115998208409
0.734097714544238
0.69622485909521
0.552251102458694
0.734805292851937
0.590933335341309
0.422739213949396
0.781599769063328
0.810785721044871
0.733701294275508
0.824785588693074
0.84096276109802
0.657174196673496
0.336601544208147
0.444292670801056
0.442476495264344
0.816116615115204
0.776431699626225
0.785158221793952
0.414647841588387
0.625505012043529
1.04520910708355
0.978804243850312
0.858428066811703
0.926654927047352
0.845645746255877
0.948622147739194
0.807835745987601
0.8819399477152
0.854532675967015
0.859261261891658
0.853240050766875
0.831015621101283
0.868595569493581
0.815857076457251
0.824879605915039
0.85042544231121
0.784994267848048
0.672988220222251
0.778744998577119
0.688571400572269
0.951635850043234
0.80410655321736
0.866194704047279
1.1284992540126
1.67720185035615
2.04549575008683
0.962665330264432
1.18318443721719
1.29139649349125
1.21573647868801
1.32548895504553
1.57913662516585
1.07790705445451
1.38230517833989
1.05420261473548
1.18390475902092
1.43985448138764
0.379260383537236
0.31576186586869
0.258859344050594
0.336966909846595
0.750255926494429
0.571984141252415
0.577178485390133
0.301940965940438
0.496186107272997
0.410003053660458
0.608148508114293
0.558315701419088
0.6075496348136
0.760501428484167
2.19505302672425
2.06348157692909
1.66622005931277
1.78170630153616
1.84792743714053
2.09828536740322
1.68215687377844
1.60068939114229
1.36597912676679
1.46160772468159
1.50839537310311
1.50499202592567
1.24217469692797
1.28354173434534
1.42548241846445
0.975251184394484
1.22039115794684
1.39038964279579
1.12681781580866
1.12544747933329
1.18515761083252
0.845938341750798
0.977891293583727
0.300121900719327
0.362842523257109
0.371412907784812
0.474600238887895
0.26926276662333
0.305894144422025
0.221388364001706
0.332108736013751
0.211026361206902
0.29110580327406
0.381040526730379
0.280769982450007
0.704359283397192
0.312169725810765
0.719041808763722
0.522444346727136
0.408133117668196
0.847404298465386
0.46211457568113
0.418279211455203
0.541643735068807
0.664583708733704
0.852306790245865
1.18997806315295
1.13231646580916
0.907178118470726
0.741245130331878
1.06964469848952
0.995970973906389
0.916766747167142
0.803713769481585
0.888519091025727
1.04609799190419
0.901155085058514
1.19561000606665
1.36306253062147
1.27853443415629
1.30888451836266
1.4179236131154
1.48435996588603
1.71911782186405
2.05015829624726
1.90204916324798
1.5640509506428
1.28792665250331
1.02645549455655
1.08325833582955
0.900974497940662
1.12732495895956
1.1634513849915
0.878482977345682
0.79664429028014
1.10008066693769
1.13027321550227
0.960251232212677
1.01502539064344
1.03979766108778
1.11222549958063
1.05093847031225
1.22576254712135
1.00736461204475
1.05254291367028
0.361067626687497
0.428142831925224
0.443551007098634
1.16469673438401
0.993322459015561
0.692588671621824
0.680180501795323
0.805021139796423
0.84569013291462
0.507106215514555
0.716862285783831
0.607254053377521
0.525433473458906
0.419598372356224
0.479452828259457
0.552796999102936
0.583418398677019
0.521515737606222
0.56973733998951
0.559980041494263
0.495320391675191
0.43127605543541
0.897407069880375
1.9229518125543
2.06073052495411
2.13012824023437
1.1974522353036
1.0983711164043
1.46658742699422
1.40601113586739
0.768846445850036
1.01070112250224
0.82893626314892
0.96903393626233
0.912986706708201
1.06326130592883
1.51459769769354
1.19771517051926
1.73534819530045
0.971100799109016
0.903534128274535
0.841435859072267
0.891435013409135
1.08475534663922
0.405181726953689
0.405486141432621
0.770258030663601
0.465414010528014
1.33175093953464
0.785295009935298
0.8227114020025
0.661766057179789
1.38327538106452
1.47314018092316
1.33314565753186
0.788207118223811
0.50517568209967
0.665266464631192
1.14621328317429
0.737095482195717
0.410359283470584
0.536041150839481
1.02846185594239
1.16806306129669
0.828488755589958
0.968735671620112
0.880614829346059
1.07196525350212
0.726758386600791
0.689880783149348
0.871537525364804
1.21909916779166
1.6457092595385
1.27653475193354
1.68264216325981
0.648446883183256
0.507841333718591
0.849738214247619
1.13890260322157
0.65260291656656
1.18671085387605
1.07315235904938
0.868336005172018
1.24150132606837
0.853000947594573
1.60808982839814
0.833213322963391
1.71883987752072
2.01817625781858
0.386351876140338
0.242590303209438
0.25104376640907
0.361818405399399
0.408366488484232
0.486636673818256
1.52088148090099
1.39149543517594
0.758015334043857
1.47216881039426
0.997403736663142
0.535138908961008
0.462124191708051
1.6968665598446
0.737192020018686
1.07043942645879
0.996005293247037
0.765159228844186
0.880415496351236
0.451375557122084
0.861201355429624
0.79885503232197
0.859093272509441
1.07279458446366
1.68982397415133
1.6337598132634
2.21589471322662
0.576151878469687
0.905952882684132
0.90672782255223
0.385141831842178
1.21043251167772
1.19886622097164
0.613584117250236
0.719704466947857
0.854639810899834
0.747131136943204
0.744277303277613
1.03079183068693
1.13698963767163
1.58188623060773
1.55019098983062
1.14287984331883
1.29705381893514
1.82585273372709
0.591805901535402
0.389907760376141
0.321651840551478
0.483383257416624
1.08750993777653
0.760958490088235
0.720012617052073
0.831799426613932
0.50229156777785
0.770638984113661
0.518910151140004
0.395735098638189
0.950560233643044
1.0082377558734
1.08328421426262
2.02540672920974
0.575857138422311
0.626429171975807
0.880461995502972
0.938121144208927
1.92514096401461
0.85532214414842
0.48672873495214
0.37994073380783
0.65768602804227
0.454379117606835
0.876320463499835
0.468877887805479
0.911982641010679
0.948531530736168
0.927936822166365
0.807168224976243
0.823222482516277
0.700903098328493
0.343302298264788
0.201749601062317
0.278782241856005
1.01704190841011
0.783027242023827
0.53495212978099
0.829082559805364
0.667484254099183
1.0343446206861
0.943406815354693
1.19894355784969
1.08897100609253
1.03435146995993
1.12387876857441
1.36456686300328
1.22147364184262
0.653145951973017
0.596988694670044
0.621203432430931
1.3225221759892
1.3481040415569
1.34593510833698
1.44010184965764
1.76965483820752
1.567442647884
1.39311432395606
1.23141436285501
0.828423134715084
0.866485389648638
0.812672251838104
0.235536990576258
0.354933233046918
0.433548845871629
0.473223372530569
0.673744168688156
0.560313145654371
0.83573894013225
0.879553586666098
0.865679363671758
0.649362074014193
0.457469994020433
0.540381920972556
0.403913365000381
0.486026488630353
1.23886529598658
1.1250112986256
0.974321982739197
0.870598623125498
1.11610257030244
0.942591888606601
0.908416909167657
0.843234264469535
1.22415471583366
0.783250720392834
0.91511621964604
0.61234948446592
0.386328629294293
0.690883222017448
1.24333140881727
0.403356450033581
1.90975321372922
1.79654875833295
0.612538519775499
0.562749554715377
0.204290487785571
0.360696130021084
0.682247419893287
0.718438447200651
1.23667709548035
0.747943812523459
0.293535907048411
0.591173001619614
0.969765394037381
0.872536263657122
0.790552073732956
0.838799524412977
0.362767851550553
0.626723715199856
0.755254093984832
0.656184235416071
0.395024044533272
0.82842509326
0.741328964121358
0.531033980921059
0.788297535021777
0.472287081393839
0.862577277360552
0.846010886155669
1.32016675988658
1.55442728470892
0.707582198209499
1.18641070357151
1.84645025307349
0.748125218383762
0.478112460410075
0.425406970222148
0.304057204334347
0.944027851914377
0.493674562735087
0.654542843886315
1.68585659522436
1.11163507932578
0.875066313963343
0.536815233508502
0.659938875064727
0.762881016563279
0.471735258499996
1.20286736246578
0.445396528322835
0.43560482938972
0.473803839327391
0.999999463574027
1.63810118565608
1.37214243807018
1.17718406533884
1.05746079956673
1.39728097202132
0.668696960489409
0.795655234659563
0.481944990839163
0.783638481459701
0.324139539465507
1.06186180482125
1.38303987057233
1.14046469378161
0.620570815926022
0.904683757009027
0.779373984432872
1.78143663490365
0.457623368481027
0.373731688435063
0.482675868106089
1.20164210756486
0.491776529001569
1.44139734248875
0.294070203022256
0.588580623776667
0.464344123016744
0.279105674073468
0.294165945866252
0.671456378296454
0.313457127163197
0.403657276770664
0.652456076423114
0.500740275468261
0.451226088795885
1.81297313024645
0.694467735843107
0.947191399336708
0.764333308833939
0.953196043074419
0.568169236385729
0.433289240682691
1.54828693573447
0.434774493604904
0.876271363252108
0.702476652226293
0.680506105431645
0.720578707032896
0.466634404380414
1.36666078055421
0.782166402529189
0.666989012061709
0.604897185637819
0.335396805715895
1.11224454965253
0.912923167848392
0.432883091094709
0.819429370743095
0.723586855523581
0.690132333997396
0.93632338525643
0.656442937867759
0.562857251511841
2.10684695642457
0.437217923908611
1.37397502835888
0.758573988143866
1.37443446814542
0.726336652871171
0.730820644110802
0.451354170856516
1.0980379350104
0.895233639862542
1.39766440148547
0.339811897319904
1.24088112488573
1.30490082146463
0.594127369597028
0.808264700894587
0.761663396519749
1.42901440276828
0.685095894137851
0.526177606139421
1.38408404198044
0.494533704986208
0.68543154604844
0.607760709594761
2.02715019054629
0.939113091395215
0.409754742363402
0.383074473633065
0.289384273987396
0.706996405813187
0.879094479345347
0.501427331095538
1.94171381136732
0.829423491868012
0.517090241713723
1.0864685802149
0.337347833995346
0.308471052807697
0.707451467797235
1.16399848295
0.6424654842473
0.751966270446239
0.597198028952146
0.753838186540429
1.533577403173
1.27654980714175
2.15845360670123
0.863210932815148
0.857355788204967
0.864001719722713
0.747535780577743
0.940033858953682
1.15571662541046
0.904502173963562
0.977184092175795
0.390674779515332
0.799972942737118
1.30776183884308
0.434920669782119
0.380518442734811
0.937983086309755
0.647976496597437
0.494802328222014
0.522209273632211
0.498638578820223
1.1839951896991
1.19152758645016
0.764775992416485
0.349489837673712
0.544387874077496
0.820792214292358
1.52434027906918
0.261770305242929
0.588298987487382
1.31812362397022
0.899147572084958
1.57061859987097
0.904747306147035
0.59621406056935
0.651909522426193
0.770204960806445
1.86559471053993
1.35405620330947
1.24382156368037
1.20136411870671
0.851188221258491
0.404638717860533
0.360328825796163
1.36128851866726
2.0514433918179
1.35109828194467
1.31775288936756
1.51127986573383
0.495322249824886
0.813843155923481
0.657337580211198
1.22650466946651
0.871060741952507
0.535289876923139
0.502676484909862
2.11947889608604
0.999969250440209
1.387326736854
1.70440760670515
0.661323414021664
0.253219735801588
0.489766697291035
0.869749763682511
0.751003378537341
0.816983510594133
0.23841260362981
0.618965458845078
0.53491516756438
0.847550894143704
0.751534919621359
1.1798233405355
0.898514570372378
0.653981971279362
0.670150224960337
2.28593084447358
2.31348146293097
0.618942849318766
1.18257671317744
0.630133948358512
1.35525959615979
1.0290752974158
1.63930546605825
0.523197414046591
0.323437792848079
0.375652290330453
1.08165260112455
0.416493633936737
0.59489744922436
0.39021236459186
0.808814652057082
0.882666740603712
0.280821786233375
0.764890299662756
0.402520965251238
1.34903072246107
1.32167104733575
0.584630387172188
2.23035614414213
0.862368984754441
0.627022310082973
0.908481667902934
0.89397174563292
1.22088036945459
0.594561884230665
1.25082391287592
0.812501475683625
1.70830796667602
1.09450750229826
1.47198810822711
0.900874350656069
0.885515490953315
1.11697924914031
0.570503994379017
0.593135678352983
0.552508158701105
0.883255802070091
1.12302545655356
1.02754439321119
0.444012768311603
1.44578679015565
1.78937817986503
1.85699414776843
1.60723714693762
0.473365481949865
1.95163353594921
0.433633435593476
0.352349569626317
1.19960149365749
0.551588144381313
0.453825913754384
1.05048118551716
0.237066021318596
0.805338775306706
0.751861379347614
0.501974631056471
0.759827728913708
2.20139675998975
0.82210896101916
0.851352043485449
1.17015069359411
1.25566202385185
1.20662364574716
0.493946113666369
0.656973453455736
0.449926251622581
0.776315524771763
0.738965079603157
1.95977075684833
0.366380610484971
0.354751743959248
0.90628489313467
1.49243288955758
0.783063514070512
0.826834323202374
1.53868594297711
1.51924562411805
1.0288291847587
0.605384721564077
1.59232555578327
1.97850970458531
1.09076860405021
0.690321513341884
1.33412926180306
0.711312325926958
1.15261306506236
0.717351959425003
0.862361730297243
1.17400472271965
0.644570504837658
0.586443047766623
0.505187130232268
1.24029903202488
1.07419299046919
1.4487598628678
0.547845000570967
1.73481777315785
1.51670252332875
0.37622343760964
1.24596421291378
1.50224110794271
0.792618758852274
1.20508841441962
0.717616439224113
1.26325983513589
0.401237677887575
1.59983577159692
1.49483142678025
0.833963694301504
0.921679824631072
0.733241056365179
1.19092226964469
0.761333193615546
0.71626860893652
0.731041064192106
1.3052246401661
1.80535410169185
0.565816064766331
1.30637929082363
1.48133062558963
0.730122479609025
1.39662772141408
0.181997719807576
1.53035815938073
0.472403472731067
0.369719811714706
1.36735268256545
1.01011030336306
1.04716041899446
0.853773047802544
0.761530008140988
0.352293501222236
1.16531427798871
0.706640774596245
0.694291247988533
0.43899496135026
2.14364857504703
0.284234860043477
0.917005106736527
0.644657518978787
0.607445864252032
0.843946687724133
0.671318520668091
0.685062253080599
0.600536150034074
0.459677257266643
0.761455482797347
0.266789504789598
1.13402839216427
0.888312950156948
0.732063418404918
1.19184867431429
0.27619586166113
0.22640830575539
0.72915182976648
0.642626594963655
1.50627497395588
2.11372181770461
0.957024643782641
1.05649463011468
0.774084564254068
1.16184213931284
1.06234045926027
1.73091417687239
0.856531035907611
0.854264825048723
0.850328293641057
0.71229466284594
0.992707985187993
0.658625103530094
0.362826708544877
1.02625349661389
0.818411255442973
0.466658582877854
0.723550571699687
0.268910420854295
0.923011750186432
0.875199935024096
0.553367942964104
0.331563182631036
0.519271257254754
0.475465354724016
0.457749539317604
1.19371505116129
0.815650325911875
0.824860638573228
1.31178202966567
0.509357527475165
0.416451893075467
1.07013854103096
1.11884761022136
1.22383446615742
0.241371740711589
0.683824277054371
0.632654072343156
0.870947575053573
0.793815742437209
0.789234130448389
0.559113506779009
1.76324584565747
0.480120832999003
0.510511000393432
1.08290947268641
0.489609229428894
1.32173233391623
1.76559859445706
0.570492727828214
1.12903519146415
1.32739915775234
2.00389903951599
1.02299493286662
0.926037554615875
0.891566720149663
0.56394009883445
0.898224083358879
0.430195811766317
1.33024259212729
0.484527540013861
1.20744319772218
1.67607558728617
0.683000555233591
1.14542913211096
1.91087323367683
1.00220110055352
0.663888022217134
0.204515857280048
1.34710142106377
0.886385468741121
0.645438856220212
0.49828271472424
1.43609434355324
0.54998173587998
0.793794442864312
0.547859102655261
0.88129166988148
0.486407656057454
1.05182528897293
0.901743304216998
0.955134650292508
1.31813902187003
0.743405011271814
0.812266141803306
0.696840454447452
0.742451435716828
1.20530620814252
0.496604307628127
0.503536435171765
0.476920454663471
0.769237759067674
1.20447528976822
0.745558588153248
0.647223128738631
0.392275844299483
1.55161992996139
0.303343382936563
1.24915043173651
0.743676472104174
0.504948331330134
0.13290650711292
0.357084429420014
0.837718731103569
1.44235705320891
1.27735847354513
0.75071807857997
1.06131989061779
0.670119204673843
1.06071392522728
1.32393002757423
0.576603180719748
0.42365429963111
0.843601605761568
0.987921631686797
1.86399853975491
0.438151327757256
1.88382566776592
0.804873144533399
0.700971667895343
1.60416063201963
1.70695814933577
0.378764363472636
1.84941608460611
0.67408884525279
0.407969138012678
0.761032253471916
1.2380585085536
1.16700340453344
0.807544803555893
0.794816996881659
1.88519444870897
1.15718061300194
0.577287912276104
0.483729656542305
0.937306372144842
0.665093365560712
0.437511232070212
0.551359278262956
1.4602089667533
1.36820197326812
0.912187186332979
0.921810444620105
0.997309061968565
0.247494184438329
0.372706433449297
0.560025114226729
0.355814753913538
0.367726696503689
0.316736266189439
1.32954490905264
0.546640559363987
0.740378571698101
0.826594863294737
0.867286956161543
2.13339035873099
0.84962749929359
0.763246432348402
1.98515593859341
0.430972539556327
1.35562412093608
1.16124643010376
0.785181304242517
0.835423806541709
0.862790114918698
0.56495666080153
0.302671400755093
0.848204684979612
0.658217033804923
1.28000209188526
1.10088815363691
1.11566444688147
0.413001480934609
0.40589995979393
0.45005166613744
1.10541610573661
1.25829071210381
0.669618561450293
0.669863844727917
0.78617546495959
0.804028952010793
0.367188683151172
0.816362112767905
0.949766839743185
1.1199660876927
0.744495549934783
0.62158503031984
0.632333261682313
0.771794741840305
0.839996652342805
0.915055533162276
0.785701334973458
0.708981683738153
0.701933689165096
0.55471013072861
0.576144087523236
0.805453450654354
0.502103652301388
0.826764300743571
0.638903975154693
0.684268065589722
0.412939385998001
0.989852143191195
0.760990948181578
0.552999010904923
0.803112146044745
1.09176185862114
0.700901034384997
0.785651604494433
0.751679267519117
0.470170636089665
0.701094427401233
0.765773433584707
1.02380325787878
0.664660239078752
1.04864341343328
0.712164040564262
1.08674665574514
0.683789374627285
0.514744714490181
0.401892582054342
0.803845907522099
0.484648670904105
0.496714928012889
0.58613705226573
0.625453341756661
0.910756346133681
0.788226772033788
0.902323279120001
0.789818926690974
0.745561137717665
0.612774113956558
0.761415376147856
0.412314044355659
0.826300123746175
0.788335918377901
1.0529977310407
0.96893239890988
0.847416470790574
0.616580971889689
0.729890379572864
0.586636777232282
0.742603951021758
0.65669607617855
0.713201026451584
0.766068955647159
0.67199503364177
0.677604897482767
0.675539281624565
0.708925891601931
0.72107376420958
0.687655929640102
0.688256943774403
0.66702565815898
0.793276979824426
0.625544827423245
0.555827373138246
0.611524576441304
0.63001139481362
0.365422717837384
0.406098554338825
1.09433236123377
0.957413116929852
0.716373680847492
0.700178575096944
0.684045028451762
0.673749559425212
0.998913504315579
0.913860633829152
0.868008079856679
0.738283877762736
0.802985569069411
1.15217874446314
1.09106246186664
0.915641424505305
0.732481234791873
0.724137844737929
0.686630164113279
0.452097688787189
0.428926755978148
0.654835777616738
0.662912793157364
0.591237955671835
0.524525088626094
0.570394570330369
0.597197567990447
0.861362514312323
0.790239412310799
0.526863643431217
0.561801069947255
0.962855381856745
0.481324235215341
0.838771389223185
0.817042320107076
1.09913798449285
0.452711854093306
1.0368185247167
0.825296937888106
0.692365342226441
0.499848065175107
0.687568170598488
0.776620781643667
0.674521162902361
0.513652431364887
0.518629203926083
0.797085933021275
0.73095266222262
0.779431727336869
0.669214172354
0.778507370963888
1.06481687076815
0.987517469717885
0.903568004903376
0.987646874189022
0.849411362736557
0.895465982558365
0.829233271908749
0.874182708286425
0.788922874997008
0.805606288247658
0.597404504764865
0.734103987446413
0.81868100946286
0.734808278058611
0.664109965902994
0.699962075198624
0.622371177708449
0.738012158705331
0.667240789846353
0.40953209525275
0.400579225860898
1.11956529690831
0.936772725012776
0.705610050927308
0.591848017839339
0.704747598648074
0.851409812348558
0.781376173963767
0.344118203509326
0.745676485062937
0.707728011996702
0.668358968312263
0.703775036394424
0.532986646768396
0.525208762293086
0.669644718538074
0.667729508500804
0.674445249299314
0.690738974457177
0.674232794906552
0.714340138397902
0.612993950542329
1.12159967809224
0.564453200199647
0.771489731403912
1.09696805393689
0.453126929905328
0.59496981917911
0.565463869184839
0.726531583528931
0.842609001233163
0.530822204152452
