0.839759668048043
0.927420606783339
1.12958181073227
1.14448951620065
0.376906755228974
1.19209727378965
1.41242170280032
1.52844383874615
1.64514654884578
0.116022240970564
0.266048449307075
0.4041322733815
0.946287363305743
1.41000682096286
0.900415650560901
1.78461154720158
1.8089065664878
1.6326297513956
1.10154347307784
0.862962017950372
0.831357706692795
0.644783784784259
0.877187735919756
1.10764342954945
1.573675511355
1.00250580134572
0.546939792532185
0.956220948926675
0.510590765076032
0.60996123454491
0.834226287481198
1.03556096925831
0.821774834366739
1.14109313016377
0.971837558524898
1.69203762217504
1.8077833709665
0.956438776164388
0.814591767987618
0.889203464525387
0.714003344364487
1.27655224455212
1.35835865866741
0.376950644757388
0.915048053227111
0.623303739434881
0.0885437163102573
0.612330701751485
0.546940524599307
0.789675382785389
0.414208705046104
1.02098360188381
0.975256568147249
1.26804320632963
0.732482799516734
1.37786009753983
1.26295845008691
0.921765342843861
0.416475609871361
1.2863635832261
1.38285535291354
0.932251104086398
1.07344419912612
1.44635346925718
0.306746204793136
0.944963851413557
0.612700592362468
1.7389150290172
1.64130065309605
0.449507737444029
0.644908031892906
0.654319474252242
1.15055461053211
1.0500279957191
0.506740477990199
0.776655838561846
0.91357591363572
0.80700494968623
0.826819993764637
0.597789516799457
1.0459520658073
1.13735027974691
0.85729756422523
1.06344961108198
0.886395821516621
1.32566688916552
1.36772013430834
1.73892477211141
0.178691574750857
0.515748206799415
0.816350979938968
1.82971501251687
1.28640930426423
0.982106555901578
0.854659374817254
0.946175116440664
0.732873449275457
1.13110395587283
0.892412640081128
0.400584997951674
1.03223849734563
0.837979142770952
0.93519068398408
1.18818609987288
1.39140951658426
0.935423279090841
0.326544554363403
0.418694844201907
0.466793846911908
1.39091969619254
0.836639612171509
1.12464505056469
0.0751370982569731
0.947732185744818
1.51722390516343
1.22998335640857
0.889559412657847
1.04825302422312
0.928779031952987
1.06731914183939
1.05697015398878
1.2461460570083
1.2518863042456
1.29255851757066
1.13688061095731
1.0799590150814
0.873962286452003
0.968948248039782
0.827766142139593
0.872080918122955
0.402755274465854
0.589241386666446
0.387886062227973
0.888263510355549
0.757360233408312
0.877730249115156
0.418633718231241
0.981028582544883
1.50486545902167
1.90375671161972
1.02024311216953
1.72289464107633
2.00960772270392
1.81510489653106
1.24344651065355
1.66247807574183
1.08007252629639
1.88188849202154
1.19889534969012
1.23408844060147
1.68765877693124
0.431507621879584
0.0218883228512344
-0.0245747551193078
-0.219475267850148
0.848362306833067
0.343317278627888
0.44117441078482
0.369491095235238
0.427456462194531
0.238958284434974
0.422139402515734
0.722675454024095
0.674163583066163
0.523092407383879
2.65961932636624
2.68040132042374
2.12169148866404
2.41016890527521
2.61391123202754
2.9669901504993
1.80613462855281
2.17716128516419
1.97129726539282
1.46215397330554
1.3438556675244
1.21599012789709
1.52825817522104
1.05369697439422
0.831700991508305
1.33279802005515
1.54859962024597
1.83032874512889
1.3116104694824
1.40215062440318
1.50710332151726
0.746852444638027
1.05798161884119
0.14921843469976
-0.211578380174167
-0.621654085313857
-0.475743106485072
-0.450525376622023
-0.485623839809642
-0.440402957468654
-0.388129276896418
-0.335789035537744
0.185137219990733
0.446842894899933
-0.205928334375475
0.583509248361454
-0.4932026413053
0.160047368899191
-0.457451232431833
0.372199645833363
0.925244552281971
-0.015400542879217
0.121153307289335
0.643592813665051
0.326935470743117
0.769961390603408
0.961579055119936
1.19694355793132
0.814899577286102
0.698265758213483
1.50980036053773
1.31972800129136
0.98713454502089
0.42582901013766
0.195078367941913
0.359915727815724
1.10780560713984
1.63662632006409
1.42216984434014
1.80044402192847
2.01349438557308
1.7137678885269
2.0542891405938
1.81417545590307
1.91809920387516
1.94981077517144
1.77182256243095
1.99159783093903
0.360148021609651
0.369936156975057
0.0508367482548255
0.179372924746428
0.192172257333673
0.626813276981647
0.0852282667028595
0.296024679369109
0.145695623366611
0.301361970070868
0.644812462304295
1.13717117739568
1.07671393266978
0.613408975651745
0.282161924236971
0.945496972729457
0.938274506286269
-0.0586345427385447
-0.0665136262510904
-0.158971175942941
1.51019535033577
1.13853934007294
0.963530735535758
1.22758689215401
1.11542272916693
0.901417854401228
1.01229166676673
0.841125457724257
0.610867690690235
0.134346296375097
-0.00204964916466565
-0.348540114712385
-0.100283162969506
1.42282224558974
1.50785757395696
1.18696824693781
1.29945757843585
1.10164585903764
0.730127884492072
0.400415729669417
1.95784413402635
2.32385393219998
2.20617789706945
1.26461387176981
0.885846268750563
1.47598457412988
1.32917075964432
1.01606851233374
0.930664849650609
0.782281266205592
0.896360113652463
0.742905386742396
0.874970147270862
1.38092057121778
0.917099502325804
2.14831266087321
1.16117872525635
1.06184469009767
0.914728157500179
0.678349400545589
1.54644769704023
0.151819631642821
-0.0224603311035483
0.391089788600911
-0.437478131614503
1.52439446943558
0.634106775100433
0.768489381590332
0.881746962744243
1.16565749045192
1.96973838332392
1.16648976329624
0.768349006049889
1.022342909647
0.158006139367503
0.473868651782639
1.29046606833235
-0.104958876870891
0.572398979246426
0.995450138016634
1.45885191003596
1.14201320613838
1.06631838187278
0.0317671219215139
1.59400519550331
0.824226893858426
0.731433649860219
0.905418289225784
1.90106036648936
2.33149540461062
1.81063318523907
2.27125487219152
0.553363259496441
0.310052387101963
0.960781931796392
1.05737751099185
0.26939274573254
1.89809825892783
0.367634274462339
0.31856398589364
1.05947567444199
0.818302706286222
1.9759430629459
0.43463335522634
2.07760142614595
2.45154722398831
0.430681823596969
-0.0126556409414247
-0.0141195487162202
-0.142499486936841
0.143061419577158
-0.480816344357928
2.18128916655857
1.80241056488581
0.622312823021845
1.948762636023
0.0249354153735318
1.227428363056
0.0243500611306014
1.50460096155317
0.645939486434284
1.07129009582523
1.17679379464124
0.783171328402263
0.89712675582564
0.302369152839514
1.19673546404092
1.04012326364289
0.956680169497712
0.943250388025355
1.57899226023204
2.13176737780135
2.95458008172051
0.0215316259646222
0.804980493773761
1.03601440081845
0.688547461611304
1.96502752046249
0.946230435294886
0.711958180563806
0.697976155469571
0.924186187134726
0.744065913755679
0.535326262773696
0.973703425258032
1.5726462536833
1.70692767657572
1.54814506101524
1.17666050213739
1.06266703322736
2.04502467630472
0.798317816478531
0.0394836427058944
0.204514745313412
0.588319234276359
0.951198425358949
0.808521876101598
0.895353553902886
0.589695084029809
0.57454983645405
0.865092606018166
0.825194635107335
0.550388845880404
1.2135342567782
1.055137791837
0.542866213103143
2.82275383011691
1.03553874319045
1.0743293347947
1.35519429709437
0.590574173876008
1.93150059118786
1.25654269469019
0.0723925555547098
0.116610229088926
0.426508010287593
0.228802520698479
1.29286982323331
0.00786581642673663
1.02324673049824
1.07621039615092
0.866315137707322
0.643945318428548
0.897359998217365
0.460417686999367
-0.116318370584476
-0.129061024734465
0.106312484136198
1.28191270848504
0.9540619248173
0.436138338247435
1.01195517242042
1.06710300421798
0.742202440191421
0.785322299137591
0.8992572514219
1.26999954664947
1.26224058293545
1.20281834308146
1.22899005428411
1.28327141985655
-0.00439636170469876
0.462623417752168
0.936831006667203
1.15969311855334
0.334147735280145
0.721964312625812
1.29538588661346
1.91764591093182
1.87680871831254
1.86020196328086
1.4331768700614
0.907262391997571
0.968493022782886
0.617652257449235
-0.537250027363788
-0.456157522596388
-0.270006721815435
-0.0776902356613906
0.6786827045878
0.633193826532446
1.24245284628767
0.700746783801239
0.974750846823872
0.416154234923219
-0.551552066392541
-0.193023914584425
-0.59992947157722
-0.0866321339708998
1.618025303396
1.6791149818071
1.60654334786103
1.3592634030791
1.40743276026712
1.34319248717201
1.23968458236683
1.130982123725
1.52736121891574
0.631698292890771
0.642672708498061
0.310499035111709
-0.0148010957635715
0.834086308734696
1.75132117756966
0.234997517488175
2.06520520147237
2.00636741991037
1.26758716861783
0.571295338468184
0.0376720667884539
0.342283456719946
0.733537612932542
0.698372880801952
1.78746540973837
0.8495723524061
0.0179484723892289
0.0983410245813578
1.12729855957553
0.837372345071388
0.487024273537906
1.40892966490781
0.240882952265156
0.579603843204045
0.75835408686662
0.972520056879301
0.315849244010595
0.798533974513996
0.872262960122505
0.856162522558395
0.936345600965699
0.286731447808073
1.31276189056443
1.16697617917799
1.1052654043151
1.77457367254538
0.631554272146822
0.720843330843837
2.09586602815341
0.107569673437394
0.123958748227342
0.321595224642521
-0.0743612578510467
0.735447297936815
0.434054989629147
0.0482938112880869
1.38521967361074
1.65538158010284
1.4216692643689
1.48165298406973
0.946933524314646
0.211914229462968
0.570704714915967
1.39663229488291
0.661493643167825
-0.0999009547568695
0.199937003598207
0.633560550086548
1.57124669333241
1.79204119729899
0.732573614735715
1.34677327629376
1.99664103044559
0.598807132054394
1.07976583640936
0.524221786284976
0.912245019451396
0.065280889861957
1.4277078173842
1.99271784640484
1.6128146543711
1.00965325256631
0.934941362459825
0.927872691642323
2.4058198296963
0.335670420806651
-0.124516648588621
0.400300085812626
0.78237095753196
0.653176794131418
1.86975880820047
0.0916745705881676
1.52188499844447
0.207769835759494
-0.143803775029009
-0.545073726446429
0.595962014683115
0.268868304277773
0.357382501348847
0.958051600857765
1.38495322721048
-0.363803508947636
2.07278507636183
0.809602602032831
0.967937349254975
0.590917405673848
1.50622895963158
0.505175971450895
0.463207062855832
1.50055545925063
-0.235934581686427
0.806433631116077
0.872098853057064
0.904322905542032
0.74144607784602
0.0267176997428372
1.34533835200909
0.805450085970529
0.661207754807009
0.856428123386762
-0.0294570401899687
1.24116019894739
0.848645719004932
0.0370450328723078
0.9488642518933
0.79204406825949
0.42314754538463
1.27357244984121
1.34458545229319
0.611639442742104
2.27826094543485
0.185618108223531
1.16243937017199
0.683703562162646
0.904107791814557
0.498423711562542
0.322888881592602
-0.00362611667222683
1.41004050646829
0.253756122694031
1.18494009705765
-0.0351526298147052
1.74793923172314
1.77768415822383
1.15890292695639
0.837518350106535
0.750537868036539
1.59191906825749
0.819146062992114
1.05143357876626
1.63157914634357
0.192152379489321
1.01837596796502
0.0950305503576858
2.30396698635661
0.726072723484609
0.1840054814648
0.0208523052446573
0.179772091471643
0.316706665055718
0.878163842397382
-0.123925132649254
1.98882422892029
0.887806149549851
-0.0158916607071049
0.481805407590564
0.0756684217961377
-0.240929944247031
1.47064886668431
1.17068652529104
0.98142076943843
1.12851777927581
0.941802945444706
0.616535751922463
2.3018454370556
2.04354199645545
2.81702393676091
1.33556539766577
1.35569373653928
1.37989188950651
0.710200157164793
0.869081099373922
1.86825869800389
0.252026424248528
1.03347158079653
-0.0726888928454628
0.984515322458127
1.83854532788048
0.480935947209264
0.49412696552616
1.35888956503301
0.280290498979483
0.164537589533636
0.395602425128826
0.446263830629772
1.68096545023667
1.47305950480711
0.57965280421331
0.669116500893127
-0.222866581667122
0.842561475513874
1.33980299032832
0.120380301029896
0.694200228836874
0.725877602202046
0.826595025021643
1.61964466847977
1.10513564963106
1.25893456945588
-0.165739067070143
0.955310763749173
2.47342250149449
1.18025662451587
1.7999030544923
1.6431373529656
0.807724639833189
0.427265220499945
0.315651632161875
1.64825814430067
2.50256242947614
1.80893824913734
1.88825326120485
1.92352368930243
0.221526805811603
1.08191280721032
-0.0509138355119674
1.83109954838262
0.351046953358886
0.550570352576838
0.370425737097933
2.16641908423856
1.12903264820663
1.89304826863477
2.07662230797168
1.01650541424532
-0.00475934429326795
-0.333395334184998
0.246029353885699
0.888934127862543
0.638409905489673
0.0154185431169151
0.43774754485264
0.301688132707831
1.23216711731838
0.306620943734485
1.26611119588694
1.20145650384705
0.813626884803542
0.860798153685268
3.25644147217949
3.08183033450621
0.599814876074012
1.22867220317962
0.200045577455287
1.56879474421609
1.26510313596201
1.96562922632665
0.700409713368537
0.118589075592207
0.222472514960236
1.33731823454064
0.474562939207574
0.531258490497101
-0.453296943927063
0.841714273342876
0.733207995356902
0.143376645572688
0.714591574623235
0.225956258485055
1.350314477319
1.44294522390322
0.379001031217627
2.27880650010342
0.56538321002839
1.131423553344
1.04556569735328
0.090369057443283
1.76515744230814
0.392384117946417
1.4669383527044
0.294988753927343
1.94157125109954
0.787764721797872
1.74950147695871
1.46978745508817
1.44907008354676
0.48818705864174
0.919328676933689
0.972488262491935
1.13675006215045
0.868504376799748
1.76054076662931
1.19840758582709
0.635862644304488
1.60052941542182
1.89795490950318
1.91123808179865
1.86290577485185
0.0833128193664755
2.08619891008099
0.00769134763258617
0.122349716697096
1.67246011384134
0.48226971584811
0.601949876689487
1.35142146980348
-0.566200720025892
1.03626040440863
0.724762428835057
0.387670651186682
0.61575925467951
2.95571079240412
0.997728981646285
1.06406761928922
1.41633837007008
1.84762143838125
0.888434456346475
0.823405471824032
0.428888826414637
0.0137956471938192
0.302045413874358
0.338868467026149
1.76318323752798
-0.444717198376645
0.210860481755631
0.865970846242714
0.98516327359458
0.261418995228234
0.610906108330999
1.67427928501273
2.05876539107583
1.06489410616288
0.626602550988195
1.69186627471522
1.90073334280517
0.323164390326806
0.49777566272319
1.91638745658941
0.522370839142747
1.47346019007984
0.781101472193411
-0.00200824847331693
0.623458011379574
1.17781969844335
1.40974967095143
0.0361431557231955
0.771367806233713
0.334054637546543
1.83071278117978
1.54366930703126
1.76853776859248
1.56366686606051
-0.26797261977735
1.98948268823537
2.1100977439405
0.262596051010791
1.83265889152995
0.754532704131176
1.90343820810804
0.0884295722302717
2.04638525412166
1.42962152620919
1.12304976940809
1.42339683041278
0.802021746303431
1.90773180917318
0.825941575783476
0.594421320453935
0.658219136410572
1.9487131200558
1.81479535861603
0.400103350621796
1.17706082467409
2.01998915481239
0.8615022974288
0.962859961715536
-0.382388393433085
1.4380280937401
-0.174021303207492
0.0093280923988057
1.96608559504519
0.759579781200945
0.232786964273027
1.162411264283
0.747609106761369
0.039876573025705
1.61308830273606
0.73198774206946
0.737299942661387
0.447484315631945
2.46762388304656
0.225651290171568
0.192602879692975
0.653261953290512
-0.0464532472500043
1.40022781673148
0.741123151558943
0.601453115844748
1.0584808614237
0.0646626337391174
0.80401147087936
0.0067819969439138
0.99287527961798
0.995733504044557
0.824967837279668
0.948681615904434
-0.0534499003835464
-0.136281804291586
0.850067615152114
0.484259049344651
2.08428723186955
2.86869912370453
1.16144929755754
1.2107534032519
0.556182265446521
1.03115013883147
1.48420711541334
2.08085999478278
1.16621032776341
1.36178154684706
1.20320756547503
0.94266113378177
0.714720074983525
0.988866283845086
0.320201902590637
1.13496194475556
0.709432654776926
0.40133006047645
0.881573797990271
0.0473028778467193
1.07238629655104
1.25427131119916
0.299699062967082
0.0334449181589461
1.22717625594212
1.0891315210811
0.836152960446282
1.35917014530724
1.17710006360006
1.18052385165145
1.90509511053168
0.560343924931194
0.0144315045618264
0.914306419934121
0.849615799938452
1.07768416767991
0.0365198085342639
1.08376055285796
0.188862481640392
0.991208891105557
0.754301846676697
0.851024545131157
0.551650360395116
1.85493956327859
0.0934283484237734
0.554437292368429
0.214316573347879
0.551403557029379
1.09785971229498
1.74029073532313
1.38586556392221
1.58241049050809
1.62563930093399
2.37099502605417
1.11514269842861
1.05266637024646
1.01418285456197
0.751408052094925
1.39301199381761
0.148759663937421
2.0462689787763
0.424677889060794
1.7054921909865
1.97943212228856
0.445362706713311
0.342264788055799
2.30203870389572
1.00983510934476
0.94803504024299
-0.0965305784707607
2.05973187475677
0.802916550264897
1.0074183074747
1.0603472366081
1.43369362430325
0.819615502172311
0.920914441010276
0.997294035663395
0.17487388259673
0.160287851837651
1.18946130667109
0.00663753723111706
1.04058809301442
1.47943349638675
0.740515365751315
0.486275263916911
0.963215340391904
1.00816697685292
0.824201324013547
0.276440402486515
0.392472407027105
0.282911140695373
0.957728190429392
1.95695349284261
0.427224773892156
0.914418271280208
-0.0271735920398109
1.82697286861093
0.174150390634632
1.78120080422073
0.752152888674541
0.565087256592415
-0.175868148062088
-0.0412482287057043
0.81859513835427
1.95556932726852
1.35390150711842
1.05267702165873
0.260741958460173
0.573529154718319
0.484196783387985
1.30713532861675
1.42934705874023
0.466703411643865
0.81963770965306
0.577551574596374
1.93095994272675
0.468670370977856
1.78512169668261
1.29703570823362
0.779918075367839
1.6298004133098
1.95485672208164
0.402861094521791
1.84217697144208
0.655508479770843
-0.577578834614343
0.848756192650201
1.97349200102109
1.89410628365602
0.336973202918527
0.894487650434128
2.31551811309987
1.62912629075627
-0.215883111021822
-0.0183862345798145
1.05800885772701
1.05672571834553
0.332379859198928
-0.255565334212308
1.8582514595187
1.65187491649112
0.88360197719122
1.03137485912655
1.26334679354155
-0.124603645849247
-0.188481427624202
1.40524942086916
0.294916941650301
0.170900961742632
0.239861400850809
0.609798998532546
-0.379280144658665
0.721684057115313
1.13981831958889
1.22032050978935
2.09954910196995
0.931953567300282
0.915718012317102
2.17813351852043
-0.326479087191127
1.16502228819468
1.08059275425411
0.632644330163315
0.606971353671522
1.37314052868411
0.358049643875802
0.0118857890752941
0.548120091281514
0.945126782175877
1.62361866382465
1.34858683820627
0.238324986976708
0.210055009341235
-0.0662834767299522
0.431248190642181
1.52283463810533
1.9340528084285
0.902209709485118
0.962722390470643
1.06043553680058
1.05285955718456
0.720801735083909
1.45105604133825
1.66525764749631
1.81890578515815
1.24562253160431
0.7685615786506
0.779467600359347
1.11273509224493
1.12941249369512
1.22571718233994
1.07602117772503
0.91766785981175
0.984846476409808
0.884547026091739
0.776573535553778
1.01667876706192
0.397055736859162
1.31830366654178
0.88710721351442
0.943068654423517
0.554631740694135
1.43549242346861
1.3118172018139
0.54888536532132
1.32667175708144
1.62916644748065
0.896351594497297
0.884688999437082
1.04455503519433
0.601437292492244
0.94339379358164
1.02884399251067
1.71747883346902
1.01469348978528
1.42861358650343
0.778928554180392
1.81794078312269
0.929037798722807
0.362649140080257
0.572594237339109
1.18915842962663
0.676195069228825
0.9684057072806
0.736858048293709
1.09952569296502
1.17712417456985
1.08384583592165
1.19953873869731
1.08692606972807
1.10218468073017
0.889640283470163
1.07117638480146
0.805167647893315
1.37960926244294
1.18954314960407
1.61354064463212
1.31885262837819
1.15297112955632
0.741028289845709
1.27421793206499
0.769582232493657
1.06177124791335
0.866599229338181
1.26315283468032
1.12933973503295
1.00598060266888
0.966414874681326
0.992682332846198
0.92983409059844
0.999845180611904
0.834410364661042
0.897882004621638
0.857596902057929
1.08951534662239
0.697216649713612
0.74570115000574
0.842165593579951
0.812073807864346
0.487481730866246
0.705266502427151
1.5476464873731
1.20193916590475
0.969066346663753
0.967970083889371
0.944743501927949
0.953458943899665
1.27493632125186
1.50550212605016
1.53965139587091
1.03191721596253
1.05477397130161
1.87480625201082
1.88125411949015
1.47420970223762
0.867506132339967
0.920480832631506
0.907891638129476
0.719851822549977
0.707490757071015
0.916991875269124
0.900554407711723
0.657210120726713
0.419370885369886
0.568301466541766
0.991151314293534
1.07906207218175
0.954921379759936
0.933458011669935
0.671157436571568
1.28574890801386
0.253670262652933
1.38305445280551
1.38901056023222
1.70115394884437
0.551623307904326
1.41985838130268
1.26313355835425
0.880499328318393
0.712066017035762
0.720748368479515
0.857185767093371
0.941433039131491
0.607852947291108
0.626810094327813
1.24389584069737
1.21998818624097
1.08570789214297
1.02106298459126
1.05984610439344
1.66874390464771
1.46956889029516
1.2690922667442
1.42664870701495
1.17840692617038
1.23581947468192
1.10874478014563
1.16036689475167
1.17507225027644
1.0523702704896
0.688562529560683
0.980876436175389
1.09663059245555
0.953518578540999
1.02082800145104
0.932625455852384
0.899114249294721
0.983405704997054
0.695571750292631
0.477717767558839
0.479900212414215
1.56891320541796
1.26268567919711
0.912941364758008
0.819584112925242
0.897838259829927
1.34762767636343
1.18667851008798
0.706479688272958
1.05416868195556
0.823539637063662
0.813065015076751
0.885547550730979
0.657787672247881
0.730402202036711
0.986614100147708
0.99389851298509
0.944284726129046
0.93628482090331
0.968959854440579
0.976863499933899
0.790482346992214
1.65269484824947
0.588716227149558
1.07745979173889
1.68534005756332
0.234644692755392
0.6060081606132
0.737143606119175
1.18385196104195
1.3467352936654
0.501726128510103
