-0.210834465391386
-0.210834465391386
-0.0882389236264424
-0.103096766625019
0.251043052102983
0.28990110866387
0.51840711416672
0.558219516511851
0.647835528754232
-0.198894972018037
-0.210834465391386
-0.210834465391386
-0.210834465391386
-0.210834465391386
-0.210834465391386
-0.210834465391386
-0.210834465391386
-0.210834465391386
-0.210834465391386
-0.210834465391386
-0.210834465391386
0.0743728187042243
-0.107448471125482
-0.210834465391386
-0.210834465391386
-0.210834465391386
0.216475568070199
-0.210834465391386
0.10765013374377
0.265329568330345
-0.210834465391386
-0.210834465391386
-0.210834465391386
-0.0735473752869966
-0.182178826612892
-0.210834465391386
-0.210834465391386
0.194072203848188
-0.210834465391386
-0.210834465391386
-0.00933885904373399
-0.210834465391386
-0.210834465391386
0.221319908258799
-0.210834465391386
-0.210834465391386
-0.210834465391386
0.185818629655988
0.419067993771498
-0.210834465391386
0.156730218355039
0.438849160376813
-0.210834465391386
0.456576212907019
0.158578227284187
-0.210834465391386
-0.210834465391386
-0.210834465391386
0.335121342973751
-0.210834465391386
-0.210834465391386
-0.210834465391386
-0.210834465391386
-0.210834465391386
-0.0593584236940639
-0.210834465391386
0.237462461233004
-0.210834465391386
-0.210834465391386
0.3391383211204
0.170007029203182
0.00102494855410623
-0.110059064012108
-0.0736472004121336
0.251804981084873
-0.0523371064309675
-0.210834465391386
-0.210834465391386
0.155065159990607
0.110088290863041
-0.210834465391386
0.330976155514023
-0.210834465391386
-0.129138762808787
-0.209545578424606
-0.210834465391386
-0.210834465391386
-0.210834465391386
-0.210834465391386
-0.210834465391386
-0.210834465391386
-0.210834465391386
0.43111798509043
-0.210834465391386
-0.210834465391386
-0.210834465391386
-0.210834465391386
0.23923244764266
-0.210834465391386
0.204500070721287
-0.210834465391386
-0.210834465391386
-0.210834465391386
-0.210834465391386
-0.210834465391386
-0.210834465391386
0.202954320605084
0.319145414710265
0.147861412431358
-0.210834465391386
-0.210834465391386
-0.210834465391386
-0.210821963150554
-0.210834465391386
-0.210834465391386
-0.210834465391386
0.0192690006825652
0.0783329867679646
0.0443795632713846
-0.0269433021475259
-0.197589274507394
-0.0560331019020854
-0.11259881058327
-0.0614803150414436
-0.0371846024799956
-0.155293375707845
-0.076125047675713
-0.201672144103217
-0.179103978435985
-0.109009175196511
-0.0798350379731077
-0.170259549257644
-0.0128555160359922
-0.160312613190534
0.126970996374758
-0.00614419814427958
0.0862663686793895
0.229430808266319
0.61164717885698
0.840755433070639
0.0487490043424341
0.352677284752351
0.565389481902861
0.589914970674327
0.911386786060186
0.812454214799995
0.0681341896877048
0.518283298654122
0.0435709933457728
0.189923169605865
0.476861152512193
0.369103476412691
0.432580147254449
0.554970222852446
0.598208345583886
0.0503988019736712
0.0404917801919285
0.129740665806117
0.174727865461413
0.701628793811554
0.537986443971437
0.665393349207243
0.0715085071300073
0.0651183604731631
0.708750600248258
0.822250278050321
0.536109147288803
0.00526437038844568
0.156655069760591
0.478359766449101
0.74049190560332
0.620567982202139
0.18507892794236
-0.161299947241488
0.364068959768269
0.429831614720466
0.64006123122548
-0.0912831725502173
0.240431709340809
0.759254081133523
0.0218933431258757
0.501275808989435
0.775117215251877
0.411539147819819
0.490232965334284
0.872404836699456
-0.0452163369985775
0.307904374154039
-0.0484707078249576
0.173566225785883
0.300178110291444
0.478897807378951
0.0766849478133469
0.192524185171513
-0.0201870985678549
0.202428102935961
-0.102430862950374
-0.0782642066623331
0.0185247100816754
-0.00891651484295644
0.366282838512932
0.0444981041372967
0.304997444897253
0.18530855492895
-0.21083089770127
0.233939456252578
0.329598367406555
0.585725991532951
0.705890296378859
0.746509828184146
0.83004708301493
1.1912951655633
0.943576951202876
0.83748078122459
0.388803972853512
0.402412340319569
0.506318837687429
0.559677448318352
0.56815009163356
0.820115170501412
0.885698078502671
-0.0551070616449917
-0.158768029334059
0.0680348846865657
-0.180576670113648
-0.205467900272709
-0.0178551653002638
-0.0185647228083162
0.155919023573292
0.670092193019955
0.360079302069296
-0.0408372006468563
-0.210580473819857
0.0782426954230444
0.345730358211337
0.189508419855603
0.709660324433805
0.703281961110221
-0.2013697737021
-0.117799335140356
0.500506782018332
0.585427674313707
0.266302947340013
0.311249085137407
0.24629727751167
0.367428452737377
0.351145107091924
0.705604645663346
0.201278217233407
0.335826840157373
0.590809068229422
0.586196515791741
0.618368578535525
0.792390366548309
0.780114394657462
-0.175155173080875
0.00912943234233649
0.133230112456875
0.430369805607619
-0.0472057489689559
0.33508479957192
0.309194265345404
0.494915014751437
0.176117345576497
0.477254751695897
0.68740292635702
-0.177746079408018
-0.0555899585503982
0.110407642205243
-0.210834465391386
-0.0977746826381339
-0.167682772969581
-0.0870515053968663
0.851230653431656
1.02907468092024
0.87257873893908
0.212516529368521
0.230538319081425
0.42442977801813
0.415720721539332
-0.114769653765911
0.034420201723814
-0.204470132836218
-0.0493115394228436
-0.194598307780858
-0.0180244677900046
0.431632567222545
0.0788252041595175
0.574487811607335
-0.0618053051545586
-0.11356078932986
-0.183536507352386
-0.112263317935548
0.147331009521083
0.583053473466193
0.555444258649487
-0.210618669439175
0.445341432227326
0.93937382311475
0.743191944698905
0.98077538535072
-0.210834465391386
1.14805544982294
1.1185202182285
0.972049839166313
-0.210834404707724
-0.210834465391386
0.735990983929503
1.20688465549853
-0.0717617210078799
-0.0112469699866113
0.229034249640943
-0.205016648939348
1.0277466470405
-0.0263486577539835
0.258813654153062
0.306797562722667
0.183417591491915
0.131360074704362
0.134148106326813
-0.132190618381742
-0.210834465391386
0.0493436693004419
-0.210834465391386
0.824550389074248
0.743537667603408
0.212681333446871
-0.0294899509281822
0.182127550745486
0.755388102041213
-0.210834465391386
0.8427065174512
0.0635310555049598
0.198595439240303
-0.130993975958492
0.345087746795501
0.850538766652491
0.430967923243081
0.824640579292298
0.357299390035946
0.43406772977397
-0.0416243084018343
0.602013334811015
0.55618667844633
0.436051841665205
-0.119952970648517
-0.200172104744421
0.637535574108566
0.715342053930056
0.25879993242897
-0.110484560026698
0.574801995988437
0.619863164881365
-0.210834465391386
0.118017101984079
0.0223431437619915
-0.210247459432616
0.392301834485786
-0.210834465391386
-0.0582943667550268
-0.160376018083928
-0.0556219818793483
0.135914744131124
0.502462194021121
0.237996750715342
1.08867488562702
0.767523426591528
0.922762228763415
-0.123295569064105
-0.057071373122089
-0.210834465391386
0.168899513503367
0.111467123451223
0.0733297602620431
-0.00757144216801311
-0.0614227186976143
-0.205311917068018
-0.148990791476465
-0.209940561900453
0.576374159633334
0.512079143500898
1.09688857334476
0.818354962487231
0.849659322669185
0.0970394663376946
-0.202351037626279
-0.163732414152294
-0.210834465391386
0.745151471268022
-0.210786924625343
-0.210805492357159
-0.0275236659976016
0.393019310195604
0.242657258261444
0.0786286602920214
-0.0753988545178958
0.171868382340551
0.980812589092772
1.28042966141454
0.844683813641138
-0.210834465391386
-0.210834465391386
-0.210637212932246
0.138508512528195
0.768101510305215
-0.0594544570550301
0.537936176602395
0.381806563209759
0.630453211253087
0.244654080889293
-0.0527516536899263
0.363551405395233
0.0704673100479083
0.219134153454035
-0.000410583520938451
-0.171331975990971
-0.210765858205254
-0.210834465391386
0.630339413585349
0.428484551048863
0.355900554586149
0.103589959684754
0.0026089970110294
0.620894403732802
-0.00970408290195415
-0.210834465391386
-0.0997421917317903
-0.210826861377295
0.0059564231805318
0.0762653755569477
0.0288907683390496
0.102563202821301
0.378019435917372
0.219557606861158
0.394424899794574
0.430769024665271
0.320571351811375
0.391775093963307
0.978514067989073
1.02106374392664
0.257935125640108
0.198474975430535
-0.0844866331854717
-0.194601085644991
0.532014832278754
-0.197958824200656
-0.166634538856251
-0.196465864841121
0.0331180407695146
0.272988957157506
0.379940245296374
0.392433458520315
0.562931490860752
0.327823613441126
-0.0730622975767202
0.729856811806386
0.618496986119847
0.551011981402588
0.452246251682562
0.55937764073475
0.359134224687015
0.404344835446348
0.454881685894706
0.276539524315799
-0.0496838798698053
-0.192658609337505
0.237241979846327
-0.101910687258135
-0.16374525132035
-0.210834465391386
0.551942285769332
0.803744176728496
0.962648773659161
0.655420465134868
0.565773829856103
-0.210833951770726
-0.210834465391386
0.677090717635454
1.0072478704156
1.19983199408769
-0.210819275104352
0.253996792372481
0.42905033157136
0.280208891779511
-0.210834465391386
-0.20657403435068
-0.210834465391386
-0.210834465391386
0.526470048358875
0.217663161305923
-0.210834465391386
-0.210834465391386
-0.21074783847749
-0.175050706920163
0.349192045941218
0.147805515901675
0.0903351185555813
-0.208720416672216
0.417633763616242
-0.210831429710066
-0.210834465391386
-0.210834465391386
-0.210834465391386
0.393751374880789
-0.186555288623896
0.532603167918868
0.446601664381879
1.12898313024887
-0.210834465391386
1.03867669948227
0.974600462971869
0.338007207538107
0.34054355957823
0.157618439869173
0.507693007374081
0.0284325726399011
0.677385558782246
0.793578317005143
0.991084809519709
-0.210834465391386
-0.209993493640431
-0.205559181582634
-0.210834465391386
-0.192322414777146
0.237487424409972
0.999801211773004
-0.210834401344496
0.233547550496427
0.750264209695902
-0.0130978015443744
0.639419092409089
1.05941297063541
0.61537337694854
-0.210834465391386
-0.172390165978169
-0.210714462941889
-0.17610882042503
0.190084021778264
0.343690559140513
0.615368068589924
-0.210834465391386
-0.197703717204449
-0.210834465391386
-0.210834465391386
0.148658815800837
-0.209441707034559
0.417699138440025
0.407678041076704
-0.177840919192978
0.261105051475075
1.1021966521537
0.146909096083698
-0.162603349380983
0.611958096914601
0.0591383110555205
0.286271126162632
0.546033492319543
0.122481103359152
0.0714701432054711
0.498294224131193
0.400427071125061
0.372184215004232
-0.196795325394634
0.134137167631482
0.718030715951471
0.891891973039096
-0.210834465391386
-0.210812053940644
-0.116264692515219
0.649117082371609
0.0747784438874788
1.03663214143531
0.354294794996536
-0.210834465391386
-0.210834465391386
-0.210834465391386
-0.210834465391386
0.699755956304407
0.375169546892652
-0.210834465391386
0.0510071339186703
0.302164695191176
-0.0407494091326723
0.660143074026831
0.448026696994467
-0.0599935820482704
0.139172211400052
-0.210834465391386
-0.172845286252414
-0.0540190682947108
-0.182040158972202
0.327795298907258
0.98640503394803
0.600910834040654
1.13678385961953
0.00884789304953129
0.593827592357062
-0.210834465391386
-0.210830644377351
0.600780762971085
0.298786110901428
0.997566972722697
0.365898034255297
-0.167124099103356
-0.210834465391386
-0.210834465391386
-0.210834465391386
-0.125237672788116
-0.210834465391386
0.781320187633346
-0.205560659795795
0.121844290507846
0.904496513734235
0.517579948756622
-0.210834402332554
0.733336963446213
1.01850632408279
0.127790696127692
0.47218076064973
0.473225888359438
-0.117872379019857
-0.201258159023331
-0.0214542489780691
0.606366404382948
0.577863778438532
0.0659809716573034
0.45961285515892
0.771332034530503
0.511271424467717
0.0835406869566707
-0.0217089535881473
-0.10893449566902
-0.210834465391386
0.41550499583286
0.223952641276969
-0.19569564346626
0.740544637845753
-0.210254879057906
1.03832644967506
-0.210834465391386
-0.210834465391386
-0.210834465391386
0.00366825206770699
0.0277896082406061
-0.210834465391386
0.437044718918232
-0.207059497462661
0.64990829463243
-0.0217311307004596
-0.210754029914343
0.259630886997714
-0.208785590355572
0.0110823390594673
0.657158426382393
0.461989256385793
0.388047031808558
0.367914572141226
-0.210834465391386
0.711043940075193
-0.210834439205097
-0.160377530552009
0.612994880159691
0.00942747700776542
0.473377807618442
0.447245923499601
0.252328720792994
0.613344847451902
0.106414088336966
0.314678742731563
0.374763478701402
-0.210823779409622
0.294345982209536
0.227441032713605
0.653304719431115
1.24308311631565
-0.199668927416506
-0.182833059921845
-0.155193232929338
0.405525000554375
0.354011708121327
0.877538539864004
1.05248544889009
-0.209045359507222
-0.210818636391979
-0.127564265357076
0.538207528860755
-0.164619194322562
0.290258570063208
-0.210834465391386
-0.0799831544783536
0.183505774858523
0.784163929346342
0.922299283367421
-0.210834465391386
-0.049584766961841
0.790174692809143
-0.210834465391386
0.411425330731119
0.239754234180176
-0.12556775497908
-0.109925834057714
-0.0870354290785152
0.322365847007072
0.511288456678909
0.370257831185828
-0.210834465391386
-0.203657686051328
0.183839736577279
0.224621710643303
-0.21035506833005
-0.210834465391386
1.10239618959611
1.07405434298033
0.229238528000722
1.14686857391064
0.700426437154865
0.991529265826046
0.139316641457358
0.824295657909812
-0.210834465391386
0.61430995498396
0.567331461957785
-0.199428229693724
0.25754246223663
0.183719135290595
0.325180150026897
-0.209675367784755
0.947150558165671
0.318929001217114
0.507160090185321
0.5188316521224
0.337882282011105
0.276197078926131
0.46523613863069
0.941679963817832
0.928654088288939
-0.210806352409582
0.280249308508413
0.0932915293731811
-0.210834465391386
0.233269725100606
0.97139261890443
-0.168981573633122
0.559784170109548
0.295711208697218
0.186234295807537
-0.185234911858273
-0.185978972221713
0.516856013661325
-0.210834465391386
-0.210834465391386
-0.210834465391386
0.028363439194737
-0.210834465391386
0.167185786224173
0.316156510696635
1.14524330055087
1.05323966721485
1.03398830535459
0.976510592747916
0.577647299931942
0.873233476782323
0.687887315725641
-0.198867246481146
0.442348006658216
0.119761896821698
0.269549985368312
-0.210775244735567
0.064807043044159
-0.210834465391386
0.905276272473793
0.622748095138404
0.880304598429963
0.793958995324463
-0.210834465391386
-0.21071823837871
0.669814071816977
0.684461630356743
0.380380881449085
-0.210834465391386
0.422313410200881
0.302391438974401
0.892271679136862
0.324835405885589
0.878029677748012
0.244825367947648
0.308677329558616
-0.210834465391386
0.631221989077093
-0.110907583414428
-0.0561949744041205
0.53493860414422
1.12440862981297
0.0675272551194562
0.283982479352391
0.423967619137154
0.78940698218458
1.20333662826086
0.24008544357725
-0.19584640620631
0.773372170134943
0.939924473191331
0.139139651219782
0.380465724360384
1.13313651882939
-0.207497462961169
-0.206755394844805
0.650897178522966
1.39968294207844
1.0420278585357
-0.182591708128783
-0.132258226578077
0.647708953591614
0.419697056532605
0.0864738206405405
-0.210833695336167
-0.0608269850847874
-0.198633931502911
-0.207710665072043
0.0357944063417368
-0.210833922620732
0.529471489970601
0.0511241247244693
0.488531784664773
-0.0953953563998757
-0.096286603569892
-0.0810166761345555
-0.210834465391386
0.0271723694295558
0.180527153318943
-0.174865963584598
0.622272091416436
0.803398949847722
0.432793938831885
0.36407695660167
0.56326889698236
-0.210834465391386
0.752846438771666
-0.138193700284637
0.562096710217482
0.36929704917844
0.586121551200113
-0.201558383392621
-0.185521544083361
0.205705463362164
-0.0865738185887971
-0.210755012640526
0.522923379925417
0.711895624202321
-0.210834465391386
-0.210834465391386
0.356206463126352
0.703019433539374
0.328528841776039
0.168359942942373
0.826817144715561
0.714937715133694
-0.198807976516151
-0.210834465391386
-0.210834465391386
-0.210834465391386
0.313461600305648
-0.207232033360187
0.462766629240489
0.13390635168701
-0.0892681587592906
-0.210834465391386
0.123415968465449
0.589385504104027
0.473232176301073
0.0881938682034447
0.138592490137461
-0.104371656746642
0.708009077707573
0.437802759836988
0.727465502135217
-0.0181433839107504
0.153871825880927
-0.210834465391386
0.0987600707533344
-0.0785208666969807
0.164358288375807
-0.0561764894633476
-0.206715672407776
0.240222428489385
-0.210769933875535
-0.205018310374536
0.15864210359233
-0.210834465391386
0.21622261495482
0.570350331543112
0.559790831862216
0.478977924959352
-0.0596142871020742
0.679278143920545
0.587654088201603
-0.210834465391386
-0.210738535181192
-0.210834465391386
0.864860801414589
-0.0688146779121374
-0.0686398529878662
-0.204010662198427
0.0771684058443232
0.716459019807111
0.0054679377350989
0.119977314836659
0.237283910500843
0.523152076706854
-0.189746938593806
0.716278979243468
-0.169083980158362
-0.210652356296801
-0.210834465391386
0.213416824195618
0.95293900840366
0.341328028360887
0.289989040973614
0.52129262265757
0.298589343232625
0.211372197111082
0.962153470706148
-0.21083395654226
-0.210834465391386
1.16014268428716
1.06357959457435
0.238372731864022
0.103775803330205
0.167760522464582
0.256827034924007
-0.106739220624182
-0.210824708457463
-0.20072333945369
-0.210834465391386
-0.210834465391386
1.22310922690809
-0.210834465391386
0.594551800809371
0.991971964326071
0.00723034167158557
-0.210834465391386
0.370093333615314
0.549521744315418
-0.177937460977095
-0.210834465391386
-0.0169170149035144
1.13242744346418
-0.210834465391386
-0.21051662359211
-0.210834465391386
0.191372308561694
0.765606001089529
0.209329450499833
0.0315644957351056
0.349797994306049
0.773783355725865
-0.204059290210375
0.00293927254737167
-0.210834465391386
0.579247206160583
0.950511437302676
0.408732807229987
0.428416784569351
0.456804267297286
-0.183886562879952
-0.210834465391386
-0.210834465391386
0.379077648388406
-0.210806539204323
-0.0556130381018597
-0.0414935590779659
-0.210834465391386
-0.210834465391386
-0.210834465391386
0.315203991454483
0.274222587925313
-0.210834465391386
0.945948941955346
0.0538934139195731
0.302283009170476
0.407633750753391
0.223682878451364
0.884582621753362
0.359754652899295
-0.081056597298748
0.0451685054750694
0.674433320276874
-0.0619839117148935
0.854312409194884
0.122485248855601
0.392892702391549
-0.197790333494257
-0.210834104577972
0.596711918808676
0.622525919832523
0.253194940237497
0.688075284655264
0.145169980371589
0.110499656810706
-0.210834465391386
-0.210834465391386
-0.210834465391386
-0.107516292848016
-0.0206167942628394
0.710216661528893
0.441062501438097
0.265091470421052
0.0711956719236038
0.0452016036667824
-0.210834465391386
0.279883256085522
0.602663835416609
-0.132360146971505
1.28359619751187
-0.210834465391386
-0.210834465391386
-0.210834465391386
0.509028353020169
0.657278278705379
-0.0122615234104108
0.317153757424785
0.423432043221618
0.216878667286897
0.766747061011023
0.582616795720848
0.0477859552200031
-0.210834465391386
-0.210833490984541
0.890308465493276
0.30304372003967
-0.20993623996376
1.00314863436701
0.369373588446513
0.13670220657521
0.280853408669016
-0.210834465391386
-0.210650701910985
-0.210834465391386
0.441773171953703
0.0128117033133618
0.408477186257096
-0.210834465391386
-0.106026076297152
-0.209422979526049
0.615154822258154
-0.207179010274255
0.258939821704396
-0.210834465391386
-0.210834465391386
-0.209734268313076
-0.209062259187281
-0.179866122661157
-0.0438499557932137
-0.0179440900454339
-0.210834465391386
0.108003528111695
0.240051296565446
0.498938888795967
-0.0426913210332439
-0.210834465391386
-0.210834465391386
-0.210834465391386
-0.210834465391386
-0.210834465391386
-0.210834465391386
-0.210834465391386
-0.210834465391386
0.138664715039194
-0.177078453414912
-0.210834465391386
-0.20679432382956
-0.210834465391386
-0.210834465391386
-0.204349000650871
0.137104172976665
-0.210834465391386
0.175710207823286
-0.210834465391386
-0.210834465391386
-0.210834465391386
-0.210834465391386
-0.210834465391386
-0.210834465391386
0.0823836232190864
-0.165955821696684
-0.13589262719702
0.393353108266028
-0.21071971898388
-0.210834465391386
0.0952583195961647
0.436147428620423
-0.210834465391386
-0.210834465391386
0.110687632655573
-0.210834465391386
0.143027263245128
-0.141700596509814
-0.210834465391386
0.111572249560896
-0.210834465391386
-0.210834465391386
-0.210834465391386
-0.102946991816785
-0.210834465391386
-0.210162075394556
-0.210834465391386
-0.108655651435487
-0.210834465391386
-0.210834465391386
-0.210834465391386
-0.210834465391386
-0.210834465391386
-0.210834465391386
0.0556091905299161
-0.208624805647196
-0.210834465391386
-0.210834465391386
0.0978642870399298
-0.210834465391386
-0.201276590337032
-0.197672233955894
-0.185323619643152
-0.208754530519338
-0.157573483258334
-0.11088692036847
-0.138564520805213
-0.139923300635472
0.170331438756274
0.108788320844507
-0.107461865688007
-0.210834465391386
-0.210834465391386
0.127098171658109
0.0196737022626612
-0.210834465391386
-0.210834465391386
-0.210834465391386
-0.210834465391386
-0.210834465391386
-0.193991190290353
-0.210834465391386
0.312716780065592
0.193086287036171
-0.166288082909476
-0.0351341140919366
0.54318710531263
0.434688739481063
0.228357023324947
-0.210834465391386
-0.210834465391386
-0.210797764497777
-0.194568334875755
-0.102831689576672
-0.210834465391386
-0.210834465391386
-0.210834465391386
-0.210834465391386
-0.210834465391386
0.15881983681448
-0.210834465391386
-0.210834465391386
0.0500380805034054
-0.210834465391386
-0.210834465391386
-0.210834465391386
-0.210834465391386
-0.210834465391386
-0.210834465391386
0.173620209919809
-0.210834465391386
-0.210834465391386
-0.210827847115927
0.130105598878489
-0.00949638781721793
-0.210834465391386
-0.210834465391386
0.130868245859359
0.280706919317837
-0.210834465391386
0.207187475203885
-0.210834465391386
-0.210834465391386
-0.134419191487746
-0.210834465391386
-0.210834465391386
-0.210834465391386
-0.210834465391386
-0.210834465391386
-0.210834465391386
-0.210834465391386
-0.210834465391386
-0.210834465391386
-0.210834465391386
-0.210834465391386
-0.121079563745216
-0.027525659825375
-0.191226818644363
-0.210834465391386
-0.210834465391386
-0.210834465391386
-0.210834465391386
0.114995447293935
0.221566828222516
0.231006527461301
-0.210834465391386
0.396784687962095
-0.13565211217375
-0.210834465391386
-0.210834465391386
0.286887280798476
-0.210834465391386
-0.200414888572757
-0.150952101541786
-0.00281759544607035
0.00921951674562563
-0.0936946453936709
0.0372071332831414
0.0533222845836972
-0.209650781879529
-0.202164333697092
-0.207818106896998
-0.210771976355129
-0.206608332970959
-0.183707924338817
-0.210834465391386
-0.210834465391386
-0.210834464842209
-0.149205483415371
0.551560107314092
-0.210784417658427
-0.0306054117962524
-0.186123884092678
-0.0214580607136435
-0.210834465391386
-0.210834465391386
