0.512491674013675
0.575550156554097
0.936807925402093
0.918156859133675
0.730765830323168
0.719077452398125
0.881762861699504
0.953442020077732
1.07108668795199
0.86545997085525
0.73447411294537
0.690609458751249
0.803763298239449
1.75141848458894
0.992598252081463
0.744710931031326
0.726279744669364
0.64996708658603
0.798301135787051
0.560664686248161
0.465662069438007
0.724095812683561
0.778575064734652
1.35062538946423
0.832174926177282
0.787949427428991
0.732367786739943
1.62415720253536
0.73377243053012
1.09219752103611
0.772123209243347
0.637067055870361
0.640544225770451
0.886313422203021
0.852233826146908
0.791639666766406
0.67273647221596
0.767974523920735
0.673072434392175
0.748329812094288
0.744407157291803
0.860746857086555
1.53366722628073
0.741455835736106
1.0890510094993
0.637897704721699
0.808258894776191
0.753567893943764
0.834134954150581
1.29136464952927
0.733793183406399
1.04766052558279
1.23335371499439
0.882004392664618
0.777482549361719
1.6503588584679
1.4410027996919
0.939008370200021
0.79373320030051
1.79532374177766
0.755834387347354
0.702892397559501
0.912053788027445
0.859219953299505
0.953611208375561
0.704413208935967
0.771029639848255
0.776391395702778
0.81643220339192
0.781008310369588
0.761262944440094
0.708703374211434
0.896431422095887
0.851431284569235
0.735454274428988
0.76429581577076
1.01196061284188
0.728560805677593
0.764711140518227
0.745302142962019
0.70652329991183
0.829179475275257
0.616868006862844
0.90634798674991
0.807705728307356
1.48549425770416
1.59161232919446
0.648176077519105
0.769003472669313
0.659556560204029
1.12282081356723
0.702188944964016
0.804391391413453
0.580599813451822
0.626881686308912
0.798919086888523
0.630189310483066
0.703622019885075
0.665230738031886
0.745581247572903
1.29580058441188
0.503572027478771
1.16224163110995
1.39843227555123
1.71244850881921
0.870284978241855
0.699638526425507
0.793373588770748
0.746438153364629
1.80122281451628
1.47265242889607
1.7386775264467
0.836671214337294
0.751753455453639
0.697510552505173
0.808966507056284
0.638089694636536
1.11168585945939
0.785891915533392
1.02810446676239
0.774197854622709
0.976484375774268
0.864264320145533
0.83454480064828
0.933013958817499
0.694486427319935
0.772092477497354
0.629319631567001
0.578888547009607
0.86233106264903
1.29217666536264
0.885438064014085
1.2754368064967
1.20565736686835
1.42755041541262
1.44133410847447
1.15660002805843
1.37750450435316
1.30062909206522
0.978030099906675
0.614212377711548
0.994053452317557
0.743564594388272
0.569070075872244
0.949507904101503
0.781444260719993
0.775304702291143
0.993159009816421
0.866671239607953
0.87988207800184
0.945596714557707
0.816259445281556
0.731473709813664
0.565539454699143
0.622558052308056
0.668657546276613
0.570440705294342
0.615051263619661
0.809938870595158
0.70526435456654
0.496124145579762
0.523975959522518
0.507403261535972
0.626612409757006
0.721302320340334
2.19146268382637
3.20561965466386
2.27551078166065
2.1930184427153
2.50281849243004
2.12482617131137
1.59517632693699
2.40984749213227
1.8890690522468
2.89970817120599
1.64504500244232
2.46756429750463
2.36521589288307
3.5912853803016
1.995410695187
2.15552662734458
1.44889060476864
1.69623759079063
1.75916174192305
1.4325912100805
0.804700197840773
1.63091478914092
1.45265628149438
0.881612498789274
1.26752483620568
1.05951326425698
1.04042192097715
0.775356597103046
1.3196281300189
0.862444409075644
0.924177914734046
0.769837152070603
0.998233450510911
1.25878646878069
1.17279877613749
0.737662746100087
1.11893256853044
0.685666443216168
1.14804469070188
0.70912143636298
0.644982714140475
0.8777746474301
0.505076665222981
0.598135316341377
0.586405421715363
0.594462076077717
0.825947704546392
0.738413420619846
0.55046222040846
0.868561941822729
0.91694984835092
0.750334334116565
0.747411458590841
0.652841075877092
0.903973382705586
0.930049699486698
0.784885983967961
1.1730705325006
2.45291298434387
1.24862048241748
1.26407606189262
1.99172552707088
1.8939170839513
2.65634479933437
2.21627841542402
2.78769280268448
2.50348154985769
1.0545831090808
3.20104640694736
1.72928291783931
1.12846058889447
2.05096611020312
2.25168681348545
1.49056921082163
2.09250180118854
2.29223044156583
2.13165032839236
2.51877407832552
2.9297817384581
2.67757570369687
2.42337039955138
1.64617251055506
2.01485790475247
1.92778466268929
1.74577191298628
0.524573833670226
0.574105004022256
0.546359141531798
0.807217417234766
0.738402580891808
0.97836374390005
0.839788508474044
0.978538207571062
0.856751844490358
0.783680243576504
0.803750345871744
1.06772969005793
0.909198668576745
0.833490452659857
1.03404522441655
0.831815899786097
0.814593293415141
1.50471560545508
2.10652190455571
0.780961858238285
1.17977867672807
0.677257487275832
0.832742292898517
0.793882241797081
0.873747476930534
1.20114186512644
1.04040278417369
0.977652282802352
0.937239640338823
1.10227648157996
1.23467109862277
1.88342806202827
0.965227829575798
1.87619558960019
1.03539952832059
2.24706951039015
2.21635408000805
2.11735048094293
2.04327842214653
0.91889696595442
0.959840388643717
0.909406441415646
1.14748788947821
1.6812368338659
0.72055450976292
0.637784555622228
0.930133572259006
1.14916697759249
1.29207544357412
0.916426109225743
0.807346227020526
0.561245997526662
1.45804683124899
1.23417281081706
1.47390059743908
0.856486358604843
0.669736545960921
1.02965073344798
1.14348049722357
0.779849079117898
1.10622818750535
0.753419935612304
1.52228072064524
0.700157132100473
0.887146033055901
0.865190234454305
1.40443345322925
1.85453128789506
0.60109581659052
0.690213089761389
0.766845159668977
0.85304830275873
2.40554282657048
0.964478302878696
0.814017452850816
0.567789883305398
0.77007641605417
0.677783931244415
1.06630277081276
0.813509665445085
0.762496578656715
1.37058818024034
2.56041719628515
2.38559443212382
1.47847559400912
1.6460475768412
0.8923082646709
2.32429036584265
1.89234467809222
0.859202627772965
0.738496850673382
0.937332378405838
0.610284036018066
0.739104616152152
1.17689692375576
2.12327585085859
1.38887311202416
1.00038011894352
0.70619384705149
2.60722172635762
0.852761385695248
0.944678035498626
1.11124444657154
0.834868804652157
0.75075945571492
1.77596870030966
1.34516125378581
0.7569538069095
0.705697308737626
0.974923661247918
0.899576871926014
0.862935548105595
1.90777113858146
0.779707501887226
3.3387530686174
1.31774279502836
0.791346779435117
0.697756564820462
0.858917238924583
1.17418980142148
0.833598082004835
0.853925382392805
0.593832855819113
0.64249237204296
0.796823046794995
0.701990771126565
2.00943282883767
2.36767411891216
1.43927751633955
1.5896759109363
0.858345758624832
0.71382543063841
1.7020497387314
0.66742446198938
0.840984179547802
0.814260262096858
0.93518900302682
0.612823678473523
0.785498513382011
0.864498421821916
1.11101615134133
1.16358069274146
0.777914894868597
0.807553899849765
1.41603138203629
0.966163251411044
0.753137678028646
0.662871912502407
1.00322324653248
1.84764695387579
0.658505738084075
0.804226670130961
1.56666746599529
1.12428344408907
1.34959106454888
0.923705514503276
0.767086912555259
0.684019264399133
0.989479799328931
0.871971268008925
0.913192273496982
1.10118991130362
1.59290322768793
1.44151917654593
1.75993332901924
1.51123579656611
1.51915829683509
0.845530574968856
0.639105392268902
0.531675717520882
0.618183763581486
1.75792632318667
0.596190947997071
0.655909723482858
0.856053417977438
0.825300958013094
2.02673187707216
1.26936122640005
2.20854776493577
0.907600168237733
1.02986677966533
0.81003972564164
0.862595813593374
0.829123033525113
0.992954282167299
0.968339338828568
0.835713218290619
1.02845659287298
2.27142356303592
1.91406597388379
2.46306638828801
2.79935798559458
2.08034956628285
1.28349520500706
1.69423696700734
0.725017310907215
0.791031201719847
0.981719744274124
0.925175153681552
1.14149883982621
1.26451766907781
1.08118428694976
1.09114245387388
0.917150857059606
0.875023481215764
0.863860120954116
0.895309590628362
0.876890136853995
1.10687315010719
1.02442879156806
1.19000812541088
1.02249852867184
1.68642617745246
1.68447097063691
1.68057644720413
1.71957487745163
1.69558170657629
1.63764240943091
1.61955226940402
1.49179085996733
1.64523378952532
0.649331394443066
0.652417299471383
0.744406593433156
0.673517707969061
1.06701900529795
1.00701400094275
0.655548486656813
0.866514509512233
1.47241866830649
0.838078096147602
0.740065743680767
0.549906984435724
0.656426397657417
0.641837539892724
1.14439018163554
1.22957346903291
0.836328035810007
0.659435202539478
1.20263763935905
1.16242701680044
1.10325924744381
1.45594054079349
2.04706584174457
0.713806700449315
0.695158259376047
0.736612911089929
0.935535013834578
0.752348227529347
0.608405285836742
1.22897762814845
0.595056562499348
1.37236630302918
0.787595503255195
1.86982434812424
0.881597838087384
1.22844485174273
1.29172987711771
0.758886860342103
1.25724367502428
0.754321174564747
0.998505334357235
0.861358041274619
0.762541872129235
0.61482072873938
1.11123386247251
0.614386588121249
1.00579959453104
1.83551342767565
0.777894483361844
1.59623792497016
0.975188121872465
0.921558720084399
1.00056716168658
0.749573168515811
0.762214941063109
0.587266259021765
0.993347045944841
0.67751338492972
0.889797168228942
0.763227384841633
1.12355773775752
1.52130937652937
1.04587597893498
1.41097756592743
0.716763392982315
2.0882754928973
0.813092980355214
0.690878332699289
0.677496111200186
1.05963736147331
1.5619598963629
1.01080477144137
0.749897021601058
0.757153413127455
0.841635501527294
2.22341751762074
0.793457482346678
0.911177600286023
0.802235160747033
1.18024636088699
0.672986289751003
2.02292811383108
0.716242036497266
1.26992569345113
0.960438958075994
0.572523783478886
1.062573030495
0.629345102166273
0.559127232463098
0.738579935867812
0.833274321416686
1.13542340596455
1.22417849073052
1.29255174297661
0.750313447202701
1.00366949850602
1.60691573789923
1.63776701286298
0.617668725830711
1.48682030888534
1.65851948010554
1.12516424255178
0.736143382254039
1.08490799991687
0.992164382883617
0.779569130934393
0.637003319178789
1.95340773149073
0.598345459502874
0.685470436323414
0.861146936445946
1.12165647197873
1.13798113290231
0.921437840676734
1.01524022081128
0.723958833527137
1.19780627541037
1.01539751154642
1.90719204009399
0.805109084649376
0.787983957953462
0.99994082967648
0.56756120746814
1.23881154584335
0.678423270748689
2.88291117665963
0.855011050054076
0.94959224376022
0.818688259840189
1.9188749016033
0.911167106032148
0.793592875993658
0.94551567844779
0.917021543072463
1.1008456932401
0.728527608835529
1.64387231536454
0.854093470269829
0.800085711165904
1.04142735363811
1.66490615900941
1.46616629324538
0.789007373752178
0.937294620527193
0.898189061515274
1.03291601374245
1.27842903251621
0.737733775915359
0.658518088076094
1.03372786161966
1.03393234745106
0.694859156039585
0.732555388689025
2.29193781505903
0.666849312947905
0.95233123925771
1.44175533963554
0.677840117274316
1.09245182860753
0.833893723423588
1.92188949468966
0.832685887400174
0.859943747441583
0.77386113643345
1.29024663646097
0.935649306591435
1.03985072712743
1.06324666733602
1.52680001355363
1.69123632838708
1.61793114818082
0.730615814624959
1.95568597962953
0.706334915144602
1.25223438386141
1.57664293284547
0.680564627759065
0.842384521584569
1.22814532304171
0.704409183641109
0.698664639805702
2.29697930180179
0.993251734807339
0.802496389827198
0.841091315908939
0.880079748941205
0.949459634702913
1.26881297882942
0.887388022420004
0.667258853959859
1.01023798724422
0.697084267976101
1.57230882671029
0.546645470994643
0.921156620383754
1.83274930426847
1.29537480207539
2.59790665489351
0.968474366525456
0.792415731964277
0.943153069339848
0.898546349436134
1.96885633223216
1.07649392193721
1.53658950689113
1.89879508125745
1.62623522973503
0.724363076272163
0.656727762469984
1.45495668411288
0.887653437701652
1.16652820435665
1.06794713823253
1.77970496500717
0.679743242765689
0.880529137621946
1.16790602500246
0.859646858272231
0.979869981028968
0.689616721214848
0.71001960051165
1.86915496451384
1.08791411774699
2.46590794795991
0.867332718906097
0.628684704368263
0.586230620763465
1.10442999489134
2.29405936536162
0.898584710164775
1.4267265531542
0.782071393319304
1.07446345581963
1.02383750252655
1.47870630172397
1.83895177074371
0.804631445579498
0.82695989158283
0.644254933987782
0.573206446233703
1.82120544384119
1.78626988189097
0.747076491493927
0.747816208717211
0.932625747237395
1.28968698261644
2.03433154300192
0.743797870296563
0.609741991442296
0.625061051414396
0.551959409938792
1.80734990009734
0.719434950251845
0.686567634125566
1.22215695609821
0.817330476270089
0.651547941992942
0.597804431038614
0.769877837640967
0.753636914239623
0.933172233833353
0.891593019631574
0.93153649233499
1.80787200223582
0.747279538275492
0.844916101149086
1.0215085399643
2.5651563529134
0.85279660218386
0.816887572207545
0.929004808005247
0.937898022077416
2.57255258428266
1.20725144745562
3.04617057758716
1.61040012430589
1.65560724002002
2.9446505516848
0.634473990407882
0.673416762650953
0.689367242694233
1.58495026167957
0.690201071566475
0.733516566835413
0.83672967315981
1.31201963655484
1.06524641123976
1.21369754256209
1.08754027122399
0.738067331465411
1.44503704012529
0.619985215852607
0.845381795715189
1.84099319868097
0.632068336376103
0.830664433059672
1.3056535738036
0.940984742344189
1.38958533516865
0.714409482264292
0.520646750504713
0.640675052273985
2.57274200732256
1.46743157115843
1.54911617073407
1.33132737047493
0.902427988545029
1.11039792656796
0.583858329591962
0.916342571596929
0.961507520579137
0.770079380640187
1.11786991625415
1.07379876249123
1.09215821861581
0.694378269856445
0.868553848217784
1.79760509830949
2.21700817079831
2.41131573730638
0.775068863410883
1.46645245481681
0.842360319662803
0.784284343197014
2.3270721078257
0.907911996453507
1.10851495849334
0.603933879571899
1.33061065832593
0.851238655731238
0.719834069130428
0.636168138505374
1.4176426803125
1.25029809739831
0.873570331918855
0.842748446520965
0.743486641382539
1.08638540598507
1.07307899629612
1.54028897742864
1.05138197293025
0.862150462896371
0.831274753335016
1.22414000055422
0.953252036165122
2.49537874987861
1.76956828728829
0.890111863117204
0.623092275236475
0.950039526363853
0.710215369788925
2.3603885233591
1.27956170223394
0.94867918871803
1.75463355513664
0.74882017742676
0.793521730501477
0.670867181025817
0.671786898305783
1.05942370406262
1.01926220385855
0.814284945343511
1.05780922080606
1.32216488430527
0.869863901062539
0.937350203617046
1.80612872629424
0.693887642326783
1.26269915966417
1.0203987128913
0.831912417128997
1.49902682241135
1.80486842691511
2.82000417982263
0.961611645004145
1.77040981880127
0.677857428348586
0.76609973230047
0.735088616925506
0.682442518877579
0.749358224537865
2.83597565198725
0.813231765269615
2.55550785552629
0.684474380180438
0.97569848478203
1.90358832600498
0.618485722282822
0.719822738980569
0.707025351451287
0.90215038430175
1.1775063211895
0.732462569220992
2.47301195175331
0.767597552801588
0.807127508868569
0.73172232243568
0.610071314966455
0.533439664007371
0.694773145157458
0.649600511346458
1.82795169193112
2.51309059993945
0.861694474343194
0.915830449382747
1.25270934679828
2.08687879005851
0.825787468366855
2.62513789276042
0.831185449004221
0.93496456878321
0.952913348019398
1.18599374444286
2.80044730764942
0.699521301338162
0.7752559407516
1.07338697516728
1.18464600158143
0.85298271797093
1.06461041400622
0.704949840522935
0.796207389090958
2.31656464878906
0.611786407804384
0.666967651814999
0.82771584913635
0.842204348471125
0.619069389424878
0.827971942426964
0.880719515466591
0.873043773941985
1.4638126493879
0.606864993717501
0.685955160996457
0.838893305238576
0.931787331815244
0.914482897298713
0.595188508099939
1.05477169193101
0.947552682396462
1.6156940992458
1.46877255577964
1.41007462112733
0.706844417124345
0.825578343063718
0.982006939675356
0.752858814557059
1.95874140437728
0.742523645910399
2.26081487105198
1.62024631579659
0.844652740614923
1.16717468824142
0.91057283540458
0.81176223045434
1.03755803900095
0.704853588250799
0.689488260788097
0.843684368568906
2.06972738861024
0.760207579831588
1.17381330156523
0.671916512864093
0.889018691809566
1.52881453906512
0.874706332298057
2.53477584879894
0.726611165147975
1.1120654697544
0.56997454891706
0.538641465101925
0.959833111870892
1.14505524421415
0.884066590253448
0.982963921698103
1.38832157436585
0.614680636013884
0.806196397126945
0.627638104159173
1.24231244839553
0.7834088063537
2.19916291393815
2.80502551446574
0.803910536499834
1.65703254605575
1.257000342757
1.30673180226279
0.9191909530223
1.03104576192481
1.38751529028112
0.811386117561248
0.832836195351669
0.794653949595766
0.866176821849954
0.806599186055837
0.907560272596548
0.903704531791441
0.834156002965291
2.48227513188086
1.10344429786426
1.11803647620945
0.832958305236171
0.633010177416349
0.574384764905838
0.675252468296545
0.588235731561629
1.4180540376002
3.02273161453122
0.706904265249658
1.61948993856848
0.712154271794942
1.21606249008203
1.58453498381986
0.964297155056906
0.772593052078425
0.709728393185349
2.66550790047724
0.616573826165189
0.753340978922092
2.51505445178215
2.01218659662267
1.11189681226481
1.97142685633427
1.69763816536044
0.655002857829923
0.851891332776172
0.707986818127907
1.15799655215476
1.31304753437531
0.914163951404293
0.732955248366417
1.14076511910199
0.795570090246392
1.52663583036774
0.99623070632408
1.26332087072387
1.13655826154389
1.69414769200791
0.703809645669398
0.758195482465396
1.04165530105659
1.61493539317804
0.897250196577481
1.23758852722701
1.02745183270083
1.00400538367011
0.540054693248744
0.66342904166142
1.55318152486161
0.718346426537774
0.707218401430301
0.669863388653252
1.71588854746821
1.13050769510224
0.745068619955552
1.42729040148707
1.55107867339421
1.58199697103367
0.916274710957638
0.849440523446623
0.721385690095779
1.00144591184719
2.47443252869456
1.12139643317226
1.39391226100629
1.30897158186852
1.55159573142156
1.02764207133071
1.04367003197376
0.790429419900902
0.893745754836085
1.69369475530655
1.32590928040716
1.79627364927011
0.748830842390825
1.00905746331739
0.664685887383052
0.984794631315668
1.03644881774418
0.647271178914559
0.701222342787887
0.875887363152579
0.900514038386031
0.709111653110615
0.89394152308805
1.00097731245229
1.19143737030311
0.858912705478621
0.756356152264796
0.760380092023589
0.876138355102221
0.723281863712653
0.677470531508189
0.652590047168289
0.634547931256012
0.859484213482818
0.788289453157107
0.75837724078448
0.94683761486039
0.802175346437446
1.37712488557666
0.776555404085512
0.659484041981097
0.770465551930624
0.614134356141542
0.741696643988114
0.695041494114196
1.43940817543841
0.655429814270186
0.539137646121442
0.457506890781704
1.13353272086374
0.752820396160171
0.800699641363231
0.850075604867985
0.925666805349036
0.617365709464953
0.677859211062143
0.839478695200722
1.09886484945117
0.937428950415546
0.759149769055775
0.769849792281678
1.25796230334861
0.788327303245388
0.741544940409798
0.680853400601379
0.738173834405155
0.638121079441127
1.23435172478031
0.735668363441079
0.889484627201372
0.807010258305535
0.756778756258912
0.883122639673004
0.737731434121258
1.43856143871237
1.00253715309189
0.623919861757013
0.658266336956438
0.624010683663027
0.749509540668172
0.86014444851377
0.75946184831843
0.94378427313089
0.79304344640575
0.849622263566463
0.868926467018602
0.60372808158582
0.732689141758544
0.682156490382668
0.759794002550751
0.779816165799962
0.782960210831585
0.80777673543561
0.795765588249436
1.00422747849141
0.801504224948196
0.774071279121841
0.71262119131995
0.764857711099387
0.742897727724044
0.78493479203161
0.667573280997476
0.694125634741694
1.04787067409064
0.900333913541454
0.621301103370359
0.633838859325824
0.680418956071897
0.819194866518446
0.885993738406327
0.837498355358775
0.895530795011786
1.05287990590263
1.09048586638469
1.03399095920233
0.462233170108945
0.587961957254025
0.579260257954821
0.729955635317399
0.7552695528807
0.83718231953042
0.84089000186214
0.746723210855281
0.722250492072529
0.731147597255206
0.76979637082795
0.826739055988517
1.22937823773857
0.809373799426191
0.660630991796496
0.682789557147804
0.78091016167655
1.53201603602217
1.58154391376217
0.658960452185969
0.776079024888538
0.732810272724669
1.36935373766969
0.689328685559715
0.770560567253343
0.767397869913765
0.453021398601046
0.612565819266491
0.754100132219268
0.82968388653162
1.54144120321485
0.739643884636484
1.23788945015614
0.667952877568442
0.878400240964746
0.615056130917904
0.607284417077152
0.606554858183547
0.63190305866855
0.662589647125934
0.650906529629676
0.797342538453382
0.711222121843137
1.07801503969341
0.588981972656849
0.727387272790394
0.83793348237785
0.89944032748034
0.812191009604941
0.596847714103215
1.01653724313959
0.733860765008334
1.13841522717553
0.790047916007451
0.776736314827722
0.775913026447303
0.713011771259892
1.10540594103197
0.793059754339807
0.672466035070122
0.614019904037362
0.762831947442004
1.08043256970128
0.701669802066093
0.841657367358777
0.828316640063297
0.839671909966384
0.819873344725492
0.76786011443285
0.818862446904232
0.619586520626008
0.636580131247137
0.596134806530387
0.708179803925755
0.693533418670289
0.769366760734523
0.73038304752951
0.690960548826909
0.756423176877328
0.875627786046689
0.976592381068897
0.823808576598939
0.928226670909319
0.789339195189623
0.868424091868307
1.47539498437248
0.683076170491807
