0.429570402559672
0.677866835627439
0.946824429229501
0.907289780508333
0.793255949917082
0.777286350050653
0.938665050142074
0.972537770700546
1.04435780542567
0.943778650044956
0.704613915537633
0.652949209366318
0.975182060349512
1.69858625498421
0.971912566085045
0.787041559144421
0.780219769492079
0.742381036287499
0.863957584427652
0.699410960383487
0.424232831854878
0.731666144064503
0.758676381834349
1.39490509592956
0.835510454007374
0.912631106864276
0.754795223821181
1.40528856876636
0.711360024768886
1.12915263761081
0.841499930174663
0.693202105667289
0.718866735463586
0.866081512838301
0.88816613575239
0.814261562264505
0.767025438940266
0.740291205953667
0.790692387208027
0.887654254976188
0.741915544775069
0.870418355977224
1.56765513152757
0.782035119593362
1.25750656680606
0.649743761704257
0.83933209489167
0.763679738195102
0.889640895648826
1.16819883641616
0.744424515850988
1.01757779623205
1.34034830539899
0.899539540227484
0.73605238016799
1.6883210464024
1.46355228000619
1.13078521310234
0.852621868206359
1.6267869558576
0.784325597772115
0.830318275796912
0.917637557151043
0.855382362652659
1.03630762752328
0.856514898938984
0.783470645389067
0.80575813449106
0.825774070621394
0.844300403299777
0.772805761072778
0.710182354929921
0.876018616758196
0.826697199130892
0.772908472863606
0.752848583533627
1.19547691442766
0.82380742391692
0.725262662046192
0.709731601394498
0.782290435820213
0.822340632472067
0.743973661984125
0.93492583813349
0.856701547980072
1.51342537801591
1.63380437887001
0.75296370692812
0.765671970029001
0.638936416387011
1.05382723795114
0.776642412171046
0.871036243724756
0.642368761046541
0.654171966918681
0.961769493936861
0.677687339911468
0.742467529204812
0.76906507024854
0.773444900330592
1.3681254668381
0.55872883162764
1.30432230655362
1.42645430160913
1.71739313159196
1.05256717314717
0.7592519254442
0.845146313655146
0.740232973753252
1.6896025567061
1.29177265213262
1.52786001692107
0.895156994717079
0.899433603365775
0.754308289391252
0.835232075497143
0.63880876179888
1.09288077380888
0.78599232427948
1.02028197172355
0.766564072902397
0.969983440513028
0.862658082832608
0.836997153146748
0.920730399264014
0.701150118272809
0.772700272659709
0.621446239263071
0.578652571246126
0.842496033095931
1.28135944776104
0.880930803769612
1.26276104633126
1.20584119394543
1.41453590864441
1.42602567915924
1.1601733250839
1.38716062192441
1.31098127929296
0.987110838816211
0.615301087027944
0.995001270365796
0.748003382046432
0.576550182448566
0.952675357416363
0.784298773366302
0.774424944719374
0.999235935057461
0.867160776961837
0.881758921792629
0.950422700833344
0.806722916854925
0.731759442935901
0.566814677756527
0.61387776065966
0.665671474041148
0.570081336839152
0.613823347930705
0.803442362627905
0.705163792146955
0.498129110655379
0.530516523660975
0.507845397116716
0.621335332114307
0.72510891335314
2.18676640291552
3.18608574304469
2.27135440134951
2.23767201620248
2.48634941470083
2.1674569945197
1.59167661470155
2.41116617294145
1.89116379214743
2.904659956177
1.66564904737053
2.45232969762269
2.38166851277626
3.58959041996817
1.97809672880542
2.15075792714595
1.45551326152631
1.69490203058502
1.76394401925324
1.4423094286349
0.814553720840174
1.62861870596249
1.43547445196581
0.87673562935959
1.26081034540825
1.05822563859621
1.04082418991566
0.77645017313991
1.31435031783481
0.868832664143547
0.932495826237595
0.762761414014098
1.00734502530423
1.25185155903563
1.16948464053623
0.734132718884396
1.11621126165908
0.685810237062809
1.14786684150596
0.702399774661029
0.651823439856485
0.871553342840967
0.512433637893019
0.589525245220119
0.595197319330003
0.603077201832449
0.835772973374455
0.749991299987934
0.551793762220338
0.863113447557202
0.920961074148394
0.752998176308014
0.745326666747413
0.657247980349726
0.899559899883521
0.935273139924988
0.78714784520443
1.1723852832435
2.44101101692489
1.25457988783283
1.25215432877096
1.99912864175921
1.91631891185281
2.65484926118584
2.22072953185618
2.80587873119018
2.49326732733965
1.04881915332915
3.2066958526561
1.76414294096671
1.17350636382693
2.06038311569083
2.2372877112212
1.47561630911893
2.09933634280367
2.28341117680355
2.12324622744625
2.5632414710919
2.90238694997651
2.67968135111428
2.46107936682751
1.70857983206353
2.04318048029713
1.90078497951591
1.74559898489282
0.524479384130218
0.579982793486212
0.550049610340888
0.814009228163698
0.747007640040834
0.978333217364484
0.842285509774812
0.977310558213069
0.857266733098338
0.777040011238541
0.801181085425587
1.06771088198162
0.908486245106558
0.834834812210689
1.03597349132898
0.828464375861267
0.811647002126583
1.49453233426168
2.08010265046213
0.774320939158942
1.18021022959953
0.694931514758311
0.830917826991481
0.793105433091551
0.876799368027096
1.18985391628639
1.03626830868742
0.979985428784117
0.934331612757854
1.1027679652421
1.2356180752948
1.86749486418151
0.99158985460009
1.87060774835528
1.06114988870307
2.23793418797141
2.22120758542571
2.1363303101978
2.04041101248799
0.918039850671377
0.959404302867678
0.901698056095391
1.14162635846084
1.55921593411764
0.728811613561574
0.668237694098312
0.925318756560975
1.13608402815776
1.3579126050761
0.926327574410167
0.752268122203491
0.632481898339844
1.50059085896766
1.29877530013704
1.40145073217632
0.830133981788073
0.74812076778537
1.02916638321131
1.06191544922114
0.821633678490763
1.17007919496995
0.763805288086503
1.57731944191506
0.747894081297918
0.866386503538436
0.933447381383481
1.56400508844293
1.80574850923621
0.629227256789035
0.682354848411125
0.743120601139805
0.876061004452133
2.44838924785905
0.970329620911912
0.786701401907789
0.538575270318515
0.742578477571301
0.672222367402002
1.0033754410089
0.882551327215672
0.859668142736549
1.27752885520181
2.66382342812654
2.4399217586457
1.49031198424904
1.64545496016373
0.829664516705607
2.46224480377768
1.98579741787144
0.820992010813972
0.779669512889712
0.945030263497716
0.58864783282166
0.769968094390412
1.24016984196662
2.29675344277772
1.35102959089857
1.02458999218393
0.698340173141761
2.77973358727958
0.910723030214123
0.913051117928378
1.14663749269261
0.872394045001254
0.798644677977213
1.68253869571186
1.47198320054573
0.777622738951341
0.669847066182623
0.969525195377978
0.903466756746049
0.823870408150669
1.86601005677148
0.835177970409888
3.32320543219986
1.34606632947515
0.827483998222273
0.735955508059551
0.887542303538441
1.19646497029574
0.881326655171714
0.873415618291662
0.657576882717022
0.640531734236874
0.795726323823274
0.709790339631084
1.84972749276546
2.13858077359413
1.32313798768257
1.57727197407672
0.802080800357097
0.731849695507818
1.8303524721821
0.663431070548819
0.813480706867059
0.844241938434589
1.01132816238352
0.60221504900419
0.762713748505163
0.943633820933252
1.24344679041054
1.33950260799228
0.752880036520361
0.776251955779311
1.48092948625641
1.13591982431667
0.753005063621848
0.676735327616211
1.01191440347506
1.81353971958818
0.742134434151198
0.898363484069562
1.48593770293939
1.10210401518466
1.26176762414997
0.90746738769169
0.800974907331256
0.726895269156632
0.991990834809785
0.768417156855108
0.907351700542128
0.944927277685064
1.58287704992268
1.36862886030122
1.7240335759585
1.59023750620888
1.51532809990102
0.898120947031173
0.610360861233436
0.525620038569193
0.647375902377665
1.66522135789625
0.578084015323041
0.692768558320643
0.83208655391285
0.90648077267607
1.92441913312574
1.43302824223602
2.32634103826671
0.924564578499224
1.05506853164662
0.822219219857828
0.932755774518461
0.859055384749425
0.989934770152196
0.935292412873451
0.769148442864155
0.9690842941402
2.33069251593983
2.02073671264442
2.44527664079175
2.78722606224289
2.16890784969359
1.27413445150959
1.67228578587722
0.735532140057796
0.801161112561439
0.988782547564222
0.932038539380611
1.19525436367661
1.16051917962588
0.980193988984463
0.991551006497225
0.808573331727701
0.873282786288969
0.867536722516045
0.915170081048195
0.853155575543462
1.12713505129515
1.01099020735121
1.25274926846399
0.9386725474087
1.60796100034767
1.63752145101889
1.58667761057385
1.71459037971448
1.60778176349969
1.50121837014285
1.50948243226728
1.46183446287353
1.69749776833986
0.643298056418167
0.65738812189298
0.692543845214661
0.680596214200801
1.23670769790318
0.973211094527528
0.66129527686342
0.902759875585353
1.3408627891504
0.809459066712662
0.717204810147893
0.597250499419276
0.678718570796377
0.77595552649579
1.31363899134622
1.16367553822671
0.848115858807746
0.720003782481239
1.25897790357983
1.10612330711666
1.09820920026817
1.38148578028454
2.01179720109491
0.767086544073822
0.698485040640958
0.737499236379384
1.01610433209844
0.805665315954541
0.615597266215108
1.37261627893726
0.661736651564734
1.43594100244032
0.820468599390253
1.90933472594323
0.879607846566346
1.27328824105396
1.20653674734897
0.849620474105309
1.14998244641067
0.750255518077521
0.974905905536394
0.80989879214892
0.70570606034311
0.603239960800859
1.16076881186192
0.599137213729569
1.01357016167484
1.88223612609493
0.828445353588048
1.57008569181677
0.895971614731445
1.08330004542087
0.954959284087522
0.720478972265541
0.778413405123717
0.581051081892764
0.985349039223154
0.679772437317521
0.905689409250973
0.783970139346511
1.21339225825761
1.65028112213009
1.01071213194783
1.31753542911864
0.82229793275911
1.92639290389811
0.728778377637213
0.72948566929991
0.687157049273721
1.00032546487467
1.52717545186533
0.963681797489382
0.879922468986125
0.92500069005938
0.808879899105162
2.43903657401987
0.843618593749096
0.982108231113313
0.786599085463929
1.08312341669704
0.714258304205323
2.04955402472467
0.741939615189188
1.29328989455413
0.821340165365048
0.568555538473164
1.09276482653781
0.618482533010059
0.570674138733003
0.784188982894222
0.788336581149093
1.06371956310006
1.24385446512105
1.30847827279333
0.686205132734387
1.11729848763308
1.44862446134291
1.51101881485128
0.576741866029373
1.38152257471062
1.5942182624419
1.01300282546788
0.895293931473729
1.26400961175613
1.1773563520089
0.84655831374784
0.654492068333099
1.90478611554915
0.535896539059835
0.682822176204728
0.792761115135556
1.16607634101441
1.06883782519588
0.887733431043503
1.09351330191676
0.733307523319306
1.36713945083936
1.04164940284983
1.88233229510736
0.782640163888686
0.774605832492881
1.00911681560586
0.603250970598594
1.18819938235872
0.694165065654776
2.86002211249155
0.893309044262548
0.932166146598687
0.83480909496733
1.8828670688735
0.936074968952345
0.809235393386875
1.01469448731973
0.911332773148679
1.0643792256352
0.782759003168743
1.69499246198378
0.846609922361116
0.81622107088052
1.14904709857891
1.83043963458037
1.56536179819588
0.828968003896451
1.02871472790422
0.924025837520595
1.15000093483937
1.26095933024665
0.782138438694655
0.691972309718945
1.0733864734234
1.01654571658278
0.705226873096232
0.743279004164524
2.35518645120755
0.680021789889221
0.909732075069572
1.40874408167986
0.696451937707983
1.09428292838813
0.877930724637865
1.99749392223805
0.989443372835639
0.836053880134145
0.72693327485832
1.45573701544343
0.921134014673103
1.03358212704247
1.05010115200507
1.50770560748533
1.72942684312221
1.63776216448311
0.733484481031368
1.91833314359737
0.806010790913156
1.25115009628042
1.43202814732644
0.656800326702935
0.822104908190983
1.17505958774246
0.719459846772297
0.721182098176693
2.32121528030423
0.98902547750557
0.822474489201205
0.855432171673276
0.818528533163183
0.920029252457434
1.27357070532684
0.898951614399978
0.696175275317552
0.977238199812568
0.716883458167253
1.66406755791039
0.585223148491219
0.940002842094459
1.8081260756945
1.37223745166653
2.58106909331274
0.959551242267002
0.792553034498919
0.930369224949215
0.875465900815737
2.11218653903998
1.05787153359732
1.43738755750872
1.81262070185442
1.61186925525996
0.694805837383001
0.658778542862466
1.51073661529225
0.915100886726935
1.15162805557309
1.07781959618646
1.8089634852477
0.674245677987355
0.867204766511138
1.18810433569337
0.878076237652187
0.978257143750539
0.679374548721063
0.757910968634413
1.87808768789684
1.09359714993322
2.40985014735138
0.854016418055815
0.67958078691041
0.596936850158248
1.10403271386504
2.21264843171832
0.966378678014938
1.53732747623113
0.787008859350868
1.04952599584611
0.967237330353697
1.46300125870196
1.7402309716419
0.820554568811512
0.831897124203232
0.661803799261607
0.68856907844821
1.85317611485175
1.76477599363807
0.74739347902489
0.739057421685603
0.961291773493759
1.33218164599975
1.98707064396607
0.739228152794626
0.638710238934321
0.65500573536171
0.546967073513005
1.65626572146478
0.67462420256001
0.68493981475734
1.17473955463661
0.806782445212798
0.670313846075598
0.616842782763039
0.747981969360595
0.79558244726688
0.926846679884613
0.832406854416545
0.900818966395554
1.78530397132788
0.725332452888325
0.885839784287928
0.991039938020998
2.80703580598062
0.867645542028824
0.809945573722939
1.00176261099302
0.926304376484386
2.65453584857649
1.21303068015228
3.24937909852829
1.52944823754039
1.60411745817805
2.80936464335601
0.72191761182864
0.77873344260419
0.743683983787705
1.49536991423501
0.788277713706347
0.734480932919603
0.820980795250929
1.38646179756132
1.02379974980181
1.13686524813493
1.02383588052623
0.779035689953517
1.38881923328548
0.617336983584107
0.899443876236769
1.82537781605151
0.645306739088937
0.815102422736851
1.19008008950422
1.01312876048796
1.42268388914976
0.661453096307458
0.493206747378779
0.641467057872934
2.48944297115341
1.46860806999834
1.49059832307943
1.32022304040374
0.939748525750131
1.1380797842718
0.646610494793117
0.908162729321021
0.946804446004089
0.789637066020547
1.13412072213851
1.12429160589163
1.05207020939888
0.7451042706391
1.05813568952102
1.81032810583362
2.17661563931492
2.33006638418855
0.785571468125239
1.53938902509989
0.766059408446814
0.780814771400963
2.31985642262609
0.953340346350278
1.0920242189367
0.630270738037869
1.32951252524478
0.838052973949655
0.721464260342386
0.672761355114003
1.42270603709523
1.12805646986615
0.846027440663552
0.771344334002677
0.785301137237034
1.05104877110773
1.01449536501785
1.53117591046346
1.03571455039083
0.828489915702002
0.809049655940355
1.23774316958008
0.994395628131666
2.60296922432528
1.71370386034389
0.948026847988697
0.606030574882707
0.960464033793215
0.739595248667084
2.45293156862155
1.35781696190852
0.962386733976104
1.70889534174839
0.738503471073011
0.83866687604358
0.655790143056159
0.691401852446975
1.20870161117535
1.0445113609276
0.772923152345752
0.921376172730323
1.37245726317406
0.86036889470608
1.09899284493163
1.82144161560006
0.685093712552482
1.29403884512164
1.00238564241248
0.855932655810866
1.43083549176396
1.87368949770014
2.96967811657671
0.96531178716305
1.56701350777172
0.69273493066174
0.799193941782832
0.831034995882436
0.802999308602431
0.79026013263845
2.7656060381503
0.821208424948005
2.73460108247695
0.639738956205553
0.991439678247368
1.9037541676449
0.74006726717858
0.830867089091455
0.803174225522324
0.820250866110476
1.28308533091381
0.747564399643393
2.43420321916278
0.756442209475572
0.848732440082451
0.780246816962831
0.608412522622179
0.514690786620823
0.687638115064176
0.641550324471786
1.87947245987939
2.77491318723928
0.851946747884712
0.922592178937718
1.27620837175996
2.00153100687092
0.841341245127459
2.62888812992702
0.821743584756947
1.00055466296084
0.938037289853089
1.20333030235804
2.78388419079896
0.752136579031213
0.830672707861663
1.0673277661641
1.14452404324918
0.743458676283045
0.968014077904365
0.758329582746276
0.845849500834803
2.25618134554454
0.665238463765733
0.673646701866286
0.854863323827595
0.886310119699915
0.673311656279623
0.853505997075381
0.864714215309192
0.860001086265149
1.404291495321
0.644240162069395
0.677344504819519
0.83928853929517
0.921815506062426
0.925065839200102
0.625924099193593
1.13788543642071
0.968612264899293
1.5539053081319
1.532312727059
1.4811792301718
0.693826324250683
0.827000066256483
0.865797107676156
0.716950746662033
1.93627762042936
0.73727270404993
2.27741571559962
1.61911433189472
0.78165849822676
1.08539828526157
0.98629946763479
0.825510651081652
1.10689095095967
0.705546388612279
0.69595458601417
0.778156648644619
2.08786154044735
0.753156888247055
1.14319979180652
0.634411490039894
0.882206147145406
1.40844465404296
0.925982549746917
2.49478571968751
0.710958392869451
1.1158529266448
0.63731173224287
0.54081006974503
0.949870068341655
1.20681106369864
0.993510125886842
1.00197737676286
1.29263797340752
0.680457612938054
0.764574049394076
0.704649158750203
1.40727651515547
0.848465941360076
2.19506441294062
3.01042609940918
0.841019342331292
1.70338846979006
1.41840572685057
1.28690860777652
1.06233402350869
0.960933366156974
1.29804320488392
0.830049451147738
0.875640193061149
0.838598013702402
0.881740879803733
0.876990070471524
0.914780885850004
0.828503777610353
0.877689665796038
2.46867419813675
1.0978433956642
1.06659646937125
0.852107815830219
0.621650250500644
0.632583905261767
0.669348324068991
0.678890803095603
1.47767375914642
3.18775508964821
0.735305318645538
1.71820788820262
0.712092538633346
1.08045250051116
1.58994481265965
1.0100652758945
0.783800694938115
0.718800303940049
2.47293355911134
0.629061917549269
0.694546835754286
2.51428961086296
1.88816263672826
1.27004801393927
1.93388183605324
1.64626941237516
0.654172194847278
0.86193156101527
0.706646654612298
1.15600214183699
1.43310593449741
0.930383148598721
0.81273954004821
1.11309242437689
0.786119723053285
1.60618181128468
0.991180597087404
1.2895074400515
1.1976115843926
1.65736129165894
0.771889186990861
0.786319051187922
1.04075787052958
1.56017009200859
0.894825144585057
1.21202661648678
1.0158674774244
0.973082998512357
0.521687613796575
0.638822851092458
1.44558754768128
0.776970085235992
0.751219799866314
0.724375612525339
1.76719442391573
1.1416580400186
0.745630536248915
1.43512610484805
1.47873541795623
1.59411132398218
0.906513479564718
0.838369730977606
0.719716700663457
0.959394208740126
2.53164461948758
1.15362949859583
1.28513345419597
1.2900435947777
1.55867651316894
0.951982927442896
1.01350608915525
0.779583778367967
1.0684707505511
1.65906091083063
1.29349434170843
1.89324335082718
0.74396206375503
0.859634575711903
0.6278540453163
0.980203065789738
1.08432353202523
0.538188783773938
0.693859875640046
0.910279805278089
0.913167874194337
0.747787473670982
0.95124901836539
1.03307474900803
1.19878155025909
0.867289101652234
0.766433332134305
0.828483157722614
0.828464534359955
0.766152521258213
0.745663984318098
0.716061524669822
0.627744681884753
0.938678806966568
0.801389755682775
0.777754116269332
0.88981101242094
0.857617956731346
1.41879423361915
0.94334566413177
0.760366836243987
0.817895680297794
0.700231684835924
0.812457159494569
0.682807112287594
1.27619425533382
0.725543176411549
0.507198105272315
0.533239775980088
1.25366701584072
0.803086949810882
0.779388856352795
0.905802238745666
0.976386428067698
0.666812689376801
0.743315570395343
0.855158720082666
1.07497964335358
1.11438326078195
0.750700647264251
0.833135255723156
1.33107982119883
0.814685273516959
0.790785248082715
0.748225992184357
0.772130446424423
0.701977875032517
1.07368907350994
0.779892292000998
0.898025841768814
0.789125105930684
0.776127999110247
0.880549810528441
0.779060349649579
1.36601598880025
0.932720222588808
0.71612164874087
0.73176175538656
0.695080366093138
0.807507766220682
0.919401352795808
0.783517454698782
1.0315018518663
0.901799312442877
0.910794700766459
0.823589237206616
0.667029379987967
0.795940754224039
0.712780861976021
0.842011397134133
0.84833656799372
0.769866074430043
0.815034994799847
0.801080303801679
1.0435321936842
0.829703717453162
0.802583199199779
0.83560678103206
0.87795576260318
0.803873983316433
0.838093501619013
0.732799008529704
0.755409680453717
1.19963935344209
1.0376430019343
0.72743144575865
0.60792932972305
0.74690703693234
0.894290485516767
0.951016417541654
0.823153945602506
0.903175310387107
1.06841874272166
1.11014482713851
1.04599332717186
0.358931399650696
0.560929881259799
0.461282361357651
0.762531064258489
0.799165771835448
1.02046972056903
1.00581266087621
0.742537180262454
0.693765577756434
0.713009862499544
0.770227243881262
0.841558626694386
1.08229316622785
0.851274726244413
0.695605237133563
0.730238695825206
0.794293146057832
1.52884537294838
1.46341700655885
0.737415571485399
0.80409288097256
0.776636030279499
1.42396636760853
0.797500786470868
0.767726417557021
0.769708494301748
0.472242115383686
0.713090885289074
0.788094358351007
0.885514759019028
1.34505918217258
0.787875696474268
1.3238321354838
0.749880292291139
0.910226228577195
0.722472439582552
0.701417145665237
0.686710372978461
0.716639394010479
0.733731490331444
0.72320572835838
0.80188749612898
0.762908770414705
1.13690822167375
0.656626075661051
0.768015369355894
0.830983100641376
0.942738695853274
0.873503057166887
0.643087812833239
1.19229821000556
0.881198933969658
1.26903747780952
0.806724520063641
0.832212951107869
0.83918071489613
0.760649329620098
1.10921250165662
0.769248081173149
0.767265558590172
0.688634426451971
0.835809967062663
0.950873809006887
0.741753107226948
0.818503584176806
0.830329380135836
0.858898015970262
0.815781634807614
0.806212818742876
0.864665783248673
0.675929723635396
0.666789210541648
0.607150309400763
0.8049804487674
0.763849754100497
0.847244435615383
0.83658698855919
0.747625683186608
0.760326380273785
0.878658631943337
1.02958301019478
0.888492136456371
1.01347010968981
0.84605557908931
0.896558993927479
1.52507244369002
0.660216757845611
