0.282886055210087
0.0493413094430011
0.0168984741904757
0.0747352377480774
0.39553760402215
0.0251675344122659
0.190397444436977
0.0551633741711126
0.0214659082345202
0.0243209671446938
0.0408480482088613
0.020548826685245
0.150973282439212
0.022993264475868
0.134285263241362
0.0206038506327555
0.0533235868112779
0.0535814203809288
0.337485585575848
0.081593695607241
0.0505267301608158
0.0316239082262754
0.0189359033246368
0.0654441766847014
0.109271736935409
0.0139373602025183
0.037703429202786
0.486388508755927
0.0685846377693744
0.287498535693316
0.0100005955687338
0.0722700290998142
0.148491211257943
0.0875369983029891
0.0636144335895681
0.0301053289954765
0.214019600725817
0.0705742213380469
0.177318495041784
0.0739108792109584
0.010638897332239
0.197822587296043
0.0132023127250571
0.101557202621309
0.0301356454131238
0.0086319184936407
0.0647483191014598
0.773918125753458
0.0861494207179953
0.0441703012774011
