0.342177095989556
0.190566810149738
0.0718062285699827
0.0366063065325662
0.577432581226342
0.0213655644897576
0.0152262680801092
0.128047166921945
0.0168415609678166
0.207046572812803
0.210198855194921
0.173257698680106
0.359566148444925
0.0136894941746642
0.222920525026455
0.021255991854694
0.055516287082857
0.0188816970631183
0.390851312694515
0.186533460614103
0.14807644905407
0.288025350541653
0.0857452828609058
0.046242586051915
0.0115404655459403
0.0248035321304226
0.0553874855905367
0.443438459903417
0.159650182486222
0.156700739506471
0.116518131995067
0.0117160360960273
0.0696995798675475
0.121219524351771
0.0532653447286425
0.0169240852116516
0.0639884393625189
0.185855373827814
0.348596383452432
0.0742837672133314
0.105477015169785
0.345966136842787
0.0764141325597531
0.220360919157064
0.0723576612412485
0.0478774010377219
0.0382199735337255
0.269074420516339
0.0303345481264191
0.045497989976953
0.0558637086125141
0.48013316724869
0.269944078988022
0.280059317467972
0.574307698034577
0.065004992895748
0.760594480498349
0.017940219570746
0.113182701703824
0.421338284192907
0.199173201127409
0.0600537239315633
0.567588771358136
0.0286448192923711
0.114746903036208
0.462716306986028
0.035208747440193
0.105754975935319
0.0635726042601368
0.0486830887510112
0.0249087803357057
0.395444057379126
0.275653388052382
0.0814278735085997
0.244878405908973
0.0178517984098978
0.0337324554898831
0.204694880496057
0.177833581269418
0.148013695091747
0.0244288872392746
0.491947786783607
0.359747400114293
0.105238614718818
0.11407802688313
0.262959502620898
0.365554592180257
0.0623214660366549
0.0411221443020493
0.105577810003846
0.282169254464229
0.105165743163828
0.0235801330543868
0.432557547025186
0.139361408723963
0.0294574576336389
0.140680260591612
0.0535892455884658
0.157837681249458
0.183963351136354
0.0193868272508753
0.0200065702361519
0.159627619616327
0.184394268654428
0.113605944314732
0.262816889820795
0.0297210177656765
0.0198828140503486
0.0702481716639118
0.0959371919081926
0.150241924157081
0.132919791718703
0.0304988602231346
0.0468539333930768
0.0833392849270334
0.179033052804151
0.187049422773267
0.448605624500701
0.139864571611782
0.815897267375465
0.173546986602544
0.145062426514364
0.0225974285764776
0.0138911317409509
0.0378942017148504
0.276290157927396
0.0809584464839725
0.034894765812571
0.0553064012536209
0.258812738390407
0.527685029707962
0.227029682237811
0.767322178569348
0.0429342045861412
0.113390805610833
0.122069888812531
0.0696353197993984
0.206204467296322
0.0532807167106602
0.0876576198218683
0.0268623458730305
0.344745662083191
0.0389141497183132
0.0105938327736548
0.456390095774336
0.0530807027579047
0.0542932309435085
0.218823317224699
0.0243781175451491
0.0408916202748063
