0.337519765354288
0.0498646104170033
0.0187163284364608
0.0893847885955312
0.463726644608799
0.0250378814086993
0.168731314510915
0.0536977794515447
0.0204545847960181
0.0241573227329529
0.0312853106266985
0.0194298132278702
0.187130595282391
0.0224384286239643
0.114273984762739
0.0222605637769914
0.059797728865036
0.0483867133654065
0.341393629471491
0.0973567097695023
0.0622415467224984
0.0564063390292805
0.0293129720127876
0.0899317380791802
0.0895886926964241
0.0121759737164993
0.0374561826555931
0.497858843538786
0.050291587911711
0.287005669268812
0.0147908222758942
0.0643290584621393
0.141563179924074
0.0863151238059258
0.0599218479405731
0.0284901876516829
0.232931477767368
0.0754168440175393
0.262579744925533
0.0742983778908699
0.0164284394600222
0.208751349939923
0.0193454133151938
0.11039305186993
0.0403249452666321
0.0107265387644384
0.0796628255685472
0.78414660641819
0.091486162617103
0.0515565321999759
