0.434262137930466
0.0643627666000552
0.0912842904575354
0.0628057848573438
0.296300643016087
0.0247493865444331
0.0261391974635482
0.193425303061977
0.0102842855028115
0.237196466837658
0.229454082077351
0.242604910749524
0.184064053514854
0.0177631014965945
0.15732860865109
0.0258712482430516
0.103709114093213
0.0225765622770604
0.558808626269742
0.17060896854019
0.138463826762548
0.250607244024219
0.108497212827809
0.0826163890687167
0.00825364027050336
0.0363131429780367
0.0555269325060118
0.202625407636459
0.194976476996075
0.229800126639586
0.112469185947904
0.0105292647949925
0.0590764347732166
0.0615178984434388
0.0375431311629719
0.0136535330029357
0.020164940588392
0.097243973389323
0.165437310197173
0.0708431128021289
0.11920149567839
0.420022766599001
0.10326726803773
0.0549891505709181
0.0901230865562821
0.0464116998606613
0.0864775645085483
0.240751261254007
0.0334374285268872
0.135216094818702
0.0476021462026444
0.474605603917819
0.184433477584204
0.251272487984176
0.540186237914266
0.0568917007778225
0.589787881644856
0.0376583016892844
0.252365548474773
0.430613458658595
0.203774588519063
0.0494195132789589
0.606091962049318
0.0482611041771156
0.149762701354399
0.622797154100619
0.028791542048024
0.0486533440548837
0.0409840321334705
0.0905404254620875
0.027590598249251
0.394871200422881
0.202192650994236
0.087771368409749
0.0282816420879487
0.017912678553755
0.102020555574615
0.225176626033121
0.0433020538259362
0.183253441697878
0.0279136792723436
0.42816638993604
0.354756185213648
0.119536574521679
0.112046047127647
0.185718054473622
0.386837521994782
0.0665819656211889
0.0457067549394452
0.0813474523867591
0.214726138724623
0.218719446566861
0.0384805240150521
0.364532953908343
0.115692518873655
0.0662075683313626
0.183605204502841
0.0173867854627708
0.226099061529349
0.258382149153182
0.0239856992853971
0.0249765089703641
0.24966007990305
0.107898339230149
0.139757415382516
0.264895256858614
0.0193413000705479
0.113067976880702
0.0705658306825152
0.232242760461789
0.0414765421999981
0.10062604697728
0.0174959874158337
0.0238262453894262
0.0589431293271059
0.259567527700099
0.185322670617329
0.441369250213174
0.111987987040216
0.844246155259332
0.205904263595569
0.13171829530653
0.0244234046979668
0.0217092115565361
0.0353159551855821
0.28718964450121
0.0905478208039336
0.0640254455667566
0.096939483707019
0.32622935389049
0.799833755663651
0.169689591418627
0.682787849951964
0.0417398999624293
0.142606736102966
0.071544450639076
0.107541840867411
0.226231934656199
0.0113833353928964
0.0520183460696056
0.0143581375047135
0.385965854832902
0.0420362580118139
0.00836617097888818
0.44040440491887
0.0232869157419219
0.0781025397661171
0.187131786984234
0.0285332170807004
0.0932665340353176
