0.331177576454665
0.204069220092423
0.0696716274431376
0.0339838090239785
0.601449627728351
0.0209056209033308
0.0153246253918713
0.123926033780257
0.0187006317777876
0.204816216299441
0.210409757386178
0.166692528044085
0.372082536874904
0.0151399603405255
0.229350306880737
0.0211270677137756
0.0473619121982072
0.0186642277306753
0.38052746922238
0.187761522450821
0.14867691936186
0.290755594864829
0.0816846684511031
0.0442100066234882
0.0120630457664006
0.0234009089760046
0.0565782160184273
0.473090803432141
0.154863618213113
0.155767950429374
0.114514549326258
0.0117337374702445
0.0714428769597221
0.131088993625284
0.0551390130482989
0.0171254329135532
0.0787885391966173
0.192132913514895
0.36730731252119
0.0730330531827862
0.103512048182979
0.343850741224261
0.0732709524207173
0.237029417635458
0.0678084431574754
0.048574417902569
0.0341055925847988
0.272821835677771
0.0301993382516462
0.0452811742936403
0.0580288758419706
0.479816765536707
0.280733264875069
0.285353921136295
0.575173298337046
0.0678434889363958
0.779887437878082
0.019349038689864
0.101293832445447
0.414069114745983
0.199328840772619
0.0623104858878457
0.56116991299306
0.0266695464560146
0.111539462457619
0.452368345259141
0.0348340582063946
0.11062295853059
0.0651103000474196
0.0488404435019182
0.0252601830223274
0.395828577314437
0.277080782882014
0.0807167129980633
0.262037089899564
0.018518571810067
0.0411661756277031
0.202200117383564
0.192524242217316
0.144738008160461
0.0239143329686476
0.494459789516274
0.36103597645686
0.102567335596084
0.116096834544033
0.266399463329141
0.361461182247847
0.057882488519619
0.0376283801393804
0.108253644472624
0.29030648281711
0.0894152564298213
0.0222018879837576
0.440338642810958
0.140173752855504
0.0291407260823197
0.135383430851867
0.0565671045079273
0.152992112176787
0.177709844271469
0.0191548623276924
0.0199138088940215
0.15590576952323
0.178998743453053
0.108429821037788
0.256809248605257
0.0342391415463955
0.0184287407686435
0.0711821573178677
0.0924596288635678
0.16582401744541
0.13703657421175
0.0312708194836676
0.051343069697133
0.089308968336317
0.15363753037758
0.191280975247039
0.44993047782047
0.143270480837408
0.814308282324233
0.176319032329662
0.143894216698071
0.0244525884855333
0.0145440570614176
0.0377723931718582
0.275003824492001
0.0783361768890434
0.0328160144663753
0.0538627938341097
0.251361744128192
0.498709396025421
0.236383593458088
0.764291996639808
0.0406005609257342
0.110387140546168
0.132406318163962
0.0617766977600637
0.208327072996308
0.0622719555619222
0.0936009263085754
0.0304765420944101
0.336470989536813
0.0420842662514723
0.0110539039227488
0.456794472004479
0.0579252169093285
0.0499984778625098
0.221366029526304
0.0242198984296922
0.0548259173455187
