-3.38054967494663
-3.314491914824
-1.43644985772189
-3.07287779116768
-3.3716810049486
-3.24072711160536
-1.95875409396107
-2.70406999610202
-2.32953993135865
-2.8401283264138
-2.49405608231786
-2.18925026958072
-2.80123184811303
-2.8217917552222
-2.57392962669681
-2.94862802996849
-3.42791445471859
-2.27396624552337
-2.67373309101255
-3.1514610841242
-3.22994204362545
-1.75762431019613
-2.40153210201235
-2.20751493503161
-3.00680312221364
-3.0925175402819
-3.62474218876431
-2.51939538126274
-2.3407004809731
-2.91806166881414
-3.26828176816956
-0.00785985516404475
-0.755298982339474
-2.28187556793896
-2.62950014343384
-2.27990980168868
-2.31729406581147
-3.26608818700873
-3.34807090410712
-2.49650446398794
-2.57870917912217
-2.69981673761323
-2.14739372502177
-2.03948837666202
-2.58487927277731
-2.78009093697654
-2.77336417723545
-1.84964193112777
-2.3048514007701
-1.98137123888527
-2.37776033803826
-2.09998156970084
-1.68204273606435
-1.97313980820923
-2.23838097745724
-2.57351975164595
-2.20829665104264
-2.70137172942145
-2.59930894669991
-2.64682467444175
5.43510904093578
-2.46042831541463
1.24653405424363
0.719909329292248
-0.763745639994901
-0.153460590075484
-3.38420086442972
-0.322867028153293
-0.119553281563775
-3.39525228457574
4.59856631610604
-1.81624128788483
-3.12512710768481
-0.138609686783727
-2.10589067096397
-1.86567146885898
-3.32270252036376
-2.68137340712898
0.464882417002373
0.837361225607908
-0.74266894539325
-3.06193406239345
-1.66685117397011
-2.94069347175241
-3.2733893456201
-2.38009459246776
-1.72533915086135
-2.86843026076589
-3.20516402246772
-2.37990408589961
-1.6708407598543
0.453826287881445
-1.2914816125692
-3.49816870868667
-2.20910746997108
-2.54406256235479
-0.94209803666488
-2.7706917420578
-2.56116525050926
-2.92329332315944
-3.43247735917835
0.500192751190576
-2.66227126199937
-1.79270513661756
-1.89345029492852
-2.30811924212007
-2.33723640628068
-2.07372995854361
-1.89362319652423
-2.36726794954521
-1.65705035507793
-1.7998479854418
-1.53507959478895
-2.09490080282637
-1.93390999329628
-1.64325350504371
-2.46850889903171
-2.15539030906408
-2.56421830248863
-2.95896497563468
-2.40149533521022
-2.10888265145244
-2.90379709938857
-2.54362840985801
-3.45309858750693
-3.63301163960725
-3.37370948423547
-2.43411191686926
-3.04107073669421
-2.85609450706075
-2.56534000009738
-2.70305091233776
-2.6992864643846
-2.54327709638388
-2.43399589487904
-3.2310985672362
-3.74545233723302
-3.85001754287122
-3.75380715633546
-3.86288180860471
-3.65278829920359
-3.15734358444198
-3.12986533808134
-3.50657450588572
-3.02331668375886
-2.54438560633157
-2.99789988629116
-2.28876455455646
-2.46319236174139
-2.49100144274167
-0.819028727301501
-2.56775928054411
-2.0583504238183
-2.36888315718994
-2.80292052303741
1.74311250573914
-0.0937926941760718
-1.77256437550808
-1.43319532853157
-3.25803759637641
2.36951050043625
2.92484304165259
-2.02911119891453
-0.909500642155633
2.52026111361821
-1.30822572238114
-2.57802469894188
-1.1120824875215
0.965673903502006
5.8149709132212
-0.257160570715754
-1.77652007545266
-2.1130938128047
5.8802596598921
-2.76599935090277
-2.4929045876693
-2.0997045333681
-2.63926533106595
-2.35427783323029
-2.37725007905112
-1.8848265116576
-2.53308632656061
-1.72866337824787
-2.67670652910649
-2.6567333826464
-2.66447075218194
-2.88465420806556
-2.3121294813117
-3.41509182150704
-2.73175219959304
-2.48826984998068
-3.02577542481706
-3.55665203326708
-2.43169155664808
-2.41097322543883
-2.66170412001435
-1.95162859356664
-2.45775016759912
7.12994679948762
-1.57753491300708
-2.50310098671188
-0.502185404220688
-0.786282762702899
-3.01424374478662
-2.24521382324726
-2.33248867328178
-2.72590607679938
-2.54663682357368
-2.018487662355
-1.85698990761364
-2.59577906260215
-2.60870653943262
-0.752763620176344
-0.73516283311185
-1.5189634954708
0.27489669167108
-2.88914286528973
0.0288613231572286
3.12524836237342
-2.99967782954109
-2.74618998544702
-0.746213804031489
-1.38196274009269
-3.19728872821206
-1.2058968246626
-2.06272123684213
-2.89120107480012
-2.70087814209462
-3.09103614235678
-3.20558014865539
-3.22625071436461
-3.78614246203673
-1.97412753796242
