-0.427733828172823
-1.45844118455817
-2.68930406040336
-2.84578281920557
1.60201660818539
-2.42082822143608
-2.76117112977018
-1.88390112597144
-2.91262573775391
-1.75993997103112
-1.70166416089959
-2.02403719563202
-0.0816291156249602
-3.03245480086402
-1.66724432704208
-2.42867940288599
-2.21129340319254
-2.65939269774633
0.527759451248118
-2.04943897953166
-2.30558080820634
-0.991653151191208
-2.74613864224502
-2.24750801821963
-3.08473622569387
-2.52541415949583
-1.92052741444683
0.193489067811374
-1.96500705330289
-1.95554333631293
-2.47143803790198
-3.05704471316776
-2.89431465916319
-2.42304457566588
-2.30935046601889
-2.8026642659628
-2.40216863574235
-1.69599775646147
-0.314838164236894
-2.26900833214991
-2.46976624855638
-0.19383898791509
-2.47422731082082
-1.45643985893978
-2.42059278349391
-2.94633571114031
-2.32398147699401
-1.25140251928683
-2.07787584967013
-1.76511989079002
-2.37655291008632
1.13064765105643
-1.03937288121443
-1.1221608864111
4.02629840779836
-2.42149780613017
5.43028502349536
-2.67617728739068
-2.45297478903306
0.35996931309286
-1.84190554152354
-2.86682894871873
3.15838896592111
-2.41587685343399
-2.28611037854472
1.20295157613103
-2.44477516179232
-2.18706862874454
-2.60403647017048
-2.6666360315393
-2.54380140870669
-0.228547816708636
-1.18509948742881
-2.14457813369681
-1.38798935329126
-2.70482938656631
-2.69421754514366
-1.89177009792833
-1.63462777932201
-2.20772620395239
-2.31433443524309
1.19646293175952
-0.147181790551275
-2.47454775953626
-2.51542367600496
-1.33398437015753
-0.42064243549893
-2.55708420518204
-2.75783333813305
-2.45071331811391
-1.12545379714407
-2.51244398238694
-2.49999596255163
0.858941363805044
-2.06117652338299
-2.99111380427616
-1.72936635528237
-2.65674756289676
-2.33306596141153
-2.01809687632681
-2.49378219310597
-2.71765505580764
-1.87001556435242
-1.77110651099414
-2.05874941457608
-1.24700468643927
-2.47042399678286
-2.78392239771832
-1.87940402601392
-2.53592208036183
-1.92257701068342
-2.20605842646338
-2.56856842043322
-2.45153370564922
-1.67226281086174
-1.63791940839043
-1.97150554679296
0.199959933917226
-2.16347998806811
9.11860522871801
-1.99332901790195
-2.17661689535706
-2.46194419115969
-2.86548816079084
-2.47344738689541
-1.17258000034899
-2.44404683727584
-2.81900699584926
-2.57241565589141
-1.28742904458769
1.2448315666071
-1.48224535641599
6.08335738753671
-2.83591653781085
-2.51041556172888
-2.49762558529507
-2.49730677803515
-1.78999791869867
-2.82193654241087
-2.25253341506802
-2.78992372957187
-0.659196874907714
-1.95025047396612
-3.10267940877587
1.10466563624573
-2.73870766847766
-2.48772351421827
-1.69259034192065
-2.38802214049508
-2.52983387542912
