-0.564465284137729
-1.40990514583222
-2.68561653357599
-2.83602623842416
1.88306930339902
-2.43644632300429
-2.76595252858122
-1.91288526033441
-2.89124675000863
-1.77915082665528
-1.70076850684632
-2.06616017008654
0.0601740683049115
-3.0086196603263
-1.61460873471862
-2.44795157831013
-2.24545018114347
-2.6467374487342
0.346261965535635
-2.03343979742395
-2.29252094858726
-0.971036341051007
-2.75015330071027
-2.25750170374465
-3.06225764703691
-2.53017576080743
-1.95309943826942
0.466881199788198
-1.99433442145873
-1.9732847061717
-2.47057709447504
-3.03575806460009
-2.86652616173211
-2.35418755205355
-2.30059874440632
-2.79408169811674
-2.34416761021275
-1.66953226631086
-0.0794724296670974
-2.27601500720452
-2.4755421255096
-0.252674075053916
-2.49150659290931
-1.35416146778572
-2.44298424226578
-2.9220248719064
-2.34377207134783
-1.22409132808061
-2.08192258241182
-1.7546345990457
-2.37837339637029
1.12440619649417
-0.956676992205198
-1.07179889025485
3.99356949641707
-2.4187944643252
5.79141252569142
-2.67708209746235
-2.51379782255713
0.263992276423332
-1.8491131354552
-2.84438940313795
3.01572679057117
-2.42629545913454
-2.30514707481268
1.04988604962731
-2.45997257206592
-2.18316339848245
-2.59679128044476
-2.65838394763001
-2.5507382489371
-0.229894706001645
-1.17909494661022
-2.15024844570545
-1.26830065954649
-2.70867264652895
-2.65913792693222
-1.91024428930925
-1.58627422252939
-2.23042848082463
-2.33176069024501
1.25428624332148
-0.141764540755383
-2.48020586249363
-2.49675144497964
-1.30635663811032
-0.444952921076592
-2.57557338952635
-2.75767210122305
-2.43050097837506
-1.0712836297056
-2.59596488663224
-2.51440931467023
0.951985764212616
-2.05385036117491
-2.97640017062814
-1.76432173937684
-2.64617004757751
-2.36487358767917
-2.0665955523208
-2.50203079067704
-2.70376181174141
-1.89379786963727
-1.80298596885513
-2.08949941739333
-1.29419729552644
-2.45614606317537
-2.78729431634658
-1.89709470433346
-2.54872715581725
-1.83606354180045
-2.19424087012772
-2.5652032262106
-2.44537089355041
-1.6413821232207
-1.75387690269584
-1.94547591262903
0.203405108319956
-2.14207018844172
9.14292502444346
-1.97294295507039
-2.1859080737115
-2.46089181554081
-2.85657967234578
-2.48122932217976
-1.17952672003549
-2.45235289703532
-2.81915082493433
-2.57548718561602
-1.35855082448329
0.919110342672699
-1.4337932893714
6.11139233182775
-2.83794907792915
-2.51170710783823
-2.41428045121555
-2.52638616973497
-1.77498500152903
-2.7714442204916
-2.23387771903139
-2.76350487532443
-0.721930188161144
-1.95700460995115
-3.08272928424463
1.08759736064681
-2.71041861914098
-2.50277261239871
-1.67263550852068
-2.39643281241045
-2.47801000662629
