-0.765879787022966
-1.54917261009379
-2.75104919375443
-3.62871965932642
-0.199252923701095
-2.26571882589614
-1.82747945623628
-1.90471725191384
-4.40383301082437
-2.24789771717305
-2.83894711852364
-2.4823286692523
-2.05784012246574
-4.58469785775963
-2.03232655269359
-2.46340386523214
-1.4831815381676
-1.94507093795293
-0.145782128690693
-3.55546310795904
-1.84084564494498
-3.19154622254724
-4.44528694075614
-1.94478038197896
-3.02925403534753
-3.60170966408298
-1.85478976444623
0.218660786065155
-2.4080468197794
-1.06430217672057
-3.45310352933547
-3.37204275284235
-1.92548273493882
-3.07839333302037
-2.14124457178089
-3.288656837357
-1.6166343356518
-2.67357545761087
-1.3862885483127
-1.17965588931238
-3.67938241820454
-1.56346745562682
-3.05958439514212
-2.53786993015029
-2.68745962852897
-4.05239516915094
-1.98087158225945
2.9008225971497
-1.30513916566538
-2.47140934279405
