0.744889617378651
-1.74799601349075
-2.7177330986536
-2.90597590806497
-0.989720408233439
-2.28352389164671
-2.58915010731432
-1.5400477544962
-3.10052122735711
-1.50259453830969
-1.57804994066089
-1.52354326027108
-1.99247607514942
-3.21365049981277
-2.158225932146
-2.19251031231948
-1.94231158028059
-2.75947568292425
3.81673351769035
-2.25336601897111
-2.47570554981881
-1.40324393642113
-2.75132812279373
-2.10673719127907
-3.3191066460368
-2.38659791877328
-1.5162728794047
-1.44848988424555
-1.75081759263604
-1.51225658288724
-2.63654960328268
-3.27040335955948
-3.15675424132128
-2.96248444426167
-2.27358529607358
-2.8979904948527
-2.47399280292446
-2.01506016032972
-2.05679401022152
-2.21900774677061
-2.44298656721166
0.614716115516362
-2.25821095679149
-2.29744668524193
-2.27602504777321
-3.18048093263497
-2.06642834860696
-1.51065328939619
-1.95288453463565
-1.54366276367023
-2.29222084288557
0.913452261018533
-1.87327351349461
-1.41544515062027
3.17925647049284
-2.31629282927271
2.14545649129687
-2.58893812892259
-1.33049700698614
0.494785873451309
-1.69360751553472
-3.05223397269887
3.42312586223419
-2.30425843377642
-2.02653001330681
3.33275758178672
-2.38331712478628
-2.20640130085872
-2.65800271689691
-2.59053498498235
-2.37785353146944
-0.199523071205741
-1.53802331534139
-2.01799724508126
-2.42258448671198
-2.58932864051329
-2.3570782320658
-1.69951726981389
-1.86752077211722
-1.94887483187287
-2.16943252343324
0.158327766412063
-0.1875017441939
-2.44153782331493
-2.60560135959665
-1.91857783737134
-0.362671041946229
-2.52963490642022
-2.84077274360253
-2.64020868176773
-1.53151369181121
-1.72457196861675
-2.23851252956461
0.0853501095910927
-2.18053599451375
-2.98111977633663
-1.45121004429202
-2.75951925586013
-1.60586547400094
-1.12740489457491
-2.43641153857149
-2.8301984982073
-1.38537223042409
-2.03677191964575
-1.84762659087365
-1.15366159872759
-2.48895526157554
-2.45161768902168
-1.55062384056716
-1.61223606060172
-2.55219842696653
-2.12410837158476
-2.6639789913014
-2.45444451518677
-1.75358145587447
-1.28570531924791
-1.99377996419892
0.21506775548588
-2.38930465782464
9.05806524629261
-1.82294253732918
-2.1880598540789
-2.45916136165894
-2.88144782905213
-2.32839936364404
-1.12127609702808
-2.38704097247913
-2.76408311772768
-2.46277632415393
-0.6071546594426
4.00068549001868
-1.66570770129664
3.89055041351092
-2.82164459332512
-2.46133218210163
-2.96438901236424
-2.27287996487099
-1.64491655263018
-3.12029746749168
-2.37012294989087
-2.9936565786085
-0.304233855914443
-1.73512697824391
-3.29616608161985
1.16163723365606
-2.92716466587665
-2.44143212436503
-1.97550782488223
-2.36964063699575
-2.24693853454829
