-0.659545023629305
-1.59035194519099
-2.59892154571594
-2.5903373511683
1.55550657946782
-2.29387514703815
-2.44355334679037
-1.9027778420451
-2.44625347045701
-2.01153807751322
-1.62938649833252
-2.08395478880104
-1.88263280042866
-2.55844367110183
-1.67156603053819
-1.91743828301184
-2.07577247199911
-2.51218659235375
1.08318333527945
-1.97155204923719
-1.1839119112478
-0.757054681526924
-2.6142673767997
-2.10347829368595
-2.74904596413103
-2.34535659690519
-1.82232553658761
0.434450101044979
-1.64808515462656
-1.18643021381425
-2.21015509415978
-2.4698363688661
-2.54058160307974
-1.58924018488488
-2.16061438550868
-2.32620705433222
-2.12316071856853
-1.89004907251415
-1.3177048615002
-2.14072571950727
-2.37834746110326
1.68180411490343
-2.30219345590437
-1.68693735720278
-2.13127750212621
-2.70536697461499
-2.0064094625546
3.14378842252058
-1.77019103182327
-1.38382842237334
-2.23659342739812
0.155897957665271
1.01763153447261
0.445067611635411
2.76059773135103
-2.30783070972377
3.80140814439565
-2.50058106368643
-1.9011482578251
-0.652051945796404
-1.51895769917621
-2.61009428418708
0.0727643371862252
-2.2982032676339
-2.2065838773153
2.48803238049652
-2.32749798935125
-2.22270392820163
-2.53888405309132
-0.255075201691653
-2.33623200004069
-1.07293423147586
-1.32434798102072
-2.02897437424241
0.20631418248618
-2.17359544332435
-2.45998180802552
-1.65103967985728
-1.48636680826772
-2.18304950966104
-2.15885388904948
1.41287104254326
-0.360832679679857
-2.06406694194911
-2.15972763155015
-1.51176682186285
-0.0831613795617967
-2.49551149767826
-2.20298725153111
-2.25458003011261
-1.12359895105889
-2.51725206715869
-1.27748068147206
1.18639428350309
-2.05120448512285
-2.4585356302185
-1.59039616989698
-2.41642508644129
-1.1780123590573
-1.94685074987744
