-0.350873188557777
-1.55415145675322
-2.8032251033783
-3.36824826014376
0.269905693545929
-2.2480262723326
-1.98384714574368
-1.92759089194305
-4.36081108143108
-2.26118918617932
-2.85320879437891
-2.50403716582177
-1.73111151716413
-4.53372169601965
-2.13427479970099
-2.34501242759746
-1.46068189155821
-2.01172985129915
-0.127598607702396
-3.25210600506457
-1.89472786639311
-2.99633578540298
-4.27955165799972
-1.863952304929
-3.41436071693382
-3.43854758200503
-1.84229956644158
0.300479422257501
-2.45025299756247
-1.08066362588672
-3.30205660182469
-3.40695417984503
-2.18609387696936
-3.02643160935388
-2.16441504134105
-3.30319866959135
-1.42189193839066
-2.53864477587754
-0.723273658363078
-1.18280275812039
-3.61530662841693
-1.44263608408184
-2.96854414632339
-2.41823298560245
-2.65288329596464
-3.97845443804804
-1.9116163711481
2.83471491473284
-1.32330312202779
-2.26892443671209
