0.113758792770757
-1.71586843844044
-2.58097170021568
-2.61533624291434
-0.465881381081664
-2.27233397619978
-2.45327271276413
-1.78167693717526
-2.60168736214493
-1.93756492894593
-1.45219827697987
-1.85673679925963
-2.55898568779867
-2.70982090965436
-2.1518766862237
-2.06510894458291
-1.82577950740717
-2.53318198880992
3.09738664811097
-1.92553508176046
-1.17427807685304
-0.696191905494433
-2.61871693005408
-1.97973637467538
-2.79553629151273
-2.30406802707761
-1.51126391933825
-0.975801717163259
-0.869995260548428
-1.29084771459579
-2.2024412810803
-2.47825976479726
-2.57770029935323
-1.64751235567958
-2.16288886828646
-2.39035637435292
-2.22879033335489
-2.01307449941199
-2.17824901595888
-2.09260194855372
-2.2078906365295
2.61111344555626
-2.21010077741498
-2.05981464393685
-1.88909141394966
-2.83022546946758
-1.52540394182337
1.84840582741464
-1.74796008669026
-0.324344765040052
-2.1336282136156
-0.910001396825037
0.374664058161677
0.473358482814654
2.03994920915389
-2.28085124794854
2.12699318716435
-2.47364684596157
-0.856373312242634
-0.922748826964845
-1.58279372761357
-2.6713042167857
-0.0380896178505048
-2.22280727625086
-1.99327495080772
3.46819007508701
-2.32967232388304
-2.21959327612104
-2.5346907345947
1.75968380130805
-2.0904769395117
-0.927845837712712
-1.4333260149916
-2.00407446511385
-0.0531256995643736
-2.2152381697857
-2.53407272056151
-1.72043780216358
-1.87691656548819
-2.00898186897103
-2.14296582470511
2.8552442680708
-0.332586246342955
-2.04403542796008
-2.17506163625146
-1.92172279259284
0.666271461819827
-2.42194071006881
-2.19891051445195
-2.38716441976551
-1.33939742771734
-1.96771992176177
-1.49711405189645
0.0768964098185121
-1.98630758236938
-1.60181384756224
-1.2986644359281
-2.48471677340106
-0.693013860197009
-2.03075770469209
