0.472440747287456
0.102707691986207
0.120690345819558
0.0883618027057588
0.368876787122249
0.0169652981780439
0.0412585129458783
0.26140439265425
0.00233072284113728
0.285991461267376
0.275317772180591
0.280579877392131
0.222859870715064
0.0279361443763343
0.193830714714915
0.00196554878977762
0.159643236537047
0.0360041471599234
0.589331139372721
0.195728837986037
0.166842274508706
0.285652426158141
0.132473378157147
0.130365912874941
0.00263550271113977
0.0567831608940712
0.0538416469590969
0.276195132287323
0.245037815877885
0.283386527220626
0.13956727961422
0.0100081330384103
0.0788837388685024
0.0998316014408416
0.060190587733451
0.0115667828258876
0.0098443353082307
0.149978313153784
0.205352878377983
0.113489736562416
0.152121325660303
0.473328116032861
0.146327013147141
0.0911474902390523
0.133914295070265
0.066158671461571
0.135949801787748
0.284720519964207
0.0147522273952759
0.212807462075674
0.0799333791897594
0.530251645464241
0.236970007518772
0.285800271718262
0.570511050553841
0.0934101316490864
0.641880773623598
0.0630028775632988
0.286377703107935
0.482396369281655
0.254166917062515
0.0732527474519454
0.645664314673517
0.0807798732856296
0.196096593370283
0.665473857876994
0.0418254137373369
0.0808264892533537
0.0672365875219179
0.123190326945425
0.0318047574125382
0.447226625008219
0.267287706052263
0.139150500973818
0.0367364214061145
0.00322276710839137
0.152234640317886
0.250623879457055
0.0572657558884321
0.223206643791964
0.0170122272462031
0.480141474764723
0.38795727059256
0.152480571123402
0.141884525897509
0.226599654929564
0.448108908487496
0.101046077108923
0.070797445157076
0.114313560366869
0.274761419085644
0.247886718996338
0.0616427327485174
0.394761287562684
0.160766404595402
0.0933303950225268
0.261601845512977
0.0210369170415802
0.247768801968818
0.298361194768369
0.0293038786091038
0.0401871919443515
0.30333893514769
0.160080303048531
0.198655490425209
0.339316331246972
0.0049067872669063
0.14716872945773
0.111725219130532
0.265567337937961
0.069066673636101
0.149389322667533
0.0146519215762881
0.0276839384526153
0.0934358758407887
0.318886408606534
0.219870543619183
0.674834508322801
0.149355709763918
0.881899342990451
0.243432791751508
0.173607936851216
0.030771985630936
0.0351794335197286
0.0562737768050454
0.343277191133706
0.129699946239955
0.0922420198456322
0.133321486239324
0.381544668789954
0.882528479391939
0.23568154511813
0.73027267683722
0.0661762895833305
0.169192505356791
0.0954053813677907
0.157555854720166
0.262734637578218
0.0120881666976502
0.0862521981004863
0.010068275566613
0.448393198000774
0.0261850228656657
0.000259247595150613
0.473481006000845
0.0406067491187534
0.115974245752885
0.222955959547351
0.040225741279711
0.138983125770909
