0.38413511125058
0.283177363829639
0.100564896277287
0.0549095966526367
0.679277968238406
0.0120754410910119
0.00422682903484395
0.18168680269825
0.0305046519185204
0.247394904464672
0.256804730646303
0.206779473645742
0.415311223238637
0.019300365874224
0.268874481136558
0.0144853859346438
0.0789247733473284
0.019452216514954
0.419560122963636
0.218690160546747
0.181758872102475
0.324574454324415
0.110144832335634
0.0734559414884202
0.0124278345697282
0.0163123916007593
0.0924947597303416
0.556221861888915
0.204138704416004
0.205934328492697
0.148017235698639
0.00492986865743683
0.0974691167141088
0.179224583154678
0.0914297418357193
0.02006100717694
0.127253636261229
0.250615380307876
0.420248283031086
0.11469242801837
0.138633502914928
0.406701811120154
0.109536594962614
0.307588850644629
0.105118359558892
0.0737593725615822
0.0544351614489741
0.324033500797234
0.0214332336437526
0.0096418164904768
0.0944269188410631
0.527385902772153
0.328805834296308
0.324611794662268
0.606002219511683
0.105663581986843
0.843309927475099
0.0205690523016119
0.142592631641259
0.468019262903056
0.238758003810355
0.090547641766197
0.601829247370099
0.0362122957481192
0.152489487598868
0.495047208085445
0.0575719372736959
0.156841379664277
0.0981601356588416
0.0798838254308349
0.0370612779857068
0.45373450495293
0.334449931006883
0.127110318587096
0.317510009664252
0.018030143325325
0.0581731140857515
0.233356676196368
0.259096502460979
0.182721339071973
0.0142233397677572
0.545369752744815
0.396932881030586
0.137063168752488
0.149042294967482
0.305764240281324
0.414457294489609
0.0909745305943974
0.0606420055207589
0.14467567557401
0.352710715022278
0.133257857973104
0.0225277062686872
0.479609426543594
0.187759212774798
0.0503117961016795
0.200697393537512
0.0876011238488649
0.181495655095155
0.215222365251081
0.00494052857739569
0.0259985214960263
0.209368385686357
0.234728492395294
0.159367355717615
0.317530052573276
0.0552108209568308
0.0181751072346361
0.119718160980383
0.129246768572632
0.228539386997141
0.179010125872299
0.0516752734333163
0.0844310980011751
0.152231675345702
0.229800567052335
0.228887434342942
0.671278463715611
0.185460802563157
0.856549638486481
0.222249461802484
0.183158057420496
0.0281769887645111
0.0114084500096412
0.0636265733253762
0.335802644000135
0.116837296230196
0.0546982767596176
0.0865065139488902
0.303047689224833
0.58808284683807
0.29563506202267
0.810962464972263
0.0643282795250913
0.143122912629992
0.170877787599842
0.102332376064519
0.249393596969302
0.0953681290952999
0.139020138705607
0.0534264210804862
0.392320010600854
0.0532085435791433
0.00844745788775492
0.494980758799446
0.0913323039540228
0.0824703443339962
0.262682249056232
0.024993507044345
0.092601116445894
