0.972021116760974
0.0684034180360613
0.0595237663239708
0.140640396001464
0.917957059259491
0.0202101951428088
0.210244010606967
0.093597088758586
0.0518318269877652
0.0530163311083877
0.187551531573549
0.0195707007371794
0.384634889461769
0.0231442907658678
0.153284569933501
0.0170200359552176
0.021731602051669
0.0521823072074428
0.523253157887434
0.168894214447539
0.198378512987521
0.295821089722345
0.0987609396983161
0.276859926145134
0.0534065684012756
0.0984324790516347
0.0109626052626847
0.555893500148108
0.54847635318307
0.513347975044654
0.074419797084527
0.0549855586005799
0.12825098422696
0.147704504122711
0.0476603522545325
0.0322254315944783
0.466652295001709
0.163150135499928
0.454130844179445
0.0263085061219455
0.0968647562816431
0.299005786481827
0.104411230848194
0.287460079724633
0.193948149066065
0.0375246911451932
0.301423339235646
0.78678287060794
0.185262792288208
0.374739243365927
