0.398748712932789
0.179843966616116
0.0719679922569323
0.0558159982783408
0.639309117384078
0.0130725614585997
0.0679798381316454
0.123341890066047
0.108911407344122
0.190609857659518
0.260350083190492
0.190778584387004
0.220414386521313
0.0926695347959819
0.258858820747566
0.0065309992352367
0.0835003098970959
0.0127707364806887
0.521187397739139
0.219071737391978
0.33647611888013
0.362965352369971
0.0886648479565244
0.118891662078466
0.0341268528312632
0.0802496136840798
0.0583177842424928
0.571892937243522
0.269910898935614
0.333881038318461
0.146234304245282
0.0924443241533879
0.122731790067459
0.266446784821333
0.0432863957111786
0.0920042916969817
0.0665693215142804
0.154302957927959
0.290523484327743
0.0713027271956587
0.128745980208639
0.596727005799205
0.118972921619773
0.229730479329303
0.149522885994693
0.0759859446111428
0.1276121392914
0.928395497351237
0.0584720129402077
0.256631729114805
0.0954726991868713
0.475247942493688
0.51573526773941
0.51994406546612
0.597381588601621
0.0703934917146476
0.762700632844331
0.0337795064296423
0.217043213820878
0.403966733933629
0.277353788346091
0.0864685212779909
0.519551777251206
0.050954519094637
0.157950711194603
0.667872850238431
0.0352062238466375
0.0954142434180463
0.0508217150414082
0.484288846572356
0.0845193955466816
0.354635419841992
0.303759504945104
0.14288718763578
0.500153878831758
0.110298049227249
0.0589270896808851
0.264198866822108
0.254044481129349
0.177874737178001
0.0585358125777035
0.616211237958249
0.401030447056601
0.145864056247414
0.181644769327597
0.280081799326953
0.491593205308227
0.042194453137376
0.0835823861361087
0.151420633977851
0.341821041814525
0.0986830165576338
0.290549925877146
0.540531477929404
0.0515247454032984
0.132826631809071
0.21778096011746
0.0987738406107938
0.313482952601933
0.229020225622737
