0.0182816909805279
0.0734625213660947
0.270167786060389
0.12439868978063
0.057711487368079
0.0140382167716777
0.22770654643098
0.02940680055941
0.076471031232406
0.025302160511176
0.097656601557483
0.157333504999208
0.0204308698255415
0.0619455944465193
0.117830615775109
0.110972882701205
0.0606613196793053
0.189450933612613
0.109021648789242
0.0850865776251535
0.00508544040215386
0.237709724291837
0.155877528528182
0.196381683459386
0.0213464245821102
0.0538223311799289
0.0472332538642184
0.152724498621003
0.113325021822302
0.0134292991063429
0.0223877516762696
0.439691611113464
0.375811509062797
0.161120128733879
0.0278150296086743
0.153372797608952
0.071602281699376
0.0616483588132698
0.05918399484314
0.0405005664538974
0.00648463692113888
0.0771265281379109
0.0996695313673076
0.137233390486368
0.107147414746838
0.0911191215244236
0.0231916111078025
0.118354264872348
0.097294165008426
0.0493858659995202
0.00382370112507835
0.0683025812604001
0.22251518999259
0.13006800264974
0.0330850341289627
0.086051110502824
0.173461898755919
0.0922482908852413
0.0088285268598568
0.0110926581925401
0.738067226992709
0.0545342965995106
0.486891409151997
0.417496165515992
0.36219201249133
0.389859239844021
0.0726885499290417
0.307802412568032
0.296351104690588
0.0468899072909781
0.523563915216898
0.244585330469118
0.0649122006799216
0.36622919351329
0.197374990543547
0.234591211610403
0.0431507227990306
0.158562849447079
0.486422905725579
0.461706131071666
0.325340659046732
0.0820775351128868
0.211222885296737
0.00844976542649944
0.0773271923863316
0.157794461275462
0.255446111621781
0.127037990723998
0.0926733875846324
0.14358563751684
0.222041769144971
0.372654568486765
0.253925836225984
0.0177022166168701
0.19865439216316
0.169941357996913
0.329075942818546
0.0239454847158688
0.0824170156137871
0.10361724073368
0.0786901244173392
0.485473547199616
0.0768907997404897
0.194990946589133
0.234508306855408
0.13146354282922
0.0855192664311393
0.138098262636625
0.0691500973540142
0.0602799494112165
0.237976584394631
0.199523616228394
0.0328419109443719
0.17375939466809
0.181627625670156
0.261552601790931
0.0170891429348451
0.195809128594276
0.145950617561048
0.105839348903745
0.182512117783354
0.167585533277488
0.0149957259468528
0.141566764179805
0.0192216905407803
0.0370796153312385
0.0717955129934335
0.00749935840834592
0.0971134695082334
0.139557748785098
0.0983345928152254
0.0729511084448592
0.10460493224054
0.118691953060522
0.0445519838941862
0.104761467407234
0.0105481609369856
0.00963892864128912
0.0491586746631041
0.0082409694947273
0.0224568708323631
0.0419248441845654
0.11888417150009
0.0469733270925816
0.0985409277842
0.168753533874197
0.101581776518964
0.13416704595499
0.176155313200988
0.171322163198147
0.257275568356406
0.0286681340092625
0.205244063187814
0.114862602925067
0.0192631763278817
0.454529656915485
0.338614191401792
0.0730072190727242
0.268371325999403
0.102599037457524
0.602817657231012
0.627572162456206
0.202671043064359
0.328230643459312
0.810730972685576
0.31378161070399
0.111786656494089
0.30897333574068
0.42510537733195
0.527099788485589
0.393241252541077
0.239139685517968
0.202757220814165
0.70136140268908
0.0657896059409748
0.145953776009221
0.170836968560823
0.0363837608218491
0.0483628816345792
0.12268250465835
0.231577779344909
0.0291746129730989
0.0365472277219034
0.0280488270060597
0.0868905592692798
0.0595481713834508
0.0825038024415067
0.176588207126976
0.00167992637398262
0.152849913473075
0.0169730526857481
0.0998068022631861
0.00460639344144198
0.128413529485609
0.0606239198500682
0.153372415862746
0.173079042137906
0.01386236618468
0.799300732457468
0.183080754193978
0.138506945041863
0.407291994311494
0.372369773757408
0.116594673037771
0.194423401903061
0.0038074889526476
0.125787034029883
0.017757136471908
0.158137788314873
0.236935960813419
0.0200629482885524
0.093867717069324
0.333950996260526
0.303176941042215
0.283568471918463
0.491088439545999
0.0957687612385421
0.309773129025473
0.696771216281475
0.105925365076727
0.00263169898924831
0.291328128083558
0.288941296140361
0.0315466600938112
0.263077957910518
0.201502231412171
0.140530615700869
0.0839262352276676
0.0622707745558728
0.0189812032654715
0.0232543831791374
0.0197433837852388
0.225648912778461
