0.46057979992694
0.0173139739086812
0.0142667306592633
0.112162018172822
0.606711878117182
0.00889161637860258
0.222716532821961
0.0887520093573736
0.0369538459201872
0.0049486974322831
0.0118406994081055
0.00138140765256034
0.254933116373876
0.0333934263190123
0.166360274786249
0.00976777410635687
0.0605763676460611
0.0785815017377278
0.394904292020735
0.119165611139841
0.0926299451436212
0.0986991800515176
0.0483583220375761
0.146881110404326
0.108884270511512
0.00088191049311459
0.0235958551077607
0.61538819459444
0.00318570472506319
0.331989662594024
0.0289370333823143
0.0831574347454815
0.150572739551156
0.124327270206745
0.101635905843069
0.0471321358007384
0.297878512765229
0.1120741444145
0.404873325183702
0.0482461762532597
0.0264381029188479
0.238934432839694
0.0332797441233823
0.153624360504235
0.0681475019373874
0.0153992850340401
0.134755491963294
0.895058898487424
0.140161910816576
0.0927356554292174
