0.390198532054407
0.191129368119842
0.0676103699466453
0.0534737551529774
0.660787909141321
0.0126002436148133
0.0764458810890238
0.125641781782602
0.117598934092196
0.19046509823024
0.262112061358613
0.186017513429621
0.228519264687429
0.101597097946813
0.262068974525381
0.00444329744216354
0.0694354239586041
0.0128521181384741
0.512780055823784
0.220166087270501
0.335380832294597
0.36210660822238
0.0863776923830405
0.11541116234236
0.034963409060663
0.0825810008718875
0.0571077172161939
0.586383098042773
0.254078257018231
0.334684766220628
0.141009252328384
0.0921454384837606
0.12400236871429
0.271249101672499
0.0479360856635754
0.0949729712073362
0.079110883581055
0.161020633128225
0.313841062252725
0.0708155302888551
0.124485634188604
0.600140379504932
0.114465645503345
0.241113589572368
0.141861171996017
0.0780104312316852
0.114527653288062
0.937570667370023
0.052469349360412
0.248227108329478
0.098440895603694
0.480862125694387
0.522141063832447
0.519367500110542
0.598834199902461
0.0748161882455147
0.775920550861684
0.0303472305507368
0.192309674026419
0.400942345857256
0.279177779681444
0.0895479365766247
0.533518668882165
0.0484915615758937
0.152659338564967
0.656001518210117
0.0380437815697623
0.0997497462901275
0.0523708023654681
0.473187568206276
0.0823249404484339
0.353013919838165
0.30574152234651
0.141070247472563
0.499516749564462
0.112167072829103
0.0756401287448196
0.26543257656975
0.265503799543972
0.1748296475144
0.053279154158259
0.600930739637761
0.400809092399892
0.144099619055827
0.184243758495521
0.284683605146511
0.47892654048731
0.0379461309541796
0.0870887717700948
0.154531600515752
0.345821615158552
0.0801599480733681
0.296445801919374
0.550370246505527
0.0566125201381369
0.121978136763262
0.211538163870858
0.100959908546541
0.313403992738491
0.226053127252538
