0.39572917730677
0.269267896617547
0.102496408838552
0.0582591895795844
0.655852857648724
0.0133161487085509
3.84087752367535e-05
0.18710322019345
0.0258974991537199
0.250058864299577
0.256645249715997
0.213439074247248
0.404453938731094
0.0124319084101761
0.262776008688726
0.012382626104516
0.093154344116726
0.0213510161028557
0.430302745095156
0.216971503560662
0.180788535706472
0.322415841289409
0.113826915041627
0.0773448153938765
0.0111055546717523
0.0229355979522645
0.0893869764319368
0.528283318262367
0.209142531208726
0.208253450454364
0.149583363498157
0.00604759534668631
0.0950821254977503
0.170544161356415
0.0886194340582883
0.0196954838435239
0.107262736472117
0.244692147216337
0.401430875155874
0.116436083157882
0.140445578954248
0.411054855949182
0.113281084429903
0.29043011025801
0.110651344522106
0.0726456062538463
0.0631343171945694
0.320388233883541
0.0208653667984937
0.00939677728769528
0.0916836847825007
0.528527027316655
0.320837871017528
0.319119259811885
0.604841840517491
0.102377842852463
0.825158253777466
0.0129612453329749
0.15538793442049
0.475769424957878
0.239411934716263
0.0879486203054507
0.608182748502348
0.0414847594383547
0.155922924253295
0.506399511980037
0.0580010438037095
0.152122766755682
0.0962459891897867
0.0798057351736814
0.0357127982877163
0.453151392045965
0.333932797030271
0.128132782537896
0.302008803282742
0.0127509714532369
0.0365230708735478
0.23539248566958
0.245425794684478
0.186303040300451
0.015565700980027
0.543424466471204
0.395762867621431
0.139530891088569
0.146866464931997
0.302693928377037
0.419158716546065
0.0964049727184589
0.0653978923931275
0.141798389453279
0.344435895677287
0.150939913617967
0.0271139784777787
0.470795971128579
0.186739089834916
0.0512127231017738
0.207482701382185
0.0839786448594677
0.186122469999423
0.221025859882761
0.00625506187370595
0.0262104815181923
0.213832829355363
0.239899906433157
0.165432308783165
0.325021693504844
0.045320327037516
0.0233370024731698
0.118100967202537
0.133410356258053
0.212411170255649
0.175402664409595
0.0499825843968477
0.0781264485950759
0.141398532486901
0.254668269684593
0.225956081608614
0.670234035197506
0.18192911199305
0.857891870714867
0.219347392421594
0.18446234777624
0.0198117900755488
0.00677505620473839
0.0638185550185717
0.336847644354974
0.119656396929426
0.0577363596945824
0.0887146794158492
0.311316395032282
0.618463058920697
0.287407886227229
0.814750339683018
0.0671615903704037
0.145693755265795
0.159604037590339
0.112326322267021
0.247591119206752
0.0842719057026902
0.132318749357817
0.0468555390136689
0.400560610658036
0.0404960476540172
0.00697462996444187
0.494379062884651
0.0859384735689204
0.0880860321935784
0.259969769825809
0.0245886588282052
0.066768725820002
