0.397200160428628
0.014507804598402
0.00287609444809211
0.0949581071826155
0.527445736378934
0.0157198408020046
0.242884718056292
0.0910300639830344
0.0390021823935806
0.000775188799161053
0.0601418902179445
0.0116113614738609
0.208935507919678
0.0349515589599242
0.18701278273266
0.015746077815278
0.0285505438849909
0.0873050447025046
0.388382265549632
0.101314423124837
0.0666918878807244
0.0619026119425983
0.0319095648263513
0.103852413154612
0.123366847036778
0.0172075851483007
0.0283301637934669
0.607467917492141
0.0860282340994203
0.328087334631966
0.0165465964588072
0.0897881275581425
0.156384517676038
0.123185088315958
0.10646817592735
0.0484641363736851
0.269631242973339
0.101471755319551
0.298972121107222
0.0461065341171297
0.00901238950155658
0.227977528186198
0.0172494610155033
0.138878936972707
0.0503478231656258
0.0116931212113212
0.109743588816006
0.879463739477208
0.120773768851676
0.0762278893553054
