0.00046969370991079
0.081945416574047
0.276599248558226
0.11402157202561
0.0529071128463522
0.00172441241791887
0.235059026373721
0.0562016402532467
0.0773115031423384
0.0101914470448858
0.103660184631383
0.172094247197785
0.0770679298546576
0.051663329642936
0.0784660140243817
0.110959430380173
0.0639150219182241
0.186246883548893
0.156462739752113
0.0786105793714371
0.034304002403386
0.253149005265722
0.192651589655677
0.162571115665919
0.0288226632506097
0.105824190676157
0.0452294198670795
0.163800103299514
0.128069156391305
0.00227375493812598
0.0369453831000064
0.367071236257148
0.325996067551347
0.146305102541141
0.00589051381918038
0.164975820086435
0.0706890612197607
0.0632376879909499
0.0580192456210397
0.0311324181723257
0.00706130660427629
0.0570106211321227
0.0975027923144373
0.0925741400451903
0.132922992126889
0.105905629952721
0.0309661052955938
0.141421116014767
0.113632342849541
0.0485515933724167
0.036883243599947
0.0773794926781732
0.281287143650427
0.138687281214451
0.00295776970222328
0.11810796160243
0.188017331153123
0.0880578440175145
0.0169164418091471
0.0987257540012629
0.657656012852325
0.0285501246300659
0.582428242143287
0.387095144232876
0.421129637527016
0.395104924761862
0.0583214825346567
0.319105373324715
0.256379318779022
0.058167675218308
0.446635150741167
0.197083467500994
0.0992803324792266
0.297970655231187
0.222261663090159
0.264213995469303
0.104463829027529
0.103026322051997
0.428784329297136
0.397784138817275
0.321134075748249
0.0979015007626569
0.190731057423824
0.00623006446891661
0.0993946954374693
0.187495799417561
0.279430367638422
0.116784687194875
0.0893621197159333
0.157014780970838
0.220142933470402
0.409900456540161
0.233928315000738
0.0220687670326016
0.178126537728317
0.145209198839002
0.367512595874157
0.0172121748141979
0.0592579771727562
0.11393038085225
0.0783945641742554
0.464411392728655
0.12763700025032
0.264684233887584
0.160893069731556
0.20831965256717
0.152220304700691
0.162784911282935
0.0276181788793717
0.0698572826452835
0.189435282393724
0.190108706734612
0.00224290987464015
0.214601995365353
0.250792570365431
0.259920943763793
0.0133412741090829
0.194628297059868
0.134696262272805
0.0945785827076683
0.184192576071354
0.111624698836009
0.0221499346767133
0.209249964295566
0.0150273608767793
0.0263410188111625
0.0961688584195002
0.0464080564556589
0.093882944574873
0.133477531358447
0.117824563905761
0.0815943186505296
0.0793298361211875
0.127267337306187
0.0245878179137197
0.115976417810307
0.00959958117432114
0.010958656599297
0.0503550442937427
0.0104861629238935
0.0155039617395949
0.0162671326437627
0.0887152537920037
0.0187327202383676
0.166367264365117
0.188012514586597
0.130307953961092
0.125714905895726
0.21295139598652
0.205020426490813
0.246301790569407
0.227306269747813
0.170378571194337
0.123293309185585
0.035570949452381
0.491115448744306
0.238384713945235
0.00347508280738307
0.221549497593917
0.118843390450223
0.654840142216031
0.724921170867132
0.261289265037683
0.426090043039813
0.425084418605129
0.353030624258643
0.156300486305445
0.118699104669596
0.406873541806243
0.595621255588439
0.406696754039938
0.23120412805509
0.324678725146895
0.666112403466395
0.0508663657643296
0.176240037085086
0.0898653606444328
0.03548761596841
0.132864027854202
0.13096912929555
0.229048810786121
0.0374447335569895
0.118939695563238
0.0431359738374463
0.0986798800235625
0.0790829931643784
0.0573347183258677
0.116978380391303
0.0233404957270054
0.175597022538659
0.0316424303899739
0.106040423826448
0.00956609903020678
0.126387471030905
0.0292654070619045
0.221421333778196
0.144787164528564
0.134851886288457
0.854796857618598
0.102912026238863
0.113234606076217
0.476958369548608
0.32928320019433
0.0976810973277238
0.20383801993457
0.00142084090556149
0.100280174550247
0.0739060948111281
0.0891593741633465
0.218536347449383
0.00590643018896042
0.0878294563918065
0.324398066160867
0.318829135440046
0.118536453691891
0.670436055415435
0.107935932212241
0.356291090597167
0.80719122521364
0.00700540622816126
0.014368435647802
0.347364865624671
0.224028364949523
0.0625662185106299
0.226064632201015
0.22737394587168
0.17506107543735
0.0478585990773943
0.0406240510881406
0.0219546798721273
0.0139582356639429
0.0199300612978348
0.227155028662288
