75.3665350075518 6721.83928247762
189.848620690429 7070.27221311388
297.450404668436 7043.18507079642
115.479806283059 6650.75312152629
30.3906197614082 6454.4967173195
309.830352458452 6578.29306334146
185.699272964365 6880.06539289969
281.032836362673 7149.58249689138
192.861030014636 6896.1744425866
341.254986256749 7114.08331778219
82.7379622441893 6474.73172076018
336.119610369468 7077.02428142293
-19.364716494049 6564.69850220722
189.294800039877 6898.92040140995
130.833909790308 6519.54470891229
233.353364424021 7074.89214404198
262.97552705954 6859.1568511667
293.197653748118 6559.27012048069
2.97892055151664 6728.8801858042
118.160926621652 6653.24544697009
275.09317499109 6990.71560238038
-38.6029454650299 6564.97447905937
264.178948404667 6645.36453230007
145.442362253739 6586.1073473163
262.8075214302 6651.2814843532
-48.4965720981529 6587.4098722469
288.669533031365 7193.34074234735
141.706593649343 6882.10502749404
42.41247025609 6660.8099321487
74.9034552199449 6590.44403274352
273.111455681713 7039.3935053107
226.609147444487 6580.71621014198
264.917776932572 6652.91087331817
-17.2641441537027 6796.08197244533
282.812455071596 6680.86003565778
226.277366400137 6564.57060789136
33.3062723225106 6530.02986271872
197.738283879898 6621.83232660223
0.232691397711926 6684.41255889743
353.845734983996 6798.63240490295
110.338700509422 6518.76163973838
-10.7378817602682 6781.1473265696
299.422845371386 7016.87878227916
53.5775417259125 6483.74043653167
83.343429518617 6525.2530777197
113.20727010325 6505.45944363908
174.235577126316 6670.69122887817
147.297179655865 6966.97935510064
334.038643568042 6676.36758904343
-75.2296800135579 6618.08427214393
