75.3665350075518 6721.83928247762
189.848620690429 7070.27221311388
297.450404668436 7043.18507079642
115.479806283059 6650.75312152629
30.3906197614082 6454.4967173195
309.830352458452 6578.29306334146
185.699272964365 6880.06539289969
281.032836362673 7149.58249689138
192.861030014636 6896.1744425866
341.254986256749 7114.08331778219
82.7379622441893 6474.73172076018
336.119610369468 7077.02428142293
-19.364716494049 6564.69850220722
189.294800039877 6898.92040140995
130.833909790308 6519.54470891229
233.353364424021 7074.89214404198
262.97552705954 6859.1568511667
293.197653748118 6559.27012048069
2.97892055151664 6728.8801858042
118.160926621652 6653.24544697009
