1.11414201671175
0.978283271494295
1.11627670734026
1.11936769752876
0.134379457251637
1.06440498963008
1.17394375239966
1.25279027107423
1.31735904619759
0.290417492707125
0.142348046502366
0.375818139245839
1.0897405008361
1.28000100284207
1.37319399232607
2.01806009979116
2.05981769914465
2.12320505484023
1.72988402180249
1.35596655235891
1.19531232981922
0.300128866515496
0.845471165061332
1.08643068988314
1.88954038252454
1.07940192405514
0.285005059485467
0.986345272186186
0.373716851350429
0.543172598240366
0.892362647622149
1.11923772545916
1.00959910399921
1.09713895827127
1.05254692361904
1.90876710532734
2.14804379679034
0.766691742774282
0.83722320753416
1.06235249599719
0.545102553784662
1.81844003514116
1.30485923829283
0.141094275255414
0.94872400954791
0.717400899912258
-0.013321976954654
0.248507935597986
0.189529274272466
1.03860825143578
0.228124540703601
0.845226119231768
0.980609274483932
0.917775120955965
0.574433434708034
1.21871063268066
1.24138981591237
0.992207870460083
0.105488557506466
1.2048924174705
1.99074724344073
1.13425159898152
1.63329282890297
1.88235599205299
0.36056214483549
1.53235192074451
0.272816903158525
1.95814830319816
1.88745226946457
0.147367741497087
0.253302913677867
0.39169796662264
1.12330160828719
1.00345709092959
0.252192811008486
0.669285935963049
0.961569633677242
0.840265424768684
0.669721238541104
0.466710290468168
1.12453290702518
0.85101513674855
0.887169879848025
1.10005034280513
0.970317616441434
1.30332356276257
1.25854236115464
2.15298717374502
0.0488117136355926
0.553168809509932
1.19515314924599
2.11810792734225
1.11483954703528
1.05035563839696
1.08519109887847
1.05461698023071
0.882452699121999
0.988689411132549
1.10267973971135
0.177503117694438
1.02100694460125
1.26507006246154
0.95764654011188
1.16446996764688
1.23476426890323
1.04057203085427
0.11078548889866
0.11522240113575
0.294227184517472
1.28384004365664
0.968184092096173
1.07925801124616
0.101503245133884
1.12533898848958
2.07803831262062
1.8621358413009
1.05848394866232
1.11977125709684
0.976550280150754
1.31843763789051
1.30090478221813
1.24222247214518
1.36766456381818
1.3935942541657
1.24035826935313
1.26700832631639
1.17816601118477
1.25870509753997
1.02281443568445
1.1582246553349
0.606954136499339
0.649168947914574
0.199776321143772
1.00145303288397
0.904115605476247
1.00863980346988
0.293874430131583
1.06736302675272
0.916907565066473
1.45366165948184
1.2641938087274
1.62916602871455
1.68632158996259
1.60808714410801
0.452289698880567
1.24957199571609
1.35949063480904
1.61954074378506
1.50455638904189
1.27313513662537
1.45543619511215
0.120412353605609
-0.253573376916088
-0.48328290305727
-0.745897364236078
0.890080303286809
0.196828627779441
0.336492636538504
0.24979462372308
-0.220246089426803
-0.293650512236452
-0.117571856900789
0.859751278356595
0.614041773594387
-0.209228295464766
2.45826066295132
2.62622829608032
2.2520583965535
2.53346017279541
2.74347058639443
2.7712182829377
1.46250181580597
2.56567452621727
2.41403638333255
1.70956544451609
1.38401303742559
1.22026878710216
1.94674702219597
1.21973261481153
0.617291075358658
1.15033917711877
1.15762830979266
1.32982938407118
0.842442242539179
0.924666240082793
0.754411159317793
0.744143083894876
0.710442714721899
-0.0229973814240684
-0.554197696503797
-1.00886366839346
-0.922164159583713
-0.881096134086231
-0.774635622004161
-0.70776472007171
-0.66097582956907
-0.637170973264281
0.00305187302824555
0.273351909764271
-0.550288968451179
0.434824699016953
-0.570856893866283
-0.0522447142331716
-0.717052893352432
0.438334195859137
0.732696965163474
-0.0529254580534
-0.348488233263064
0.211990690512434
-0.0911740400066014
0.201721828775229
0.194018516966223
0.487094002488633
0.184891573609343
0.48743150908519
1.34471124574323
0.891486863052486
0.784131875440066
0.333617205708323
-0.0972165218297926
-0.115187736691746
1.48033727100207
2.25947190464028
1.45552265778451
2.10320814292685
2.22284409992826
1.71664907481117
2.13038562531102
2.04576941995817
1.7802319637254
1.95153929012877
1.945151364875
2.30325281014999
0.606506765889033
0.692082016887146
0.184576940200041
-0.036609679546008
0.059667492389259
1.2717908290193
0.393572086533895
0.478120499803495
-0.135466701160664
0.453388824769643
0.697577480779549
1.09034556963752
0.8349702417274
0.317904441438971
-0.240048037618391
0.736335728229802
0.760204490330087
-0.482405295597013
-0.615133272136988
-0.802469193821519
0.896132420092911
0.533232964071761
0.950779302244983
0.997253226763364
0.863065579652354
0.264007652026504
0.812551720083461
0.364867238498817
0.130970519132674
-0.316949902266193
-0.311221036012944
-0.871539462759624
-0.71795388968699
1.44293549193448
1.43025920288144
0.977655329390773
1.55873725793165
1.19259469086697
0.493725413138457
0.477482380837673
1.28948304612303
1.46404199355269
1.72951396927174
1.24004539700098
0.801369051000435
1.27513810881055
1.16570616227311
1.19718735615119
1.21626960249849
1.11687657669658
1.27419121659798
1.13331886820009
1.18041530612215
1.20842935709522
1.11103577910422
2.01179373300135
1.53923069133991
1.44611972089874
1.30246642914641
0.828149168997649
1.45864953538685
-0.310364450131008
-0.592296619175381
0.531669373260151
-1.05027932949892
0.751485813470811
0.349447397150648
0.121083600829657
0.966966937040063
0.719444198847132
1.15098847939925
0.678989250710486
1.04687715595368
1.23333369692694
-0.55977446254484
-0.141621428475257
1.30442205924128
-0.382724960874267
0.262962866699429
1.65230033192262
0.669592103340773
1.15610583460879
0.959268093693613
0.155741148853486
1.35884861928809
0.837672122135858
0.618156265163381
1.16517484513518
2.17108553001068
2.56461311197901
2.03498138942213
1.74739026434059
0.0174878795300066
0.101926564903687
1.02746832160674
1.08234411736345
-0.491713380821214
2.34557615953911
0.00240578665282457
0.510237558942688
1.09813573687519
1.11993984869771
2.2999939919187
-0.0791211057180806
1.876285527029
2.00677251771249
0.172610451190382
-0.281563271963468
-0.139171419419516
-0.776914961657654
-0.38793639329659
-0.966843027478802
2.47124616898245
1.96255802209245
-0.0197492446882662
1.50481006542705
0.22140318252648
0.976830483197769
-0.36890468433455
1.06580958185807
0.741186327027938
1.20674993698361
1.05637002236256
0.875841246404191
0.867251203016688
0.26446296078772
1.17626819483258
1.14841372379045
1.05610484140463
1.02455687840317
1.34785600329926
2.26240165718115
2.36537428511943
-0.706349136724625
0.155226037552599
1.34648370001029
0.54116908083595
2.28717394400027
0.607039726187545
0.753219929919432
0.752349702758085
0.990750460857066
0.783277080389927
0.702370980701141
1.55825590493826
2.19244030803014
1.57890284867601
1.16135127341546
0.335003723136563
0.643244627493205
1.39358211958251
0.371620075926674
-0.201711072787521
0.343213786569831
0.648075333909428
0.428179303433161
1.08568310466704
1.01480504204043
0.345237587771533
0.225927701479549
0.777324603064162
0.513976797960835
0.594535935712497
1.22353229424069
0.476874512512615
-0.193139346131716
2.65330537755794
1.2867918832767
1.24860407037071
1.40798583134766
0.532410189869762
1.58456384099262
1.24154579854244
-0.494660335949269
-0.307972075917535
-0.161904388982878
-0.0628764051016467
1.36398517372679
-0.410196108283965
0.918893719756195
0.713486049832497
0.640925234627351
0.803174508592841
0.924890003273342
0.528730609884968
-0.553007290694777
-0.425015516300566
-0.189929600876702
1.22162762012582
1.17576144355847
0.0961356160319637
1.11379455475487
1.19225610499769
1.0480749997831
1.33574463369637
1.10883732590182
1.53168385042685
1.50981782964582
1.39075253689854
1.03223846399813
1.44998571196585
-0.0637850167936963
0.126238316728725
0.697000960944819
0.923490088880049
-0.238505909853121
0.319940651662532
1.27234401224073
2.15224733511234
2.32298222209805
2.11081690899358
0.943923304513237
1.24498883577782
1.26803332747751
0.937713847522579
-0.850548285148076
-0.829941136010586
-0.723371750091291
-0.48414663864535
0.299946184154221
0.374660734991066
1.28115423239318
0.337764121026494
0.903787762914757
0.188294032076141
-1.13644423684596
-0.789827353061616
-1.24683692420074
-0.58812929977907
1.26763723549344
1.51826828419972
1.6622448436734
1.33227913773716
1.1140438395442
1.45079803025659
1.24929232148782
1.11565917715694
1.18713942536153
0.0988202923458875
-0.100357862774741
-0.0508750834900982
-0.623165781475581
0.864000675213505
1.98657622472712
-0.32482915383968
1.49356953324132
1.28062667431797
1.41426779360855
0.215577455518141
-0.308334853558788
0.111392234420059
0.780977701710768
0.726669448188937
2.18962153491786
0.984527928993496
-0.325844813201612
-0.059093745109661
1.84375655571223
1.46176429534298
0.843888468951521
1.35104946683137
-0.104456551486622
0.242978701196602
0.67463849351349
1.0648002330543
-0.0502991164810652
1.19438882150046
0.917702687558754
1.0300379838101
0.954941855229793
-0.121217949689779
1.08025274150015
0.733497031597296
0.94171108159451
1.09891767714889
0.66517444556872
0.301392683763595
1.42228169257153
-0.253772592647288
-0.284908163678482
0.112347401094636
-0.592592945289223
0.858502593743373
-0.0445263099801476
-0.627029508501581
0.83206986733731
2.26183490086331
1.48909079817954
1.653850054732
1.03805615279948
0.331021945796757
0.360257939214421
0.525368776449473
0.657194010353881
-0.223915235772327
-0.268807742725897
0.704999194526617
1.13766853645943
0.920576129614
0.754871921928087
2.05901492725755
2.34563424187568
0.721588115222468
1.05180865198824
0.334821261318522
0.862609117414588
-0.195381429080411
2.01031686137919
2.39561625184655
2.03997134635746
1.20302172574057
0.657362705102571
1.14061763885119
2.31293211643191
-0.0597522338891738
-0.167237047434296
0.11922483588167
0.232424494852577
0.570490697315539
1.99315468576566
-0.276414899613474
1.37732662055927
-0.10116029380197
-0.594037863961979
-0.841849889789001
0.624481225421248
-0.0927364159480216
0.0278568543648854
0.832056719398495
1.5921095609805
-0.642634840990824
1.70609212994768
0.227852367240655
1.61826021990168
0.783180411957472
1.64253156438491
0.011126185642569
-0.031401416456724
1.10158699459076
-0.715760002428211
1.30191609435216
0.912946202841135
0.959978206831951
0.802105799062182
-0.566175400220135
1.39827850828422
1.1160438888148
0.38056835543368
0.604522863507897
-0.234792324000319
0.536388536353898
0.724921047394806
0.00529274523531247
0.997565734609469
0.844181188398359
0.585081749045847
1.05509489046696
1.57349097686644
0.218826992154432
1.80357157322787
-0.274989531722665
0.513122646149245
0.584284763701068
1.03741042847573
0.564578147464123
0.409705273091827
-0.208257667254669
1.14343622999579
-0.246702850744872
0.84479602359433
-0.147223629106835
1.96105109215438
1.9664743653284
1.40161733290293
0.927253196306822
0.93295766898196
1.12652572622329
0.832981845201122
0.723294502337015
1.07788406472039
-0.340552944078281
1.09360049166943
-0.59058824111712
1.55283395916317
0.796051567744408
-0.287667778105201
-0.499925313550105
0.0256228676206407
0.432155522196313
0.913926033702616
-0.810114900795888
1.80169466520382
0.981164298523831
-0.553040506840768
0.224191986591992
-0.384294650741289
-0.723796077478672
1.42388053545748
1.64371272262858
1.1193702877802
0.773921962224067
0.729965184549791
0.737246254481644
1.85921750169235
2.34765809229783
2.35780608884307
1.35036059170221
1.24577679114506
1.34347593999
0.609572709248583
0.912635186007499
2.26519493386902
0.208041745908551
1.86561271189799
-0.733359418519277
0.988702562240374
2.09569799287685
0.230487238326795
0.555354659928871
1.33666033466834
-0.363474340986994
-0.333062191852735
0.010728709703764
0.266563493506211
1.98398106880852
0.718529407837583
0.755846634870415
0.547567623693204
-0.676267410350888
1.04273560398553
1.12693446232761
-0.15878219009182
0.301424068373446
0.754241705873311
0.608913820060911
1.46237321390389
0.978585787729459
1.47260274046167
-0.333425861252148
0.696563928921049
2.29273526841772
0.219729624209584
2.32406180861771
2.27877591064381
0.855281377971632
0.0849300674413195
0.0569176850379961
0.76418975155565
1.88422753982714
2.00639542379115
2.15235832295083
2.18740150980585
0.0616160181501201
1.21987106397949
-0.327070684876697
2.07580260917481
0.510748899380556
0.468289479316252
-0.148859268059343
1.80650998262392
1.82534543349062
2.32176795533022
1.59918644027514
1.11145906864941
-0.322742609872018
-0.511010160946522
0.525964632048694
0.834186649981199
0.713179244007473
-0.11411374247061
-0.127621804627916
-0.0828714979391699
1.22397179417391
0.536776497717976
1.26888597575448
1.19657889373346
0.912782649633169
0.923854227035975
2.98414271293865
2.56503031345851
0.218784200066888
0.435460295863763
-0.498269325720574
0.708565926053058
0.908723777369777
1.44787945411485
0.82312745801916
-0.443214364098355
-0.291400532251156
2.00585080001643
0.128030937142212
0.264436617811633
-0.951515367536238
1.19705749580149
0.181744280052053
-0.0912276687604745
0.133016578669558
-0.232737783015438
1.10778861339638
1.43182604367677
-0.0814345822141287
1.89823393354475
-0.014852095620795
1.28446548303031
0.617988108810647
0.383834979046546
1.98800317673092
0.238878574434963
0.496669219110792
0.393776771178715
2.18550425388036
0.741304918559291
2.02493088338859
1.57279031225556
1.54431710345308
0.373585195650453
1.14409252292426
1.20256025056526
1.40758436286049
0.950077068558582
2.25244298831143
1.35288762671446
0.413892368868659
0.927135795893677
1.30631030887875
1.28084018272192
1.60049702236948
-0.51572921749772
1.57782362334475
-0.590451368940061
0.1021918765533
1.39448097821258
0.420822475505589
0.354000394925232
2.04579904086151
-0.831243576802789
1.02422011925104
0.0653363105472172
-0.137930090323234
-0.0667348642478183
2.5326771846667
0.991952734706593
1.05493707291113
0.885671144535404
1.46629279374945
0.728149495786937
0.933486133981855
0.281275566267785
-0.147714367696269
-0.196712418963436
0.0647082327611637
1.23960681556362
-0.894104779940383
-0.118648633643789
1.4438505949808
0.696212423092175
0.379668308640596
0.725452113306424
1.34527424605247
1.23052654226037
1.33458773144214
0.225147877140814
1.54742195358389
1.55531465810554
-0.275143149747829
0.485207950561806
2.08233170497614
0.24039791251157
0.851499547816763
0.924285923232704
-0.0348431889734091
0.136751694694265
1.29539650505152
1.53215735195448
-0.622919442433409
0.00105554524668668
-0.114994586954088
2.09608415240237
1.52046862209708
1.43633616778851
1.43164580854152
-0.582486567705434
2.30449802627418
2.39336605925464
0.585306683738569
2.33300056632169
0.791749932601496
2.1744542330911
-0.456015372075224
2.27325171648135
1.11994731000818
1.15427588065231
1.43811675616233
0.800481739777317
2.19596490555712
0.952537152169376
0.507368771119521
0.63906292531049
1.66437051140228
1.32315781111913
0.0344410063452879
1.02599011701489
1.62767093139349
1.05190857761124
0.662026922657545
-0.674942490919818
1.15297366369625
-0.625794182310601
-0.356878610926311
2.23736307748808
1.21184785400549
0.509377320619592
1.20458400521205
0.848413770351401
-0.340463739791422
1.29823357900422
0.764819709174669
0.767346233873659
0.144306256170111
2.2703305531347
0.0806206917603791
0.461386356222058
0.128627089064644
-0.758808171308532
1.29614796379289
0.823383335576855
0.669386457954907
1.29044390604264
-0.330566804281928
1.06564212584061
-0.207002260026113
1.14456293565386
1.40979971431213
0.918189994350858
0.795732588712934
-0.457333689631835
-0.426526132517814
0.905155600625151
0.323057906944999
2.37609810337496
2.55430451386433
1.08356644558847
0.560104864410644
0.475100213932649
1.13134199809563
2.12422765101782
2.25575646320616
1.25703330630105
1.02827126142841
1.1603282880925
1.05430654536517
0.708504955632299
1.09840412869715
0.463439277248792
1.31963708844221
1.18486174904769
0.176848242034893
0.492826459500351
-0.288090003334567
0.957896787723638
1.22045213036957
-0.301528094293686
-0.375765606459488
1.48823670106648
1.32211983497396
0.851814513670587
0.690673382942778
1.17148594701803
1.27159963142933
2.3229327039834
0.525233616855758
-0.521999760781809
0.88772757761232
0.648826173737634
0.841253689431229
-0.353472371438724
1.24737696235819
-0.504029245152835
0.965648989700513
0.871325727291418
0.910467587993954
0.33558788243121
1.23177418343407
-0.308385856495042
0.158909736444399
0.286685494963508
0.245003966843134
1.12817564096476
1.29593121047617
1.60698627030441
2.11870536133558
0.70893407659133
1.72107229184993
1.14448886726541
1.19418690604452
0.908965487781376
0.525745985887761
1.3004422092637
-0.0230746640322165
2.40524167361624
0.433127738348283
1.93615732203204
1.54824115800475
0.558648487701044
0.326233462905502
1.60684486709937
1.11409288574406
1.02379868407843
-0.422562857151592
1.76017650139621
1.1856118526638
1.1267624444227
0.877541399840987
0.788763541044687
0.999715202070844
1.19059723066003
1.23632059119294
0.482136341470043
-0.327089733016116
0.927167214188062
0.376242346630485
0.784956213910192
0.797941076795587
0.813106852904083
0.616521659540981
1.04947042549496
0.673597266928602
0.572615093385152
-0.152141922695718
-0.0156292327934061
-0.172356673896203
1.07289538210616
2.31808456298262
0.528092853027536
0.621873208287887
-0.167816797115489
2.09600482571721
-0.159505097559731
2.08036271427399
0.877656294194766
0.627686101187453
-0.502861094248192
0.0811400989988274
1.26514018337604
1.33838810859964
1.71154076425648
0.896606443278915
0.408184303984091
0.321085987684122
0.125493167215732
1.28904083844345
1.22040029121165
0.212650603288235
0.257274493357197
1.03812248172352
1.3550350854301
0.315708480120481
1.72785559808894
1.236573429589
0.805178656095244
1.44178027276249
1.6820306830424
0.183892198188539
1.50342362465197
0.308716875245664
-0.798481623017262
0.908175159942829
2.27037384817428
2.23242898960379
0.410254002902065
0.951210153810878
1.96387741367324
1.55161902223207
-0.4053010163016
-0.176423058290117
0.862550803463624
1.1558794937129
0.0309371027218147
-0.808193572499775
2.12454525567509
0.660681859000797
1.62055639579664
1.67449189911243
1.88827530447344
-0.496256217560821
-0.746030234025255
1.41241981230683
-0.00651511101296679
-0.24628585965367
-0.00353109046823336
0.343025730970187
-0.866303229287969
0.566443962941256
1.11957285287481
1.22992684244572
1.82556487872589
0.361323798539304
1.08473469037747
1.41326750064735
-0.84278220657292
1.09281762760145
0.959404601676915
0.921440207652892
1.15174874851142
1.38050600380695
0.0534420590246426
-0.272638466867188
0.406038366800669
1.04434828423717
1.95820056519942
2.03747421363998
0.206170146922397
0.172253541736578
-0.42583334927805
0.468965049236816
2.20156243608272
2.24148334332836
1.07770427319379
1.02994275257467
0.975178636518386
0.918338775430576
0.855300079817626
1.11053685438046
1.19638181065916
1.2724665044959
1.4144829653331
0.816280480850012
0.861779953613263
1.10506823903566
1.23107133923142
1.28190159033269
1.24779201873793
1.14307081782231
1.02421307125458
0.744102800479122
0.777271897685046
1.28385241713626
0.449802573361836
1.21209630878405
1.02519587778706
0.962385915977984
0.422253065679594
1.8481535342631
1.11448691399275
0.570491587129451
1.20632229659624
1.81344013073209
1.08654884886778
1.30153866849904
1.03567196373697
0.435818735978325
0.870935493540459
1.02960871310749
1.19351007906371
1.08372388950558
1.64050669346939
0.451365707906699
1.84683836548049
0.983554747718514
0.279187322439093
0.440484625479619
1.1462679404634
0.539960272350895
0.982342226629509
0.881121821196078
0.966272127949627
1.69849191361017
1.13072357400473
1.51022783139377
1.0398182478616
1.16219452575962
1.05104409730691
1.07132412294852
0.85188678549314
1.2327024580492
1.13793403315313
1.85118145577301
1.40625210015496
1.3713655182607
0.819192911891154
1.05251537192818
0.825298972918192
1.06117283995773
0.958120968189586
1.03894250084743
1.19029946730791
1.05129524318923
1.00567368287982
1.0375610098357
0.970670399831837
0.996719509581921
0.692772232208355
0.827426455308648
0.766976918807957
0.936868929164603
0.393824963186592
0.687659204509702
1.01186594625294
0.925564837432706
0.355401130149822
0.671433276978338
1.72116633603677
1.26919377205469
0.988395636409566
1.00472363974463
1.06376460294006
1.05199891903208
1.37240009762788
1.17654679460605
1.13877733847145
1.00175937134459
0.925991963129857
1.28182765533796
1.31324392498616
1.49008654350801
1.16517865213029
1.17593952215092
1.09292017981443
0.808390764090138
0.723717029407702
1.02538591491126
0.985335935918264
0.657314689616767
0.354761682609868
0.55115789747534
0.828803464225393
1.4798852800885
1.10488433901048
0.861461883282198
0.785984367088719
1.83705272462581
0.172850538441927
1.22962901378472
1.25705871581387
1.93465638298788
0.378724649178249
1.71977462984849
1.21559614811894
0.898823281704848
0.576683206099756
0.466634866225964
1.24700756181705
0.976440388348887
0.375089516320548
0.345453872231341
1.15597788049918
1.03797585618107
1.06626628158681
1.09194532143452
1.06614864868379
1.98718728562464
1.74574633300406
1.5527219397312
1.58093675734421
1.28334148706594
1.35562854738105
1.35104013489942
1.30336874693427
1.12815442949804
1.36821543864383
0.761000007895542
0.888372594538055
1.00000803364421
1.0089500525608
1.09035760787766
0.968521817170965
1.07285782445971
0.990408455021434
0.331382675755915
0.267262917220891
0.260266029994487
1.77170007119142
1.03718937476006
0.836305822283985
1.00377628481655
1.07094179857093
1.13866037124907
1.15893141458189
0.827105531724636
1.01665369945788
0.578602089602445
0.609400101546826
0.733974541802798
0.478519981913095
0.602733183198351
1.07188307234456
1.05911465871669
1.06208701108477
0.962206648114993
1.00368798752224
0.991999913682772
0.921547674901921
1.84705553717645
0.571779445036004
1.07816182308945
1.22134812646163
0.335893784981105
0.490809888531697
0.795353076790565
1.32397867813861
1.24341072308522
0.513949142756116
