1.11447636083925
1.00163416790909
1.13009854204501
1.13358940512178
0.0469971209425178
1.05847166324295
1.16803893541337
1.25612799661684
1.31621257182948
0.28966698643315
0.168843717978485
0.347574778001598
1.05471120368349
1.27249509337465
1.34922752084669
2.09327241549961
2.15235111451388
2.25763099656921
1.74739119424652
1.32487963342501
1.17946039704651
0.299160770539606
0.907410679352086
1.07317839926956
2.01394832714658
1.08190518514312
0.239555531146834
1.01918404325961
0.262375137286381
0.547192790228103
0.954600965753139
1.09608757700565
0.89403519719624
1.1261598029701
1.07234599283858
1.96738155518553
2.26591801416161
0.720310249216144
0.912875326039839
1.07433653944087
0.569038782480698
1.91135069216348
1.28649197303621
0.0204095516028636
0.956648526021935
0.632863118772576
0.029839590900696
0.210508761927512
0.14173827629424
1.03499788357138
0.11146086170877
0.844922065680055
0.982603711458529
0.90613784942082
0.480454822877792
1.23047441253778
1.20909301573618
1.0004853361791
-0.00666078222189267
1.2255650149711
2.07830533390483
1.04278950309514
1.66259883419603
2.00457500737045
0.361118448691701
1.50562791457403
0.225691752736091
2.01183911004656
1.98271835525286
0.083042733790232
0.234196037782712
0.411891003742348
1.13896505046975
1.05629022692058
0.214700552787117
0.724856716183496
0.972801143786337
0.917487223604749
0.59667078774968
0.362993626988877
1.10598150260564
0.827613212885077
0.943700586510376
1.11406509670008
1.00998447196676
1.27009022845862
1.2591522020036
2.2815334831713
0.0826406035755165
0.493654866889554
1.16614368269166
2.2241675078577
1.1055218777821
1.04894892820975
1.09226279605494
1.06836859199639
0.775756121938574
0.978711593824309
0.989908577203255
0.0584128212370877
1.01780419638241
1.24127223587516
0.961260583829602
1.13798788061649
1.23092470339204
1.03117132062381
0.00994449734279435
-0.00251574565942568
0.178597152660506
1.28690037293288
0.985379464151164
1.11359827790132
0.119391807312207
1.06143119115846
2.19642473104542
1.91151491869555
1.05259562208046
1.11924557018312
0.976045988533478
1.32204621630719
1.30362466569385
1.23779091215876
1.37685135640549
1.39223175588898
1.24193839034736
1.26470982074432
1.16918007069539
1.26094086748635
1.03190322106166
1.14963508472784
0.597164563150151
0.657955940866684
0.194231882179041
1.00937087803955
0.89524107912951
1.0073514779141
0.282971860694302
1.06897577536666
0.915327941598556
1.4615500689585
1.25675729678884
1.63577836877904
1.68028292673152
1.61670671421985
0.445900860300201
1.23058573355042
1.36414403581006
1.62046351364271
1.5005564864094
1.27025445529147
1.45490418962412
0.12838027874054
-0.264901126809189
-0.482307953859051
-0.747225089261305
0.902890081420278
0.190470801739685
0.324728507680197
0.249125193220734
-0.221563440172198
-0.293741447973217
-0.113226567692749
0.858779256419975
0.623897374257319
-0.21531320233218
2.46049843382476
2.6265174135673
2.25089359717795
2.52236189352449
2.74663046088975
2.76953349772626
1.47554341231565
2.56435948045929
2.41352378648637
1.70638818935419
1.379173442784
1.22396332029658
1.94668498976549
1.22038268718002
0.618718664163903
1.15459628707608
1.15775201969055
1.32056622757987
0.8497311152183
0.921444934159526
0.757520629634244
0.736132101555556
0.709062346195031
-0.0211212143108432
-0.554327359359433
-1.01088008687765
-0.927749353505605
-0.868356710782749
-0.762007999545982
-0.710049942986158
-0.654901417254818
-0.641189236065147
-0.00648143930888372
0.26313850352241
-0.548110285539348
0.439585582161079
-0.569741400474402
-0.0423772627716314
-0.722049905564186
0.40973981059999
0.733310420220708
-0.0603478651823437
-0.354798894203341
0.21398693022608
-0.0994729803813827
0.203565637115467
0.20178806798948
0.481515153990921
0.182049887899487
0.482792283831461
1.350053049902
0.905348334216144
0.787128153061892
0.328756071604608
-0.10676850958629
-0.108406544164416
1.47523859610284
2.248298458754
1.45920689446392
2.10009973362532
2.21628953509466
1.71887852238333
2.13900562936247
2.04081189405049
1.77334348411955
1.95328321305928
1.94524137136224
2.30854865227491
0.612498201827927
0.693482662553552
0.190354440624943
-0.0221337265019308
0.0649508583461475
1.25056226293418
0.396809934004273
0.476157849050532
-0.138731672941618
0.452021788484072
0.698173058319632
1.08812175598983
0.83219810797379
0.320268497456561
-0.24241712779531
0.747153320085272
0.760887050529427
-0.478663331688804
-0.612767984691752
-0.807402749974323
0.882022234555484
0.537141173736536
0.949209101786552
0.997055150693126
0.867943334374184
0.270926801926221
0.816242026395093
0.356061844083252
0.137767929962395
-0.314921929406699
-0.309478348197559
-0.860397066233997
-0.715219294271599
1.44595896856261
1.42927512992902
0.973625100273558
1.51009112009332
1.19206413948528
0.491680132787728
0.471758639822265
1.29683849125528
1.46975408192947
1.72909028282921
1.23244840375033
0.800477795590933
1.28150685559766
1.16815148231963
1.20720544710106
1.21917443746026
1.10489995830902
1.27989349237002
1.13733819499649
1.17589363796376
1.2079842196715
1.1049563460602
2.01058799512671
1.54078457385784
1.43861555095721
1.29504633666926
0.824846417681645
1.45824782249572
-0.322497247520015
-0.614289322805426
0.574840025542693
-1.04696043937844
0.754905931469854
0.339106850828982
0.123632180069779
0.975391508094725
0.714388638391153
1.15115495919868
0.685080599890009
1.04686253818229
1.13392704521963
-0.546874685459982
-0.146482311995141
1.30810808769516
-0.377614622327785
0.25196344054229
1.60959002918747
0.673888806608174
1.18769380968207
0.965796082240064
0.155394305696329
1.34892147378523
0.832698450262215
0.619630042205367
1.17460570003402
2.2045147336526
2.57069244265199
2.01684465936107
1.7519400747249
0.000840962695974969
0.10414423381267
1.032819565692
1.09117676156279
-0.50045010638963
2.37118389083771
2.71101735253931e-05
0.504771981587555
1.10549321933333
1.11119423897926
2.29600988718504
-0.0716113273802798
1.87651097010435
2.01009019290949
0.165114075188464
-0.284426622877335
-0.138658254980436
-0.78452276325611
-0.433813684737834
-0.967657027631414
2.47819428788031
1.96542809460572
-0.0138568307871943
1.50266716578513
0.218243396746436
0.978758403740122
-0.373218933260846
1.05675792481239
0.804332629348297
1.20467456262675
1.05046953850439
0.875192279971898
0.827539980126649
0.229717824800921
1.18646478559131
1.1502322465586
1.05908275657076
1.02940220608099
1.34852640356914
2.26300261650012
2.36098571901722
-0.725455487262348
0.150712109820409
1.36026419958562
0.54357821973821
2.33244970410635
0.617151581497607
0.753186581442344
0.745764437426711
0.987260333206707
0.821077034684904
0.713772736348281
1.55878106461594
2.22959069118809
1.57014468993963
1.15669823716857
0.332092018477187
0.637442279455308
1.38219153244225
0.374643456005098
-0.196816095593703
0.361448944453011
0.594426477626754
0.420780870703667
1.08933588540329
1.03263325096201
0.3428550998241
0.210021001197515
0.784374545976283
0.540749338298467
0.585102099796856
1.21760419108951
0.475259992181496
-0.195763494948563
2.64288843904941
1.17838823226144
1.22640097505386
1.37944495253689
0.541711164808792
1.58569021844804
1.23479320256512
-0.524514731855477
-0.385518624740968
-0.224557556776485
-0.120772741424193
1.36442879517266
-0.40351317804807
0.917619279307229
0.720244115232013
0.63664512351169
0.814460639625345
0.932905150789161
0.587204054195805
-0.549931653016249
-0.429593772496039
-0.223181048757813
1.22274585979893
1.17679493715001
0.0997753089860377
1.12833896060654
1.15952133112352
1.04937818921836
1.29070377828941
1.1201104338941
1.53216391634448
1.50913798612884
1.38042819476483
1.03227634036121
1.44788717423242
-0.0641581239632901
0.132306232112724
0.688031180236021
0.923410624792516
-0.230539624741985
0.319474867675591
1.27196319904317
2.13846527212277
2.33186895267575
2.10235332679417
0.94582288988137
1.24010839810839
1.26634039834568
0.939309639988279
-0.860170582599298
-0.832843380306905
-0.719517316404896
-0.480858591757765
0.284156072760625
0.300487499306452
1.29200784160622
0.336939288260286
0.905280286258688
0.207075210532739
-1.13009971743254
-0.752515024527074
-1.24965260367824
-0.593558482459264
1.26699921646369
1.51877126550237
1.66363828339781
1.33886638460944
1.10888512303971
1.47026872525565
1.24243678781801
1.1034088165268
1.18370773516923
0.0990623872007144
-0.0994821304230651
-0.0518603012477621
-0.658396442594541
0.881863604665262
2.05388088836516
-0.323913400692627
1.48325959582355
1.29471809246153
1.40304039351455
0.229265302850654
-0.310134387801499
0.0944456228128444
0.839507990393359
0.726802871280516
2.24621902703202
1.00835384467116
-0.336616064925795
-0.0583326836919113
1.87825230040925
1.42978418551465
0.821726588691158
1.34837876603991
-0.18897314498189
0.248068682223111
0.65281867303561
1.07790923237544
-0.108990288286365
1.18372729807597
0.917949003304988
0.92564368753319
0.959553029141813
-0.209884358999369
1.08325099864185
0.74701725694279
0.926711338832429
1.09983102945243
0.752840940927777
0.305637585379488
1.42482468402875
-0.247713641641333
-0.317830642584227
0.0272837018931865
-0.571856994064174
0.856065645904191
-0.0436328417292614
-0.620439079312738
0.820605588402301
2.33076111439071
1.46529060380202
1.65272612420027
1.05013854373086
0.329080386495278
0.352132679649233
0.529928178956356
0.654860530579652
-0.226610441434239
-0.27962727103783
0.721230146002697
1.14049081087545
0.925407205547945
0.747550288895661
2.07469806483393
2.34375365284635
0.738421905813789
1.0680566108255
0.242482769847394
0.856632757714415
-0.182723749533461
2.09736470240897
2.39792983439208
2.14441720111025
1.14680336008701
0.653258546371286
1.132454888236
2.31130380164865
-0.163549311695669
-0.165930197255024
0.0227775786495561
0.229759127269824
0.571559742444097
2.00594764203843
-0.276940681566724
1.37317549482187
-0.144231561378553
-0.59378550075158
-0.844734977783124
0.62571717522683
-0.0956565304431508
-0.00923631127191698
0.826479365591369
1.58580621132684
-0.629043197954441
1.69785728482338
0.223629585309975
1.57792426951252
0.78744877120413
1.64483631180743
0.0109351089851288
-0.0237916946535784
1.09850340665249
-0.728915094806616
1.26826829815963
0.924330416649251
0.977668486038093
0.874181212246097
-0.553354354945848
1.39896453127922
1.11251784324566
0.405633382667766
0.542448906688687
-0.230521674626017
0.532857774745409
0.720011211358839
0.00125460721775735
1.00301715118263
0.841067015559398
0.580500405455644
1.06318532385218
1.57093122884393
0.194622296662919
1.78571919288002
-0.276347881029619
0.511455478156073
0.583049938007899
1.04048422021785
0.637409720188487
0.453662623897394
-0.192989182687742
1.146451822041
-0.243655821547407
0.845059661038035
-0.146957111700596
1.98533301964859
1.98026679271438
1.33750633265364
0.933669474234306
0.951451271313389
1.13696998555419
0.834583456961558
0.724140161308937
1.0838877760572
-0.401690628803422
1.0869160850256
-0.606979258778489
1.55452017190087
0.796483658999205
-0.364602425373719
-0.550314985464919
0.0222854979780013
0.448530391790622
0.91928637618348
-0.813381007489804
1.80592148011123
0.957834548104279
-0.540485343230159
0.224470202271875
-0.402030971663494
-0.72131073237096
1.41998525757707
1.63072484366206
1.10358412005224
0.776621128055429
0.702587811058441
0.736274224341568
1.86282321226838
2.36493857807132
2.35726684232529
1.31639070985464
1.25003319173569
1.33461432481444
0.623373542812962
0.913341746633197
2.34055196046176
0.209451122302608
1.87429849230689
-0.725911378950848
1.03461631803457
2.149017268851
0.205523055125444
0.547616087343058
1.33642664741149
-0.386166293935949
-0.378085439694502
-0.0843424058172798
0.265020285898185
2.08731438532682
0.725506043507093
0.787109744168587
0.549419597850215
-0.68110405163354
1.03550273218805
1.13324854998082
-0.151577311791229
0.293451198862244
0.7529655846838
0.613181421261242
1.46049121069675
0.960794536067218
1.44373001769244
-0.344318121015797
0.682559125031778
2.28597200957798
0.222146853936392
2.34005641364113
2.28009273085132
0.865941915195176
0.0909519812798665
0.05502964101455
0.764096200904991
1.90021561849661
1.98847912552562
2.12500645982737
2.17346167002731
0.0544509327398895
1.2081307742605
-0.330325882138913
2.08814533088974
0.509568048467778
0.478615579754998
-0.141998273191574
1.81035617696272
1.80851945188479
2.32016928966346
1.59118165930781
1.09173026589866
-0.330017485734147
-0.502038182952889
0.52231308776682
0.837220970246315
0.708623356467275
-0.11706240465191
-0.118726637402171
-0.0951024758927413
1.19390649208442
0.525667426734492
1.2652896009174
1.20386607323942
0.920291190569583
0.949693801753196
2.98294119332662
2.56653050552698
0.211997026704194
0.431521186905399
-0.504026392529473
0.70303862338054
0.911074980494132
1.4452785113672
0.732493376002684
-0.443821000093217
-0.287747997011767
1.99789770597307
0.128403334557356
0.267076634768059
-0.961871023020481
1.18328834412568
0.18078798103165
-0.120260171937135
0.158814031848536
-0.282272712351086
1.10811927248762
1.43284314562075
-0.146026379707495
1.89229987883284
-0.0158243053527406
1.27829668794777
0.625177432073153
0.392549308260074
2.00706878648058
0.23394379835881
0.488969555137566
0.400793700051965
2.17918376496042
0.747678462050006
2.0294065881387
1.56930806140711
1.53955584586537
0.367272147499657
1.02317015030597
1.09722798866588
1.30797255980193
0.945687408417952
2.34118385279174
1.34947793391887
0.419241340635689
0.927820769232842
1.31232744757637
1.26469862085887
1.59589716804375
-0.549864103837416
1.57620809302607
-0.578500937808795
0.0988982713175115
1.3979408594384
0.438760160499749
0.365183181756657
2.09125265020167
-0.82833339798097
1.02233680642843
0.0673008783903924
-0.140323813468591
-0.0606906361361737
2.5365997734723
0.99628362877346
1.05214097839127
0.875608119522182
1.45659528864785
0.725847736649986
0.860662023524735
0.277786236007777
-0.151198609345525
-0.195900402362911
0.0652174203537585
1.24508193704685
-0.897150888040961
-0.214151389362448
1.39957170230689
0.695543974106554
0.377620239056482
0.732723760700569
1.34813940978178
1.23105324395406
1.3385424469881
0.203795377259174
1.55309460886608
1.55859609270583
-0.277182747218692
0.474297099157331
2.09267732286072
0.238095094692274
0.858394580231955
0.931839541845891
-0.0351401372383532
0.140363393082031
1.27146219831177
1.5310919583558
-0.636336477546251
0.00270605668194986
-0.101544979763762
2.10638111336359
1.52233759091336
1.43852545281134
1.41757107619274
-0.587981318199956
2.30846143256812
2.38804529502643
0.584775104012576
2.32939394332997
0.787253213174298
2.16977468411021
-0.512519785290314
2.2659532750752
1.13535544735471
1.16070525844879
1.43258109789212
0.854519937164088
2.26058178370868
0.943563194672179
0.501910051130081
0.65142458222764
1.66396802775991
1.3265116821684
0.00510270652470994
1.02615683891346
1.62447516194591
1.06262426206807
0.666198622268998
-0.671474537881203
1.15314838264314
-0.628274885589799
-0.356238291376281
2.21922285540718
1.19820353723007
0.50610131373925
1.20625072725051
0.870904166193391
-0.366306107505541
1.29707961382425
0.848849971826328
0.844246039281395
0.113568499992492
2.27224473508348
0.0854665240501306
0.467587772907684
0.134553158871585
-0.744895453973856
1.27911018490459
0.852492307628713
0.722893594050273
1.21102224452025
-0.355537207868952
1.06586714695203
-0.205289212155967
1.14284186241855
1.40445124441827
0.964312200821216
0.797789209442758
-0.465684801370865
-0.424789492409111
0.907297452829972
0.318666217292295
2.37145389564304
2.55620735796628
1.06700351972507
0.565607614298297
0.488517544613816
1.12206071708688
2.19588484577143
2.27257357716426
1.25781015668634
1.01493708248974
1.16795304883199
1.05597433394013
0.702366591358175
1.08721116683707
0.443712376886296
1.31474285862538
1.14124353094246
0.104804583065597
0.440438742075674
-0.292835142783874
0.928757079959726
1.2231574969022
-0.293952550712663
-0.349902057623482
1.42507246504048
1.25554090496817
0.804824091551407
0.692579278340346
1.19403546344055
1.28857954068643
2.33319031175055
0.518200001785438
-0.523183431786474
0.889349435111503
0.644449184381834
0.833203059483508
-0.353726071103462
1.23012471751603
-0.517043271471458
0.965229062957013
0.878165313997858
0.916590558384536
0.34818051481968
1.22820812489297
-0.33719999333007
0.163493704256084
0.296389945365571
0.217855057968502
1.12224837172572
1.30268002593058
1.58490622229255
2.19792243289057
0.705080970504327
1.7240723559873
1.1432559308073
1.19682038890761
0.900497012431726
0.442724151570611
1.29349315561377
-0.0051710566951975
2.41199034483664
0.383008680866822
2.0038193751805
1.53451764564818
0.587643508247085
0.322754306000166
1.61418037068327
1.11362733989385
1.02603473788239
-0.421979709719748
1.76543676395416
1.1911766060787
1.1335538195787
0.865776688480747
0.789282248293421
0.887272042067717
1.18686977053201
1.11921324714376
0.465455334573057
-0.335713939554188
0.922537036873299
0.370291943493013
0.779197552703858
0.797684547142558
0.80936802569326
0.600926210293711
1.06196105785019
0.67252681047889
0.573151359055018
-0.226931594039519
-0.121582445025829
-0.262636935685422
1.083393232789
2.34974029684237
0.585150097484567
0.580168944909373
-0.148360548213383
2.09095505477434
-0.156347340309672
2.15172854903012
0.917604620735539
0.560349983129423
-0.50097378382104
0.0839486775216844
1.24142693459355
1.33952751164977
1.7155210433582
0.889784192422732
0.410537525031677
0.321724729304888
0.11036018575839
1.28334651896497
1.2335131631873
0.217950912290436
0.259340810786259
1.04076328804853
1.35486813922361
0.218609904026461
1.73040257126779
1.25100917194019
0.811165224956114
1.43609449628041
1.68192933043549
0.171015653182928
1.49593620496465
0.329036856668337
-0.806967803295469
0.908391485686716
2.30343804148969
2.31088903962944
0.414135838166087
0.983636579712756
1.9695274299844
1.55616868458744
-0.40336203510154
-0.17714375719536
0.888424797000021
1.12364286248341
-0.0740078646094175
-0.783421896048565
2.12625235951206
0.660454512663784
1.60389743291534
1.69284786677029
1.96075753403787
-0.486780950023268
-0.749906734762023
1.41216412386125
-0.0855317566915335
-0.314980641436195
-0.103040891790762
0.358057704842505
-0.870750427085385
0.570760514901328
1.10340824990535
1.21347103752604
1.82028966601485
0.371945777062396
1.08707571414627
1.40400713137699
-0.826315424344868
1.09472705838165
0.960623591086261
0.908937559901814
1.11094505906542
1.34933529243422
0.0441798383690215
-0.272755706196238
0.383658874124467
1.04659396954473
1.9615514336984
2.02369039904059
0.198262775562746
0.137137451398525
-0.43956063480842
0.425466790990087
2.23217856536566
2.23121811854617
1.09674097436752
1.05127693153211
1.01171710961387
0.963193960893103
0.75933624712933
1.24557402258297
1.40109244870791
1.45497757250205
1.39588684377992
0.860312893054692
0.84821660048168
1.12985353974273
1.35028961745565
1.51808559981883
1.43475535968802
1.187171788275
1.01092923048818
0.651700650962561
0.749183437870363
1.2926924665725
0.443708047052881
1.20141558786823
0.969421031268947
1.01398513007023
0.28695253236146
2.03633768171688
1.14234251405358
0.535749433075019
1.233521908991
1.97172977989027
1.09858095632154
1.28878424107416
1.02659358276836
0.357337747381722
0.932216695340637
1.05976880712634
1.28234139495113
1.08108452913153
1.7897377193194
0.439044821297836
1.8425025753046
0.980422693330186
0.333831451600759
0.344891596156847
1.1246232020332
0.411146903892701
0.957812018462068
0.781814686667886
0.925496771914407
1.80106709679066
1.16748195984236
1.60596434680393
1.06553684744039
1.21936356774922
1.04469365300718
1.07480236437747
0.760436964681848
1.23347192426063
1.1639048930124
2.04529310975558
1.64146857361993
1.57393322670174
0.796810765884699
1.11332244417824
0.866564936134705
1.05201389972137
0.929666124606457
1.07312325734382
1.23966667968141
1.05893326237764
1.03716658908109
1.05611761880543
1.02193557211763
1.03563166727986
0.754777549039521
0.862968077114664
0.793721710551519
0.939193367755317
0.333118974838948
0.631666883101054
0.91987316310675
0.874026142284105
0.232561537980154
0.555149266787586
1.85768810473934
1.44732465191634
0.989931056414797
0.996178767673903
1.08020920912653
1.0722960972837
1.5511403223223
1.23729454506062
1.26170443299692
1.0375963579903
0.969640159029728
1.30600148390453
1.50248172001627
1.46987687615771
1.15844557264762
1.21470696430647
1.11153110714304
0.727371825798707
0.633025573299398
1.00107815276604
0.960934359104001
0.696659939063771
0.37593908726302
0.57245536404107
0.768220554309115
1.51156730713319
1.1201603010422
0.76877330550763
0.694908898217907
1.94510870819644
0.219627375079833
1.22795645401522
1.26237515890125
2.08653681558111
0.249490441678517
1.86046652891842
1.18753595503979
0.970629040241059
0.465995163379548
0.489019329289814
1.22774187538083
1.01287525917521
0.301852823262961
0.282816246209385
1.19580280239738
1.03278437325758
1.05306913903169
1.08969739270798
1.08741537006255
2.16584381386395
1.96195024507862
1.76887768829827
1.81415403418239
1.51967694555137
1.59587704240846
1.40120939300708
1.42548123768858
1.11522150786016
1.49293692313384
0.722912838843399
0.936403365762355
1.03149612782089
1.04327326537072
1.07880568931295
0.975253328727414
0.995186532698117
0.990587956907919
0.302777026962756
0.141873815881972
0.156951280218434
1.88813290882676
1.03594140604182
0.907201173923483
0.891935105327148
1.08416946841469
1.16456155885202
1.19884979211437
0.731058129293587
1.05475492976847
0.606470053023755
0.583227417104071
0.780656800498444
0.393709495158489
0.514268269100261
1.08075018569076
1.06948305868593
1.08023103230733
1.01775226672696
1.04068769926212
1.0357339858069
0.850531388978958
1.96028386518237
0.620539535733618
1.09713305749024
1.26751959456724
0.32639598790782
0.478669789331136
0.808947859196499
1.30820788234615
1.23593855099728
0.473646857510057
