1.11352003339244
0.977809828572655
1.11608826747799
1.1193194512163
0.136635638165813
1.0634646343006
1.17336460498108
1.25259304846973
1.31744464566079
0.289617683188873
0.143261932380843
0.37612616210236
1.0883972661363
1.2797841076248
1.37178653908642
2.01576784669893
2.05740345712552
2.12063901393024
1.72748305549697
1.35400389007745
1.19410628919913
0.302275751369505
0.846490538511099
1.08649857754381
1.88848502153015
1.07949430122295
0.285776604689826
0.986434225497116
0.374697756027073
0.542980541478129
0.892832451756287
1.11857175262504
1.00805961110456
1.09750234749566
1.05246017917409
1.90734677175674
2.14560994731071
0.76636182280009
0.837605668692962
1.06226175929132
0.546769344073458
1.81666414394683
1.30453681735828
0.143301560498004
0.948441548286906
0.716749241246581
-0.0125931488934214
0.249973717541227
0.191060264312958
1.0383232267893
0.229824637949353
0.845120993464011
0.980565868478333
0.917167240087291
0.574614662219681
1.21883639576865
1.24120595357646
0.991555345939061
0.107889464723719
1.20476399055579
1.98834522387133
1.1324838957349
1.63149788061416
1.88098687863387
0.360573320621548
1.53006396048248
0.273837558785063
1.95630789250887
1.88631771023605
0.149407789785561
0.255170577108567
0.393854286486371
1.12347101766162
1.00412540252473
0.253214446415173
0.670719242182577
0.961143133181206
0.840818420913539
0.669602397861651
0.46728620626837
1.12420441724922
0.850533352530981
0.887165667183998
1.09983719030088
0.970507741651965
1.30295938100578
1.25844494095646
2.15047641575335
0.0496748440087166
0.552992262807356
1.19431329968522
2.11568539842632
1.11391325497008
1.04969160831883
1.08488285113665
1.05478708451907
0.881303809937881
0.98788423497747
1.10089738034337
0.179465203814264
1.02106789002885
1.26351426916872
0.957465924194759
1.16444676985431
1.23478429371843
1.03959254861981
0.113163993208488
0.117555070110311
0.295602803056804
1.28357018465525
0.968167114633339
1.0793133322498
0.101427865078311
1.12374634339483
2.07554896880456
1.8597474546328
1.05832718307485
1.1198757074474
0.976605624175296
1.31865262199252
1.30077365981657
1.24234626046795
1.36759645325489
1.39349212987855
1.24025730914892
1.26698376718162
1.17797434992016
1.25859081544205
1.02322714547031
1.15797128519074
0.60669394798844
0.649112567903075
0.20088448236976
1.0013684872998
0.903735568327786
1.00839017593554
0.294491290484312
1.06726479875242
0.917328698832911
1.45388571037226
1.26427533118396
1.6292035931425
1.6864370339087
1.60789987170063
0.452441005122449
1.24972367914309
1.35952534826615
1.61937967928386
1.50447139182677
1.27306103089072
1.45546828763976
0.120318916434219
-0.253310007699892
-0.483149531682052
-0.74568094502572
0.889998995658275
0.1971747325925
0.336423405879239
0.249830675854909
-0.219964434300174
-0.293507833809042
-0.117912779938747
0.859424128395645
0.614077994341401
-0.208976820039268
2.45784110810245
2.62575054660094
2.25247565150913
2.53336847831126
2.74338551673268
2.77119236603616
1.46271588731871
2.56564334089563
2.41393105115684
1.70955210867974
1.38425420586625
1.22025194142341
1.94687970200979
1.21978797716405
0.616933237433979
1.15017746233978
1.1579504402475
1.32952080053546
0.842706176951353
0.924435803232655
0.754515444842823
0.744174470019052
0.710383770339503
-0.0229517575797066
-0.554198598814033
-1.00902237760456
-0.922299145277097
-0.880977383787838
-0.775326266655375
-0.707837645831877
-0.660886287471581
-0.636977271205876
0.00292114095053217
0.272884289849462
-0.550321313167936
0.435046177112456
-0.571218627610207
-0.0518737923304479
-0.716751945241234
0.437358497203167
0.732674557588863
-0.0530095782908686
-0.348049539218565
0.211714210528622
-0.0911719683775741
0.201705005681244
0.194079616345318
0.486987220505875
0.185038991155118
0.487609288031238
1.34486677646892
0.892201054240942
0.784061369771851
0.333280579850033
-0.0972992149276716
-0.114924433689908
1.48004899976702
2.25851995342019
1.45566915907996
2.103155361138
2.22310283250234
1.7168381486347
2.130187716836
2.04564214818264
1.78034978916073
1.95179402471018
1.94537635942291
2.3029785836849
0.606738423587081
0.691909069590576
0.185289103781373
-0.0365807768339688
0.0594496524490749
1.27134290797471
0.393431936942787
0.478012944838252
-0.135329683675693
0.453455226777028
0.697487911820574
1.08995129325885
0.835124067338205
0.318043203964678
-0.239798811356981
0.736262759684735
0.760054369426428
-0.482697199527543
-0.615195578968847
-0.802371672891255
0.896009881982885
0.533260243225482
0.950947026453573
0.997379585107545
0.862938284398823
0.264451297779222
0.812240511481372
0.364645524102818
0.131104479165522
-0.317285190805102
-0.311117095874624
-0.871338306491076
-0.718115551469011
1.44319944894922
1.43047005661444
0.977533437912999
1.55758922832365
1.19211091473014
0.494389221365676
0.477692175691055
1.28968694814452
1.46441798424093
1.72973610906924
1.23985929096971
0.801332866390615
1.27519898910952
1.16549415146732
1.1968140813955
1.21603509331286
1.11731193715644
1.27402463956569
1.13332626338946
1.18032492884064
1.20867149969376
1.11096796537832
2.01158401747246
1.53902726383989
1.44564223757041
1.30230488152361
0.828279217214827
1.45858045042842
-0.309934635392203
-0.591600516831081
0.532201811034536
-1.04974660978956
0.751194228506549
0.349492138181905
0.120983379889344
0.966505365358546
0.719107591181979
1.15100936886028
0.679393651025995
1.04693305817921
1.23223010172126
-0.558125605365483
-0.141494493487797
1.30436818100129
-0.382533781289976
0.263347977799898
1.6513615138973
0.669410882545813
1.15632128478314
0.959281111418284
0.155841771616005
1.35882105580181
0.837723650740728
0.618144525685534
1.16556031372631
2.16971096629294
2.56463255131088
2.03437991537631
1.74731088174563
0.0175247982782193
0.102073348096221
1.02755641225271
1.08203478139245
-0.491529351635642
2.34447162941676
0.00264134196687043
0.510235221888987
1.09823533853996
1.11993107080503
2.29952452685138
-0.0789407756049253
1.87644524074548
2.0068939331357
0.172638639166947
-0.281406962136555
-0.139359754471166
-0.776837554759554
-0.386238851831078
-0.966677387350531
2.47117639311916
1.96285983406927
-0.0199794543393083
1.50486385336871
0.22160194041171
0.977099966799306
-0.368717972747112
1.06577679663091
0.741968705160486
1.20683825869588
1.0564150244942
0.875546359268214
0.86643265186074
0.264254113528546
1.17621319811196
1.14832492512794
1.05624727845111
1.02467701537531
1.34792410035464
2.26254269181118
2.3653237989838
-0.705815121770547
0.155193334018626
1.34672678253867
0.541291571122178
2.28602624356705
0.607578921016384
0.753227905632481
0.752461909896332
0.990879286094698
0.783766363349435
0.702363090195856
1.55811375219165
2.19215497519805
1.5783229971435
1.16152879612353
0.335198902839495
0.64324407405928
1.39408865264238
0.371850141798144
-0.200996274013564
0.342375896841073
0.647524273197443
0.428319603216491
1.08560833593094
1.01519551555256
0.345666353169211
0.225667682264707
0.777219957620219
0.514184504119309
0.594184635497725
1.22368026426375
0.476699736838586
-0.193032195119873
2.65317051782626
1.28498681921189
1.24744670447119
1.40814098400115
0.532337091725348
1.58440938883201
1.24167615660588
-0.49307976527066
-0.30592085350467
-0.159863856952694
-0.0616558568865146
1.36385660469322
-0.409494225704015
0.91852023997966
0.713710195146857
0.641477942184444
0.80295827684067
0.925036077896978
0.529257116060641
-0.553286218655479
-0.424818869563727
-0.188907495329165
1.22117557284559
1.17555526184843
0.0961868583101843
1.11377591234876
1.19176022745078
1.04828914655106
1.33470766495816
1.10892698286444
1.53151297277271
1.50976129531709
1.39091072985451
1.0322887425693
1.44945367012413
-0.0639797006386059
0.126559501803804
0.69692312844168
0.92370834823812
-0.238195975449846
0.319811660530932
1.27224434223365
2.15194910852543
2.3223114768028
2.1109069455132
0.943955278034792
1.2449636158636
1.26834090085019
0.937584682974695
-0.85046535480285
-0.830012751502746
-0.72337626310443
-0.483729179755527
0.29995202164734
0.374846430234828
1.28134680288654
0.338106669628788
0.903319343939788
0.188743875828418
-1.13625466661374
-0.788714359383816
-1.24664073775709
-0.586708846654416
1.2676396258142
1.51821218717761
1.66225849369886
1.33210953089167
1.11440574491715
1.45049865372496
1.24945431638545
1.11597318590101
1.18714623855565
0.0987255398744995
-0.100121854363262
-0.0509134351092394
-0.621927529583861
0.864036250445037
1.98651530702143
-0.324820347958798
1.49344483152234
1.28108770318108
1.41402418213321
0.216278292310368
-0.308339971393569
0.111879260967753
0.781122622208746
0.726798466316809
2.18978786828905
0.984775529073643
-0.325949146717656
-0.0591482783711536
1.84243546270418
1.46052396458896
0.84407008727446
1.35093412229611
-0.102243400567035
0.244088083425054
0.674859506677736
1.06444685262365
-0.048420489052185
1.19382793580616
0.917497462660169
1.02877299776583
0.954996810712811
-0.11901784414831
1.08094622428458
0.733866768018489
0.941528557107786
1.09920178060295
0.665966908052904
0.301357104606977
1.42243914165953
-0.253500995583633
-0.28305053239616
0.113693221949118
-0.591508755547492
0.858469364950307
-0.0446415287677287
-0.62676300273745
0.832193625108656
2.26006499370007
1.48873590193358
1.65339756699956
1.03743046715928
0.331125077797451
0.360161286108785
0.525434694365013
0.657080850613949
-0.223982787013439
-0.269170900079052
0.70488340089609
1.13769685873557
0.920423942072181
0.754488217161819
2.05731106296065
2.34543170157192
0.721408247273284
1.05201770933685
0.335365430814662
0.861746192071713
-0.195760201143388
2.00934598262
2.39502553903339
2.03948038469156
1.20143630136752
0.657460911758261
1.14062129513445
2.31284356839037
-0.0574100075511074
-0.16708749960796
0.120882044553563
0.232311527992401
0.570567125414347
1.99357220001881
-0.276407547768003
1.37698960060353
-0.100350342560324
-0.594045249741999
-0.841732570255612
0.624383833737435
-0.0928685718841244
0.0291409270891339
0.83168994562266
1.59182680691693
-0.642458050135228
1.70602607198255
0.227661633456638
1.61639428962196
0.783433932705652
1.6424080274702
0.0112852878436985
-0.0308983624669786
1.10155377626426
-0.71503809990775
1.30068049519767
0.912744224430473
0.959588784970442
0.802819714034262
-0.566308851859852
1.39787693303226
1.11586264157383
0.382127834222331
0.604494966210645
-0.234955709196449
0.536634212432548
0.724663577703866
0.00526902013125622
0.99748270528298
0.84410267687427
0.584917694091205
1.05540223033382
1.57335981399597
0.219337877917118
1.80335022883952
-0.275144312358874
0.5128944749504
0.584833376934923
1.03721117149714
0.565393819056339
0.410277137244362
-0.208366747431057
1.1433334104999
-0.246757812345107
0.844870919253823
-0.147183249412949
1.96044044864884
1.96655093194241
1.40009501631116
0.927518998429291
0.933306908663354
1.12646825871796
0.833123571146028
0.723333696107787
1.0778557360897
-0.338547491303885
1.09390202779384
-0.589629991585252
1.55314283929942
0.795915104678432
-0.285620002790985
-0.498430393412393
0.0257731071766897
0.432434979026538
0.914161352406102
-0.809920517907184
1.80175634580905
0.981104448588798
-0.551269441453148
0.224195811510564
-0.383051904232879
-0.723479144347332
1.42358092437619
1.64321187029801
1.1182347416765
0.773878577000598
0.729796005500411
0.737194480922855
1.85905373416946
2.3475624491748
2.35741006261479
1.35026218617038
1.24582692248809
1.34322522556744
0.610528739414099
0.91289154596502
2.26338465313099
0.208135915661388
1.86447599935154
-0.732604968522377
0.989150954126362
2.09596190141791
0.230858347379902
0.554649146506338
1.33648628838448
-0.361479516601062
-0.331066791333688
0.0127572819554569
0.266433780668724
1.98364461765393
0.718772095720007
0.756348786426165
0.547837701077799
-0.676603637203155
1.04242645461982
1.12739686497976
-0.158953072199072
0.301328344392453
0.754191186211839
0.608820281284493
1.46223745485268
0.978397759766284
1.47160888450452
-0.333558500794803
0.696069785942088
2.29242148599079
0.220490187163844
2.32415167779414
2.27853883644476
0.855111715798854
0.0848237982234994
0.0568289733972877
0.764553655215651
1.88421027986353
2.00636132120144
2.15201716993823
2.18743957267466
0.0614312068649879
1.21987374592065
-0.327119523310598
2.07453492674712
0.510607660535636
0.467906011764547
-0.149094211713474
1.8064743817446
1.82351486610959
2.32166763128761
1.59902342910007
1.11081288173907
-0.322207144366223
-0.510919269957374
0.526506949044346
0.834106499603572
0.712947686809742
-0.114248226096356
-0.127489655666868
-0.083142618728693
1.22407333641045
0.537027374838161
1.26911187791975
1.19648152187689
0.91248471990768
0.923490034702109
2.98351985811415
2.56517373123952
0.219923093166164
0.435187907386432
-0.498193814862053
0.708617313354489
0.908930324458881
1.44790450770444
0.822187156720108
-0.443150204268903
-0.291240339788889
2.00582019275378
0.128189539379163
0.264970110653401
-0.951521714704588
1.19687551839777
0.181200627240539
-0.0908037844748723
0.133148452655209
-0.231033173503716
1.10769224593655
1.43151886686295
-0.0796267312845426
1.89833680379853
-0.0146724522825625
1.28379205445179
0.617933782025228
0.383749137166316
1.98685785016719
0.238978529695725
0.497140144928285
0.393998236758559
2.18525794036079
0.741120813265133
2.02495143167678
1.57273438072587
1.54406724129617
0.373407171381208
1.14232789855656
1.20069448355554
1.40603673838813
0.950262300053058
2.25044206253835
1.35280060521256
0.413660745659609
0.927061879223144
1.30634800669038
1.28079755175435
1.59973441758444
-0.514271505228696
1.57776123331294
-0.590132665650001
0.101771665547082
1.39440936266152
0.420628749795666
0.353919506915462
2.04502260913181
-0.831240664807284
1.02441813558027
0.065485647758954
-0.137828280271858
-0.0664996430816593
2.53296929674027
0.992240149592028
1.05530838699482
0.885225501022156
1.46609971496886
0.728224067275712
0.932725947142708
0.281193692320469
-0.148057892768744
-0.196643146745923
0.0648532343808666
1.2396956517373
-0.894098103134426
-0.116349848851248
1.44211651192646
0.696340757093125
0.380108684037019
0.725479117999202
1.34526707542016
1.23030325629908
1.33454580451439
0.226125944636477
1.54748925947566
1.55524115875774
-0.275070301894924
0.484881480417312
2.08262363087358
0.2397078068906
0.851217731905062
0.923877824041948
-0.0346729782344514
0.136495999352677
1.2954366284921
1.53233182759302
-0.621876593024512
0.000898418066399491
-0.115101856156864
2.09629479530006
1.52036777894145
1.43623405063393
1.43142253712868
-0.582518011669524
2.30421563347726
2.39345404038829
0.585877493415961
2.33239187069295
0.79202088724657
2.17367152183392
-0.454344061015262
2.27303123623459
1.12002650785469
1.1540775217199
1.43766025968366
0.801329043039023
2.19426922855275
0.952522202183978
0.507439923654049
0.63898367287304
1.66425876317684
1.32292053195896
0.0348716928364479
1.02619433477119
1.62796392239126
1.0519521421554
0.662188647740901
-0.674848167524478
1.1528041692716
-0.625733389072104
-0.357017957337152
2.23702297709752
1.21145053058549
0.509394124072814
1.20445610920768
0.84854878342066
-0.340191418607395
1.29769560762617
0.765518811551981
0.767802933052464
0.14535385349115
2.27029330717645
0.0804255196762824
0.461263529973233
0.128442185507163
-0.758689417160989
1.29606408680461
0.823174790822534
0.669612960329489
1.28870842215742
-0.328944239651803
1.06557553537054
-0.206979847356651
1.1446797399678
1.40947298925189
0.918599451714481
0.795722037503801
-0.457048638424357
-0.426796278103098
0.904587280649858
0.323249178375105
2.37572098057726
2.55458319473052
1.08298016493619
0.559885575603876
0.475464362619195
1.1315092099526
2.12218823916603
2.25598613554662
1.2571009586016
1.02859697309822
1.16034668577545
1.05468797944552
0.708597715250402
1.09788783185521
0.462126646949871
1.31942532424242
1.18418215038776
0.177537699342476
0.492719813956056
-0.288327224131279
0.956892056034693
1.22045023800863
-0.301604975947883
-0.375396734821334
1.48723221703273
1.3212303888471
0.85166401183898
0.690748052541778
1.17176408735187
1.2716614406335
2.32300620602893
0.52527682103372
-0.522001815305358
0.887673281722624
0.649245661390786
0.841394018417189
-0.35355266199858
1.24688342326314
-0.502399354787058
0.965932326453373
0.871092956097352
0.91035696718464
0.335734417016323
1.23203115537641
-0.307104050152165
0.159456338225249
0.286687476166298
0.245147815956425
1.1281384868481
1.29540645631204
1.60617338930096
2.11827221825057
0.708888172153038
1.72050466284558
1.14443878124697
1.19395838454649
0.909161541497265
0.525912326157466
1.30024514439371
-0.0224202569748383
2.40508837161137
0.432939238971552
1.93550910424525
1.54742104511326
0.558800886658132
0.326054150740992
1.60677373053448
1.11425549198557
1.02321515686386
-0.421783642688349
1.76016520306628
1.18568648114638
1.12606097306454
0.877402697084231
0.788878844506524
0.998304405858924
1.19051680739646
1.23472511372127
0.481617103178362
-0.326973974701592
0.927161697991436
0.376153645362732
0.785207010200665
0.797951222172217
0.812978991238564
0.616127021915225
1.0498168176907
0.673419729229601
0.571941089329373
-0.150022278453162
-0.0133558218630805
-0.170134817939017
1.07286949922816
2.31705764289476
0.528812219367829
0.62180088425301
-0.16719511110103
2.09588701435252
-0.159240701342366
2.08052697351711
0.878167302361561
0.627192312025192
-0.502545961973534
0.0806080756105494
1.26391419098059
1.33814800419686
1.71134524988615
0.896037982371122
0.408394704828404
0.321094013105502
0.125823492324836
1.28901637172899
1.22081694628091
0.212790710285334
0.257099689539275
1.0378664409347
1.35484817075056
0.316518308482674
1.72829217714285
1.23658442034755
0.805293333645684
1.4417469202243
1.68218886282672
0.183843450826513
1.50324456764482
0.309987445008995
-0.79822261576072
0.907963466648097
2.26947409018474
2.23057700556093
0.410619112861114
0.951473187943468
1.96398234239533
1.55141226375322
-0.405671465695497
-0.176491529058394
0.862842450234596
1.15531714666543
0.0330662067196853
-0.807837401805706
2.12462714162849
0.660606648207884
1.6192881519449
1.67296609567859
1.8868505236258
-0.496485066444512
-0.746051038460536
1.41221439150919
-0.00432060451371937
-0.24429131976959
-0.00117571304050655
0.343448140024818
-0.866430445573576
0.567544627772289
1.11975305386152
1.23020847809797
1.82521476805156
0.362042709046655
1.08477079697737
1.41323537550528
-0.841605851117092
1.09320066453582
0.959516859227936
0.921437695451949
1.15134060866019
1.38012966544682
0.0532827128117938
-0.272966780678635
0.405833920009404
1.04353027523225
1.95798224422519
2.03629652944967
0.206022477948466
0.17163427491153
-0.424897606715856
0.468335501388239
2.20005145924433
2.24150939828399
1.07607590156336
1.02897008046251
0.974513463698893
0.918576245665294
0.85550532962135
1.10910812517349
1.19471459376492
1.27036583322061
1.41000752786432
0.816219547828536
0.862067118362965
1.10353497842905
1.22816182536757
1.27955042541684
1.24682275339274
1.14184448380201
1.02325782539842
0.74392897623686
0.779349853369133
1.28225194935315
0.449773350481878
1.21157279696311
1.0238029131813
0.962196081837403
0.424142802507788
1.84514921188196
1.11359159396564
0.570899845303839
1.20574915980231
1.81018206150223
1.08572390348547
1.29914258068665
1.03538682721184
0.43761235434762
0.872133778422951
1.0293152110142
1.19479280885346
1.08305695872435
1.63781124607592
0.454166410605308
1.84554258955704
0.982868977924876
0.280415642518526
0.442718966966014
1.14577583431307
0.540888971431976
0.980953438829927
0.880051847757604
0.965253189215981
1.69567195733952
1.13017912918305
1.50763412887047
1.03957126623378
1.16001702330008
1.04795162139692
1.07005926889366
0.85171268855284
1.23204069826138
1.13660968154016
1.84791176101552
1.40322924638651
1.36944014208611
0.81946786951944
1.05102508188644
0.82483030832389
1.06014919004927
0.957428035784331
1.03784233353688
1.18838714107735
1.05047892390559
1.00481106898951
1.03666220050237
0.970676738511221
0.996157721049777
0.694846141169761
0.829130988322082
0.769112119692695
0.936967478081879
0.396189258216292
0.690017396837735
1.01034757196495
0.924723843420581
0.357622446510469
0.672674199942481
1.71811409877947
1.26622575128425
0.988021971169927
1.00390500179099
1.06347313919765
1.05109042269413
1.36938398043623
1.17666002464884
1.1383626877964
1.00205755632101
0.926239407933097
1.28356356250065
1.31238772133401
1.48601707223145
1.16345781982773
1.174068230338
1.09146725841669
0.809582225174831
0.725240107234244
1.02424931974554
0.98436905152417
0.658306190055215
0.355782462978907
0.552220006197445
0.828235689532734
1.47766738701645
1.10432948117353
0.860957761160875
0.785237395041513
1.83435390346362
0.17379827967061
1.22932133022844
1.25654063903286
1.93158911735482
0.380251675263884
1.7176815132318
1.21515809421378
0.899096022850779
0.577102595327787
0.469272819276278
1.24511231526316
0.976061376191127
0.376504833954091
0.347204748506701
1.15571123559103
1.03701828628353
1.06611344807364
1.09167054103206
1.06587162867624
1.98409893949634
1.74254684788629
1.55008823174131
1.57771985037982
1.2816774975485
1.3533826877909
1.34857308819445
1.30041670729692
1.12711323757881
1.36610866300477
0.761150680249633
0.889249032886757
0.999525142238967
1.00887612160818
1.08953515641991
0.968089408075573
1.07122921993026
0.990211497671754
0.333920542135055
0.269514215929985
0.262648488449387
1.76952028709241
1.03733959914358
0.837654454374575
1.00221361040254
1.07056882987441
1.13802969264748
1.15773949471241
0.82756856364001
1.01715412165356
0.58129968024216
0.612077339591678
0.736126677001498
0.480581954386186
0.604645390152079
1.07139307287971
1.05830116423839
1.06140266163297
0.96211786334802
1.00308855807746
0.991682234516401
0.920556913099995
1.84420845676626
0.572539058059147
1.0779696705183
1.22194385602125
0.335453009392433
0.491479221737758
0.795233382895
1.32176911962523
1.24308430647007
0.514214043674661
