0.994803315576949
0.670182047910696
1.19693634350103
1.16555454386726
0.351599523189334
1.25901850471135
1.48374353316216
1.53830295997269
1.6094807528734
0.166669842192679
0.697884200194467
0.861129814901255
1.00233318518027
1.19303137304733
1.00409306703316
1.69388473036719
1.71626977508665
1.69365001295797
1.32683653062225
1.0690604781061
1.02301065854741
0.407753658525254
0.808911668199498
1.15913117839986
1.47628874839708
0.87500834072284
0.298996121513018
0.90906869531884
0.519098985253714
0.5091710195957
0.860316307316336
0.764399355885918
1.13182718270675
1.0801993458045
1.06587363516355
1.63003422898155
1.76148680381604
0.942579733851997
0.695506433412296
0.941081811444408
0.587158561431627
1.23413033283208
1.31576138420036
0.386978555799847
0.937157738855984
1.04871815263549
0.381760489438432
0.339703469478593
0.426222472293697
0.902973985837551
0.42328746706471
1.00517466891852
1.02190805839323
1.27574479138418
0.732401825357303
1.27722438323694
1.2757247640622
0.932986916965184
0.421008948013102
1.05233281662237
1.55151380811678
1.09753000712254
1.11200817079131
1.3600594123371
0.206182192208729
1.17593995451698
0.33928058942411
1.67087022552964
1.56258279096827
0.385662057773455
0.391425362110702
0.457518601687213
1.12829676331658
0.973931876699334
0.310190331699616
0.698775919156036
0.926892705381996
0.763989096153213
0.818582479123753
0.602286192560865
0.82237359683219
1.12655050550749
0.661663247146008
1.16068965326579
0.955816554752903
1.31146683368843
1.30167024284735
1.74031839643692
0.556268080248685
0.966375063025093
0.946184115369579
1.75144254915931
1.37791791132482
0.702026967022944
0.972174561015107
0.910799970505691
1.10893755616908
1.17288104867897
1.12796304921842
0.409785235827721
1.0880858188848
1.03942814303026
0.969885169639486
1.22806239311367
1.24198855426192
0.961370655668812
0.319046994085134
0.427209852142725
0.477246914529211
1.12761836482087
0.888941600275485
0.968931814588399
0.256383865824014
1.05173365667037
1.63573151110767
1.43729944908363
0.838998630724659
0.988950469543747
0.850435043553652
1.02710336287324
1.07937129610807
1.30843987856092
1.26151496822218
1.23900950204432
1.118270829526
1.07898633726595
0.959284890845186
0.97247223078411
0.910735801438772
0.976308656092975
0.56470569830578
0.620030088910131
0.729182998438376
0.762706151016652
1.04143778887404
0.901773386819382
0.820401164090547
1.36867531120081
1.83408602920791
2.27614765276666
0.909822031562331
1.50261251976047
1.97438394924537
1.79728914843418
1.40765864203436
1.88755507574244
1.02439302583582
1.75501289232368
1.18540180076972
1.13133328128818
1.62754374244776
0.256069097585133
0.0753117000265274
-0.0638113333238797
-0.240605234353576
0.522423540828072
0.176073237346671
0.188949518803587
0.139391265680496
0.415308623302956
0.0883667718650397
0.38466050737967
0.455949377265938
0.368843886393404
0.527087606155391
2.82912094671894
2.66412931150054
2.18181167304228
2.3470185304342
2.48220390760426
2.84069041385716
1.80973734730866
2.16181223531994
1.89086729431592
1.82084276148355
1.59627739165015
1.6226974759107
1.62062892235148
1.38217018863409
1.10952799376689
1.2915797803429
1.60812404572031
1.75449122041565
1.09880004579106
1.15057172920914
1.40808311309216
0.726286900702053
0.970579183296131
-0.138710274237608
-0.568711096514424
-1.0008776706515
-0.854480830062421
-0.835346253240813
-1.00583743920197
-0.783114664503813
-0.726288591379283
-0.534100903534451
0.0643308041041122
0.354717739901382
-0.585450450623871
0.747990174530008
-0.854182511498517
0.423863500754636
-0.377781788398772
0.726682334301837
0.674259217584237
0.0471489510436164
0.347348854849831
0.743999564563214
0.667073316868196
0.952090131301983
1.15576522965701
1.24944198352847
1.01143504650666
0.775926486231189
1.39686420438478
1.42755831108829
1.20977800735523
0.776310453666006
0.543702159001114
0.701463361702444
1.04910354053005
1.82885287985509
1.69174802676514
1.97533432645542
2.10676595528577
1.94430896299342
2.1252716874618
2.1944932330413
2.41085987334215
2.35223841759129
2.09364383610926
2.01521473198722
0.856737208609481
0.883013485492819
0.462075142112827
0.684310298894059
0.632380251763286
0.910820394875611
0.597743558699594
0.789873843901242
0.560461685429372
0.733876863651253
0.985080725021021
1.224742997458
1.2572756937683
0.942036987483505
0.697925062226413
1.10054453345671
1.10653628202706
-0.229457630830407
-0.19216523346117
-0.327425417667432
1.35914527955174
1.07340366991634
0.842254042502415
1.09576989529308
0.998953362107339
0.807295961627794
0.83440980969614
0.661564876940013
0.427624543980105
-0.146053089460035
-0.254376878922919
-0.638266189056371
-0.393257766564957
1.41578208550888
1.60434222180933
1.4151827463227
1.44199115548705
1.39778841935811
1.08518826281208
0.48812149992031
2.08584270670297
2.25136397576773
2.5078600857956
1.32523088402732
1.20830057089808
1.70660333186357
1.60764133827305
0.958104929987389
1.3235288168662
1.10487930582228
1.27110801961661
1.0521899264549
1.239786750298
1.83246185878507
1.2840463839016
2.35530145109556
1.14037695363852
1.00248737092391
0.884468327497377
0.722511357352004
1.55050960318933
0.0730539726061659
-0.184135319279843
0.488577454648949
-0.814001638028859
1.45464843443757
1.01293272653717
0.946956989675415
0.627788572758167
1.44983868596729
1.85807111827741
1.52690985930289
0.831582006152048
1.36760598747471
-0.0981016379571709
0.857753922542241
1.13319098726453
-0.268947225352171
0.357611651257942
1.29008505318092
1.43997414810576
1.07858442137373
0.905848315228407
0.513051010947373
1.7129935737902
0.645892730580036
0.378222025766155
0.996203199432253
1.8607305578631
2.22698359907603
1.87027800347554
2.18944478227736
0.614700865700863
0.0951404316589154
0.858562107970994
0.961888919438984
0.203498274407709
1.95576046019488
0.882391100166622
0.738114939605873
1.53041509567915
1.10968597683894
1.97738495996795
0.772837143143187
2.30278882431409
2.67197030155248
0.252920155294355
0.0143888203056877
-0.368703104001682
-0.219298915667335
0.0973575715639377
-0.756620517059588
2.0856217715795
1.96617586479851
0.496614262747005
1.99910429687794
0.651233616104649
1.20943247996751
-0.0287987525488357
1.77506450428762
0.694200198299496
1.02695441859372
1.06800442296249
0.76824248323525
1.08013771875142
0.754423715642848
1.26427956914174
1.14952521014284
1.03978923585489
1.34788004808433
1.82928076569984
2.15124594600598
2.85451599562721
-0.209237788372157
0.846292394533156
1.03813181979438
0.637956758393229
1.9428186262662
0.944619431023166
0.517601957688266
0.566711060961793
0.949829175325837
0.696023054112023
0.728479304344517
1.16729069946204
1.50838070158369
2.03235280377671
1.74669947316858
1.21459472298628
1.3525804578568
2.02839117041438
0.657160509728038
0.363001457272831
0.155774483469743
1.04047941869422
1.17011809342584
1.00022065853702
0.924507072543303
0.60724290285867
0.222968413628061
0.645355632266373
1.0271880186793
0.631013471143976
0.936843956367805
1.16425406598846
0.907677081724665
2.69148383287061
1.25568973522538
1.0783396318938
1.36104110850386
0.983643077375231
2.23189723440453
1.23740691901144
-0.108914187598888
0.049821003262347
0.342724042530805
0.121657328907586
1.2884827373606
-0.283990739224609
0.852635050669667
0.904673737390071
0.826872433038369
0.686613363276873
0.912604887163157
0.435211642656846
-0.142484584122167
-0.171813183185552
0.0304098223078149
1.09945108910119
0.761569357389973
0.698970956381878
0.990452761215532
0.815174866828211
1.08665682524563
1.06107015783914
1.209415080537
1.19585184686477
1.17612208071122
1.11941032030477
1.21216447584769
1.18942416455163
0.102848951890994
0.325633484109213
0.874490286791137
1.48864000873542
0.805400564273439
1.15901708987859
1.62091704172661
2.259067418197
2.09800151751455
2.03919367739881
1.34293767705226
0.918102437915856
0.991024338509282
0.685687519184729
-0.904675124455224
-0.919439504776885
-0.736665176576958
-0.362323310668019
0.520024404969081
0.567263839522207
1.18905605883143
1.06948383496476
1.16380361936865
0.632022803841453
-0.93359568352627
-0.543899670391167
-1.00245255408036
-0.345417258470127
1.64160533983102
1.78727900209334
1.6408010960802
1.3627811950449
1.3566727397426
1.22109836718324
1.22066636134611
1.17017301772814
1.67889559079899
0.849608315238208
0.899680860830762
0.622010892999802
-0.0821902463686444
0.780913957349354
1.73551131174974
0.113296188055818
2.14783028262599
2.18285852729581
1.24132707556457
0.2137590481152
-0.0601447892602799
0.142295907558232
0.565465034676761
0.639296196898131
1.70869178058015
0.938087355103597
0.0115103065992768
-0.0727853353461101
1.17813241261424
1.00154004060934
0.796610005546266
1.18391582778875
0.214398937053306
0.290977627950835
0.530705719504194
0.893709017233786
0.261294550143598
1.05774633947141
0.880291615747401
1.23030283369072
0.972540664425056
0.237853320564431
1.27475939957243
1.20956469994325
1.51395022767323
1.97887992656221
0.5787983323811
1.107314213027
2.04268919591811
0.234617347796426
-0.017452761585382
0.279844067153853
-0.120817533454753
0.826962132260587
0.31703209322118
-0.31814619541743
1.58402459412924
1.78426384120598
1.41253285036705
1.52502502477278
0.913808212436282
0.308463934491791
0.216066978289912
1.4169852172736
1.06243503468211
-0.332720263643206
0.102218520870226
0.615584846582587
1.72998243954638
1.67968918432786
1.06869169406773
1.57548281057715
2.12040184849113
0.508938054212086
0.966443798704807
0.493325149788626
1.05576824619666
0.0267694198464991
1.36409715448874
1.94922789609306
1.51722146306444
1.08622493740128
0.911182937131616
1.00854056995732
2.50566701436734
0.317701544361375
0.0131751271016703
0.378131622916599
1.08946712387357
0.416979307381381
2.03437711225087
0.0735455664547467
1.48249866724436
0.0456398711953224
-0.179749132265224
-0.944215391718831
0.311806348456969
0.0925063585293946
0.24554403315795
0.902766798763561
1.57676950394161
-0.542295531680642
2.36074455517857
0.85924813711855
1.23353006504761
0.792432007126795
1.45449478592968
0.752745604757998
0.519182723129753
1.77412873739524
-0.57814333421281
1.05290032943092
0.860596548880707
0.889195362792002
0.752048473764804
-0.17491407745552
1.78863271312471
1.03890744007532
0.372144938561535
0.827359295473151
-0.33031609698051
1.16880790520582
0.935861351983935
-0.0389897175131847
0.789241478122596
0.75206053473995
0.534733772355126
1.32639918591386
1.20906743128921
0.274712756232658
2.42670448039781
0.0476428475677511
1.43855221426707
0.56792696004879
1.40142559211301
0.51695182859059
0.380679072172392
0.0793583068183325
1.49345670457275
0.608148032194825
1.32175322758818
-0.040068486608384
1.75689962460545
1.85953557539893
1.26539299407684
0.991394270930197
0.835083523745673
1.73628398625732
0.731569360091922
1.1221805181809
1.72560394137356
0.0873562573625987
0.8825597301988
-0.167414402441686
2.33648814600156
0.95396177858838
0.141154910691021
-0.0831609388211119
0.0158077321515831
0.373519574067421
0.877203829328339
-0.309594598958935
2.37134031461912
0.731255744744021
-0.259556182585558
0.942233455755566
0.026068761129545
-0.57449974653013
1.37342032802017
1.4520559967175
0.993039965691469
1.12015668375849
0.915405610404196
0.616139956892003
2.2056262472769
2.06981083655418
2.73492890230356
1.34171780274144
1.31568535134524
1.3484740307992
0.611763003706305
1.12230600530179
1.8674231735037
0.7478161763265
1.15107566401703
-0.108950401304172
0.933857611828632
1.84307362204842
0.219084724800157
0.762347012057689
1.25828519597565
0.11877704065943
0.0312728021431708
0.366024499824273
0.217713486709238
1.60684852029999
1.29721933382931
0.664812023929934
0.549160612836804
-0.587654210105093
0.798866101032899
1.46603260282103
0.0460149990838581
0.467764836305432
1.13119122642683
0.751845239633377
1.8931218311956
1.13172500830989
1.29887585725188
0.032133410600795
0.837192038434865
2.60998468366773
1.39416218524505
1.71278444277821
1.61754690568184
0.801056513236989
0.146218335514933
0.0966188855031628
1.54395343660204
2.42022988792648
1.96391367641736
1.98255240253136
2.07231375898705
0.501547841407835
1.16166661155807
-0.042702879936684
1.81124005703421
0.411802669980979
0.237225266567544
0.387093635171853
2.52213492616746
1.38781105732773
1.88355269032411
2.03997591781787
0.724420377499303
-0.0710077304110288
-0.402195988899705
0.729014901462459
0.766940635883597
0.656595088721148
-0.0407876260395089
0.219375448564663
0.0226460843272874
1.26670038066808
0.664814101346891
1.22962915416131
0.945451451995142
0.637279146835473
0.615048096481213
3.13872529489257
3.06151692300136
0.295988737145148
1.33394484968382
0.063150844788127
1.4694274054024
1.31609724047331
2.02840941627447
1.11901609327819
0.0133467054114159
0.0794919333495759
1.36835094213145
0.116678782115647
0.232127701327041
-0.898746926209637
0.866012127337002
0.843777105120775
0.0185292652652002
0.637935324682893
0.179721987069469
1.43097809401504
1.57392627380819
0.304323169915858
2.67311856925561
0.842988377469103
1.10155743847618
0.931979632465354
0.639216470378163
1.75036589316917
0.283039107314591
1.46721846499203
0.416290625208984
2.15600950488465
1.19603658850726
1.91387570217833
1.46905229622833
1.46656828703993
0.890290787113434
1.19823760278152
1.16584443501173
1.37931213474012
0.999354050915063
1.8155968210806
1.00591614101993
0.355155861482427
1.71391869921288
2.0913177213463
2.02216054275576
2.06550118361896
-0.0648427544766033
2.3804143752042
-0.0913400502034622
0.279212402507694
1.78931029306032
0.246323336675043
0.341072265710528
1.32968536268143
-0.979801710960057
1.08627956069698
0.827433242516601
0.345027374346901
0.653877883037658
2.92591928411697
1.03485459615475
1.08108875183876
1.26566716160132
1.84041944804014
1.32078785642103
1.23033260801279
0.455316600302342
-0.254801362576495
0.64028045225873
0.31073218702676
2.07256356700534
-0.821715845695883
0.187032826776239
1.11449821020556
1.22788160261206
0.648492995673228
0.836266249868525
1.69054661520318
1.90105879176619
0.995047388948013
0.311621362739443
2.01548091880796
2.18781599757981
0.722859166449733
0.731520053112293
2.03531883699137
0.846368240879459
1.34451081479888
0.612300686068467
0.537963244923831
0.992821537223829
1.08810590043065
1.41271444322745
-0.161976719747604
1.06932167366708
0.723002973756877
2.0345622400076
1.53498005692097
1.94292343910641
1.76189509840879
-0.616405788860793
2.04652214407887
2.03990296974162
0.695584366898141
1.96199744036522
0.52052761370092
1.91775952369584
0.0292203275512694
2.22253963841197
1.74736176652291
1.22567972192508
1.49234075851091
0.750078086589544
1.84988938899774
0.711132361285876
0.455349359199127
0.578830204259113
1.82441179857426
1.98327528011554
0.226706840885886
1.58226501949133
1.95214071954429
0.950256246676443
1.22785717801815
-0.61804931901049
1.75151951424149
-0.441321321043673
-0.0201752526758269
2.07588592012238
1.0596048393213
0.813493501381338
1.26073540288989
0.823153139344702
0.0488878679716924
1.67943843093817
0.6799637276176
0.616365239362914
0.285413587011308
2.71566465691701
0.103961923474921
0.675545738487163
0.632032334126336
-0.327253806844869
1.23486765256822
0.555300932854333
0.491031817512295
1.18542406952112
-0.108338639810011
0.984441606998972
0.056181913074176
1.44243841537659
1.02815319395822
0.886212288429293
0.945861488481221
-0.0776700182539497
-0.184771142256634
0.471268523051492
0.248708195538147
2.08835205685003
2.74600885037996
1.245636314437
1.12366888912686
0.751898917049688
1.51093146127026
1.65237478608451
2.24404036358368
1.16829068256499
1.24349184881918
1.22371870613856
0.909798164302399
1.02987762680427
0.722468107318533
0.523227438666198
1.07168497983
0.918145978959743
0.327159276710585
0.792110698742617
0.047018008533268
1.23030635062779
1.12223556120998
0.188723716986507
-0.00891601925925658
1.47355677422633
1.41177393166639
1.22647764259642
1.39966148801927
1.11479206470956
1.12539466007644
1.83601446968594
0.356072674944344
-0.0340200657558262
0.919160378121884
0.798167504404238
0.998274193842337
-0.0204277430342538
0.860836162078585
-0.0264480178448097
0.967752585959325
0.7736245354243
0.867610253267837
0.215754492417795
1.98464824105651
-0.093876973829576
0.185246265507072
0.644750592173131
0.231332096898412
1.52017001846646
1.82325687012185
1.44463048953273
1.49410725526839
1.55856992999791
2.20714271770929
1.01839565024221
0.854525019761792
0.783015939800513
0.733198642456013
1.27482200534324
0.561113977538387
2.09857600902959
0.890340347623903
1.66707121297994
2.19146375181647
0.434724124938722
0.748106702085581
2.12058206100582
0.96647054958096
0.666565520023184
-0.14929468027315
1.91208039480009
1.1340188167397
0.9609756747015
1.02285916813113
1.72056182183734
1.17234869348994
0.966005816491401
1.30267045389421
0.55788654262333
0.231092643796408
1.25670505417359
0.604630107337947
0.855938039322087
1.35639166287524
0.703117170082626
0.742326072783529
0.902391569833562
0.882365683141499
1.23502504994288
0.205559472151934
0.375793623544601
0.236537628172088
1.0657150386115
1.96962135409774
0.492150804717004
0.865362404886338
0.249225685050445
2.0933572305588
-0.0311856650230439
1.73765226779582
0.82292446848084
1.01715464787557
-0.163575125534706
0.104840706479829
1.04956444496746
1.86164178720835
1.57273254074191
1.12483332595939
0.722144902983221
0.307665062310841
0.941397235233758
1.70917567880561
1.43985420990215
0.245104695531944
0.789743686849467
0.945460679286287
2.03408688367154
0.448031803809353
2.27411069394194
1.06752058704059
0.716238225717022
2.04573044120368
2.24271358407742
0.123448829543096
2.03332015448777
0.347242858731338
-0.694553146417233
0.851585933409741
1.949746022855
1.85581466877361
0.43796027235861
0.859247954661623
2.51875325008348
1.35368775600197
-0.317813180478474
-0.180893202719647
0.892634439684505
0.791956296225751
0.314669309191314
-0.63973618063144
2.08897772718067
1.63058139173989
1.04338692034551
1.10675198677027
1.24639938269866
-0.161257871603743
-0.20078919364824
1.61024233661777
0.263188848222134
0.133859977647232
0.227159362623714
0.960764145201693
-0.690276540377023
0.558112160727553
1.18604671557216
1.23529903815731
2.48801426634998
0.843612585150805
1.01437183397862
2.13266510304208
-0.658147902897613
1.46900896847954
1.24703402470249
0.842613846876747
0.882294699115545
1.35576863402074
0.156593789370879
-0.249533392309411
0.757029213647536
0.942753561502302
1.84500512105091
1.59059610816599
0.664460616029316
0.60166211210511
-0.326144852816926
0.870298800095785
1.71109532189402
2.05061217944383
0.902838133907243
0.874659632400003
1.02431729722244
0.99560768264068
0.750896223239738
1.26578957772351
1.45591243932183
1.69864640786805
1.25070804731122
0.905886782486798
0.948056250672102
0.960022063244046
0.998888056712664
1.09079285533281
1.10912403536014
0.981638830999525
1.00173601497868
0.897108886381848
0.758347817665765
1.00476846731295
0.52096635801015
1.2196148586712
1.00348664384701
0.797974284362193
0.596292913513732
1.49173352600346
1.28229160889003
0.946457252283822
1.06961643012472
1.48774987997187
0.933058426840641
1.03949699758005
1.10175309721482
0.492430621590713
0.865769799335725
1.08124970978364
1.60432154833547
0.807223278708742
1.29082104659393
0.655381334778159
1.64851529971893
0.990550713344173
0.678470231288397
0.559822352727031
1.18539157290363
0.714770517995503
0.915690095998891
1.04386419204884
1.08254369127416
1.34475171372403
0.98090021949555
1.12834956619005
1.09293949969338
0.965016518534637
0.936230747232822
0.9788623020328
0.812692799816016
1.15496336124286
1.0063107351297
1.51439624947816
1.17622988140003
1.18514232720704
0.948974824248664
1.14184711572575
0.860316651570898
1.05013615448003
0.970840872172595
1.1718211732909
0.985630250698281
0.759045935105641
0.908987270872031
0.858141443396206
0.94880727341388
0.976435482466643
0.747238666382685
0.844609975928492
0.802368453421083
1.05645394991277
0.544178381619278
0.722108632224956
1.04317795413464
0.978028201405981
0.514111050707606
0.743131848493719
1.39677460949698
1.04558196412958
1.02470980955729
1.02444338095046
0.898573719673684
0.88120888215806
1.11631346949773
1.47031912014139
1.38942240044535
0.990155667312232
1.00069321631724
1.73295020979012
1.6908645794008
1.44956798048361
0.97465134032662
0.978990105839844
0.91543787090735
0.738812452292434
0.717311309323052
0.982518129187831
0.993139689999045
0.888919123557823
0.814110840884725
0.888100865286419
0.981869241436442
1.07439789579006
0.947928168836844
0.939203436869251
1.04398147496469
1.44958911272361
0.550389022699569
1.21886029668544
1.12867556704188
1.59053647068252
0.58046481070811
1.30697802360483
1.24507915470236
0.793842015231559
0.729030714985348
0.593125140824116
1.02119727225938
0.733513096907798
0.419014813872326
0.514032192150629
1.01994616082936
1.21486428745358
1.13821297148559
0.845254568313039
1.11997940399393
1.6157176836474
1.43403392224782
1.30235834636604
1.31683637780995
1.11866312633066
1.16625739795481
1.04060243208514
1.03804081662413
1.10898940408317
1.15435453451139
0.963163220493475
0.918231500582183
1.09203073945024
1.02203531165824
0.755910151872471
0.972066687107199
1.04176762688738
1.03800583467855
0.508966281222229
0.501648002223385
0.480959462124096
1.44913624773094
1.21724705723899
0.829896172514001
1.08546269749095
0.93291905575166
1.36428703918077
0.999501373397462
0.733566296509872
0.994969472232778
0.729607237908311
0.748924316798118
0.812148913528915
0.54488539503045
0.690243739885819
0.85549264597092
0.835307403487174
0.886713556499109
0.881470598850856
0.866686286431992
0.978188854110045
1.00081962376585
1.52514113122528
0.791757017118627
1.10379503724994
1.64421468664769
0.356094279238773
0.583770906335407
0.756957371324107
1.13675397024039
1.26819804275519
0.934566099232687
