1.0077473698401
0.738210387493431
1.11566395780618
1.12095976542265
0.127032035492429
1.28628221938515
1.54082467043123
1.63998841087487
1.71485518306565
0.187674315627964
0.433643170963938
0.588972669601675
0.995372876839557
1.15078905445875
1.08427604068098
2.04671623436089
2.09585649792878
2.03911369530247
1.47991448841166
1.17682489442646
1.07652164093623
0.407125668376983
0.808812517905424
1.06602668857137
1.7845479190692
0.848500696457604
0.167775626245358
0.862427525775786
0.325651720443477
0.557951218652003
0.769621528940028
0.806301751358146
1.00840765394564
1.09088137541
0.946734787176214
1.90044658264384
2.16164764129507
0.865020766549074
0.697791808082583
0.914949198170151
0.581596739911035
1.53008327652169
1.23022412609225
0.164935665351277
0.870095676032193
0.825542761001383
0.227798581604588
0.26661620678247
0.239747777383529
0.869542989975021
0.213825021300598
1.08310095741292
0.938686032179837
1.26664364822737
0.578596107684497
1.18267432560493
1.18733498137233
0.900792595962873
0.190612736188749
1.05388307473811
1.78890594004334
1.06178432957713
1.31116325651875
1.68110536896534
0.269469087428534
1.2961454078617
0.234345111114235
1.96801306373071
1.84343530202933
0.173592404366959
0.354316110656997
0.468976369197327
1.11431652418496
0.99055490915836
0.153411249423175
0.686579699598831
0.874530586658796
0.718656580071195
0.699583983536014
0.425168301621662
0.830705237978435
1.0873077378825
0.706009998835916
1.04998324854694
0.843353148624601
1.22571329481258
1.20786305754285
2.12520301860186
0.331331578659925
0.712070721636491
0.95734339377043
2.14998930681081
1.41307992893642
0.768762091376567
0.965427414584469
0.872768173152698
0.932812254180031
1.18550345960685
1.05518958078568
0.195231268154353
0.996548493706358
1.12257113905132
0.89257850953003
1.13285893397847
1.16285664692412
0.944762641810519
0.0907719162243702
0.200022314087593
0.272604648121095
1.1217054246191
0.834073492669293
0.951806437419854
0.189189061957293
1.03607907368658
1.92958090194296
1.62294074681171
0.86775827541009
0.991274583161941
0.839980235347686
1.00737107050062
1.07524438956583
1.26361365616788
1.28413122433498
1.26972647870342
1.11265675201201
1.11691318295165
0.939220251593703
0.972806017268141
0.874972522576538
0.939858937060128
0.584723095186534
0.638583345107357
0.646648412565797
0.818205275707095
1.04723436075167
0.951924464344839
0.761932621794703
1.40841064420928
1.72537998564058
2.23099468825665
0.885768270427333
1.56591744707306
2.03998682348917
1.93574006771318
1.28404967563569
1.78047192320321
1.05607006437543
1.7575881883732
1.20406129799592
1.17226092352327
1.65118263770455
0.248362311796328
0.0716375885048696
-0.0671135149366102
-0.279952400043652
0.642387830017791
0.0908621455486859
0.162470265592302
0.201382083783908
0.318563624616362
0.0989399559713991
0.306537115423341
0.556326362432317
0.414885232742949
0.386932875601284
2.91629651262466
2.77889123891868
2.18919422005556
2.372772133909
2.53400756953464
2.9243915687997
1.80484269241149
2.15411013445737
1.98496887968908
1.78306663027477
1.57094810275766
1.62638731152248
1.64723978176208
1.37188336716838
1.08116481386859
1.30814856706087
1.6530635349596
1.79524441519193
1.11996465587801
1.19701087241425
1.49944694915389
0.7201213333271
0.942229895868951
-0.126178486209144
-0.618075769200054
-0.992103402185689
-0.743151288203631
-0.880721314330496
-0.966186056729575
-0.782844118924848
-0.741418833195991
-0.560315685948807
0.0122272677655761
0.373969592506302
-0.56950779252616
0.778586008656218
-0.840658245986739
0.343939827389281
-0.528402440228967
0.567421826047021
0.636364469142789
0.0347965400286687
0.248343653258535
0.798516372945629
0.675332918423785
0.940794380118819
1.15145640955349
1.2428939922648
0.978526449483609
0.791453768253945
1.4483210088762
1.42456821702003
1.22161599005479
0.733100807724524
0.511537150695515
0.632749850466134
1.12011566804832
2.04276969398492
1.65401267889459
2.15239644476258
2.27581415431989
1.95435780821591
2.15652259578416
2.16806486044229
2.41329267539441
2.30748784583796
2.02600926833846
2.2288964922853
0.821323124155079
0.928083265367793
0.417844938906889
0.631867803411951
0.606601053116569
1.00226901614741
0.507275150155896
0.84623453333788
0.541096962430295
0.781527965852461
1.04737950420211
1.27072853854317
1.31128787321023
0.894670472903732
0.643735518789049
1.12721643978503
1.16249102853437
-0.151022527325071
-0.149910114369215
-0.352170826722896
1.41489366977771
1.08370648177783
0.805587044608145
1.09384531001545
0.996283426919651
0.755542170859739
0.831136696232938
0.663941626566656
0.426250287285896
-0.116234709592839
-0.316002119058739
-0.622630922492805
-0.316523510452188
1.42486423367432
1.6566662650415
1.38496896589975
1.50377367019238
1.36022287705753
0.910753461783131
0.37477376596857
1.99299333706427
2.24988524122905
2.50441870661353
1.41860587379375
1.24506280560781
1.79280356693788
1.69907173906205
0.959811713264698
1.37385498324004
1.12922239913777
1.32120694080972
1.12073629466783
1.27100365235905
1.77557905584369
1.26680009581185
2.46961460943388
1.1839198581266
1.05228307533733
0.895149024483674
0.626640426579987
1.57046719051405
0.0663298466323855
-0.21544230198957
0.363548852880783
-0.831217241059255
1.44872458028071
1.05453803873748
1.0085181493418
0.715733027013288
1.51312061667632
1.98462901359656
1.55070849125027
0.745913291725388
1.29115565073208
-0.086153417995316
0.835760589973729
1.19001749273564
-0.252912433118425
0.302936781382765
1.35617893450677
1.47668519112756
1.0920576724823
0.850057288623124
0.449994150751031
1.70094812406625
0.69061421468869
0.462558263405168
0.96867003022231
2.15804977242523
2.19221439458277
2.00037263860608
2.23699698374263
0.601262613118376
0.117733104576986
0.872435383907073
1.00123819187572
0.12723628036586
2.29090394828051
0.837731072327732
0.697612089430602
1.49663684902479
1.11238897349614
2.04591937368778
0.72577376465405
2.29924996518881
2.72342256385621
0.286118467204724
-0.0156572306871479
-0.358795326546991
-0.30237715604488
-0.040969563664819
-0.801535576951433
2.085277951721
1.91026088092929
0.441978341418204
2.00100081186084
0.627050887730541
1.14880586745517
-0.0330024745272621
1.71783905499619
0.60656721702673
0.954281091651547
1.13391021422138
0.771479418279671
1.0820177768203
0.488082216307356
1.19596896012436
1.044304916239
0.977059874006843
1.35731838706457
1.79250037521599
2.07289311985913
2.9241493409649
-0.161567525786802
0.780109268788871
1.03050949009811
0.603350470229849
2.28041753642279
0.864872936454992
0.559465587476087
0.566841333554965
0.897187208805966
0.6808647867382
0.638507325339148
1.27796361223343
1.78804128848305
2.08349510009029
1.67771174514236
1.21930205988727
1.33819826027157
2.01538549492899
0.651721591854333
0.153873452363458
0.252440174792207
0.816431869825936
1.0527573214549
0.985909067464945
0.868965074893153
0.52481611343409
0.167863079526299
0.710523707855412
0.938878897107406
0.694058114556982
0.968532134370739
1.18405414437282
0.873777142205773
2.78973786853278
1.23085695723715
1.11602553718035
1.33659116959079
0.966978186928978
2.26255282576227
1.22154549250873
-0.138695743685082
-0.094674393442339
0.200264862936732
-0.0352875502468274
1.2881698931561
-0.340239880965442
0.888081146950139
0.937864302413528
0.817688540207439
0.715832656732379
0.922517478385526
0.462160463495105
-0.193902723772611
-0.158950348923018
-0.0780299168801473
1.14355455771188
0.851776553728471
0.751676238906846
0.971631928408621
0.84299860160652
1.11861182814693
1.1511481800024
1.20486162805632
1.2608366517555
1.2615540658047
1.16144938005582
1.20464955605866
1.21240907324731
0.181366049558676
0.391661584704948
0.853543973986063
1.53235854635304
0.740930602429131
1.15932325378405
1.5545593939642
2.2275130276515
2.1175514420358
2.06058360681205
1.3093066643473
0.921756724255712
0.997397767455352
0.580890643442942
-0.907308219839806
-0.930520589391633
-0.749061888172688
-0.353985506735403
0.507569493727139
0.434244896295424
1.20373103022672
1.05149697142118
1.29369764287851
0.635519595098748
-0.884016890252376
-0.46847011418916
-1.08287736998581
-0.41721786115716
1.63931367205867
1.81117109964238
1.65210402846585
1.2860774147292
1.31291362220188
1.31466375123016
1.24835692674439
1.12084528852514
1.70159447332012
0.823029945988087
0.766338669584308
0.630433936715364
-0.195643192990571
0.739201107741116
1.90991659713885
0.141607967833797
2.11083671675755
2.16706902152649
1.2855969052423
0.195140816316373
-0.0300845583251698
0.0341241928139012
0.62774387095602
0.609387291601315
1.92933720168012
0.82337415042273
-0.0339507036891539
-0.0111360388697344
1.43254494276519
1.12159571591499
0.747340289894065
1.20192662198126
0.0195606689199927
0.30061797207508
0.579418191447778
0.885249533724231
0.079925783914519
1.11853832843396
0.830707179315856
1.09319400033986
0.926984561106636
0.0705737393657785
1.1681650047533
1.21193986206786
1.52850839394746
2.0226792767627
0.569336052080021
1.14245359001361
2.06449390708099
0.158615955286921
-0.133351268690809
0.098697104194199
-0.201608395391255
0.87860852143573
0.392500590537508
-0.17781669168506
1.51545176260239
2.08037899305194
1.36228185901254
1.60424317293585
0.910876295391998
0.236267265540228
0.23026360439918
1.43692558722823
0.897815921481021
-0.265921775014096
0.155393206660422
0.634847984162937
1.65731538121752
1.70168266611272
1.08812015056237
1.75176961593288
2.23109804364434
0.582676415228097
0.967781755474083
0.3205117546385
1.06598272551295
0.127736189220141
1.6836632303031
2.01576868810693
1.82232150677373
1.10015787059779
0.819462459462854
0.924434700005271
2.59076717625305
0.117457906746817
-0.0235532881443968
0.188377047826733
1.09242763640906
0.449521173745495
2.04539012030798
0.119606747846761
1.51071589933571
-0.0817506620927521
-0.222581929926532
-0.975593088302179
0.348526774924377
0.184643055846632
0.0919770696578307
0.982835655770748
1.66530488419698
-0.568433355274577
2.37361283751078
0.907401999374344
1.34050434372738
0.702601382362373
1.52385484717446
0.815309588486404
0.416217380301528
1.83201255731909
-0.652904633320887
1.15400720542511
0.808895729081282
0.856981724946469
0.6799640939884
-0.152086905369465
1.81715180667011
1.05495523730976
0.435751732750636
0.715143283646985
-0.267614042581697
1.08934266718742
1.01398741028617
0.00743089535634963
0.807691053871993
0.719918452908985
0.567146513318062
1.27436778911033
1.30783550221793
0.202574725132021
2.44439951734822
0.0932210350539978
1.42577418495525
0.549895310210748
1.4225927328014
0.472126299403688
0.336951613809157
0.100627228808511
1.54530989487819
0.585762010118748
1.2212992620999
-0.04714581051889
1.92912922366229
1.92118849484601
1.30345206155286
0.908683514960936
0.724771061831308
1.69606842311094
0.68293266569521
1.07700048401707
1.7869771369145
-0.0217369560463309
0.846255188964416
-0.116296919891073
2.24099029336433
1.00892255694747
-0.0237740949274236
-0.179729140296787
0.0968915314934658
0.408407135417495
0.834181597465677
-0.313687021885099
2.35403445798107
0.790014437258307
-0.294834956137725
0.929202937263272
-0.0731291656518682
-0.616381020073898
1.39761648566027
1.48065807600897
1.00572070059222
1.09345805822243
0.852226753542261
0.635032528217959
2.28629788490907
2.32323393307084
2.86913431693564
1.27763521667748
1.21774247575056
1.26784744315462
0.59642059839947
1.09738297920985
2.24220404745145
0.710055028798958
1.37679829920055
-0.212560817510179
0.930819553673627
1.94411380836906
0.106244233008114
0.691195894160984
1.35417933234296
0.0421109656341152
-0.0569156893740072
0.181411293334961
0.298732093398332
1.86640687549956
1.33568449832015
0.55124766090455
0.536268185050469
-0.450141577247053
0.821072924050783
1.42936660369472
0.0361724940215474
0.459668413267198
1.157653857248
0.712854800827739
1.82013069731242
1.16860227267988
1.36118649856009
-0.0498100173895757
0.868291935774739
2.73086085352025
1.34374895067291
1.92643012389568
1.80865006171611
0.83915587095486
0.149638692712022
0.0460923385658395
1.49848069225243
2.49188020204466
1.97669241411085
2.08993385917127
2.04530668213383
0.491967394942417
1.09816000655109
-0.151123427961766
2.05548867039955
0.394996127569392
0.253586611996571
0.330885230055859
2.57150570887007
1.5152377706015
1.92866783884164
2.08303536824057
0.789859477943273
-0.0994908779236111
-0.420839330359824
0.680100862676884
0.758785093455244
0.65282198999302
-0.0106462241870249
0.207743996185042
-0.00941800595689816
1.19191920243767
0.552976385750677
1.15864468960204
1.03338005330356
0.708172662805305
0.696878562500899
3.25840471207433
3.16269531952114
0.265817949477994
1.35128883183109
0.0383878578653025
1.51338056981653
1.32064412192499
1.99243152300312
0.922717802364393
0.0132216156781051
0.131312334886773
1.59662640014227
0.0839579177397675
0.224500821949468
-0.952145664129626
0.820094912431638
0.796670165353486
-0.0604846066542522
0.564876172094873
0.028253116477227
1.4009375467599
1.68188103706864
0.146357135158196
2.66691241434615
0.834672218298545
1.13609642948458
0.893625253352524
0.585854742449095
1.97092892532296
0.293651735804819
1.43215573384662
0.267011087555011
2.12579928426517
1.21251545548754
1.84276468818296
1.46121012381341
1.43034210935682
0.894897000035519
1.11702484902652
1.1335585294463
1.37255779268286
1.01012682201323
2.16707443064672
1.02052010893936
0.377191581860099
1.76281009653892
2.02492690897649
1.94727672768542
2.07079970522446
-0.120211747685673
2.3699395682484
-0.0536449967723003
0.211439648245992
1.84672921403477
0.227830063891093
0.356447501738085
1.6295426704283
-0.991721548848727
1.01770139551392
0.855769961607769
0.332909492146579
0.586024332642248
2.99758138837487
1.00241542934136
1.07530002747268
1.29801174828753
1.85648182585037
1.36216218913299
1.07551205983537
0.543301247522054
-0.189230636957377
0.627857511791402
0.268140019712671
2.01640851267469
-0.899325313829162
-0.00766461339964703
1.22508051816783
1.1551172839887
0.544638268339434
0.779789972945034
1.70310172103866
1.99458136455501
0.990657901747655
0.250497686100207
1.98841050121889
2.16309849169221
0.682723634992839
0.696513436399486
2.13650714346366
0.892389040478629
1.46655537770316
0.676303694312445
0.472763997972224
1.00502240548459
1.1080503315724
1.45413330083343
-0.1578968047167
1.06290172587866
0.698779252551955
2.01731800610101
1.56780693613788
1.94785665087714
1.80885282784211
-0.61620570605155
2.32148433127138
2.02883965338639
0.63046363598493
2.23888546061123
0.57376026397597
2.12778746093166
-0.105597042027573
2.2656398427067
1.7179786828857
1.12476673355543
1.44297647220967
0.736061190987427
2.20304173820514
0.720790896263775
0.419678249941528
0.549101989636422
1.86440905047366
1.91992531094965
0.143066031270138
1.57591196692712
1.97464364620085
0.914059120659518
1.19507102609822
-0.651433104065591
1.7764650241474
-0.499443439809985
-0.0194571275214774
2.1753750111354
1.1129840756981
0.809976233466855
1.17658799444637
0.748687934165532
0.049812357343542
1.71336276577535
0.651974203722852
0.637235390694706
0.135366709693039
2.76830344091804
0.152059154458816
0.695805167648525
0.703535887537195
-0.282026704845069
1.1881218225564
0.637753679508187
0.554431016495821
1.1981119014096
-0.219221026385052
0.955203440297157
0.0608418148597652
1.44436760527675
1.05835865961132
0.779862394482272
0.894381120905257
-0.0263739384076714
-0.183146706714401
0.594467548361701
0.224380071823581
2.08689228089269
2.76572923466895
1.31437195819675
1.08308944775662
0.730395801915953
1.50844098703679
1.90094907922966
2.26666800757342
1.17661195774867
1.24070087190488
1.18196766140092
0.858919440520449
1.02006062842339
0.790460144510254
0.481459194777395
1.0617178868982
0.940602195663
0.168279392258054
0.721690419168361
0.0381650153904356
1.23993439536146
1.1906766516026
0.174188292341608
0.0233040568278317
1.49747907239616
1.37315611297414
1.07802184490808
1.41411364703537
1.12813817116721
1.14109641874248
1.98124688026256
0.351056414644814
-0.0409587700687999
0.917436122044361
0.761693718031813
0.962530407283384
-0.00138251489993866
0.89487299419897
-0.0352398565020796
1.00140915853762
0.792902449480996
0.858678909648133
0.221078227197111
1.91724033494472
-0.214487643677252
0.146481351371702
0.657064436064273
0.144004682491891
1.45985127715866
1.7988502801531
1.52016924621416
1.80307438583547
1.57344631608521
2.29844077262756
0.993074896701765
0.837441523639889
0.728068830359072
0.587529562439486
1.26488025096343
0.303897519245972
2.29010313794856
0.622944794762505
1.8899857645251
2.26383205506282
0.493100851241016
0.798649569416332
2.19515948413322
0.960827749091639
0.746417484500714
-0.190250124134407
1.96904988194238
1.17657396878211
0.97714924381697
0.993517969802211
1.7738248029962
1.03260041141857
0.916810767636825
1.23267511597159
0.530724524984648
0.193784097353213
1.29683242457675
0.564330804372415
0.811484164965425
1.3465127404689
0.698459038238647
0.749939168870829
0.857577056634589
0.929462877510683
1.27853021908914
0.0572366683991033
0.17694890239979
0.0673857476933797
0.943982196203024
2.30798012112729
0.408949511681497
0.78708195215242
0.100619258305588
2.08877558607605
-0.0139384361968265
1.92367172962305
0.716634253306763
0.778234308547681
-0.245272534948999
0.130087736447368
1.13728724116246
1.98667265848323
1.55632253625513
1.13854270653527
0.74694855348375
0.30837477945777
0.945966098754965
1.7480811057057
1.39925770092509
0.255188882822403
0.718933899616229
0.973576758863356
1.96141168211997
0.26936040732219
2.20818108135523
1.09292674719063
0.675748573678621
2.0529304802039
2.30924752453665
0.0457146683014972
2.01799653082455
0.399525972031714
-0.759519102199924
0.826594330970675
2.24504010796886
2.23546789198643
0.41854016042497
0.846069494888624
2.58878190152992
1.45695415119417
-0.328906704386236
-0.126638828694446
0.918711872498285
0.823209400876914
0.119916242034748
-0.505707394982898
2.09295421591679
1.70206413301511
1.2171815947804
1.31159996769481
1.53891113132075
-0.197234517246565
-0.27468859605753
1.64890649598211
0.0584949527745594
-0.0340725572256423
0.0144232932223282
0.909346477290787
-0.629933725799535
0.57176633269488
1.10891952020826
1.21540565849599
2.51542108748531
0.804083634335057
0.905762455980695
2.10694943240907
-0.664333149167037
1.37794603233991
1.3027496941142
0.789856355332826
0.921244409862699
1.28286741108094
0.191946056692065
-0.238680424035625
0.73305281659363
0.935096646725263
1.96820477521803
1.72915992750848
0.622913247142672
0.374075211993335
-0.422406996394884
0.641386801505413
1.9379338903847
2.27926670198023
0.947031950740252
0.892618879015997
1.01544287568756
1.01025489576
0.584766478814238
1.47936137896393
1.6782833292224
1.81988295732667
1.23907810991143
0.822519027113305
0.840198011268013
0.994668562220369
1.21968166983316
1.45584542460761
1.31180555190075
1.04905496964134
0.94109236172479
0.768884282663998
0.653946087691437
1.05868883223569
0.466038587303505
1.13453292228794
0.955691362745668
0.79756136270462
0.353357085343866
1.81384004204351
1.3503877452295
0.709286897277874
1.06229272236766
1.90764195172373
0.940643086004056
1.1383529506381
0.988978980717958
0.291157491609953
0.878931377795376
0.984813094343626
1.74397559177934
0.829595289450834
1.63797446714638
0.586264136685239
1.75283614040651
0.917400721588361
0.494314244889193
0.312842661259361
1.08800557169461
0.511223359014712
0.926451715190257
0.889258554897662
1.05769655264493
1.54135063069134
0.974302052358492
1.35498748669903
1.05454477556207
1.05888233263154
0.917269468083895
0.973547450118575
0.6900868766139
1.11336412173268
1.02079690136774
1.93954132284622
1.57042343826122
1.42894930972502
0.821952103096621
1.28174611428073
0.813028321741587
0.98159006245851
0.889243952518514
1.25716503156917
1.05661357425406
0.805097858683348
0.879944123898288
0.869759871599266
0.85696093839786
0.924756022551797
0.738610813498314
0.828657654890757
0.76722599159705
1.04395979888626
0.425882822711132
0.577229890326315
0.961769246246733
0.882267157343769
0.260393149227503
0.52683185153762
1.78210023125482
1.3744269949525
0.931694026590729
0.939604508968038
0.887118032257328
0.898562668429131
1.46089933734396
1.57124530105206
1.57137905689684
0.989115160886019
1.01135824312011
1.8475204786648
1.86750784856064
1.4513032805732
1.02125391321058
1.06550344607162
0.951844464207137
0.568211476760636
0.515623024221533
0.947419384378681
0.924255401718658
0.745706243966843
0.574972365777255
0.689796313969381
0.906121460775604
1.22966194398543
0.931561059144165
0.835091985178613
0.848095071304193
1.67201340724346
0.384694578279774
1.14536881764252
1.10904372427959
2.0083588043872
0.363100865307517
1.63152077196479
1.14959803076666
0.7639879166261
0.559844180187093
0.565510803931286
1.0975947848018
0.767935891585145
0.258732494406671
0.309494815149582
1.01745369620866
1.23910113656615
1.02881360228703
0.841889486867001
1.03147987597872
2.02980980786508
1.80969619746465
1.59145472647306
1.7197980418734
1.42845167573437
1.50012970173138
1.17655277194459
1.27479844009199
1.04289137576443
1.3186881400025
0.800493272013383
0.925651295405878
1.04743845888946
0.90680721793934
0.803339298901661
0.898678722862987
1.00045639826376
0.939825231100314
0.448172984841781
0.258890758175
0.237117983198165
1.78561936196802
1.21325275991793
0.840967216732388
0.975348755866321
0.922919024137927
1.42917121283381
1.02244674748923
0.563633206954935
1.00461291135821
0.6878759447436
0.649082597236953
0.794217410859845
0.374538902709675
0.490492666158513
0.859811943749753
0.853764840527249
0.894037811657053
0.829322436229748
0.850610887606384
0.903007212915651
0.894310389547112
1.90438688092728
0.674464780196181
1.05144933317112
1.7544013786278
0.321326478701406
0.58508062517116
0.742037701028986
1.1542383473247
1.17762389732194
0.679320647038941
