1.01150846062723
0.658655209373706
1.11291377540192
1.08083567873814
0.339994617058189
1.25338841056092
1.52431229527337
1.60834826075779
1.71429344223705
0.165324659667322
0.470263815211472
0.652438150195303
0.906685512195366
1.13010211342976
1.11980201643381
1.86068673662469
1.90139674384463
1.98372559003508
1.54824503919304
1.17095450975251
1.07318515689686
0.424703775010349
0.754962891783635
1.1247963258748
1.64948870746259
0.844093323682289
0.277079862649191
0.886563392829948
0.528159552245902
0.546828872831549
0.803229142221859
0.766667887951875
1.00450487346809
1.00819291024487
1.00036122771699
1.77170118668037
2.00447880321093
0.909068883583793
0.65013934271649
0.901843663636107
0.579559320553283
1.42588584334
1.20845141737413
0.394469851303437
0.901523877756394
0.884310559641714
0.214763799851795
0.331129633431729
0.404191146836514
0.944854565758361
0.437211737009602
1.06573720344868
0.999376672741843
1.23541442190449
0.721460453223882
1.16975371784162
1.2073972368322
0.866938094198995
0.416922934768785
1.01641436556831
1.83792083566252
0.988080512182553
1.27477383148795
1.55099856307241
0.262418646781728
1.33770587305788
0.321661431496038
1.81743719371091
1.71514081632955
0.367992229208857
0.395876768147181
0.472729378110979
1.04807523200638
0.907826262223565
0.287439498817514
0.663322557424739
0.87650952918468
0.708703536490344
0.797605510009212
0.603748781144497
0.815993416393106
1.08311775039819
0.630743837122752
1.0830948671805
0.895849482284595
1.21954976663165
1.18602894669974
2.01084714421325
0.344946234727293
0.779345614345988
1.02919010133261
1.96488551358374
1.39791805395886
0.702223145943127
0.963102354626978
0.862877487758198
0.966170264600174
1.15000626089763
1.01147834436639
0.420944497130421
1.06299122050794
1.11146010724358
0.943360707570481
1.17810863889119
1.15963626806844
0.879413902778728
0.312222113836431
0.428836052914126
0.490149427261808
1.08167976220505
0.893013257228108
0.935244231804279
0.167500449170746
0.948912067590346
1.93268183664781
1.6937196837468
0.879248190984804
1.00123950220585
0.84240923711385
0.994933512699903
1.09382848840453
1.27907300717118
1.29408717581541
1.26386395893178
1.11695719482895
1.11690641442075
0.938014698045739
0.95700592354621
0.858783100683969
0.941214821876375
0.590045966643798
0.635151523317971
0.682715236876844
0.7954052636132
1.04351442495497
0.951159298092367
0.782173964980165
1.40260538945008
1.7106979165832
2.23448074442813
0.892760772870535
1.54298488863833
2.057522871994
1.93491381596689
1.25730146875291
1.77857734348373
1.05449465551933
1.76133983253964
1.21245237862432
1.17128976780725
1.65780111307964
0.254338051063286
0.0851509983026962
-0.0675170856565902
-0.271137325802911
0.622564154468717
0.0913115330485575
0.171725657586115
0.207947113316598
0.304312422232555
0.0997884512567989
0.295263755240004
0.567647416912894
0.379251261138856
0.39223129842262
2.92112633321114
2.76075915200661
2.18687391722663
2.37269984700743
2.52020893080751
2.91922249001761
1.80518311728677
2.15479711974348
1.98931448178972
1.79489528546734
1.59004715451657
1.63693485179238
1.64451876899905
1.36214503600442
1.0476144999875
1.30630382650535
1.62859670394346
1.81893041218573
1.10262758602794
1.19620585742733
1.49953727059047
0.733876201160137
0.954632957336344
-0.115656599086598
-0.629986017173443
-1.00430448051349
-0.732869322285462
-0.894843363831451
-0.992476414984766
-0.790945302826673
-0.74040830393283
-0.548445524617725
0.00791552391013698
0.375624600208995
-0.578317771027909
0.77946029435574
-0.866399367187648
0.362381030400607
-0.519223140502831
0.571303581312131
0.619086453450696
0.0490196807575116
0.253852006442776
0.802202122261678
0.681578347042783
0.931975495275682
1.15283039115345
1.23135791713354
0.991381152616948
0.782149080842269
1.44183663906782
1.42939806110836
1.22439123445467
0.738596004419532
0.514952663045829
0.61136996164939
1.13864417594806
2.10967559467545
1.65269384321055
2.16601249166241
2.28874857367775
1.93448014738558
2.12848770180084
2.19027046867207
2.42633036706909
2.32128505778898
2.02219808518615
2.17816639937121
0.821543622013158
0.957757691056797
0.388073629622462
0.649407153490036
0.578373344410922
1.04367681252989
0.517922269745727
0.864549280638676
0.538087698204932
0.77895244384048
1.05043455807508
1.27675959907283
1.31117132637468
0.915627952333356
0.651638188490679
1.11483645650787
1.14555362142328
-0.173200140832516
-0.15428825724042
-0.338000473677079
1.42642418685371
1.06243077314254
0.788925047202474
1.0862053806074
0.995311349856602
0.769736990701872
0.827558452804913
0.66422757943388
0.42182177295305
-0.135758238727977
-0.29789796238899
-0.643856576623142
-0.319860568772345
1.43689787434769
1.6743283011971
1.3842370400997
1.44153337566667
1.36236165892871
0.918056366124273
0.390634181700148
1.98651235013687
2.23806083225849
2.51856835734418
1.42077188023276
1.23565732734537
1.80555453705351
1.71338396766684
0.956229493619315
1.38177383964391
1.14238661029915
1.31952634618993
1.08681880779954
1.26882933426363
1.77567061300652
1.27048088954824
2.47393660104203
1.18336198853288
1.05371978408992
0.90908985629924
0.644201996395233
1.57966390200201
0.0779831630377219
-0.183932801771439
0.372467803832714
-0.772214870803812
1.45394427621203
1.09637748935479
1.00258402930796
0.649050355469901
1.53044925678814
1.98561985245
1.55472690018428
0.795847813158149
1.31708115721092
0.00729578544566202
0.838726855780351
1.19440382151727
-0.244655262837184
0.303881736691335
1.41154952436704
1.48546056383795
1.03455668119096
0.849722604275868
0.459261883065384
1.71414215589288
0.705174361133548
0.471238779750134
0.966703742819009
2.03467049146335
2.19020625919422
1.9631200318919
2.23365797821942
0.625319047038693
0.096077111724021
0.859463447369745
0.99945533081327
0.146751196713222
2.25748353196616
0.858293684695635
0.695484426494815
1.50207572555606
1.12731261226443
2.03726015390526
0.725406316940075
2.28984952948992
2.73173859589862
0.269489535933672
0.00529676694016551
-0.362010374858987
-0.293829585810584
0.0704555818854149
-0.809768285343747
2.08027999209901
1.9178820987854
0.433070438990755
2.01391087199983
0.632762721726041
1.14774727163034
-0.0405517298009952
1.69278180337891
0.62581783744885
0.962997465935961
1.14695499539699
0.800596308675237
1.1416511520903
0.539337256590679
1.18990966752556
1.09968707379079
0.980456677102997
1.3571359376533
1.79023603267674
2.06594387729375
2.88013077629756
-0.131626341901448
0.784555961266355
1.01496908618312
0.607580814116493
2.18021430571782
0.856330894656852
0.561687021727081
0.580780040354493
0.91540154270019
0.659786392609792
0.656646287939363
1.27091732293144
1.74855040391253
2.07752516776189
1.69988387073223
1.21533240166463
1.33783851400139
2.03239518132427
0.657468336156285
0.17422480486403
0.261163692406965
0.872449708705079
1.07207211311166
0.991130505376352
0.856447532749821
0.523817014171816
0.185313664553817
0.695277138637222
0.930332874031064
0.700359258968973
0.966587225649839
1.19706771130143
0.877994850170839
2.80349414736346
1.17346704067858
0.993023622119373
1.36349035546076
0.948621262072162
2.26078637347808
1.18114586756107
-0.0512453875051818
0.0535912714163609
0.389298758533094
0.190104654074895
1.27704002717329
-0.232644876003771
0.88552171425189
0.925860721532142
0.814914512462826
0.717782219429183
0.960716603284854
0.393730021309251
-0.185682219591597
-0.159268021624256
0.0101269758022161
1.12100952136552
0.846959228222103
0.777636604831872
0.964613486624367
0.829458121365053
1.09917532669369
1.13096907120897
1.18932284637936
1.26991914487102
1.26100070833909
1.16435607277278
1.19490673689023
1.19688960844118
0.180338144588053
0.379774687809265
0.877463125535187
1.52715118224926
0.737425397059061
1.17386328564191
1.5724082792203
2.24289053258446
2.11368764505011
2.07570932223253
1.32206470911733
0.917514063549634
0.998625753141286
0.621325223526748
-0.911863241280097
-0.942212148348609
-0.74381653105106
-0.332691724832694
0.609146331224747
0.608383599641945
1.15999556200313
1.05425735228629
1.30338304315856
0.634149091067838
-0.861993338127712
-0.402529696494606
-1.07511147745133
-0.258878435730484
1.62578359294824
1.82166952049315
1.66408106904707
1.2511718158587
1.32280182923699
1.29717329025802
1.27269560813921
1.17697025697804
1.69548050232659
0.799779936858252
0.772974917226709
0.615156716220128
-0.123901365130425
0.743744421955049
1.85955737016053
0.151139827850812
2.14613935882935
2.17254602235202
1.23643130376418
0.193166412642094
-0.0448223327392304
0.116826803580488
0.545482999047258
0.632804124521335
1.88779561305566
0.888576398236486
-0.0275379746365894
-0.00599271805277792
1.39822839948736
1.15287751193332
0.834358192184646
1.18778154830753
0.201532821642208
0.318358052271296
0.579605031871311
0.80843517182336
0.240123599463081
1.10132423313338
0.880245381653884
1.120344809301
0.985998821610799
0.260424117925203
1.18699586643756
1.17864165340479
1.54185947390176
2.02412415584193
0.516391921563404
1.15608554531195
2.05232387325083
0.16927458267215
0.0618113068908413
0.321507763136286
-0.163734192755388
0.894950382748121
0.369798427779809
-0.163094133988182
1.52195518926582
2.10576681686502
1.34208042770134
1.57255381395542
0.838966934043237
0.219978504129816
0.230153537227714
1.44705900187119
0.913887052513021
-0.266591767801794
0.176910195413247
0.601989502627005
1.67286744980084
1.68819509639624
1.08258837967745
1.85078746389491
2.23403682495353
0.534888256359649
0.941198648959147
0.519202265643895
1.07702830550447
0.122739119202192
1.59472677835803
2.01258994444082
1.7239889750975
0.988923294265672
0.843592052912024
0.985284175023604
2.5656613768803
0.320537134609306
-0.0132144397251782
0.407625402857759
1.08016737403329
0.453574295458437
2.01614816688085
0.11397221112563
1.52653481785585
0.121979739853586
-0.232712138472909
-0.984424766648275
0.338463774663229
0.190497578659755
0.220954854506835
0.988082026362546
1.64186428509163
-0.552074505651066
2.37428283704816
0.932591713977666
1.39655406546998
0.777558948884874
1.52218672515081
0.81184418626536
0.405457295734422
1.80822478097096
-0.536467229050562
1.12748442239778
0.830424705090733
0.835141776579668
0.691745671107825
-0.154619488020185
1.83255203253986
1.06631156903864
0.421938941789401
0.817804034964978
-0.265424018304972
1.09238563371393
1.02608830400231
0.00468973353049707
0.824298958595527
0.759275630419465
0.570843557971299
1.25689164375875
1.32241644983051
0.244582880779621
2.44754729828536
0.0957240300263291
1.42374017072146
0.552825422374512
1.43876376793781
0.435586477229632
0.298101865855447
0.0993275557463018
1.54819195325357
0.578756382209109
1.23951180629291
-0.0221309303127783
1.87209257930341
1.91563988894779
1.20767362645793
0.889896854397944
0.786775843647505
1.6467534068005
0.668141427187176
1.07896796048632
1.77170332499585
0.115064657448333
0.857930882709
-0.0650625533774365
2.23541842929966
1.0201706106666
0.127820851785968
-0.0895469245674429
0.109563779858313
0.361539886164203
0.825019230921272
-0.317597995102964
2.35024806677424
0.802385361745032
-0.155994850631786
0.941753113994216
8.87537925673864e-05
-0.623953473896184
1.39132588010912
1.51372289453197
0.902864875327584
1.08091370727381
0.885437524152862
0.655941020226376
2.28737337183469
2.29175037750989
2.8599430756633
1.28832633550959
1.19924574161118
1.236682588112
0.603024607191149
1.07811867886461
2.14338821769689
0.711291217526975
1.38088470560386
-0.178777442339692
0.883003347648223
1.92572295118171
0.191116209967498
0.668067208080984
1.35849617954472
0.193882862872118
0.0859793520818289
0.392216028153359
0.326612245603578
1.77495212037403
1.33070967990959
0.589384206546235
0.561252264893169
-0.435014749237734
0.824185785933827
1.42974655172062
0.0491789747273589
0.470642897030534
1.16138160499474
0.700371686620137
1.811679562141
1.18031333909313
1.27235576659323
-0.0141158650762806
0.876378901128282
2.73625637850293
1.33552668355197
1.91699616312925
1.80388875911202
0.854086133615515
0.137157808447809
0.079282317264671
1.50357069907277
2.50113683957693
1.97541312379199
2.06847143624464
2.05914132849626
0.495258201920848
1.14391935333952
-0.155524933090473
1.95250184272055
0.375713682895199
0.248167815298458
0.297707062356222
2.5915591161517
1.60444591464772
1.9366457025815
2.09052724880278
0.740582589005268
-0.0765968278114407
-0.423767266470749
0.702761599002906
0.74088208132862
0.656832418766208
0.0022788875832217
0.198172313366859
-0.00692808108758003
1.2358453905717
0.601855528314866
1.16746332033328
1.03477449051903
0.665260047902326
0.615015584787599
3.25977883392393
3.14894038045661
0.294958548107118
1.37147383142318
0.0524438771302209
1.50678038235677
1.29422692544863
1.99919745527816
0.972617543040361
0.00238703897747464
0.139070318572847
1.59009917333591
0.0841206140805235
0.241747057204724
-0.923677475002688
0.85275086781486
0.796667325957239
0.00219888250565054
0.576027052860932
0.15596669683897
1.41215506725308
1.66200405558807
0.355687384906666
2.67928253627276
0.820404785312615
1.04168327341145
0.890278349554087
0.588427937505203
1.8795389003361
0.293761105971185
1.42079478486194
0.279175554983865
2.13276607457073
1.21686813070174
1.82974056685389
1.46277535509988
1.41699204279758
0.905040141547774
1.09096130594644
1.06342798934339
1.33875339232948
1.00090261656867
2.11776875470758
1.01652655502233
0.374732749798534
1.79394561495677
2.06148711812718
1.95733716121692
2.07040603889557
-0.0422300155968708
2.39340157991438
-0.0618049242416593
0.21723379097666
1.84675098859562
0.204617002410553
0.341924347977185
1.58099717436232
-1.00956456231751
1.08219122322458
0.864999957725227
0.339670423511275
0.591978515940557
2.99636165276798
1.05912210727518
1.12183737516628
1.30931948910569
1.85206487436347
1.3584700940005
1.12102329694595
0.529230690775356
-0.191940950582015
0.616752580802511
0.255928137229191
2.00580282516404
-0.90145770442881
0.182137251828009
1.23058072560672
1.15606697073023
0.545418765987584
0.776063359100751
1.7063943329483
1.98605765252188
0.995711615233292
0.294540592082153
2.00974459110203
2.16097639138784
0.684392384521987
0.744680274051294
2.1353528927146
0.929022188196672
1.46123612073866
0.694189479971291
0.487770861861207
1.0290495625312
1.08980888937939
1.45777231486012
-0.114387422481052
1.06375613346896
0.686101667277505
2.02186609580715
1.55467732160416
1.95480855853403
1.82715885341716
-0.616336105113691
2.30164899631735
2.02759894855178
0.688871530847081
2.26683815366275
0.578006795490711
2.05578142223894
0.00439483938042823
2.27356835264801
1.69953307595585
1.15270923910647
1.43842669177689
0.705707725284284
2.05661767772456
0.727889360514685
0.425749192199329
0.531652881499398
1.84826161405974
1.9358204787768
0.306382314272426
1.57231180324125
1.99461737042159
0.900113183123121
1.18147549808534
-0.645480493367229
1.78963967053196
-0.498490216262474
-0.0449898980377078
2.16981698534177
1.08793700839323
0.809018255543056
1.20412741195363
0.784653139593029
0.0662208872280105
1.73110617955325
0.623069387561835
0.571176125214556
0.260233529029399
2.75927698575669
0.158903196625736
0.692706609698399
0.710223920983876
-0.326069526513436
1.19485183337774
0.563962318993051
0.47432674219996
1.09924395502598
-0.0233135044426516
0.94597421862075
0.0775135095622329
1.44655299127398
1.07070798201229
0.830723208057784
0.88145883684259
-0.0184570892287685
-0.182869554066448
0.586217046040778
0.24199265045616
2.09281471769199
2.76810085153929
1.33996679143113
1.07676419897567
0.738039668183959
1.53645252790173
1.95591015932472
2.26653421420004
1.17079769791538
1.24461050026685
1.14636022473439
0.866263074303007
1.02080038280316
0.747286867755936
0.469239282372747
1.05203444620299
1.01604343844655
0.378351098776165
0.843555404912938
0.0398526763458906
1.26969228053599
1.1656676983082
0.15898964292521
0.0142858027050883
1.4798332212554
1.39464967190761
1.11950385472735
1.41510037049132
1.05856239283271
1.11580812573865
1.97374374598316
0.351264173698469
-0.0408703730814985
0.90519749288814
0.744030595895377
0.956876925057579
-0.00713512378704841
0.889161287425052
0.0568264760819723
1.02998822478769
0.816584620620114
0.900508315659283
0.21778115610777
1.9252261291336
-0.0139718929126174
0.148794926344098
0.635182851471179
0.19946928419893
1.46863878407995
1.79126110562707
1.46281622069799
1.72631330163786
1.54955491965604
2.26354757494844
0.994082156782451
0.834433236488935
0.727584275517847
0.730959054336611
1.28165051146101
0.334320041463318
2.2728100187964
0.68877023416457
1.8046244397301
2.26029237105844
0.437819151148441
0.79605766464356
2.18047060770397
0.964174850835682
0.676710694262401
-0.163491847195674
1.95388157696548
1.16681905549712
0.874316157689218
1.01493450891701
1.79447312608574
1.04801419662405
0.949549862131634
1.22510046124186
0.524188048208815
0.193203563318333
1.28444144105935
0.568531099049499
0.812807833209354
1.34814177716777
0.728850077822571
0.775020373138506
0.85302622753305
0.980118398958361
1.30093393962036
0.242296414985874
0.385940995703446
0.246711047946218
1.01217122409246
2.23980488396836
0.393936705752798
0.864725085337326
0.102995015657762
2.0965764566311
0.00356383581868464
1.87888720283509
0.767655396267182
0.841196818573362
-0.246215877465674
0.130995552276209
1.11695660905526
1.99298372969061
1.54068645360084
1.11146238521258
0.750671621642021
0.335077584110266
0.992971820423337
1.75317288249384
1.40730070606149
0.268916955112863
0.725264261716505
0.974378820063692
1.97733173611987
0.470142875588413
2.22231135251056
1.05190804949245
0.69064977746834
2.06437740932586
2.28383845498509
0.0951770139652518
2.00857320469468
0.398049854683997
-0.752556926751849
0.870255938886085
2.14774245223534
2.10200983819499
0.404390270672102
0.818613250614565
2.5875210596238
1.44931515342559
-0.315810745470637
-0.126890407298632
0.898828173281777
0.800065746705698
0.333024271309195
-0.48123806050894
2.11500423653201
1.71742421752299
1.23137742866096
1.28936024588282
1.4617003470701
-0.200757173044751
-0.262747529056501
1.64936872383799
0.248053783480521
0.115822400974445
0.221064019897132
0.876396848462425
-0.626525027843917
0.571552892376991
1.1653006754468
1.25439445160997
2.53375961718257
0.80482409500817
0.974929531264727
2.11159080791456
-0.562542184048407
1.3666154557673
1.32135337628968
0.875287610282353
0.987954311564291
1.26617099272441
0.220101367213241
-0.237822967906218
0.774554224555268
0.864605288167957
1.99503156125261
1.81815747302468
0.606986479281136
0.402591465367576
-0.261747700318105
0.681882306711206
2.01087519743947
2.29643690715112
0.931685870455864
0.85716639881415
0.978760041037043
0.954154792683962
0.752719695835716
1.23549223850931
1.43650092804091
1.70939101950771
1.30128793821936
0.789527884784868
0.85839575402974
0.945842619264172
1.03041334975004
1.14848792703024
1.21580625931456
1.07571194574576
0.940465064400447
0.874326700549251
0.748729053542965
1.07562995693309
0.43685124252258
1.1148831266473
0.902104908882097
0.757839597508823
0.594650255709858
1.73484621208422
1.2483030487667
0.767693258141893
1.02150178212793
1.63956843627679
0.925887340490621
1.14827409278119
1.03936092164645
0.484086878744938
0.801023696039388
1.00618368244608
1.60768623105075
0.793498041323688
1.41304971142554
0.641379775519009
1.78685885004747
0.922924585403652
0.477412767503626
0.555345916333076
1.1012638300461
0.708564373221992
0.902677372448398
0.905428317152699
1.04386712856686
1.58652648459862
0.992313407045741
1.23320338284721
1.01046926924807
0.979428955585002
0.855605829765354
0.939141585335307
0.804792637533542
1.07344754399331
0.974833194149517
1.69693820658897
1.26031230155277
1.32420216468056
0.838308368709355
1.1147646421264
0.744077432224305
0.977068961649211
0.902992035317424
1.14260448412994
1.00094558181126
0.741093668574886
0.870314559243486
0.833380140807664
0.887562625776852
0.923087241169748
0.702521288818311
0.818002744174871
0.773264419852037
1.04403762194448
0.536430324855932
0.714376953781206
0.924398333256798
0.877407212873737
0.511719760148442
0.74111802020234
1.52590337542227
1.08770845014588
0.968700783909048
0.954050978756547
0.867506105317898
0.869443395523911
1.17923061170304
1.46205320285764
1.35873034946976
0.911905511571471
0.948908272645797
1.77627651255416
1.70279567974153
1.51412087143327
1.01773170029967
1.06355940192612
0.933717400769673
0.739946645689152
0.718425127406392
0.894473578272575
0.909399799618203
0.735598736159423
0.608919747059952
0.714021882169205
0.947908913065013
1.18686757403266
0.978578758644253
0.922177631806326
0.890060440171281
1.71505777346197
0.368247428434374
1.12430452630218
1.0667180182761
1.77207024668762
0.58251111509227
1.45498350975128
1.15288278172428
0.743993828672728
0.719734498847085
0.581779327579903
1.09734436831664
0.705322433566025
0.406196794509101
0.499383019345179
0.983207039384846
1.178147984375
1.08401067953027
0.827733106562078
1.03840974231894
1.84148608723658
1.62340497682617
1.48001159272948
1.44710040555221
1.19884287262754
1.26343713638749
1.1099907722393
1.08607863320068
1.02513667610211
1.31786673189435
0.827517293006246
0.862264634729298
1.02744607670636
0.955338998586338
0.749685988548808
0.919607136957946
0.931486853214548
0.994876213765759
0.50648769526076
0.500251607891872
0.473791713765525
1.58739206945486
1.22466854758138
0.76938352187485
0.958953901732714
0.907126337744451
1.35475216883345
0.991501782630858
0.73408296100042
0.917693501590291
0.701867579007656
0.73171238734695
0.772202307834911
0.537716854902833
0.686206060212435
0.835861241886642
0.816876392682333
0.869999301997432
0.829750230917707
0.827523571693717
0.918079734548239
0.882790467254537
1.67103346848447
0.626327099436165
1.019224630673
1.67024462045699
0.291583552168899
0.581000948042077
0.714378738251297
1.16411076059851
1.15537374543567
0.744738579011952
