0.935694825183908
0.615827774085531
1.00047180824628
1.01141418233834
0.0822804390838634
0.995780388643534
1.32790247247539
1.43136619426805
1.50764743961221
0.122992816309103
0.539114954673796
0.664291918296048
1.03969554728908
1.13798619534678
0.965830030418463
1.63563664346261
1.63476343427555
1.49512928705541
1.21779563918856
1.05686299094991
0.984948723469652
0.443132182301855
0.822821833233957
1.09501338057785
1.46754786508635
0.772391402636853
0.20489321829207
0.92266145760401
0.0593311879538028
0.555977958087005
0.708755906203321
0.668774103703839
0.960651210891538
1.01003792265239
0.845856525023263
1.6139682945449
1.61073428779714
0.500553938401171
0.62847626962705
0.871862408069696
0.643295432943133
1.20465280640328
1.2279181522239
0.0159097332738943
0.996553207943252
0.829184664413797
0.302403670041562
0.326202254647
0.245799786729454
0.890858176959992
0.00326686561738308
1.04135219922052
1.02180438586389
0.912477274868645
0.257295219701667
1.20612115161652
1.1793291891718
1.01672418603173
0.103828466385766
1.03947737123984
1.36670496435195
1.02932767033723
1.07411741768039
1.34013531523054
0.168905510004757
1.1270977321495
0.289886565144091
1.63675025691996
1.55518775750822
0.158238199141908
0.403996704648724
0.511249151889618
1.01301594421024
0.948377825130214
0.173384800179402
0.74439759102052
1.00379749437872
0.662403190369355
0.355382894854243
0.132195984161467
0.713921239362186
0.717914150700546
0.612163427906557
0.936049690414355
0.765617264580735
1.21436542596051
1.22370828085108
1.56197576249946
0.42908113239362
0.749572589288585
0.915929851711309
1.63399281510134
1.17657532742264
0.632907557802265
0.909837902339526
0.824453135601287
0.903853640195726
0.857660697103727
1.00551672635244
0.0160118428024282
1.05306972466141
1.02131876121506
1.00159119175205
1.13970705712665
1.1723872155714
1.02916321234463
0.0243086610022621
0.0840954189541544
0.0333709698953631
1.09399964988062
0.892213202248776
0.97744625124621
0.202489844845661
1.03919664582162
1.43482199817295
1.28858897368433
0.931174611372359
0.958295730948267
0.8560727075882
0.969335272203638
0.884890529903122
1.07134586182984
1.02437936760666
1.07769796307
1.06062307722452
0.958733095610789
1.02061665024497
0.855499976217409
0.896137854674843
0.992946024664921
0.656444939472119
0.580667812667817
0.719129575883171
0.66408716734378
1.03349502242318
0.825382902213878
0.891179626187134
1.28083884180046
1.96038921769525
2.3384488724813
0.944043427586415
1.39863550478398
1.67886803735122
1.57258431543152
1.55103292635071
1.8204704249105
1.01017479054939
1.58636224133564
1.04833256164132
1.14764354230246
1.53390412679562
0.10630567769275
0.0135668696894612
-0.136330221147346
-0.186340722938114
0.618362850090145
0.30425131599193
0.28539210800094
0.0420654377304894
0.363388277143267
0.125763480227975
0.377636044838731
0.321325323830856
0.367724434266421
0.538521822220954
2.79524708844716
2.6969953730478
2.23779508582162
2.37144632776935
2.39472723538395
2.74938477130526
1.94050476761381
2.07018740361262
1.79888578642686
1.70374230772941
1.69657231364386
1.61381125890703
1.51668384053593
1.41776025147301
1.30822632951432
1.24300797228316
1.46475095083758
1.62017558566057
1.17427483051433
1.14556720202036
1.28861534791386
0.798254655319682
0.992962728007002
-0.0613233076641604
-0.333541633938433
-0.682733922283718
-0.618196434501611
-0.517993753560748
-0.677510731015609
-0.558857286501631
-0.569405663569552
-0.366543478343792
0.0870980150869786
0.0982064956169374
-0.551458265670092
0.537738296796513
-0.656031238853683
0.52463083826155
-0.159371247994571
0.474007829969178
0.736360918835226
0.150898442909879
0.2851185460411
0.491569429406683
0.645187570221692
0.969080099762035
1.19679663822865
1.23994883227481
1.00875134381449
0.699065682673552
1.28391377853034
1.25578183403074
1.10936758153882
0.855987720511336
0.805927613099801
1.01233361728146
0.972138130313032
1.64443041486017
1.74393201429417
1.82653358594053
1.91587493693614
1.92451510312207
2.06397728833078
2.23005503269158
2.45920187149322
2.44297717279998
2.08522989098286
1.8645022978962
0.983935021301278
0.872789299415461
0.505916096528403
0.735299949405552
0.735127677601664
0.916405227689745
0.713351929551201
0.796120973312887
0.79932981928109
0.777164569462883
0.996698634723247
1.2089397194239
1.25858349992654
1.03168787887943
0.98157536387308
1.13649788517469
1.15612362589277
-0.236624754019495
-0.15270801619484
-0.292946156747977
1.24932622090975
0.990503246658481
0.898025425973646
0.892274931619442
0.941737067924532
0.794229768449226
0.602081360967832
0.588685413671109
0.351763136524675
-0.117056473629409
-0.11512273011402
-0.422153507632587
-0.323349101475918
1.02939526668865
0.978048753717533
0.854727311640894
1.07653028872423
0.853783952873598
0.677548200293123
0.74557031092842
2.15499512686643
2.36312286216239
2.51284740530656
1.30577867125332
1.17000991698517
1.6655316962403
1.57505998121538
0.87050542566897
1.28458705476676
1.05957135810164
1.2259873461228
1.1313973663347
1.29960197222843
1.85549293015843
1.41437611198411
2.22703962247062
0.983328130859116
0.889913556677833
0.807115333562978
0.786954487442116
1.37328808535091
0.103767356424924
-0.237335143530393
0.609989359356497
-0.63348030382117
1.48825729293751
0.820662196634504
0.840483948893784
0.580154047865552
1.28988288669697
1.65469032391872
1.29755827267599
0.740349925721405
0.943907143735239
-0.221466868301858
1.00882480010071
0.954820734061278
-0.249122678249942
0.327568954511369
1.28688261891767
1.39113514285781
1.02627410820085
0.954374180634166
0.494274430578728
1.51324124358076
0.59132095889201
0.445882644381324
0.958647210608379
1.74945650014182
2.1859035846429
1.79846242072814
1.99884286094127
0.556883072591546
0.185855066280759
0.90179985313378
1.07101687593184
0.231179385084948
1.72426030081988
0.856422024403532
0.824231099617374
1.52770185449752
1.07437160636292
1.96634044438345
0.813828593956572
2.23613577826703
2.56716403995947
0.141576194473868
-0.028756498682658
-0.217650109668934
-0.218183069014071
-0.0278584159527005
-0.436096363522804
2.05807166087372
1.93122843708247
0.466991053847322
1.83610603157391
0.815190364428548
0.88830412645612
0.149069849269227
1.9285264518589
0.647006711412706
1.06909847469312
1.10077799631877
0.862211486765291
1.01274227041848
0.54650700352739
1.05995021258829
0.912509959964035
1.04920763763851
1.27857967857097
1.90398088042823
2.06745600395822
2.78023231373471
-0.20821422176564
0.824392536876855
0.951443197290893
0.493892904895159
1.76570001647711
1.21687039713664
0.417220673834102
0.578550189090269
1.00994771361823
0.768943541108649
0.79528518839596
1.13688110868903
1.42836836333403
1.90958540674183
1.72173876021963
1.17250939337104
1.23883254730894
2.03752355593752
0.549034953386004
0.252499534534814
-0.0174770733121901
0.749393471763468
1.25152008931023
0.95481981816962
0.862672013621994
0.814290241309102
0.203240010387756
0.641626427116027
0.617198476531116
0.311523691090334
0.979281931256156
1.11776595125026
1.0446582984713
2.56847380747387
1.04070857080757
1.06108881232284
1.21003144910178
0.971210361363571
2.27703631337639
1.08955764727448
-0.250152977007137
-0.157976871518986
0.0252242151794878
-0.23499960411379
1.09677447334848
-0.347109667222805
0.891048343206543
0.929359137987385
0.933603641275211
0.800812425245012
0.945877913679698
0.527750955934566
-0.160714739307618
-0.196355438053981
-0.0622946759159874
1.10160199542962
0.749209697467056
0.50660095968528
0.985705464190995
0.690400342535706
1.23738340970454
1.15320231717414
1.40020529315477
1.06653770458851
1.00816879891627
1.07210750895859
1.37195950348003
1.19411285108941
0.11520756222116
0.12294714099369
0.41740720781665
1.46043726101978
0.993525741784809
1.10247855262985
1.72079506961052
2.31872583567544
2.11251211463529
1.94599829979632
1.37534001345622
0.848533671195445
0.901444692954203
0.710088723509555
-0.600267173389817
-0.613249259987537
-0.533787363793487
-0.307696771945583
0.188298336157197
0.120653466954508
1.06330706056542
0.974637556706245
1.01346771845088
0.569034184993299
-0.66666187990134
-0.517031468513488
-0.655908476274273
-0.4582846380988
1.50707689257914
1.54120222677997
1.40695887293608
1.26937384440184
1.29635369679676
1.12072178614532
1.12763940251546
1.09437092915177
1.4928498114246
0.841519281489468
0.875264390839759
0.627953587829773
-0.155743355591932
0.925697319482245
1.70060200350725
0.105692301242049
2.1652828505147
1.96798246422015
1.0529198044447
0.268349865083715
-0.0452053144868309
0.0517968289502475
0.564673350650372
0.805380381134762
1.64874375595799
0.762056247094589
0.0803258395379829
0.036821347640778
1.13502620003196
0.971717330061992
0.81445739948792
1.11591213303467
-0.0139284697443213
0.351402082656541
0.620507690802405
0.983913925762931
0.0769379458171748
1.04925900592799
0.945769949160486
0.932199493486565
0.983030945036941
-0.0674727894124754
1.19496136977656
0.834990844483322
1.46790399194461
1.77253745924312
0.584521410711167
1.09805511724043
2.07569906343592
0.493139699279839
-0.305184275893688
-0.143256764662565
-0.170094103354884
0.931067102777404
0.344127268683795
-0.303582114245728
1.74069293967446
1.55765385220648
1.27371270056408
1.06865476575188
1.01187635938482
0.569454846835695
0.205396375805073
1.37363607622396
0.705883311133124
-0.336726060847183
0.0950411120423618
0.942825225325852
1.77574282057637
1.61260829707378
0.990443082673162
1.41240074018223
1.98876157787497
0.523306884369111
0.978146540151604
0.0321286226217238
0.838775721898969
-0.00464655909768138
1.32009671688626
1.8953136544725
1.4822210595889
1.05684757234189
0.963875112712023
0.817014424566574
2.36198348407222
0.0240072202032518
0.00178671600234913
-0.034290184051486
1.09300087824368
0.282898606294525
2.00852787563276
-0.00831607570060908
1.02947013026659
-0.24303046629754
-0.17049780875041
-0.71433670280943
0.425974861008433
0.0984972212274196
0.105314144413338
0.442480303683325
1.00558852613035
-0.373304892520871
2.26233928172735
0.649587371764818
1.19616492109981
0.819733448379371
1.27094418636029
0.563744855440588
0.327921216367875
1.59102446042674
-0.550785618166192
1.09309438485815
0.962224617860141
0.993188715221623
0.661220757091662
-0.17873914047873
1.66230917960169
0.991146773599089
0.454346215139935
0.357966479903527
-0.361558966849887
1.15475798387918
1.00015820618965
-0.0499790464039886
0.767109498944057
0.874657973300875
0.545228402289183
1.27807195256933
0.968861933861025
0.269740199283545
2.45644814222087
0.0256094721164719
1.47793241382097
0.688724111209078
1.38594175728809
0.576635413530765
0.541714665108989
0.199784609753079
1.39624639619142
0.811556586120076
1.48417727067597
-0.0907843397967291
1.71799034212224
1.81346485462746
1.07954361018702
0.978467527370142
0.721024378196285
1.72713576678377
0.889586053345436
0.740439878317882
1.50924212931195
-0.125819753372156
0.77209448393724
-0.234647388107276
2.4180203210989
0.919059812062369
-0.0474594983848717
-0.204342522685927
-0.170548555615678
0.522057806059849
1.01559535806976
-0.220531443784502
2.41570548661552
0.81044165589959
-0.409746510945628
0.853474312848856
-0.0564184065811625
-0.485232975889083
1.03903208735452
1.47916715846851
1.04309996511386
0.704590811406136
0.467318910037649
0.74507398611511
1.90547250940486
1.87313611150602
2.62155963999243
1.21774122265585
1.23289348340582
1.25210139953208
0.693861855460872
1.12354355549851
1.67080979839119
0.662543329960306
1.10410543325789
-0.136282558421397
0.937091536907645
1.79778589730507
0.13711591554922
0.451913318270633
1.20057174311254
-0.119040962526658
-0.204751474808781
-9.33840212957012e-05
0.223782522091062
1.5814285226299
1.2349511536892
0.657552147161082
0.389072756321536
-0.467857230399628
0.872762388628138
1.68498490508967
0.0690301051067958
0.40317623096728
1.21016805445838
0.879912894160722
1.9683506640867
1.01782092871297
1.08712502980566
0.204383221020669
0.788150069881178
2.42283620895427
1.35695257649191
1.61922572161315
1.50113867264881
0.89056900473491
0.113752886394039
0.0514881491830177
1.54364516967162
2.40110844800334
1.89330354246143
1.87215541578784
2.06543353192365
0.395950641529795
0.92748943691314
0.175955541521647
1.73563848840438
0.739226018352442
0.286282134771916
0.36149749962574
2.53280443979564
1.29031411894867
1.75537609476348
1.93484761459566
0.635537074149236
-0.090316121361322
-0.297073393548659
0.818231558118125
0.843850974751424
0.772393548379287
-0.0508084226971151
0.184565779466906
0.0375369700255627
1.15915409222751
0.737450370611881
1.18973652233955
0.921078648533665
0.575981071430169
0.583553933445134
2.97399180916117
2.967998746644
0.335453610997201
1.27791347588879
0.0909167175106049
1.44902433757602
1.29551884740806
1.93940395749111
0.856762607955715
-0.00733818190335706
0.101182164577548
1.28610055714925
0.117223325251737
0.30220500076646
-0.67086547934839
0.776399370456066
0.820592969358775
-0.0432090302204154
0.602168916918789
0.0368025672464778
1.46143969759767
1.49490371672943
-0.0539793644803874
2.65951252936152
0.901336189167681
1.05109226581239
0.958343637249591
0.771960888682586
1.70328026128844
0.330039470917091
1.45750415200038
0.637066301212229
2.07146181975137
1.18570176651324
1.80533815218221
1.28597775166373
1.30547756711388
0.945834360770575
1.00007231330456
1.03575222415874
1.04030287752597
0.978875108921284
1.59969210931585
1.0458143416732
0.206963538968529
1.49730968445398
1.98361713261561
2.04971951823547
1.83421086460025
-0.182927201652062
2.37093608487074
-0.0620327868219302
0.142351255543984
1.59051050859784
0.318393762210592
0.240364157154405
1.27149895966374
-0.708473522589414
1.048027468228
0.708700715854858
0.334730552584929
0.633150923733863
2.88734094863007
1.01606693031434
1.04017035909619
1.21449541736263
1.60122690991841
1.30987476052958
0.863853956677427
0.277338936266471
-0.270397031286506
0.750918596770572
0.474726703109328
2.21582990231165
-0.508269490635138
-0.0668482873854106
1.13164583190445
1.51806028133871
0.753547046160633
0.90189960263948
1.66748216592433
1.75362871266889
0.994582257015711
0.320928752484336
1.98236490837633
2.25903401511379
0.969022920555825
0.624010126137191
1.9205008761858
0.705920698127315
1.22800305200524
0.558258957651302
0.525253096388369
1.02861792043811
0.981873657142152
1.06297361184431
-0.219764558929771
1.18240034674021
0.954025900310126
1.99617138395729
1.063630811939
1.94467261327495
1.71403058208701
-0.50850522901631
1.82817982479057
1.97948886777726
0.758801375886902
1.73232554309068
0.569336957690848
1.80757194359035
-0.0975307469496043
2.1530995733905
1.72411339084996
0.993785187281686
1.33975925365773
0.792265290267413
1.71814745118668
0.705767580633937
0.498362559464686
0.775903726256843
1.63069802061072
1.99868936876567
-0.0590860245517468
1.49170798689548
1.7324881093797
0.894704434779749
1.32090094573421
-0.373026753599437
1.73299834334796
-0.256284041137191
0.103185401030587
1.9620872590622
1.20680224863891
0.937527941403891
1.02076398868374
0.857868946023635
0.0462704086850109
1.47192940909771
0.625353462957716
0.593531207803285
0.151375230267197
2.7490304030741
0.0157414575886631
0.781617082207568
0.565712244311601
-0.19317580518934
1.15076064939046
0.551144032303488
0.534543295807714
1.06298766530934
-0.362606598646355
0.949306814015576
-0.0328976283167472
1.41678904865
0.992222710033821
0.727908618844744
1.19774173491645
-0.110034997438726
-0.231217903678307
0.549677033865222
0.363581264074157
2.05903449421033
2.74784734713961
1.18268458629453
1.07090352583031
0.739394541359108
1.43501082863509
1.45049796656105
2.30342613197688
1.0489701176899
1.07956470063356
1.06374901084477
0.829517313157277
1.05221866480468
0.62681265496622
0.291302666598287
1.04409776979686
0.897154652775255
-0.0883196412207878
0.358003290352051
0.016572724222317
1.07635366754751
1.0966205738132
0.213674669930569
-0.000350559916911731
1.01283237745189
0.904277362620525
0.802438307025269
1.28964230591543
1.03147083382163
1.03682285211786
1.76666960136729
0.297267168570816
-0.0066026746947095
1.09736467338404
1.07763120036244
1.20260181442691
-0.0820405318111183
0.719872601771143
-0.169800865226519
0.990898115835377
0.858268963635154
0.920978890564404
0.277432155425621
1.98232554629384
-0.329418439677843
0.211487269696479
0.683532422902394
0.191189267368652
1.5948450296972
1.91348593836563
1.09156820876662
1.44016853211623
1.54519655719841
2.26868649315902
1.03816431498914
0.914768090758258
0.845656511661684
0.260709474341538
1.18923201409742
0.412545798250591
1.92896560735512
0.663773910582879
1.64392695305653
1.84556110418734
0.512851602533633
0.839064968754703
2.13691028857246
0.938441331145696
0.607473397137875
-0.189485419611259
1.67387450726425
1.12278752267517
1.02456868632489
0.759198203359885
1.52894101681663
0.9403404248424
0.810587233005821
0.999464218246775
0.542172640340171
0.293366163401
1.25495767786813
0.770994773530995
0.896865102537349
1.43596030503956
0.825363508628417
0.728913450946433
0.813086878632596
0.440477352425704
1.0895565787854
-0.103775129962054
0.0499780367368733
-0.0311280604776131
0.842940643180634
1.76072278491302
0.585585016188779
0.402798148514593
0.183213346618671
2.08975369352054
-0.206322563895665
1.69328899807485
0.704716167533433
0.767649043149838
-0.116537448519794
0.135899378633813
1.054533994536
1.66005088563848
1.5104935604187
0.821541050407548
0.733342839916311
0.388540723878565
0.899769101621176
1.56420167344108
1.03420033564571
0.22408499315042
0.734885428723229
0.994897055826347
2.07272085031048
-0.00903792139627037
2.34586867470902
1.04501564123269
0.872660274238184
1.96216590312591
2.13579150357719
0.0681647780562302
2.09123070148981
0.423043595139687
-0.459817576671747
0.919641066759074
1.79834906398733
1.68891200926489
0.665340944832205
0.891727531498669
2.3993417907492
1.32485015811621
-0.111016880988714
-0.129362647167944
0.958224118216334
0.681799817043714
-0.0424797485697445
-0.521826274061842
2.00914509379379
1.51881874977191
1.0134563903617
1.06930742256916
1.20660767628218
-0.214293878414419
-0.165451234585845
0.992652153731143
0.0316159885715183
-0.0455711495927596
-0.0490182969028166
1.07650345893714
-0.452367050252437
0.635419022417706
1.10842422816199
1.13154066208701
2.49074658190456
0.860572622149755
0.810592316399639
2.2235789998466
-0.630116888809391
1.6369630168704
1.24297064870461
0.846884367468976
0.879624923493555
1.24398870698726
-0.0109527975019356
-0.280158503505397
0.834826059544306
1.02459542511001
1.74461020268131
1.46932438500414
0.696444477120542
0.415029606093569
-0.449632218028766
0.609512409973167
1.515395835601
1.83754712045856
0.810454064520578
0.767237617327963
0.917673001171354
0.931346808811263
0.414909462658824
1.23509139243021
1.44816593184309
1.60813123175514
1.05443993709547
0.819350176511319
0.896297722742101
0.984584839470266
1.03835594581805
1.1456908250376
1.02759816077864
0.875807439644784
1.0027126191492
0.462836096123295
0.580084332339344
0.969506059934301
0.435298655958291
1.16930381814617
1.01681155288729
0.684423736157125
0.188522994744235
1.33743599058322
1.02837379465621
0.783531290759393
1.06547945992976
1.47850005086563
0.852615587400197
0.987012885641343
1.06999896112605
0.281230593478573
0.834270148654176
0.880779575714133
1.49161430222067
0.708963930795134
1.32328242022433
0.607412147992929
1.45565882498573
1.02445553137938
0.564339911498608
0.241719453650998
1.13228262874929
0.275295213685771
0.683875921565896
0.926157294843172
0.712422996967722
1.19356235903382
0.969373945016023
1.11696554074971
0.95764065946195
0.972281339497536
0.834870523622332
1.00507301089713
0.4725004516523
1.13423472132158
1.02196939044607
1.44841835943857
1.216742478124
1.09696882509109
0.886528307633349
1.02836932365098
0.770319233991288
1.04492499729703
0.954284392083802
0.980801936429522
0.983083464313383
0.673560593914404
0.757137153692651
0.744328507019257
0.758405462500335
0.811868578255416
0.73985465356342
0.761778468322469
0.717682196048926
0.919896767716082
0.447820476507435
0.523503423104764
0.991067003607616
0.957045157724883
0.148213678774119
0.36606266923534
1.42955136120809
1.1248395210963
1.03596169803179
1.02606800807227
0.806402965501786
0.780867646673619
1.18434977189735
1.29569160469145
1.30023171969719
0.907676022715046
0.935024867083636
1.61952032370423
1.61041417175765
1.24586364825274
0.909811952352285
0.892913844438147
0.826390557868268
0.45269877082919
0.411023992618783
1.02790670647181
1.01149334289395
0.788576878370367
0.662476089894193
0.757755141227819
0.560927100130615
1.04030306530636
0.933140784527459
0.572476816457452
0.876410823407186
1.27844797982621
0.448565691963265
1.17082141812077
1.10665366084944
1.52769791946422
0.157218180545787
1.31456370252498
1.17179560937612
0.674541412217022
0.275255452867063
0.601752640195335
0.977675721829598
0.649986146926476
0.284064820524117
0.302699192856051
1.02377576854116
0.899070793836794
1.08692365553945
0.738737952928924
0.924442732691983
1.49105266721926
1.33910474955857
1.19247105471043
1.29983546813863
1.10820153076721
1.15336784921625
1.0221934485687
1.06953702956185
1.09188079813419
1.03694416477761
0.870310302459749
0.861285297301261
0.94896856814811
0.80940406230754
0.66854117369376
1.01796904369685
1.02129047277849
1.0355740284523
0.480528216822031
0.136664700295488
0.162241618110595
1.46992383723527
1.10894608350331
0.823845330960161
0.973953012480552
0.856496536573723
1.14463174067735
1.00389246988269
0.38953558116502
0.929388971425879
0.692091297686275
0.628790716911789
0.763833719678477
0.370720577309891
0.435969689754396
0.754811892985265
0.731655689649115
0.790162638797028
0.72142382578875
0.727914944040947
0.793924489034536
0.953920870081438
1.52134167988211
0.696753785224851
0.946650428819984
1.51696451635708
0.291192655334886
0.502335023162785
0.644582479398487
0.965781921243284
1.20208629253414
0.747965348320928
