0.999709501562213
0.765775917701419
1.08221129994696
1.07576134637654
0.119501265875396
1.24092589702488
1.51353199131696
1.62699732611346
1.72172736620774
0.199545047569853
0.335142170798301
0.488020598177237
0.91964829514928
1.11919653758824
1.08378028652627
2.03051383604405
2.10524220012611
2.20967398412437
1.62163235674645
1.22923973139961
1.08849775921214
0.330879529973629
0.744820946245913
1.01415375458192
1.77806770142299
0.852847022576413
0.139210853222368
0.815165595923639
0.286051680145484
0.578069539412024
0.769392598250781
0.835938302282495
0.918208280415946
1.03650417897327
0.934023942939901
1.84975373114212
2.25007153529341
0.790756926688446
0.711023089607129
0.898870864524774
0.499496859328162
1.56294798069155
1.17430305193395
0.146791879508645
0.828446779996348
0.726973407084122
0.163551957388504
0.202816132123822
0.235603815095733
0.838508669029232
0.187961994334476
1.09018669640363
0.9026221769408
1.19112969594568
0.51991788153538
1.13302665787726
1.12585355494323
0.838757846906895
0.176492260962767
1.01731954352934
1.97539356376434
0.980479177875525
1.33512761747753
1.70020974429723
0.288412505289249
1.39112204322513
0.182206511303989
1.92497045895113
1.81098347404022
0.170012515459502
0.286033706901852
0.386626741808369
1.06204116883958
0.933298356114774
0.143539950014625
0.608730235888413
0.822415069248446
0.724328555858479
0.633039585160971
0.376778942492662
0.85206092313754
1.00683906655427
0.727184752204207
1.02819015577829
0.837220110971935
1.16626628866815
1.15448128891646
2.25943535043889
0.245375055497723
0.612278873934799
0.941141058547806
2.19681400102105
1.38216052444486
0.798956879076433
0.950946165761141
0.862931957613174
0.837708779491148
1.12735095829356
0.969858223772654
0.173503957960854
0.953977925633122
1.15270602407218
0.857705109888764
1.07310227964153
1.12270650913236
0.874998581858925
0.0805501994051934
0.183724103972255
0.240498925066392
1.09034847559165
0.792065050978998
0.906924476529808
0.160406105401454
0.957645493361517
2.11850194159809
1.79027176761386
0.893605993138523
1.00709339206913
0.835086952548131
0.98100897822192
1.09100596027573
1.25834442699219
1.31526001337044
1.28382154419678
1.11495192045123
1.13741635275227
0.958609794541851
0.961913752347558
0.816251508302585
0.942723273413385
0.610704620015963
0.64148712762463
0.575667565583766
0.848118700701973
1.05034096086119
0.991313735485091
0.67391139508065
1.42812439601478
1.63160254245596
2.21338424635439
0.880314799269156
1.58044724197658
2.04022128550026
2.03345780690013
1.21743561980108
1.72482146724085
1.06104968098013
1.75322217531352
1.22168258109211
1.18525696495732
1.66308091446526
0.272192963681112
0.0353282592097485
-0.0787186350881814
-0.319300259184768
0.656418273892366
0.0266131953886511
0.158249146363197
0.213571308085687
0.268248805501293
0.0887649732024647
0.321433309946581
0.622640199725077
0.414673352791596
0.339300271464014
2.95127015934189
2.82928748700593
2.16599141377378
2.37630394152884
2.56302545814604
2.93350014008698
1.80488697221756
2.17684192319953
2.01226985986374
1.80377484818086
1.55658774649491
1.64929274160752
1.63727596493751
1.36111675973126
1.05971647482428
1.31867679562893
1.61577540738615
1.826246949356
1.1097828373415
1.21882093422086
1.52016877734145
0.723849083471654
0.976669551396617
-0.111841644525675
-0.637187583545476
-0.988933892731023
-0.704206575443196
-0.883423616866569
-0.893602827803005
-0.788882753122894
-0.747254512033964
-0.584292131406266
-0.0199223905099664
0.439309295789788
-0.565027310822154
0.770985952851201
-0.837298957174802
0.305244410497742
-0.573776863034829
0.530534358328018
0.611468046883229
0.0380678008088491
0.203476861457329
0.854090462280247
0.667490212515476
0.947871926252338
1.15278608107053
1.2052537351722
0.989936781906383
0.752606679938788
1.44060847924168
1.39434179623745
1.23281272066805
0.75626137647727
0.504636309844091
0.57573068288126
1.17346709667319
2.2386415162415
1.64051225306177
2.20125550304891
2.27998653212083
1.92121249372775
2.14391687373281
2.17669620889775
2.40097553159562
2.26970356134174
1.99775369361403
2.22150965177679
0.800496775471198
0.975755705525908
0.374617883743444
0.645073063128572
0.609770083072185
1.03003393139799
0.49376197139072
0.884814745677475
0.498582021967479
0.787876854349619
1.0742140799861
1.30970331933094
1.30360337385168
0.879261938389155
0.569768464082583
1.12786287614187
1.18149948606258
-0.119176380216292
-0.135953628935127
-0.375659871099461
1.42936491544747
1.1002446128042
0.767312263606949
1.09024633284313
1.01070579831827
0.724920641122089
0.891750331736006
0.683253826838497
0.44799370185244
-0.0631557882674207
-0.344059085076651
-0.631993886046876
-0.299615540861578
1.40719192801155
1.70750860784362
1.40458444958
1.49577537250129
1.38767325574163
0.795028042685428
0.332604768843901
1.98339119091568
2.20262988778668
2.47503613979432
1.45353877425166
1.24405063194875
1.82205290239807
1.74245372078815
0.991683042116793
1.40313549898286
1.12153665816143
1.34837744941647
1.12609800839824
1.27220335292688
1.74188804671726
1.25982332858346
2.50536419732064
1.20403886235582
1.08647443557317
0.927558225287216
0.603005812766668
1.57710927385913
0.0367267992786462
-0.209507939599226
0.332727685812789
-0.836687108736901
1.45524623664783
1.08621590852799
1.03070332620627
0.750617698298695
1.57863285085925
2.01064333151543
1.51872228448338
0.755354597886668
1.24782107547309
-0.0677057828810624
0.819219735877161
1.2108326186639
-0.278480156429667
0.273973708999671
1.46968822750223
1.50353838942731
1.06189564692797
0.837559806217096
0.443836699644311
1.7028139667917
0.697549603388635
0.481608598362953
0.929053132298786
2.14461928946549
2.20677334673257
1.93045825433797
2.27180034266992
0.600281903925928
0.0843648178458804
0.852867344979716
1.05356342784866
0.106221203867741
2.42022703015341
0.826494362144076
0.683886961174925
1.49195950166109
1.11226999666521
2.07842235102018
0.715694327974168
2.28542939338602
2.72585449771034
0.281196161561354
-0.0224092753951653
-0.319243667003678
-0.325450569750565
-0.0557401472145385
-0.84298978929114
2.09975294912008
1.83480275409405
0.462873004057643
1.9900295666644
0.594745624515321
1.09928502835224
-0.0819046793358625
1.68611202752194
0.60272261793659
0.921487557249105
1.1289585414556
0.804350156214222
1.09443545537964
0.399808188119625
1.16844852249194
1.03693491313569
0.972383411553719
1.33252238475323
1.77452717096147
2.04786497880199
2.91248995528843
-0.156748469001683
0.797048820952641
1.01272426646383
0.594369692893852
2.32827380615851
0.799632405442232
0.575280651210892
0.551674537312846
0.890875991274604
0.636562575996165
0.598984597226259
1.29956687252688
1.83835488368357
2.12882011246243
1.65773370000423
1.17830164003206
1.34025413714384
1.99985312562075
0.644603723075259
0.0663424627492823
0.340747029687745
0.730660612087317
1.01186766278275
0.96679107719309
0.852835996084689
0.453722061853643
0.149441910752584
0.732997354460163
0.923711163887578
0.746991873778719
0.955742320882877
1.2100794987746
0.865230627809872
2.84513538593838
1.16832039984406
1.0543351150429
1.29548835659897
0.972320640888133
2.29054704117862
1.18344852604054
-0.131711230562431
-0.104049022000338
0.190629709446667
-0.0549831329347678
1.28505469207732
-0.362624011547461
0.909148787070832
0.921046103802186
0.751323699440464
0.75281804503097
0.914173723081503
0.46293639603525
-0.181047472950096
-0.164705123247897
-0.0774749325828216
1.18514380280445
0.882722143551597
0.778686010521484
0.959772179933775
0.886842199590323
1.10317552152252
1.1996375644876
1.19878916927222
1.296314137012
1.31583542997768
1.15268464334503
1.20683754021551
1.23583214642082
0.228231096311667
0.362415089383287
0.823121983889701
1.50719799963298
0.709214323432011
1.21269960868013
1.5698367015987
2.24707932451022
2.17540911915784
2.02488169312922
1.30644275785643
0.905749959633627
0.962767370356335
0.592617591986392
-0.895152595073291
-0.91662444290227
-0.757779134282333
-0.389651626354125
0.518504540107291
0.403003185329985
1.18097492301496
1.02733253237673
1.37935510781161
0.626461563453523
-0.87561090718905
-0.431585429768333
-1.105031420998
-0.420413983799652
1.60956766207254
1.82474744573158
1.66983401158592
1.2547441306982
1.28072125789294
1.3565437700073
1.23007993331401
1.07665532069282
1.69809259537693
0.826428067185002
0.718499094614013
0.609087826619622
-0.217904665240063
0.70206149494599
1.87561853990957
0.147685216540619
2.1078990595636
2.18274869119817
1.25476576323689
0.156735441687139
-0.026116589665422
0.046013464744739
0.65115590403164
0.614550062051613
1.95332623601765
0.821236539198264
-0.0351208925463714
0.0290323794772541
1.48626926614296
1.14474291076331
0.72553974385362
1.20334287732251
0.00937757305101247
0.26242432141926
0.54358703220957
0.823626105269924
0.0762727897234944
1.13282026352268
0.823059923856379
1.01332869226663
0.913851105346273
0.0598971383998963
1.12711850530566
1.16249109354152
1.54145647437544
2.04579681096846
0.574314294289327
1.17940409401135
2.05000842624013
0.130585411233218
-0.136062310712248
0.0736434332761448
-0.216784669374153
0.905032352929315
0.403439354828824
-0.137828006420124
1.48320594860332
2.28420593109649
1.33242675354198
1.61820276500745
0.848965939883619
0.185558212111469
0.243545390731981
1.43542235887084
0.823931427373629
-0.238493914359576
0.18677887717733
0.626311994422749
1.65984843916893
1.72225459971444
1.11798866101145
1.95007593073653
2.27155953688468
0.611653839140656
0.937145741270152
0.28048876769964
1.06526375986041
0.161478811498689
1.72856356872585
2.05677960547408
1.84489773476879
1.02909083820042
0.820493976242617
0.929287061144444
2.61494663467285
0.103955858315018
-0.0410566613196675
0.165104087774302
1.08055357623702
0.452202831540432
1.99538465790625
0.142428979633683
1.55283300431847
-0.100551683715299
-0.233665523567021
-1.0109860365425
0.348790097617777
0.216025330169064
0.0963263009670391
1.04101780324727
1.71363677935046
-0.568759140922558
2.39676629032208
0.974375971806637
1.45250157524887
0.661569281462238
1.56013408841523
0.812634440459383
0.364256840253547
1.85092581439806
-0.672178347160514
1.19470619176844
0.773969591534077
0.804609659393871
0.681669514967121
-0.119992121938535
1.86082965255538
1.04638886837101
0.381234546667101
0.659116467841256
-0.230302641258075
1.05286801695698
1.05340185519158
0.014113749020928
0.83798108716414
0.727723740359544
0.581636960747028
1.22056669768161
1.35673013213229
0.151150632333121
2.47499347022929
0.123187302478553
1.43299797534689
0.471080408732964
1.47051110830447
0.462245076078808
0.309709105999328
0.139978993091913
1.57927492516672
0.582861827056245
1.19000630517892
-0.0404137658117383
1.86763026148936
1.8526647719308
1.25743279289448
0.868280831437104
0.724982291512804
1.67674963022684
0.632881178701779
1.08587477837639
1.80052424182126
-0.025344344308637
0.859191811297661
-0.0983104023502845
2.17005486913877
1.05551448784925
-0.0374277595312256
-0.187692307781332
0.127705144874334
0.400944900694062
0.815256619459284
-0.342073448764218
2.31834483311371
0.794323912452681
-0.282820889892268
0.938593491283471
-0.0836237009939271
-0.657553939899963
1.41213178438981
1.56784269347856
0.936394760155987
1.02822056170575
0.786684896602699
0.688555317000867
2.30959687379727
2.3509030147444
2.94563787461017
1.22411546846759
1.17243620110097
1.22294569345394
0.521730895577858
1.04627388963207
2.35332538891612
0.689087512208806
1.44378316794594
-0.238164793326379
0.890630300586106
1.92727516604131
0.0988481622210422
0.674165365593249
1.41388383664564
0.0451698692794163
-0.0557601305670695
0.164954644059157
0.326580121113562
1.85878559034135
1.30957573191043
0.541920371867334
0.561111506979024
-0.401274857243021
0.837108685740741
1.38622723546841
0.053326695661851
0.466880391327564
1.16777430097748
0.721361185796372
1.79653301863323
1.15989002857358
1.32971888333091
-0.0539599727885798
0.900725235514383
2.78240949916804
1.27484122148015
1.97054957958997
1.85607498044164
0.834059248655944
0.16453700674544
0.0698108270498751
1.46708261740016
2.53451809744583
1.90150110055951
2.03916312488046
2.03494228751206
0.481353177681184
1.0990597983915
-0.190688742366289
2.00951489594898
0.375116981395873
0.297350662218682
0.335252800537897
2.58467543889916
1.67080173958928
1.93912797964417
2.09186241136365
0.829141042174993
-0.107065601933597
-0.412691645812344
0.654678015942352
0.749990369667364
0.682580927861922
0.0138528132984534
0.235851490909545
0.0139391888649347
1.13567244772269
0.5108351307005
1.12961412091563
1.05225688842102
0.734312531227793
0.728262706549266
3.34064278189995
3.14910747803299
0.21935743499167
1.38312022322053
0.045208108899019
1.50109957001056
1.2770919239485
1.96795909902062
0.831911452786707
0.00212942047631859
0.121314211028797
1.63243853299509
0.0365812190235177
0.208295056634081
-0.967890361667765
0.83557020832918
0.815087503732786
-0.0511330679052186
0.567086504939451
0.0198280895255218
1.41418977169182
1.72228737309497
0.131815067775731
2.64694812190623
0.812118632912611
1.08387004788619
0.894773922162418
0.58022299263847
1.91274446426412
0.285027119954079
1.37985857286557
0.205632611525932
2.15017830355247
1.22900565653283
1.83448683952368
1.45285183169464
1.42584118191299
0.904620330594831
1.03782978952232
1.05822038614457
1.33675417600899
0.987589337899763
2.32964695995969
1.03609161135423
0.4227374194583
1.79071158680217
2.03117085870242
1.92355513918642
2.14051615468719
-0.119592703651438
2.37384726488617
-0.0672820239374831
0.214517609999827
1.87653676927092
0.235102335401148
0.352843330333797
1.68528712287273
-1.00224611015967
0.98180224631233
0.860577735518098
0.322081201229787
0.591209987844296
2.98808764518706
0.976935156792146
1.04475863561302
1.32756697725132
1.86100190160887
1.34348131348832
0.998790204180389
0.557807193701839
-0.167399618688621
0.603643770454712
0.233910062078634
1.9896727622023
-0.923372405362187
-0.0193623319798907
1.29812865929129
1.11377846640876
0.487294150392757
0.761951156063189
1.71279401348186
2.03667066368219
0.984089642037676
0.195996632470516
1.99207116719002
2.16774686514586
0.651847472803144
0.686660962667582
2.12769557447089
0.94842630152933
1.51118265815363
0.727990471752527
0.449667232410581
1.03435319753718
1.08386746953857
1.43881390741534
-0.151473707815907
1.08550569509937
0.674465587573964
1.99510010618827
1.56566166632519
1.98107078441658
1.83480062186975
-0.620701372223892
2.37879236703284
2.01979863317586
0.607638829290947
2.38515852838561
0.553512885843647
2.08976209988114
-0.122468532117519
2.29076293575741
1.70438416581348
1.10570870973174
1.43916356120919
0.679858812861819
2.22670210625723
0.727232906596158
0.390722822360794
0.537558690327493
1.86182115188305
1.93990725107776
0.132394328035759
1.56557442859233
1.96727443419668
0.894118453252292
1.16939750243231
-0.683573734441601
1.8085412470431
-0.523434727400836
-0.0281510645082134
2.17329292388555
1.13523912149104
0.803489474155384
1.1654228883699
0.704369919593386
9.27123280626151e-05
1.78019423503295
0.658840863281656
0.651966930767784
0.13852243096298
2.78449238180844
0.17946437499918
0.707788699750954
0.737969561758765
-0.282997444382211
1.17937135179128
0.668267557598561
0.573077217458346
1.13480296416031
-0.225194818129692
0.9343596297015
0.0703505898287738
1.44019783570718
1.09829805178257
0.777949144821193
0.863421724057597
-0.0441283887753207
-0.167773313480708
0.640415208476021
0.194245184344817
2.11467348301749
2.74510681906231
1.34195342001024
1.08233906387918
0.69001577052699
1.51359877855256
2.10448062828069
2.2840469214422
1.19063458177932
1.20442505280874
1.14032736081978
0.860125619224833
1.01717510842069
0.832742416127657
0.504355271211809
1.07262152282229
0.936088903679951
0.139553330858221
0.705448082917558
0.0511900640715881
1.23694837416719
1.2017512942561
0.179499613547952
0.0153536359262369
1.49916715925904
1.37242637339822
0.998235064448033
1.38136490925365
1.08661908898727
1.13409992520342
2.01374765190017
0.344929137678663
-0.046291886254365
0.902814865934807
0.713529361383442
0.933771201393751
0.00633954348220896
0.954679789112167
-0.0237294131410704
0.981990190403433
0.816116963177573
0.867863104110987
0.227743885131739
1.88008057381871
-0.228647258797338
0.0887694994803316
0.663636998261909
0.117732258047981
1.45078243447997
1.82680900543205
1.5142025626405
1.84483390310106
1.54387456186335
2.32856735710278
1.00165207803554
0.842135201973747
0.691374978221202
0.533330384102574
1.28447201442079
0.208829244084947
2.31602908491299
0.528293636011222
1.84779145890716
2.3712713733139
0.504087374118464
0.810875267743852
2.2098572500123
0.965553524441529
0.78139946602934
-0.199267189766539
1.97985870353924
1.18866151723185
0.913763217388138
0.992843046483
1.78362848395463
0.94555719182181
0.928225644608753
1.17078800926774
0.547701503594322
0.204303004095044
1.28775506712281
0.551134029767304
0.776491926109005
1.34698166016816
0.732718168345457
0.777053987549155
0.8530394244044
0.973430109019509
1.33319994598146
0.0489197554437745
0.161833125126261
0.0561597234399309
0.93721301295253
2.38874067868799
0.387542075348455
0.742169860784845
0.037007205891671
2.09130255054545
-0.00553381312452242
1.91837782585885
0.715159833357186
0.683648794652516
-0.282377573961554
0.16665434280116
1.16857834608309
2.02952886642231
1.56400547927728
1.1007131976436
0.748149890281542
0.29799274952801
0.964512274735393
1.77336146760465
1.36045477439337
0.276460288571173
0.730693344758546
0.988548549045405
1.97048232940431
0.231055601856882
2.15594968654592
1.07213824223159
0.655146062916677
2.06814227064312
2.32493537679748
0.0508783875507219
2.02986105705734
0.361764203546528
-0.793890865969001
0.835444655405531
2.25454773385877
2.30807656296734
0.38719725932809
0.815523012228223
2.61031442539006
1.47626788967289
-0.3067887726168
-0.108873327308098
0.909167494680503
0.857558931616965
0.104035868462748
-0.454757518125356
2.09210385283603
1.73448339586478
1.26270483105088
1.34831055738134
1.58474431918332
-0.187127163656905
-0.296059060635423
1.70175337195239
0.0519758641440521
-0.0457769334182958
0.00367628405835677
0.86505143097686
-0.619482187807401
0.503735569962615
1.05810388743492
1.17439113245884
2.54656529390504
0.759538946739514
0.904738845115873
2.08925370335081
-0.654195448508543
1.31813036538698
1.3169596585809
0.76073368093107
0.927589022761792
1.23402882653759
0.185320515761957
-0.219299917561303
0.732161817330257
0.86940005832439
2.05184525344855
1.90612744695214
0.626627263118442
0.30744059554306
-0.442710024353762
0.568580750297341
2.1473925322469
2.33596418004183
0.941560417405688
0.881527112901268
0.976071018341647
0.953214999833717
0.550679173724847
1.35695636179699
1.56679517153674
1.74409862417121
1.24065812571925
0.767363479188933
0.764490849826911
0.935664413562822
1.1783217041873
1.45084062100547
1.3500641994373
1.05967606445633
0.87101508548379
0.70022585177459
0.596604732395641
1.03250955751447
0.428422661598468
1.06850686239766
0.871434051460757
0.806072419283439
0.328031266160454
1.95851313025931
1.25818730643047
0.608253771060612
1.00872334633642
1.90824190689855
0.931830257222708
1.17878949939041
0.928000539551459
0.255701015070475
0.803033018937619
0.959710766835148
1.62453705255198
0.840424276464803
1.60989078003679
0.495835937351086
1.81897851654315
0.850521604502597
0.414575002779202
0.295871625609374
1.02044310764924
0.467778150318047
0.850516469741347
0.791193769953364
0.966745315693807
1.68364476491668
0.928267150169124
1.3435475641194
1.00560152897815
1.01087104507416
0.888666065028358
0.908104936495028
0.63953216175488
1.05491558438461
0.959242235967102
1.99925668431896
1.5741725198005
1.48974451690875
0.739378841901658
1.17399971379196
0.769972590943128
0.910037425075675
0.815442953554439
1.15233317693772
1.00960956114914
0.822890859445179
0.864672513122603
0.865228095355075
0.848534888245488
0.903350927072784
0.652473765361136
0.763660433710144
0.693100762631071
1.02732100585834
0.350017094511745
0.516173279046243
0.871226115454345
0.796344190321304
0.243347297410387
0.496558361037049
1.74830309589485
1.33779492122309
0.873328443795809
0.867651916057526
0.878427123011908
0.890340988490689
1.42785445110384
1.48109211801905
1.44290686340818
0.926938672616468
0.95060088457023
1.73688411398361
1.76922951151517
1.46461143354103
1.02815219864512
1.08373920009562
0.949008387693592
0.529830675383448
0.47898391406683
0.870879370621172
0.846313740902138
0.670608678366439
0.478670134177797
0.601788183285613
0.825607396947086
1.22584343495978
0.892251849981133
0.769080821787945
0.748006751130337
1.83524777212657
0.314123354652658
1.08993139406569
1.06294494328269
2.04091154122479
0.331338127125465
1.62239052235935
1.08338514190424
0.770640639105996
0.505717953487559
0.471452154095794
1.12300626234835
0.785478540248518
0.211450064625608
0.290352172977487
0.968019048763891
1.15540675509381
0.971148293270393
0.849962490867699
0.99952996015836
2.13128546458915
1.9012165391691
1.68640801635015
1.75631104953255
1.45248363891055
1.52944180692498
1.15050450931461
1.23870748005378
0.970720164018827
1.38743950570543
0.708906535467609
0.856058264418902
1.0088368370618
0.893492195952713
0.826036868792599
0.842770169599712
0.915436752697952
0.890975048228488
0.364169197039388
0.240700615476446
0.224395824023951
1.7466580909646
1.20870718482199
0.766492134891075
0.88256018260023
0.909551749798806
1.36095796703566
0.967914265845411
0.528418843466128
0.940120499896569
0.597577995034704
0.570818977019683
0.712000594156931
0.316869330086224
0.448489777390325
0.859445040903669
0.854434947801386
0.886235999439664
0.826899469329672
0.845332957262266
0.885595135573223
0.802959068787302
1.87908989572479
0.608478925146422
1.00700839247705
1.679898086835
0.300020041365535
0.550377293484809
0.715860056599124
1.16719091992225
1.1158101597851
0.577132187850279
