1.11282346456818
0.972237805219244
1.11435231525545
1.11481709346413
0.14450567190139
1.06051417255749
1.16922017335024
1.24651997126732
1.31764526150709
0.29101407888326
0.143875708310773
0.379575264679492
1.08369721937949
1.27813973456187
1.37530374359129
2.01348513335052
2.05449442437069
2.12281360750872
1.7395798439662
1.35983663304282
1.19598322775925
0.29036163629813
0.836464776109184
1.08475366206253
1.88520621979065
1.0797903180901
0.283683315910983
0.989115018120102
0.384246402666304
0.543802211606241
0.896044412887752
1.11704730742694
1.01068656516288
1.08841922899611
1.05544006782533
1.90803864412647
2.14334258935096
0.768575226635906
0.83459366510266
1.0615965071187
0.537344327700998
1.81037309414199
1.2989916387638
0.152063703437236
0.946232931958466
0.721526652724809
-0.0188238611973745
0.241731083377792
0.195589911852942
1.04555736368699
0.239201179570084
0.844904536862013
0.977966203677246
0.916654553757531
0.581602348642497
1.2134204581151
1.23925712158497
0.98766515760699
0.11642574862537
1.20242410813324
1.99752192970046
1.13040772884573
1.62890069509096
1.87544984833731
0.360222956741615
1.54034876567393
0.26872774645305
1.95595675101133
1.88544429830398
0.156069436588387
0.244810127355931
0.381535290258994
1.11671117597681
0.993520610755074
0.254270207089301
0.661802411670114
0.958333398461091
0.8409816134743
0.674316271256212
0.475944396527635
1.12480364182387
0.851055836093269
0.881769885176986
1.10092732728721
0.974415423761524
1.29942286414549
1.25193866274973
2.14957661877343
0.046961341317208
0.557208757455055
1.20132008094996
2.11262071836836
1.1114564738741
1.04568350493008
1.08439772877033
1.05418640075921
0.885660743938901
0.986284465052673
1.10129008551079
0.188338850858535
1.01874058213323
1.26707188748199
0.955199728990182
1.16323728486496
1.23334300462841
1.03515003517236
0.12151347711434
0.126110821388933
0.305406594704039
1.2807384484228
0.973804637724715
1.07898429482994
0.0975441985341569
1.12018393002971
2.08123519480616
1.87125848784613
1.05930941808447
1.11987011103942
0.976233017978037
1.31702287492805
1.30197823631268
1.24235257786369
1.36810508193746
1.39458829695558
1.24108971322657
1.2677887518351
1.17878195186813
1.25813804393517
1.02103413278602
1.15943249570029
0.607956747549841
0.649767809205176
0.198537251037191
0.999682259632076
0.904117188988839
1.00983809154262
0.293063834546034
1.06809841133129
0.914536044356116
1.45241113251227
1.26436886993493
1.62891583002029
1.68628075965879
1.60876512319966
0.451332348987866
1.24842716175071
1.35919741512654
1.62089093041397
1.50554665071617
1.27322855759896
1.45522334777521
0.12168825704093
-0.254649093989009
-0.483116858022876
-0.745802901698651
0.890195117941811
0.196169669581532
0.336403018725825
0.249683427960447
-0.221660864561543
-0.294015819312873
-0.116892355254827
0.861434218825813
0.613316987526785
-0.210124660008793
2.46081411656009
2.62781664122988
2.25070810404562
2.53323566194376
2.74368323871605
2.77026084698606
1.46285755283797
2.5662386921558
2.41519836020603
1.71013788305001
1.38433260329471
1.2200678035343
1.94632716547081
1.21939588263155
0.617406827293408
1.15120455214432
1.15522023573888
1.33219195731514
0.840014176515927
0.926177569613885
0.753395409872269
0.74498378829937
0.711242274273751
-0.0222897692558394
-0.554356723542201
-1.00876232561861
-0.921482848745021
-0.881428607245172
-0.772518200207488
-0.708333174037219
-0.66136838511502
-0.63712683512885
0.00329016654458623
0.274542025162717
-0.550311299958427
0.43405622087595
-0.570849426751246
-0.0538549205250903
-0.71893577265824
0.434524570155527
0.732606767021978
-0.0521433750913686
-0.349547973976048
0.213395697061529
-0.0916196115036023
0.201050305510209
0.195224538127978
0.48702188599999
0.184613050442007
0.485727642262502
1.34414231239177
0.888865633414905
0.784524318796577
0.335100510744377
-0.0969818027720806
-0.116503413886466
1.48208523683643
2.2632963524076
1.45501581754374
2.10379623009239
2.22231647745288
1.71603372294141
2.13079308186936
2.0465270146003
1.78003506285695
1.9515279468395
1.94375134201518
2.30209999312252
0.606389633256577
0.694428876306631
0.180502306814703
-0.0349606747662101
0.0595245120381508
1.27325143684157
0.39311552398896
0.479242435875781
-0.136277248826269
0.452347271712
0.697933331790963
1.09323154840648
0.83399337394143
0.318704007701822
-0.240855572418747
0.736040722118562
0.760152152136699
-0.481779158916358
-0.615240347926521
-0.802419709120135
0.896711183148063
0.532264871714715
0.950262096262778
0.99700015820109
0.862811274561459
0.264366136961875
0.813331167157251
0.364905118874027
0.130851590442654
-0.31609108628491
-0.310869692164731
-0.872616639091107
-0.71702925424049
1.44335685762939
1.43138019490678
0.978015852926962
1.55588236105988
1.19334330177049
0.491494345919502
0.477234236304058
1.28835238729733
1.46255296107016
1.72878283566628
1.2403850686822
0.801314050549666
1.27561934990488
1.16706631185883
1.19914111009686
1.21770467183844
1.11593730695385
1.27437565135825
1.13223351800609
1.1811255648108
1.2067962586049
1.11096811510918
2.01324849393789
1.54006816680787
1.44759805102087
1.30317701588619
0.827482795965546
1.46004221403484
-0.311301618931288
-0.596262857980336
0.533856539341915
-1.04755100301213
0.753087884080191
0.350996182233452
0.12096897092975
0.96220251231181
0.720896336997733
1.15086123774393
0.677987260342408
1.05187475756835
1.23595048816432
-0.557892884950732
-0.142144350512545
1.30495532293977
-0.382994968578731
0.261623085256132
1.65655788293912
0.671097745741799
1.15080883834255
0.95908664662581
0.155505842359013
1.35881828941477
0.83743205169641
0.619186638623482
1.16369719025859
2.16772968742178
2.56486234295834
2.03523014122201
1.74813918883884
0.0175133463956337
0.100248184676223
1.02705723464503
1.08498942951474
-0.491625220871638
2.34292721351939
0.00200469953095102
0.510169848252531
1.09824633345612
1.12023627928734
2.30000219754353
-0.0797308532789403
1.87564210246773
2.00688439526434
0.17129380845657
-0.281281614111368
-0.13835928184057
-0.777489502933218
-0.384766838892698
-0.967666827891124
2.47118444021856
1.96196152864441
-0.0197699544637777
1.50532067818994
0.220308786089472
0.975410094353907
-0.370044364152723
1.06485245712349
0.746549827500576
1.20642269075197
1.05723905942117
0.875046830379832
0.872304355686651
0.267023841418883
1.17491661976008
1.150684481908
1.05515711667448
1.02400145006769
1.34756443263994
2.26161734431771
2.36211043123516
-0.707117468582154
0.15576984837623
1.3451328431696
0.540008447026176
2.28433255441246
0.605856855208722
0.753439179332739
0.751721999565039
0.990771148461006
0.779472185334262
0.703930992245257
1.55832618699373
2.1891937548428
1.58138978879577
1.16091451204861
0.333819293280703
0.642525647951566
1.39341845460507
0.371062904296084
-0.203016580086025
0.345528872279884
0.649391409928859
0.428063841023913
1.08591332019939
1.01369692411968
0.344256992326581
0.226661820832707
0.777494959676784
0.513224645192728
0.596723986419121
1.22268028674097
0.478032858152122
-0.193459283264942
2.65400557203208
1.28445771658183
1.24295803914208
1.4076214341266
0.531726206387608
1.58515343008166
1.23852137014178
-0.49473926389407
-0.303981641621238
-0.153731989819754
-0.0504878401349354
1.36426122245093
-0.407372618190545
0.920511880019681
0.712095053197052
0.638875748064604
0.802175111509856
0.922429713685986
0.5259689835245
-0.551979663786945
-0.427828376794186
-0.184898695167427
1.22227981340278
1.17638446222681
0.09735123712798
1.11448525861706
1.19132030011021
1.0472194532271
1.33741367706215
1.10833741197101
1.53228534756058
1.50995943720223
1.39046887213637
1.03230011863884
1.45080877738749
-0.0628279006374128
0.124565998160583
0.696901930557534
0.922579915189241
-0.239105361698356
0.320871435961581
1.27367553981128
2.15238773840656
2.32602087376522
2.11056014974188
0.944532468854588
1.24367566387951
1.26767320769367
0.940108773531393
-0.851064028063654
-0.829342262129147
-0.72387410586769
-0.485042571620558
0.304966097563866
0.383642148893457
1.27777928030685
0.335747401287158
0.905623946262987
0.187514319199646
-1.13680315818
-0.786764227833524
-1.24722271049325
-0.579703667712439
1.2662535728397
1.51909434029388
1.662063866844
1.32808713843558
1.11310566259773
1.45044610351365
1.24916131839894
1.11494746365959
1.18699583478391
0.0986452091308906
-0.10070080661012
-0.0500860393390142
-0.623748827885764
0.863672653815298
1.98539873445271
-0.324227549678303
1.49478712440976
1.27943077861868
1.41221910122429
0.20872896965138
-0.309544222500314
0.116287371112598
0.775583178305092
0.727346922795153
2.18617650065376
0.990451677136781
-0.324376548767272
-0.0583928762292112
1.8402684841878
1.46220905488043
0.850373217551873
1.35067955282262
-0.0959472801462701
0.234741804827863
0.67170240037933
1.06376156925986
-0.0419954545126051
1.1947631358265
0.916108173482441
1.03301199477384
0.952128525104587
-0.113694526120459
1.07807391098976
0.732010062828865
0.942505282523273
1.0985170605772
0.664102345456265
0.30088182574116
1.42188218052047
-0.254425273118737
-0.275168192806104
0.124366134391048
-0.595798181293838
0.859342181837843
-0.0446630143485881
-0.628749827529099
0.832527311976248
2.26235837822501
1.48650486486398
1.65419740511736
1.03400278963717
0.331027475817214
0.360673251119896
0.525327611209865
0.654258427486548
-0.223405426090633
-0.266961141440997
0.704806121106857
1.13746888676511
0.922414139051042
0.75645912748354
2.06653311939252
2.34619192433641
0.719256377744012
1.05118865037789
0.345523186369269
0.865943231146083
-0.193705731518972
2.00446419170198
2.39655898500267
2.03475716537707
1.19714492475759
0.657796662271997
1.14515608700417
2.31235658516543
-0.0508850245309458
-0.167278988979033
0.130417884292049
0.23170644386244
0.570155496315191
1.99053948060421
-0.277366403096228
1.37871788917638
-0.0907221865918696
-0.594821459047071
-0.841802052542938
0.624265279219213
-0.0920935573798918
0.0349525128040636
0.83366873249884
1.5911444729929
-0.641933501169782
1.70593445550012
0.229682642460538
1.62550862282077
0.789366974240057
1.64268115157239
0.00989259886161842
-0.0323517974538246
1.09948769340406
-0.710923437864154
1.30334410340661
0.911732454808609
0.956893142401885
0.805762029101544
-0.56569829447557
1.40012029629782
1.11431325098372
0.369016483124173
0.609314983707563
-0.234648117468291
0.535173867349881
0.725793172459472
0.00538487636150125
0.998466591619691
0.844812093325428
0.58680554947779
1.05560139285695
1.57450607670885
0.216236137410546
1.80419778109312
-0.274216004893272
0.514298452567166
0.582823962173666
1.03884286886118
0.565502055687238
0.409744700878194
-0.207104456150384
1.14478805652254
-0.246064333469972
0.845283437206543
-0.145788116596169
1.96180702682802
1.96731921750126
1.39668138261718
0.92585435525622
0.940270225764514
1.12527685620417
0.833235539649665
0.723222229358729
1.07767732771614
-0.337547090535361
1.09507686703098
-0.592149280460485
1.55158610560982
0.796857063915673
-0.282169536161384
-0.500701272301118
0.025160671629116
0.429450502522311
0.912800003648978
-0.81106113245462
1.80087942910121
0.982867665300874
-0.546420784622387
0.224224572866971
-0.383129514443666
-0.724821236725389
1.42440972690503
1.64566398518222
1.11350750700017
0.773308069931935
0.731139817564798
0.73875732925755
1.85933317833167
2.34834148457505
2.35937288436093
1.34885233350628
1.23924738166167
1.3374955817106
0.6078034022243
0.910477087470484
2.26142582741224
0.206881994390991
1.86812325593481
-0.734351082732466
0.982703768769138
2.09318652528685
0.231761190744596
0.548814252820383
1.33812615414727
-0.357860012134992
-0.329021890815421
0.0204185702318545
0.268585699645632
1.98067007069673
0.717161561321208
0.76217739940241
0.549211525558378
-0.674371666914443
1.04322219597294
1.12570073747932
-0.156439037522314
0.301528431088349
0.754161864826663
0.608686614400828
1.46240780692703
0.979893321395605
1.4680169761655
-0.331711783102477
0.698668543263101
2.29406742629865
0.216121609621414
2.32260270103906
2.27925175939168
0.857247961729131
0.0846759422896084
0.0616108142534819
0.762403001333571
1.88585762897268
2.00511600387794
2.15163985920997
2.18791481254061
0.0600491695340843
1.22133326169881
-0.327705070900379
2.0739325871552
0.51059844480625
0.470475846286037
-0.150347259806275
1.80718904907455
1.83353069893507
2.32238002138691
1.59914368830385
1.1078062432299
-0.324385021618642
-0.511486378302849
0.525585797500004
0.833617195722324
0.713227313758164
-0.113540634773872
-0.127892405961667
-0.0820857762622304
1.22349908617694
0.539790373895975
1.26862278922692
1.19728060783903
0.910104362659513
0.917786112573412
2.98667060534188
2.56482023103005
0.210937926336125
0.436647903255738
-0.497963322766765
0.708253022739588
0.907155658658137
1.44809827050655
0.826354784128951
-0.443558576324719
-0.291762660349229
2.00598044501923
0.127574599907817
0.259706239382174
-0.951212327021774
1.19921940585139
0.183548722646596
-0.085613938282386
0.13426701121958
-0.226922185068471
1.10874652259714
1.43193745865681
-0.0708984143149667
1.89757702850346
-0.0164479585620596
1.2808384932329
0.618987514600711
0.384793278999921
1.98767729313343
0.239393501223189
0.493607341615299
0.392998452379725
2.18585265356465
0.742172746312357
2.02438686287815
1.57130495292158
1.54442942874765
0.374519978744544
1.14396833388271
1.19941761360191
1.40638066877631
0.949575183144158
2.25011820948131
1.35273925266983
0.414632485977603
0.929808599963203
1.30816680909411
1.27923824424731
1.60228589550705
-0.516843147896497
1.58063962206565
-0.591452320593777
0.100760469448155
1.39501263526374
0.420785763316912
0.354281097588301
2.04389824957381
-0.831005424977714
1.02215987612478
0.0644446711764151
-0.137650849455752
-0.0678020591664792
2.53174979463312
0.989652835556349
1.05398874544994
0.887821317828685
1.46601479729787
0.727449191811448
0.936645614710043
0.280746472165926
-0.146296649999093
-0.196883079231763
0.0642491853381758
1.23987493887832
-0.894337898397189
-0.110287776535298
1.44819050955386
0.696065469627887
0.377788794666859
0.725365900791815
1.34550278889897
1.22983238905148
1.33513783116363
0.219200948025046
1.54826902880416
1.55608179283136
-0.275307454100049
0.489811590604518
2.08254438870279
0.242960163039505
0.853368101729442
0.927119412421944
-0.0351301904929935
0.139268622191311
1.29400474405769
1.53414563388091
-0.625073813422393
0.00125455958333698
-0.115172995844956
2.09363096712043
1.51938833434763
1.43707179147206
1.43241855042783
-0.582620024915327
2.30357271829624
2.39287326743478
0.587840369762162
2.33264044015055
0.791472063358754
2.17267451241136
-0.453835214808092
2.27531241051332
1.11957669565499
1.15470002937
1.43993775149337
0.79465462955263
2.19165435985149
0.952328318970966
0.506488874436315
0.639013367380718
1.66436888499528
1.32516205512651
0.0423405449125469
1.02506431128762
1.62690312707467
1.05115142911718
0.661507584435551
-0.675124117454174
1.15458476742203
-0.62589967638684
-0.357598063589896
2.23680884351001
1.21188166738923
0.508559573631563
1.20491605627645
0.851494973189793
-0.342009301405051
1.30307186122271
0.764900838464635
0.76390946519917
0.149372496488882
2.2688652440536
0.081625408590027
0.462468929846576
0.129998333349382
-0.762730458398304
1.2960954711199
0.818462099029665
0.664653472249382
1.28548042252446
-0.320182709792988
1.06521658156278
-0.20619169974705
1.14387175329442
1.41116347780361
0.923427772755211
0.795000859386463
-0.45715928899132
-0.426382641648945
0.907471461323566
0.323441455297126
2.37747836411979
2.55419766031826
1.08547079924577
0.559932413580754
0.473509768409996
1.13148853164033
2.12891368005793
2.25573786392855
1.25618133027083
1.0273118751264
1.15659992694178
1.05516226333164
0.707424928922763
1.09472455761965
0.459788536425528
1.31975884351389
1.19042280264323
0.188225517130861
0.498703349415465
-0.287245079320795
0.961166346799862
1.21956717439607
-0.302053209891691
-0.3787193996166
1.48737081796742
1.32407146587002
0.855109205478765
0.689564235266243
1.16485197569337
1.27047844328202
2.32132529914509
0.524613489446815
-0.52323525997317
0.887841440379774
0.646933250611962
0.839934476047959
-0.352864084298057
1.2468360220968
-0.50317078029457
0.964332493477534
0.870504673134785
0.908036903214029
0.331516727638186
1.23068043098769
-0.297848464672517
0.155669893697717
0.285725817716093
0.244319734474342
1.12801258955322
1.29713561987809
1.60487803027723
2.11364420332268
0.708177830161436
1.72109639910932
1.14478075909032
1.19436264988418
0.90876325791235
0.533001311364012
1.30137073530757
-0.0213760804237695
2.40567555050368
0.436322742130245
1.93542046822454
1.55142238517152
0.555864251897426
0.326625805119905
1.60680436865947
1.11284789322734
1.01861087957077
-0.425044442468067
1.7601379302161
1.1860553733653
1.12310387708298
0.87884190115837
0.788929883546983
1.00192993968057
1.19326949742453
1.23717759386883
0.484476998139042
-0.325940113921297
0.925948999705816
0.376919590696302
0.783962899202832
0.797654417513648
0.813243984549665
0.61693588311076
1.04932849304686
0.675860837922294
0.575520210947974
-0.144771133916342
-0.00644109960668364
-0.165776829158425
1.07701960228429
2.31587836969966
0.530301270004475
0.625034666855079
-0.171828045210343
2.09702285184002
-0.159634654565092
2.07748663647501
0.884273704315214
0.63088210903251
-0.504593550302309
0.0829148496400718
1.26663851363117
1.34095170922403
1.71235818280862
0.89607084941178
0.407644887827179
0.322213502144392
0.127022059121343
1.28885751025363
1.21992315384875
0.212412443500533
0.259177633982473
1.03810881214041
1.35581349989003
0.326446147871312
1.72664684614206
1.23432112404813
0.805390852531249
1.44320714014478
1.67833618382207
0.186801866961226
1.50309038866607
0.299904833167127
-0.79866492721801
0.906361981649233
2.26783646139097
2.22819329320371
0.408709713671084
0.947485042298045
1.96273012925872
1.55295974865836
-0.403122756142883
-0.17651297655142
0.860572736842921
1.15504655451414
0.0405894275082655
-0.8076739988721
2.1259477626523
0.661580313008041
1.62014174145174
1.6707181968222
1.88187104115182
-0.495812737714709
-0.745576451443236
1.41364075995025
0.00300988639161915
-0.240010132138243
0.00632529189235636
0.341696663143434
-0.865888391063772
0.559929067675047
1.11852620804789
1.22946450437029
1.82748025407211
0.357534566028433
1.08978777942654
1.41391475838358
-0.836769066943446
1.09077923889146
0.959799919840024
0.928715012700253
1.15519416534241
1.37646692667137
0.0528143985637998
-0.272267360813597
0.407402954933669
1.03943521128647
1.96012322867322
2.04324630852598
0.206472848991746
0.173816895392966
-0.418841817829066
0.468050527058644
2.20609897909764
2.24078430831093
1.08250728856435
1.02977519366825
0.967474515023202
0.90691538020954
0.855553519377145
1.0940526680253
1.17837180780178
1.26409412158869
1.4282835479747
0.803156342879413
0.860524274809688
1.10529651297761
1.22960762222141
1.28669326467498
1.2683596801696
1.15996758415167
1.02267888383048
0.747868106969309
0.773842078348972
1.28702912320387
0.44671603548575
1.20688776475552
1.02045933057908
0.958987855615016
0.433581103259986
1.85259839899831
1.1032025367183
0.574351175691978
1.20336736880867
1.80807343914048
1.08576328566399
1.30863368622991
1.03283624135073
0.436357941825258
0.858353658135895
1.02921186937217
1.17781497771308
1.08258088595697
1.63549707625446
0.444459166025829
1.85175893007617
0.978956735143857
0.272977886921054
0.448107662271757
1.14281119285532
0.549144836376383
0.974822383575219
0.883221399442799
0.962515739605893
1.71131716583331
1.13394206125732
1.5042368576559
1.03333782798875
1.1629552587618
1.03845627035427
1.07052299517392
0.851859626973501
1.22913247900671
1.13636797808639
1.8469513045169
1.40713869914705
1.38739564684707
0.818328480054851
1.03905549303842
0.811345307252151
1.0583500475668
0.956637103491048
1.02711961499436
1.19038237379057
1.04698450026774
1.00320746579605
1.03611283949736
0.971931155815469
0.993987692769068
0.681435967977498
0.818280971548199
0.758484968995159
0.93264641208766
0.389105661605606
0.685776713169341
1.00988041494113
0.923170718804342
0.36659409611931
0.677994201116301
1.71652215873337
1.26908479852342
0.9849842576603
1.00076491660573
1.06326233271965
1.05217691752382
1.37021841373177
1.16215479705183
1.12184501762523
0.991738840086883
0.914677059177563
1.27005755395532
1.29409485013599
1.50263492988779
1.16646072295805
1.18674406104839
1.09482712386835
0.808024744259635
0.725013603406812
1.01965628999156
0.980529778560292
0.650304621548814
0.355228812738877
0.549248541253816
0.829428466165597
1.47695209856149
1.11000867347038
0.861490949981844
0.789685993753907
1.84716902537178
0.167220156423379
1.22620849137919
1.25367415945587
1.92914616647632
0.389272808773045
1.71393537799017
1.21180644347909
0.897425668340442
0.584215208536801
0.457571444655687
1.25056451128701
0.971593172561399
0.372745613775721
0.348666205789517
1.15398350797378
1.03197393376586
1.06396154980041
1.09247258832545
1.06456438292149
1.98311777740578
1.74706121371748
1.56319493698629
1.58083707587419
1.2956013379143
1.36461504313763
1.34926810115325
1.30056552519514
1.12459078382789
1.38649710935291
0.762370236508819
0.876687695106689
0.99486184774151
1.0114315070031
1.08721778426279
0.964929368773842
1.0685565053944
0.987559973609616
0.323981608386371
0.278659629053016
0.270988733061931
1.7688860337972
1.0369869086346
0.824290942697718
1.00394794713445
1.07012381309465
1.12886882922457
1.1588000677579
0.828391770128217
1.00625940620042
0.569761381165908
0.604789321438182
0.7235687829289
0.476539606166993
0.603157890764026
1.07180992624931
1.05810262668172
1.06199201821666
0.961015009923176
1.00119010703513
0.990935809077542
0.920434127492716
1.84241529044751
0.561184913176754
1.07330909149318
1.20871269435945
0.333573621693634
0.488830663531903
0.789373894784617
1.32345295746816
1.23701860347242
0.518227538427844
