1.22179213713875
0.937964223503432
0.835162609704232
0.795299215702413
-0.0715342658417871
0.28416057405606
0.536701220572397
0.617106208869254
0.711940587092064
0.199504397164568
0.373045426025682
0.431597649829818
0.774087323203465
1.00922405797569
1.21505267406888
1.70814881138038
1.71072441576017
1.64339887917799
1.502549459787
1.36863023798388
1.28332319323241
0.389954744992637
0.612188007678798
0.981266023806465
1.55155844450783
1.0768940694564
0.12809526171383
1.04079574347798
-0.197133204845998
0.429815425176943
0.846741544467427
1.00242887481127
0.602973886998331
0.747811244140562
0.824621972358477
1.66787465381474
1.69662242671158
0.00897269921480798
0.888598137352182
1.15243260343882
0.519375814112913
1.38275243236296
1.019048747354
-0.163033619080422
0.892431753296487
0.512040053878234
0.269569261089154
0.275428896480275
0.126769448740607
1.11422259497754
-0.198415163980271
0.555119957929268
0.940712341556583
0.284046837568043
-0.102863578837458
1.01512277955607
1.00879023254521
0.838829379887005
-0.0663839864137775
1.00919719904112
1.58118547307064
0.692570192415883
1.29597559871841
1.46801297237158
0.236540610615967
1.43640573972519
0.223780158141618
1.695938115409
1.61661282621835
0.0227367729269318
0.356733914336106
0.434389582032436
0.762232184774543
0.698233841147975
0.0796078282001691
0.574832223483094
0.866089090607725
0.867027446328547
-0.0642039417071333
-0.167858587140732
1.03771446641214
0.149284284151183
0.911545806110609
0.835828541585638
0.827808189270317
1.01656602842016
1.01757184054541
1.67359215622103
0.321191285788995
0.469994029209787
1.16181594456394
1.70908429045411
0.427786094335333
0.968300300978215
1.18886731499812
1.11433021536736
0.55790374653999
0.196840054767942
0.649685556299073
-0.173242275106065
0.962292218869358
1.32657461919696
0.91723815508657
0.997966425079895
1.0102036356674
0.80734079700935
-0.131103189716971
-0.0910527582055125
-0.191925869138159
1.00555152855247
1.07195088090406
1.02021355633915
0.227942489696466
0.734734919351098
1.61460813615909
1.54245079821236
0.757014319775772
0.839801975636365
0.732045165374939
0.903635102107737
0.832051298193653
0.883070709683727
0.854527928860006
0.840225170932893
0.825932441963327
0.84069386046175
0.847661608263976
0.843359112175885
0.850008223630991
0.855676600306111
1.08487388052202
1.05975054117562
1.19562862141294
1.10044790053546
1.40070784942568
1.24873634136252
1.32952391484186
1.5511618330399
1.99597430532862
2.24956095741818
0.91910673838123
1.19460413531351
1.35268726109087
1.30193315946906
1.45321310858349
1.71134790585618
1.07782500400766
1.42068592194799
1.04182324057319
1.22775266047683
1.49287137635219
0.194762179510345
0.189372456214825
0.123281861206811
0.077233667391564
0.582749586215423
0.360233894425286
0.335116504539262
0.212168813366443
0.496477438032086
0.279440939862421
0.482528965026031
0.410921839148385
0.483490388031354
0.588733418130584
2.3716393296015
2.24880214008583
1.91792817658173
1.96672440268454
1.9879667310762
2.24426663341838
1.81879557189646
1.73958893102078
1.60897822341967
1.61052417616047
1.64291258344867
1.65853963624479
1.42891681820421
1.45813671099952
1.54983807715124
1.06195170938997
1.27399156603054
1.43207236296831
1.11589252385177
1.09271432569939
1.15837852032282
0.816509848670325
0.859660431456994
-0.0213262065648937
-0.0196035588088563
-0.0963922592677139
-0.0279976630419433
-0.122344505434238
-0.139113174434876
-0.131533038501684
-0.082540018525317
-0.121270173678241
0.020433898327412
0.110457869466215
-0.0334589238407213
0.235612991649618
-0.0575224711359527
0.276654823724033
0.139042619660622
0.263174048705265
0.73802153619767
0.523514575191571
0.552045396204259
0.634077676188615
0.857352586510449
0.999586071588494
1.36259907821596
1.26746034719049
1.00391775571115
0.773440536275765
1.06799348907526
1.04767366483848
1.02342240926068
0.962239153962861
1.0863207159066
1.23546044709282
0.842231324691759
1.69793504233977
1.82283262626743
1.74928751498062
1.78417447101762
1.8465818356657
1.89230807114581
2.0389960186079
2.29297161410865
2.15987271093007
1.93830479308311
1.78380812950493
1.24206235436441
1.22006963338128
0.987425089105546
1.17202357912529
1.21260059617156
1.17667531849744
1.04533124233715
1.19985712406786
1.16753921253573
1.06698116991069
1.11403818051805
1.18329055719494
1.2109646538074
1.10483357615284
1.25469681040242
1.07104573675217
1.10048304009355
0.0514557467601508
0.132773320607595
0.0594312697187217
1.0636731571588
0.875966612417407
0.706502545958855
0.476184576707472
0.61490239115318
0.635075473692335
0.260093251612565
0.456623262795094
0.303938159762189
0.151766626666936
0.0427174564932665
0.030070293779778
0.101145272866471
0.513955646244503
0.404909668064058
0.403602414477889
0.544059517009406
0.354732271687539
0.277435762118311
1.02521147884985
2.03316436165088
2.18116435123552
2.28175711077438
1.40113162969368
1.43551660541613
1.71922029159324
1.71531941456998
1.20132003519479
1.44692148045263
1.29381583657643
1.42586692820872
1.39755867324353
1.51842135605953
1.90439774566499
1.64548047293319
2.1011578197305
0.9745492171574
0.94918267426242
0.893594746764597
0.97604919918465
1.13229398592579
0.212545002767846
-0.0377536720885825
0.897804864699132
-0.0788558173402223
1.36300652972773
0.917747866673447
0.919057582161531
0.983574594149938
1.45759145487977
1.54233739602242
1.47305736452577
0.859019726772976
0.441633462507583
0.0704627061165568
1.35842534340898
0.644392253947417
0.123879872997473
0.321956683261846
1.53953610870435
1.28268151654847
0.773688177332137
0.880787468336667
0.95661361970527
1.16705022416293
0.578382916312499
0.479387450592669
0.874224881282128
1.74608766415735
1.79647097685436
1.74545503049367
1.77355056936907
0.63153311651968
0.449837080282661
0.751610725003283
1.21547973043379
0.414325353160342
1.71768157018791
1.20133272923744
1.04574849265978
1.66487187020533
1.29641159571142
1.74032936407344
1.00929307753084
2.1089953499619
2.35847208731665
0.24866599574909
0.228205205726798
-0.0713613234074562
0.0182750033722807
0.0341214616856414
0.0433234512618402
1.74963622092992
1.75508192772454
0.498222108502282
1.57075454085413
1.16781645012247
0.382064923716559
0.511240266976369
1.96915892383038
0.870216242267701
1.07132608155227
1.01913805364065
0.846703940335128
0.421701968442398
0.340351215096845
0.858992149850718
0.837793155009363
0.842287183314996
1.49952469446843
1.87073277621452
1.80366509626538
2.36464471424251
0.100259993565228
0.827232211472366
0.88157342413032
0.168546120641078
1.74646307246724
1.30796889086662
0.424171108234491
0.565374112973778
0.796596006716738
0.618673901572343
0.972804250322861
1.27214899310162
1.43935975848033
1.94155193293325
1.69759792820973
1.12662856210279
1.33503940885406
1.91368338697089
0.319493232329133
0.214824881547596
0.0844829838781284
0.410869515897633
1.22053107697742
1.21328903004553
1.14742126243545
0.791838648406281
0.217332529704759
0.709292867422669
0.315184209537481
0.178877633799599
0.905574818557451
1.18126474902301
1.31761516143758
2.16851656007303
0.600278520875962
0.705884748059754
0.980578920066056
1.3626275644847
2.21506489854667
0.825404424159759
-0.0573939300576057
-0.120443496584447
0.0414364670074032
-0.169430049324282
0.857716633104703
-0.0690074843101136
0.88371614845597
0.875006514100037
0.925708540917831
0.82203913935846
0.894916242772343
0.926571831976493
0.0889766732980689
0.012303401442231
-0.00917636176973834
1.01862165513709
0.646706235611093
0.689167861822482
0.764471598361309
1.05313168200962
1.50944484311393
1.45375132377344
1.67202445990404
1.10632141751899
1.06827020320359
1.14310010998055
1.4292922629985
1.25597637774447
0.218269154362055
0.131262336555412
0.0810429116151391
1.61024936157028
1.382714184996
1.38810576933669
1.86396678380534
2.08372940536994
1.89733130546493
1.81961691073052
1.24886638482405
0.866158391358287
0.889444820372095
0.894184006844853
-0.154153085389629
-0.0669378961174115
-0.0586645277025187
-0.00341345986235365
0.151902626807865
-0.0245204582905141
0.801844492818971
1.01106850771946
0.942886733286355
0.747395329950886
-0.0598924874895942
-0.0350012629344091
-0.0746888806875991
-0.115707370254738
1.28414726385812
1.20311358410387
1.06251328342929
0.992085568054823
1.13448750304539
0.966380110139163
0.967515907930309
0.962784823635208
1.28967297140699
0.898105213366209
0.951329714686499
0.804370179949454
-0.00417055128159822
0.804297864276489
1.65521812956078
0.254224386254368
2.06552882334147
1.94204039990975
0.628785481865305
0.276489215344439
0.153823953513396
0.0453474399699014
0.926455610240421
0.766294021274496
1.57825157557105
0.836299171727573
0.358369166375877
0.28509104191441
1.31038462960776
1.21782184487137
1.09628174423091
0.982297818783732
-0.0718529889792641
0.366943890733077
0.56119674580475
0.731210802002338
0.0238165170243608
1.32420068541509
0.885892557981404
0.506141195343016
0.921406026946446
-0.102205602977202
0.991067563134297
0.330293458590635
1.70647080887506
1.69619507948357
0.894386843959677
1.36741207953395
1.97878648742343
0.358485268938811
-0.154847256154495
-0.215334859773811
0.00192733746488066
1.19885343905963
0.436699617064584
0.117914796940669
1.81536276732054
1.65513136253685
0.999275689611418
0.491535397879624
0.783988887756384
0.956993975649073
0.226847446935652
1.25362076731026
0.332747146894587
0.0125309471904583
0.276939462848619
1.14490641414521
1.7306145874666
1.45058929593893
1.2931725925936
1.59293227095177
1.84249425399511
0.968658324132091
0.986077417052488
-0.13808951836774
0.291559985406958
0.208314232336141
1.42253826504953
1.68815366310485
1.52036648047786
0.711900873790758
0.79376496166522
0.83331955481397
2.15949251468529
-0.0652137514933062
0.15260770475978
-0.152853095325387
1.34215192446469
0.327699876681382
1.84370330609287
0.241421127244904
0.461339455219051
-0.121995844713539
0.0804565834672021
-0.0616804156443029
0.491972855069613
0.238613567464187
0.0672768769251471
0.155664499094891
0.425347942875546
0.107375441717002
2.14240500430059
0.735409873164301
1.48378098888903
1.04617372250658
1.01312575302057
0.700377929742099
0.183857522226395
1.68457667740613
-0.126431696868612
1.38969853954139
0.852021246542556
0.831185368049032
0.864364206794168
0.0720258467410372
1.7607455103886
1.25877168017348
0.436045089829904
0.0187685413008722
0.0424649850321927
0.954198462143185
0.498367155872418
0.182940747632987
0.696367158902448
0.825029880435127
1.01797074290424
1.03680796088784
0.61997258233548
0.25163215382886
2.2374934890673
0.225696564625287
1.53520679364374
0.599308662970807
1.54177206958519
0.896563206417396
0.920071123594146
0.575210648541462
1.17133972893897
1.11539651544613
1.50653782609719
0.095979500882554
1.69550164584189
1.71578568269072
0.629635531551134
1.24255258475684
0.853569059857306
1.53786357813756
0.750666446147352
0.337613974525333
1.44026157660015
-0.0514625108295317
1.09152815206711
0.0665922872230618
2.18278302113897
1.28967425644798
-0.0342368192060236
-0.0788212962536001
0.0230962941818369
0.961624987167132
0.812885763546143
0.131612702753648
2.25778855567585
0.693225995533785
-0.0979686480464887
1.16839501623385
0.0388919509414002
-0.0167189063448301
0.571095971753708
1.65442026322344
0.761963448553181
0.204805272257752
0.0279392059130355
0.764687936627755
1.59813783714581
1.78001215827059
2.29778397048781
1.00101869911706
0.999638339860844
1.00660554462776
0.577680015733608
1.37493157352482
1.70917042490539
1.01942677579426
1.27054089291722
0.0693787707840731
0.715527387813563
1.67330472043228
0.0992930588173504
0.212570676748369
1.05102344823371
0.0339514397677116
-0.0922164931394001
-0.0891420271090734
0.435980008878376
1.59097411422712
1.12950409741906
0.87467484447511
0.102853556927858
0.0416809139576569
0.710705076866235
1.65242199029191
0.264251761107913
0.276388687992379
1.46455840989509
0.822241634545705
1.98817808471571
0.911834179180777
0.621281582038611
0.235053075575407
0.534632549814321
2.23088108478
1.47641316513505
1.52880188970668
1.4422326509452
0.875118872442184
0.17974553202801
0.0989119385012991
1.40333510021112
2.198006498886
1.77456056906039
1.78411200469628
1.83248387530162
0.63829792116445
0.83971903142831
0.303662705005948
1.73457357258667
1.0647345165467
0.290826331029356
0.582035152940447
2.40550264147565
1.53794150854394
1.58408665428449
1.77339186187129
1.0065912550569
0.0359020885447609
0.0839495542376197
1.12855889063157
0.71123123065413
0.790077589730816
0.24966084248076
0.299910250952521
0.174112935608847
0.990599182278579
1.01069416700934
1.20743815595009
0.849314092491792
1.01622667742129
0.949497302612317
2.43263497959184
2.46679054758844
0.329730292622526
1.22494309201359
0.318212384585658
1.34880936509626
1.10951213402264
1.75756261719945
0.492750881486854
0.197509223877979
0.234551879584824
1.34742380832869
0.164321598144412
0.330171878311598
-0.126037811574427
0.861745085026738
0.86365367538801
0.0159708720123745
0.552499717177962
0.0517852153045414
1.50095858220465
1.53333359674949
-0.0498490928581775
2.41433296552314
1.06727923785829
0.685489544267021
0.740159460143983
1.10561995533542
1.71013632030192
0.569005660705462
1.32154998236874
0.947077829993262
1.84942586716484
1.53027255136881
1.62995193043164
0.995982602050918
0.993084507791233
1.18477252472807
0.597050735716787
0.64933226137239
0.537973779128676
1.32550636100438
1.678297790274
1.00601178790504
0.245289689275262
1.51621366336952
1.9418403689838
2.00607043836353
1.74536822473228
-0.0249128382386316
2.27008746837873
0.183105735982335
0.148682302235303
1.28066431526183
0.326969739413581
0.290000911085482
1.37197412038717
-0.133803164336293
0.954794208706018
0.78919479131125
0.435931834304151
0.696415194805369
2.36016409280382
0.932903890046414
0.931566656123632
1.06250360350988
1.29851622772367
1.59095187687409
0.4265766305605
0.19998691068462
0.0089610778287249
1.00311797892595
0.40274797184245
2.18836343398461
-0.0491370091040499
-0.122831066067857
1.434614800688
1.62200568890618
1.00082983864069
1.01122271809148
1.61039207228853
1.57895817645427
0.999151886654276
0.294371335062916
1.9833068478896
2.13783188520074
1.31487598959611
0.222791768844675
1.77980561949529
0.877963634926172
1.09422370679128
0.553371021432477
0.940074057691671
1.34889007296772
0.654882864103485
0.559652731774199
0.015907470076816
1.45665700275474
1.28560895751602
1.82249474834335
0.470371540203691
1.88098772188545
1.70746330621047
0.039274355444569
1.75472952987394
1.70577872498308
1.07347691402963
1.71202616396548
0.559037382099488
1.76339358265912
-0.0130420727018839
1.96808981921171
1.84454501259724
0.856798920509958
1.02510583763704
0.612539759764621
1.73596711812883
0.628610868849868
0.53404197656105
0.730604616893901
1.33088655744722
1.9195601154148
0.012195593988238
1.69563600884791
1.53871126622707
1.16668395979356
1.52153863075389
-0.154799185866173
1.86411540383008
0.0622269708933526
0.438501534000471
1.80824701150514
1.49927826240126
1.2311242858438
0.867395986794012
1.01373040862861
0.199249964625069
1.25020815633594
0.880285178856496
0.901239807628533
0.0893502058855414
2.3487075032363
0.221307565900482
1.07451620731459
0.63428005270467
0.190137567133345
0.98701364634904
0.955190182819408
0.935086731938988
0.657515721797273
-0.163371210513244
1.20324827937328
0.203437533759215
1.57397260986431
0.857131756825259
0.842452671445899
1.27554986758806
0.13955911369111
0.0165690442077123
0.536621372514877
0.426578526789511
1.79872929765256
2.2665188789141
0.510863061484484
0.895752285037315
1.20839135441366
1.57852570667924
1.61363249961105
2.00559807736581
0.849008021880328
0.701580672114661
0.830338400120445
1.13733768273668
1.13651635489191
1.02653178226738
0.177581122358584
0.966779671024393
1.16012329645751
-0.141677137620956
0.172567473887135
0.252091202426996
0.442517421062767
1.02583098356524
0.379891089581646
0.167491597815819
0.467273481705224
0.378208715537891
0.350105139150849
1.29214242330639
0.767096991822365
0.788497120166398
1.61721700809816
0.309801630034004
0.206932628963907
1.21679332356133
1.2224901564348
1.30030476002136
0.157791552725993
1.09671320352984
0.057714687203021
0.918937343867188
0.849994256761203
0.886288399713689
0.293638987198669
1.91438094397994
-0.124886553562908
0.227772892411772
1.15763164395441
0.171125338120881
1.74148036395518
1.90076801152016
0.557905840761468
1.47434251178444
1.44114564935507
2.13450172462113
0.947827273105651
0.867890184756075
0.811153255486928
-0.043276638882291
1.01314121412787
0.291440404276106
1.80917863576126
0.407227585286245
1.65099867840286
1.8203882527673
0.955452421573018
1.21232188101147
2.0210300093762
1.06348762129195
0.975140363038157
-0.036144391309853
1.3872623572842
1.36019446574243
0.739570150684509
0.31422561926593
1.58767231680091
0.552273827209132
0.840952759166115
0.536022917639414
0.973589027603611
0.602790033403562
1.13241393764028
1.11552390273884
0.843500570708103
1.33147574401551
0.808723328450581
1.17603473716428
1.1107393587979
0.229232864441037
1.35694227705698
-0.101620521705971
-0.0560136294700932
-0.0593817030954494
0.833829747875415
1.73757951835409
0.896928082325733
0.0837392283813057
0.207247474538975
1.91986591854088
0.0142798371371937
1.6252042680925
0.853190956168952
0.453081209992272
0.15978249886262
0.464095027207341
1.34939968608349
1.50012919832441
1.4431742078545
0.233838510737424
1.16518111697718
0.430069541596752
1.2298891767789
1.7169033373432
0.47087029723312
0.11845666786281
0.691268607852814
1.23105876846909
1.9596768045576
-0.193948403187938
2.16146371259868
0.980987770012532
0.787171667783223
1.97805286168924
2.05841465239156
0.0776633861778768
1.98666066685569
0.437722602414823
0.0324716674920521
0.87922391236912
1.76140964148761
1.72146062874744
1.0490878188229
0.698183650801363
2.22462963782037
1.14156612833776
0.235567125154203
0.193972659122814
0.927374202044021
1.02842962065093
-0.152076649573278
0.0137890136725864
1.8735682692911
1.38394392315618
1.23726176838985
1.28269227637743
1.36535253323684
0.0493305791606745
0.0873401768699417
0.442008570836969
-0.0573303868804686
-0.0409877239261242
-0.153699525336374
1.44237737078672
0.0708620627881219
0.543580961533834
0.978361593422592
0.962353279115164
2.36219163822049
0.645842693136709
0.827563553039589
2.08905815642141
-0.150337324108023
1.80933052122723
1.43057533781784
1.09619831101871
1.15390136003063
1.01000694957441
0.0789554492291698
-0.0114376740248254
0.413236759029698
0.797084716130421
1.75226454039156
1.61361916316324
1.18377893811028
0.266976172242059
-0.165066744210131
0.343934633082659
1.63415598244787
1.74907067711981
1.14423437375234
1.00242238447791
0.833294013599279
0.738070022555375
-0.167960657210668
0.32404357752813
0.562400116529415
0.819496223476035
0.56359896211521
0.605522410006926
0.761298348968534
1.13281767303209
1.39517224462492
1.56775188785304
1.46519421102054
1.26491155224859
1.00120195109913
-0.0626004136776273
0.227035309127379
1.20706915906677
0.324758920509053
1.04245967657324
0.789068875240056
0.886862017342492
-0.150476213930504
1.59050859234541
0.209381890715324
0.541275297241374
1.06373618720896
1.66181833795749
1.14862731790762
1.32649317743595
0.985867263291969
0.0612869832110614
0.588975767675983
0.829655738219587
0.548314849451556
0.995443104419611
1.53941152720131
0.430243129977866
0.726354862260847
0.892787396999632
0.412628069407617
-0.0639747160540924
1.02372611087963
-0.129520978072087
-0.0956806255118871
0.644751236924143
0.030118577666059
1.50768455187947
1.11393669555058
1.3695715731267
0.783286863207163
1.23569261964559
0.519815439657691
1.07870880224294
-0.157224364977186
1.05254455427008
1.11394738671609
1.6520403951091
1.58705964988263
1.49953079284059
0.71759630226232
0.155632449446993
0.504529250052343
1.02998786203713
0.885813907576809
0.13544982038096
1.20359199572856
0.946139874763263
0.858985869997285
0.951197694036773
0.825249821486635
0.836095045907106
0.519869496099978
0.495376469185843
0.44358891499246
0.548865348870972
0.286231515718575
0.189718325100594
0.713617008298023
0.788911526682607
-0.140767713245802
-0.125624297123052
1.62250140354596
1.52301839737177
0.938139843036626
0.965521716986195
1.09353166332277
1.05519375230565
1.52930630803368
0.408546839850154
0.358287434650986
0.680789088923748
0.732724971621005
0.706803601998946
0.696801012892225
0.707378863746373
1.2280267358263
1.26299085441861
1.14388515893015
-0.0201574803764444
-0.0352395696090968
0.821655239615086
0.862925160010219
0.584916312621962
0.463106121990409
0.549938722604612
-0.00306493504118825
1.28929228106662
1.12215306708431
-0.0735670959485552
0.579672628662693
1.54765596727158
0.344760502559051
1.03555020220949
1.03827817093521
1.67800182869566
-0.149786996158412
1.49580461160346
1.02502711034464
0.867421474129351
-0.126377117329819
0.452656671480996
1.29790256072203
0.911896707312206
0.137614801227727
0.107331401293232
1.05190919163543
0.170133633616201
0.989980360555434
1.03751174033238
0.811019215123442
1.65910324091408
1.60750919037076
1.53971793034168
1.61064337033625
1.539010411801
1.5566256334921
1.28719024211371
1.40717990534021
1.05799629933932
1.42812462171125
0.66219230821943
0.627842884335039
0.857875708183177
0.821319197291445
0.973873726089999
0.90177924923479
0.736936662331629
0.949898532214031
0.367195061963318
-0.116423894004287
-0.0716995520985258
1.61161809364301
0.630778890248831
0.588770394648245
0.657507754114694
1.14218208604367
0.331982092038056
1.12913816074417
-0.185433606374073
0.678492593822895
0.475207260177789
0.360492203004358
0.512938425574286
0.146803909798099
0.0915839603678376
1.03708189199952
0.983236875714984
1.07518430301855
0.846879926773836
0.875399711323123
0.821971339534325
0.730173839174455
1.66599099301206
0.492134637070575
0.766312767077788
0.621914646510787
0.265372500347996
0.37707668963889
0.382482210380315
0.506358818824509
1.03176936285094
0.49659122570876
