1.85756033156742
0.950566678804654
1.33269030262929
1.29479529972203
0.810471140800306
0.959725050294942
0.962818051742806
0.943162157924967
0.906684296512595
0.0743847607490921
0.417568357449596
0.62485242143225
0.970112885163778
0.911901747223456
1.0363952569958
1.34831030617194
1.37800205242538
1.58336727191554
1.79819839956579
1.88194298052196
1.85630732813203
0.953122609318298
1.13954215112464
1.03839395832419
1.19720881209919
1.46522473795605
0.820003342926449
0.888358163030424
0.828501545439634
0.35297316262221
1.18395673865873
1.20089308828274
0.950596260821223
1.21883360522175
1.30655921405316
1.27529967123686
1.47464981264711
0.884232765927429
1.02767067830899
1.70856229672807
1.04831781433537
1.11589553418628
1.00838811009433
0.804095836307824
1.01846692531404
0.836495484271302
0.192834878898201
0.864350980452348
0.798761731277253
0.956526295502126
0.812469755616355
0.627014664787875
1.05010301924652
0.920829028801842
0.852068388581655
1.01049006811896
1.01260928756135
0.981215182412034
0.802443171146216
0.878213486807737
1.70029574553799
0.984276686006193
1.07583706605102
1.15608352071406
0.121331062668219
1.8859484718462
0.841199592130008
1.31157742164944
1.23685302658907
0.797227793430556
0.906841372216604
0.999188374116734
1.25741588390524
1.18041608623414
0.802876960681421
1.09442429404009
0.998607220864218
1.10359245709433
0.867394970628895
0.839561811327266
1.33636472775644
0.902338136562032
0.96099850606241
1.3341817110137
1.25061297862542
1.00742548320504
1.01732534245497
1.5291082082794
0.307603938013969
0.744124103904437
0.997675836644766
1.4230827417344
0.962078290766937
1.06287242084759
1.79478972965914
1.58733931529804
0.910605198371965
0.940766340054217
0.984798311069577
0.807702746340974
1.05210514715018
1.86590312939103
1.03613559311341
1.02181622967929
0.972449823671122
0.973282379629949
0.806166597651887
0.802082535414391
0.819397229016991
0.876718486017432
0.919835500373409
0.873747058319879
0.111810394051354
0.980535593001488
1.64136219603321
1.7513827987946
1.14791410029164
0.950502490178049
0.950614585819899
1.00560508076181
1.20531729096818
1.28705969264312
1.25922359852274
1.24932005255393
1.22622205718195
1.19281908416134
1.1281153384567
1.15253879475646
1.11635395953423
1.14613723600456
1.0888309457174
1.23742536548224
1.27790145032395
1.32954002909336
1.46373799283635
1.38357046188172
1.35346719925251
1.52460856989786
1.54141258380124
1.4401493483834
0.996811514723565
1.19618999426474
1.28396314521458
1.28920564930655
1.20235621188931
1.17667414305344
1.07305583919126
1.21891590850531
1.05406302812986
1.03594910873035
1.20757058767758
0.890322392968687
0.876543559799085
0.79780966309152
0.691119878149666
1.11567033028932
1.05999765923702
1.02218786305485
0.837803332095209
0.502722601039465
0.349916270492932
0.449420136517042
0.736960171532209
0.705734133967677
0.527429705139245
1.44100395622468
1.46613300525749
1.40478381720456
1.43050636443336
1.41599298003528
1.41981664876465
1.2396117470575
1.42502290131604
1.20597616742504
1.38709136000938
1.31397068472908
1.33413298060809
1.17513886664994
1.26986016036854
1.17288549508005
1.10952958511115
1.14251204875053
1.11091708614103
1.0183866178347
1.08959482083717
1.23713901245134
1.03897617401457
1.23215031971328
0.26786821921672
0.212656916972884
0.254592027550524
0.326683579572817
0.155994406958484
0.190446136663207
0.103041272443058
0.171514321499608
0.0993885201701177
0.238866491486766
0.165184784705005
0.0566132594263133
0.651282180018309
0.105641367750328
0.63435216781359
0.228358111989605
0.417497698408133
0.770306938839644
0.735245620676814
0.737117329207085
0.826422340333509
1.23491553196081
1.22039135370365
1.0471852946707
1.03309726044454
1.24920146822078
0.980051905141233
1.1748590179786
1.23635341080934
1.26378537682582
1.25137699584382
1.20523660385344
1.16987698743098
1.01808534391937
1.76874854143265
1.70230592641434
1.70314584221886
1.6750940986862
1.64306295065148
1.59055455754668
1.50246442626796
1.48447058407501
1.48463911390185
1.49701816442443
1.48955889266673
1.17369872544502
1.26851383176705
1.14499159696476
1.11290048100709
1.11666800436027
0.951631513376558
0.996449742582477
1.21698272668414
1.13700634161612
1.20297925123718
1.17642942657762
1.13911750675004
1.14610479259243
1.14296546750777
1.11046338247876
1.12685252039739
1.10804481712997
0.638283832638812
0.4233913914891
0.567255846566989
1.265645511939
1.04714096838405
1.11618722386461
0.803185907703573
1.01327960363678
0.880032801398522
0.542123164791417
0.60767447028522
0.386767059453242
0.311268688668848
0.270148897464705
0.341458178221647
0.486576545320083
0.91794367570139
0.593510908506764
0.457802816637702
0.945401527693221
0.55139330983794
0.488651073902615
0.971342320925956
1.26825498130524
1.27123006851087
1.40373270878839
1.21824414767988
1.27856395979442
1.33752780002718
1.38353574471231
1.50945551679547
1.76011615719733
1.81633409762239
1.8015787249818
1.75259491342032
1.74842849667216
1.72294733948317
1.70600249426865
1.65461722094585
1.05318407509477
1.0538089871547
1.06739823888376
1.00327629975843
1.13934675643542
0.768216089303588
0.520889364349245
0.983288156697185
0.290346500551206
1.0686804047846
1.16138813040574
1.14952173689177
1.10449934760358
1.11449561329546
1.07573645885251
1.16886754059055
1.11740728531836
0.772690588073456
0.409803362743102
1.08107980348076
1.11729448679931
0.0392228844837386
0.995192333750146
1.82048968319223
1.11810654270825
1.21693434462137
0.85526080262315
1.13747080661382
1.08629876024082
0.793927301043197
1.06797603177775
1.06654474826918
1.40799045662798
1.4175744193838
1.34947487019668
1.23775858585759
0.755607734153203
0.656785665117465
1.06051684203919
0.999104719792083
0.319854020872021
1.64195939698313
1.10027759143258
1.17904948441415
1.76355159581286
1.76845419154642
1.32967516925471
1.23593386071282
1.58753000051082
1.5672529610846
0.931270000678581
0.76438477903293
0.193950569017168
0.615276482014629
0.626308358837088
0.263827258858226
1.3280342697993
1.34625890970058
0.405905583314557
1.25218528568967
1.24105147270352
0.680982358782436
0.583031595724049
1.44519762602288
1.07594860922463
1.12289585705741
1.07497363498515
1.00781167948797
0.848806991248203
0.4673540232302
1.31415101436981
1.28282134999535
1.20216646124567
1.62945158998537
1.36389437627883
1.33188244178499
1.33042395528595
0.47696773011168
0.837566028250844
1.03996237860181
0.383675791301444
1.51110461632271
1.1078506021763
0.950850552899185
1.00898955149787
1.19323248227013
1.14982312730463
0.912369523290095
1.03763532984452
1.07604383498431
1.65775827261783
1.24334740590381
1.22870877648334
1.09732795221484
1.22243639754882
0.55803055788192
0.229450285634445
0.115791134297857
0.683922663062158
1.25077611697327
1.78446006209804
1.6037610406252
1.09006256133257
0.803991683400227
0.850512541207893
0.350354016656622
0.248980136970913
0.993782421522701
1.11500578083408
1.14570717038556
1.32575216140276
0.983024408440859
1.02950958711563
1.07633320583638
1.31501548377479
1.53361744339634
1.28049409190337
0.479010369180957
0.600915136595051
0.591164841313307
0.528137720557169
1.2725731225044
0.303674711528342
1.0373163701091
1.15575783354486
1.02050163786359
1.00951369096965
1.06526094600161
0.942609645453161
0.72010063761889
0.728677289926095
0.692323682139152
1.05732023818293
1.07241056932947
1.0486153180617
1.19808375482873
1.3406944861478
1.72373018831025
1.79541335930594
1.70523600860446
1.04757728146184
1.03692801883282
1.05704166918187
1.14013226061084
1.11936858735779
0.356488619723744
0.364458941396445
0.658011139752894
1.2920632366412
1.10707839091297
1.10053078069661
1.66199418604606
1.47169759668277
1.4475644729355
1.4975203167504
1.04868712488622
1.08921859048095
1.06813992464858
1.03793064191901
0.134953491600061
0.165033296322054
0.223605590534644
0.238623906958688
0.44930960323663
0.605212432893038
1.25756961362652
1.2274949882149
1.16684785773054
0.943567191251684
0.300989815845672
0.350475547237037
0.236545961035671
0.354846528767129
1.14449722588587
1.10078464707217
1.08490695968394
1.03846736937431
1.11898385646931
1.12787492063132
1.12309747937691
1.08308031794374
1.09317594521126
1.22938740250667
1.1840976917368
1.24143223515614
0.573057789446987
0.981725325406122
1.24307502290695
0.541699146324165
1.27399805733483
1.23507798417225
1.06394613281627
0.888350920013798
0.602215960625357
0.755781845880356
0.949509267711748
1.00790948993905
1.16938955189311
1.20603112197164
0.506796992088069
0.131361743411879
1.03434630185509
1.00309660303273
0.923566825192856
1.0141903111907
0.705974851541904
0.96206908816848
1.08897252135073
1.04011094408684
0.724483612420479
1.80431042975093
1.02676624786842
0.866034257834372
1.06718315181791
0.652135636843564
1.088443066554
0.756914455880027
1.43770952758405
1.11339460475769
0.979641693090814
1.07637472484709
1.1956444640869
0.468476710389905
0.498532267633685
0.654668411176672
0.634247404904647
1.1304748912
0.416510182930873
0.40296605497375
1.19456951167669
1.69778176104097
1.03141119679967
0.862347074515414
0.981892034990604
0.948912398211078
0.931902986349136
1.1867113969389
0.578782930289728
0.195642333072621
0.471280671672333
1.0298518120923
1.22878983912557
1.02896312486627
1.16481626891133
1.78656803480376
1.60826383541033
1.0346966429366
0.916288727372149
0.681646436519033
0.819827433032143
0.814911639633509
1.10269184989213
1.26153674948073
1.15401578613397
1.00036824656741
1.21126828035327
1.20502092025984
1.54377979062695
0.709288571514725
0.0567917493548405
0.712338070543507
1.04658120957363
0.891573490292893
1.55359497339329
0.84161321470904
0.592227273997805
0.445956994405189
0.727939627228064
0.10372921878911
1.09535148367731
0.427992186097503
0.738145581959259
0.609765407344398
0.737082423532523
0.0936398064947617
1.65125706507878
0.802838951693019
1.86450127828987
0.899021198222386
1.11840553429419
1.13821249095573
0.240650597052471
1.20086555530892
0.293362708608239
1.82239071550078
0.994825296136057
0.982103346388287
1.10497801586918
0.555430069906308
1.72200037405602
1.84056837316294
1.02680750362725
0.741644195736362
0.0381498212640479
1.18199135649011
0.723425523178818
0.0623201779209509
0.867842557685225
0.991409324620854
1.11028401399802
1.06315372315012
1.10101077549836
0.829848736900615
1.32911412112854
0.388450268893374
1.12522428266238
1.12900721782715
1.3267679786115
0.974130678707571
0.947541420215147
0.654027358498526
1.10442316791008
1.20087136579171
1.19473284577074
0.0650791534591424
1.28822275896788
1.29962892468327
1.02331602599662
1.62000912959702
1.13989471540873
1.20225213471072
1.02531917863066
0.397484581986566
1.12484499118746
0.556395319263544
1.47065137407804
0.436723797741719
1.27857727425538
1.23275924059844
0.634827103377649
0.545252386253239
0.0804063580280466
0.96397105913605
1.12988888013232
0.400670128995735
1.51177509808829
1.13217748259109
0.390765677031201
1.12317947592601
0.656515347352758
0.0769625518842732
0.924002660792946
1.76604227934472
0.983304463480455
0.788661575185188
0.787897593221801
1.01190186656411
1.26790246111085
1.57785403582755
1.3396796283394
1.03216682445611
1.05035111631914
1.02577907603255
1.11171681786487
1.61108117665216
1.54940119410413
1.15443860112956
0.984911872364591
0.636932054529616
1.18085078853826
1.24889391143526
0.788722682444632
0.390235039103727
1.14154088933168
0.488611722108342
0.527719695786301
0.693784986798443
0.68717702803428
1.20179409549267
1.19845058244905
1.06122976083941
0.415707258668485
0.409035703202196
1.16193044956138
1.23578710086898
0.45774654024502
0.36484789024069
1.25482740023484
1.14541041005776
1.62581839119214
1.11364882001407
1.03747574981068
0.407790033453171
0.804475675321785
1.60142176745561
1.04091036285018
1.1237614587575
1.09979410453783
1.03686721474943
0.81464279961844
0.758670394971861
1.02043240399735
1.29927871665155
1.39707766726013
1.43879759448374
1.39731023847884
0.920343643008758
1.25544697237216
0.28017872630155
1.358496219556
0.978983700626744
0.988653075430849
0.548068601150394
1.51468432755185
1.82163557916311
1.18625060737322
1.23581531568034
1.20316712555938
0.710498752103802
0.190164608385524
0.990067691805398
1.15360597046841
1.04134526027565
0.690753321548134
0.336012054627361
0.300410607557888
1.04486067041979
0.911627475950476
1.15801776136515
0.991181224776844
1.20658994899749
0.975279534626753
1.3561068133821
1.38003787192352
0.901861147019233
1.25221392699964
0.316736472834998
1.13821156264891
1.08816001032252
1.21214403998437
0.827876438973732
0.684980200736218
0.409700392646038
1.02862789012562
0.860552306100876
0.955925913768213
0.247541363606463
1.10776688149751
0.950552100104245
0.720725226507887
0.674264223501353
0.671617992994033
1.21104902564481
1.26056598796079
0.600146895377027
1.44264042147397
1.18559628667939
1.05369091450922
1.14024916366332
1.18033785638962
1.3153173929297
0.770182082160818
1.08882941202583
0.96310463721989
1.40325505420314
1.39069923769109
1.33450379285685
1.06899203232936
1.05278729710052
1.17237004322751
0.966572698452018
0.996651380214693
0.925738440649394
1.51054435841233
1.60848311828908
1.06211999105143
0.940694731702261
1.10906958080796
1.21466313115444
1.25963926375756
1.15005243234041
0.507398468815359
1.59045236739361
0.50372952745519
0.189009327405506
1.09547513711524
1.02931800501406
0.942279968862754
1.04693111138794
0.123917764781901
1.07018013174047
0.916141094474745
0.464238664762736
0.652849600012992
1.4488038551252
1.08873734757393
1.10564823843616
1.24555185797797
1.25772382917328
1.33929691528691
0.741105227295202
0.433380043741302
0.220120852024483
1.21215374457328
0.369856166519537
1.42036082553093
0.193731866948606
0.693905694704579
1.85042182798155
1.21501616447306
1.01359909566747
1.05296241954369
1.22194147522984
1.06100659903568
1.03333749924729
0.857903444261316
1.65993985738689
1.3714311337543
1.14439974427246
0.741090055850702
1.65141434159182
1.18642414287109
1.24486858176626
0.93179065181749
1.13864497780935
1.05032085416547
1.10486054189265
1.00085560847421
0.479771751790761
1.07255420410098
1.11594862227897
1.46075791461368
0.768161288985243
1.28206657522345
1.29577789564811
0.0664831330834477
1.63710852803975
1.28692996683181
0.929490035305722
1.72911765804219
1.07565480764876
1.40804977440712
0.592143912886045
1.52902900865943
1.55767108343665
1.3213681011807
1.06212613118525
1.14792725532452
1.43799049279677
0.972385972624542
1.01850362698563
1.06214785758114
1.23709765011139
1.24008824114123
0.430008889020993
1.54234415861553
1.24715244865653
1.69088556792001
1.17252289424033
0.129065503294472
1.46918180868096
0.282548426685432
0.546989122560631
1.62303905719932
1.74568486725959
1.27575207641358
1.30181172630773
0.886450761213441
0.831548042957596
1.27485375906737
1.04274119285953
0.97377429074768
0.767490758038333
1.46808196259385
0.851287262372452
1.20888768991786
0.645134114734267
0.378592268140837
1.02186301856903
0.992246492564896
0.943736719128579
1.01234620235022
0.449521995240519
1.72026177497679
0.877528085992134
1.7837667521415
1.05905137903214
1.19212816032817
1.12289837491846
0.785819064765412
0.742127064897319
1.10163070150601
1.05859523889352
1.33404920095801
1.43986655129819
0.875097427137953
1.068776991552
1.32209390573607
1.74687440621996
1.71601308963939
1.44205416555661
1.23131646776901
1.02742611848006
1.29185330701995
1.54349352714134
1.17823107027353
1.25453777099036
0.292191501012795
0.959595374330885
0.976890445768598
0.585773394798614
0.578660142541692
0.72086183153403
0.873554379561553
1.04059255456134
0.337924348091066
0.759723201725177
0.814381198375236
0.680863434320404
0.628772612183007
1.05106473923331
1.2330751308459
1.235037440367
1.19240671809138
0.969398664130421
0.608803471862362
1.12643107614347
1.03018670244973
1.05531428580555
0.762989550278978
1.38706604062813
0.448073788480418
1.07773197366431
1.02447880641164
1.0435780481617
0.94903168714936
1.19501079503968
0.420316487047795
0.852117095689475
1.15464284264183
0.803497357048205
1.71639756893128
1.22110139943075
0.975144658046849
1.11116204945139
1.03149594158015
1.23744727100293
0.904354234826835
0.928226571823496
0.856838603590556
0.760895501820573
1.10916291374486
0.335556765472275
1.56681665568285
0.619579832468543
1.25105347787029
1.19516609861468
0.978444124166923
1.17722861255067
1.20715744677508
1.01393961828009
1.07947901089524
0.678359144590155
1.24708828091903
1.7870661155813
1.01985592044234
0.517737655620779
1.09764986123143
0.913508792738103
1.16925036676359
0.91472631151603
1.14647237779221
0.579197734100274
1.12001569248917
1.20352964879957
0.80964901729157
1.01927227598604
1.00218509174072
1.20531325324815
1.54199383285758
0.555595213877079
1.10544909197261
0.617490372483517
0.716905524244265
0.648673656559749
1.27268272615907
1.57707470235619
0.977230078966483
0.684175641401184
0.158166937361931
1.51576013643425
0.0753174196052497
1.21033285025483
1.14443478596463
0.739464254360132
0.603061360149255
0.80459322413123
1.83624402981863
1.10917130010802
1.29352945661769
0.851592457081663
1.20813038483869
1.00870064561575
1.06087463848487
1.63119194820081
0.743193447746832
0.330390841479224
0.802680691679018
1.03651531696336
1.23290282784801
0.728246162617545
1.49318218523887
0.918426488339208
0.995760264206405
1.71813375212995
1.68656824772472
0.778194513661386
1.32552547926716
1.0109862443899
0.128698377838432
1.02800288524743
1.46931798502509
1.49291250274904
1.00402594280117
1.17158297538808
1.60492641893524
1.12742884006531
0.140682386491763
0.0776680497856755
1.02644046646328
1.28569891054346
0.724025337421544
0.359945679465583
1.54997729994895
1.2438975387006
0.989725291525272
1.04438498467633
1.08481542796753
0.769037601239638
0.678374094797912
0.599121236855323
0.742158543132503
0.660266122659829
0.750538818861594
1.14780753370099
0.330045723655747
1.06836074407775
1.05416175879717
1.09443013835082
1.47485189435327
0.989783544104747
1.23056907998058
1.22810488282768
0.325512795243439
1.6734786818977
1.22978331162724
0.934368978744691
0.948603608931435
1.01918003843076
0.342370368966976
0.0762199982890944
0.725088041264433
0.977502224503063
1.72331065898362
1.79084701136046
1.12596461414255
0.360446121042466
0.340447236102627
0.532896220531579
1.75415960065836
1.70602966463919
2.15574152220156
1.00680375140983
0.997275142545174
1.06443723834136
1.21760705509895
1.21995312927838
1.21851768296844
1.23966844798457
0.80944183641711
0.899529303885494
0.920785229222965
1.0769377458024
1.01790489328936
1.00968425752332
1.15045900796735
1.6586084873484
0.82531087010663
1.04132002846455
1.15807785380819
1.06701129432775
0.142807323030517
0.919403279855051
0.963224116880884
1.08805949999306
0.985384484825601
1.52584088611168
1.09308842038655
0.842949399341049
0.883709566793403
1.3000055462633
1.81866225263786
1.94180890224503
0.989969451211578
0.933082616976146
1.07275643722138
1.3807371561316
1.09552197595899
1.21315149266467
1.19823864721283
0.931795071237039
0.918434899678785
1.00846933028172
0.301403620485933
0.983024332340461
0.956246910789421
1.01087125864973
1.22031968574695
0.955382565662995
1.07440048832614
1.67469762110937
0.971233469488161
1.14619272823691
1.26470983109435
1.06846881540768
0.0501328674588236
0.995661536094802
1.16527934921163
0.835194666221557
0.995100037776542
1.35827944418626
1.17010221861653
1.34280181407662
0.95792232514299
1.21781340020755
0.0576045343926363
0.815732743161166
0.867910715214381
1.19233426622165
1.0797307866138
0.943899078553153
1.47407152412578
0.978389091704957
1.30280385695207
1.44322303962966
1.01916354856666
1.10374788199161
1.02340836867844
0.401869352973766
0.909392476867083
1.07276600247664
0.963461858071679
0.965012263004726
0.958349227663816
1.10945608682315
1.23913683000905
1.01300885095998
1.01083950556253
0.910935682414965
1.59431411014003
1.47816384791513
1.12605425235843
1.08366202476781
1.18811731595421
1.17697954633968
0.989184763555531
1.01160400732734
1.18665781649838
0.78216436658566
1.92849813856268
1.93657098758392
1.97318069425987
1.20471380010019
1.12809342457107
0.972133849137625
0.9833787751544
0.820946824902733
0.597789872671878
0.793789713991827
0.985369733397984
1.10280892224472
0.977424103493481
1.14535885723758
0.913182287305271
1.66701078253616
0.243343739572898
0.90311663605819
0.849946172318001
1.35937452085319
0.919534053907935
1.1830979646069
0.978721262501095
1.12019880750519
0.947509103933271
0.971120492117243
1.91060463546994
0.991239061845239
0.871215855611684
0.877043606655684
0.876171952507014
1.02765827860153
1.00408533682337
1.36878263205922
1.35535779845212
1.44064698984118
1.38559128736467
1.4188648323904
1.26591798871215
1.0624450526705
1.18592489349559
1.11475786637318
1.10879715428464
0.822166998809033
1.59296346547906
0.929909218340118
1.00678825239687
1.28070818846153
1.32829995491525
1.10082400689853
1.01846932710156
0.968291428532571
1.02846107683247
0.908227078453828
0.893968589312538
0.888599728130648
1.23576463219017
0.581905082405436
1.0967100022092
0.974490749837081
1.74036505750635
1.03793750743281
1.01934184320138
1.18086441314249
1.17935767756885
0.958272323160453
0.989593370843403
0.97995817979572
0.947636176396473
1.04116853065872
1.39388732379615
1.15380166271296
1.57799860874239
1.23498780855508
1.18978781568989
1.40886663248308
0.951346616708602
1.28756723266615
0.279353821716459
1.29449920785039
1.02624113215683
0.107810431548578
0.133586762897989
0.178741720633892
0.548323481861821
0.978967691304944
0.768281197244528
