0.992849173959322
0.619219902507991
1.22546532805982
1.2006035464158
0.363561373717184
1.30925596737968
1.60187061783243
1.67885500818511
1.75214485102361
0.218514154945969
0.718237228082262
0.860148833736376
1.01307749191013
1.37385336710192
1.03086557699156
1.53813888059588
1.5689429641265
1.60558762430952
1.20977097875345
1.00161430255735
1.03148904688012
0.346537776666202
0.760465126020941
1.20144836947736
1.35765080232242
0.916919051655451
0.311955051396859
1.09732164050136
0.487500154145499
0.510729338479782
0.83338573685696
0.768259525621184
1.11827609302528
1.08097833928887
1.06217434229797
1.46690321674399
1.64590996698777
0.89970949751009
0.648868974635065
0.915354725369856
0.521287977069414
1.17860851319187
1.37728601453133
0.358719181819478
0.942768674041481
1.03193152933497
0.44033660838947
0.295955639601911
0.456995111532932
1.00449442814537
0.392305551543639
1.07863698425191
1.03784395753568
1.25113878594325
0.691302303846322
1.3952017623183
1.33009446458616
0.943295966141316
0.405588275549778
1.26890375573539
1.45953663555845
1.09698669486263
1.09379457611197
1.27514286012824
0.236776383490636
1.0623722550678
0.318779433724107
1.50599739759029
1.41784669722661
0.41037239555655
0.332436259248746
0.396778218823349
1.15408766264673
0.949182684529982
0.342181934485314
0.636315499998784
0.935089301778474
0.726586220205083
0.777698015276896
0.56911152625392
0.856292856388921
1.08412117508709
0.607152826357593
1.17528223824175
0.939741762169057
1.36323110332235
1.38537237728332
1.64145329115819
0.592740449698148
0.953049085234865
1.00669795895067
1.61738750502578
1.4669742594137
0.669008304077014
0.946264159280412
0.928074198197975
1.09248495212419
1.18875516796886
1.12087024620162
0.378315493403355
1.11740749443173
1.01655116655372
0.977786346782924
1.27953113661396
1.39566102546104
0.973958788675599
0.31960557037526
0.402482018203914
0.445219970617911
1.33623633564908
1.0373681233417
1.18114188363673
0.32105231384478
1.05869152660811
1.54902158007996
1.33062986892301
0.816921697762359
0.98145402802363
0.956742197624862
0.996239692414577
0.965576413497484
1.28091819432073
1.17666808247525
1.16328098632039
1.02811501128754
0.973518149337402
1.01392878568771
0.846688280112831
0.832759436213627
0.969778626429925
0.543070966227082
0.561718056114994
0.658235516339513
0.826683856394577
0.989086114786092
0.965592127974118
0.672304555546061
1.33058487615867
1.92023682600954
2.25479513235697
0.81115646116299
1.4821269670433
1.92789549402947
1.63605710001863
1.36004088280047
1.83649147156894
0.975859571774162
1.84975371322297
1.20335826033786
1.16574336130579
1.61710196471425
0.207956194418364
0.157574714947247
-0.0418493765237015
-0.153187818332633
0.438472361417203
0.0343065591604112
0.0464208441252557
0.307305081805171
0.364377206732383
0.0537889456902956
0.318727842965704
0.47046630307147
0.441990402668597
0.522025297572626
2.80659182786565
2.71778341375887
2.20321832170517
2.41291286607074
2.5198069738736
2.81535739796798
1.71198059340809
2.15009834279333
1.76689627770829
1.75344109861725
1.61282284611006
1.60724673880039
1.63108067317488
1.33493819632369
1.15108281224592
1.35766181488862
1.61307247203032
1.63590980843687
1.1640689939068
1.1379007888035
1.41700484204849
0.823108849308545
1.00949933728068
-0.218127437909079
-0.597236620694235
-0.925588262080594
-0.758736332136853
-0.996579458110989
-0.983229796183995
-0.826928327703312
-0.603311597366044
-0.709337881820029
-0.0383824482222818
0.398779224101948
-0.570192871508153
0.827196054416465
-0.749231764731773
0.529596417975773
-0.327059890963904
0.644205963798459
0.646778975174695
0.0978671467001711
0.431701364111328
0.758769692340514
0.596851271230366
0.797824126690058
1.14723961599019
1.25709294879679
0.926734675941713
0.707330163028066
1.33975807624052
1.47689856660566
1.14296700571735
0.730746514210061
0.501186236414147
0.70340706240751
1.01398826026149
1.79631631952878
1.6278495194836
2.02715807388579
2.11532407665332
1.99451530113993
2.17940609851044
2.21673502543745
2.30878259121523
2.38919581073022
2.04204729443913
1.86856903725184
0.8628300841877
1.011648159251
0.604608063048503
0.741157415905199
0.798063101411215
0.88192519878571
0.644727373668831
0.824494707978262
0.632688325698859
0.759587687111994
0.998099005057322
1.52616708079157
1.22955147429944
0.882457181622779
0.71167248646128
1.06032427112192
1.15152973468492
-0.0586974728664924
-0.2144528430137
-0.292245966181602
1.50438438413998
1.11784180584043
0.899228334293446
1.06861155252231
1.02277590463568
0.87630428530622
0.941341587855728
0.669104098241994
0.41982000550778
-0.212748394380401
-0.260223436138371
-0.605579657164022
-0.347881587763601
1.35297194563382
1.6533744620929
1.54713664224436
1.4547261639424
1.45744046224247
0.951360635187642
0.615136113569137
2.07257757668339
2.44570566257882
2.47317228720946
1.27135743488361
1.20922845770561
1.56324009982948
1.4767404855574
1.06822645323588
1.34233793718815
1.16380929764467
1.32359493355409
1.02401878424673
1.17982451591619
1.8830478828894
1.24148179991103
2.3860253469973
1.12751922599297
0.941460302406087
0.843268614883011
0.738446440805585
1.69943558604241
0.132642212338159
-0.336001874000093
0.468940251059769
-0.658706212865238
1.53863244901612
1.02911528284613
0.805737667290233
0.577634552389425
1.57155672436528
1.81244637174677
1.35615408166947
0.75116553987158
1.35074988332077
-0.0894073084000805
0.848617675542515
1.12067032451522
-0.336653141884371
0.399272765976892
1.12404458039863
1.37975379769132
1.02476322744623
0.857525509517061
0.520342958028434
1.67501521496881
0.621198025753166
0.247623719155082
1.0009864610895
1.69156253516377
2.24217466751499
1.6616248182844
2.1355383685091
0.64063689611677
0.211749774633725
0.943311214727936
1.06963666150579
0.0824298305025522
1.8914057944886
0.85519464842889
0.867842738991244
1.55974463798877
1.04980037973875
1.924103037593
0.762328670075082
2.26683183349915
2.59446367671114
0.36655718800083
0.0321281660091249
-0.525947962270787
-0.403142151519412
0.0412870562275427
-0.679591945400591
1.98775748374321
1.72254098287571
0.500171801941509
1.93096112372436
0.775722709587457
1.11463199121307
0.0575909278768875
1.81813138486111
0.636126065460966
0.919360791065744
1.113792806564
0.743568480990304
1.23316232331616
0.728681791384582
1.28133026298395
1.11918101850179
1.06017863384964
1.26730960068742
1.90049079963877
2.05414054882815
2.80764619978365
-0.280824628343141
0.8667141087231
1.04011877873927
0.605595147364742
1.82153278066651
0.928294472367404
0.441625643181
0.608635409239411
0.855146882966655
0.578664581314692
0.960711414359757
1.21355532216328
1.47209570436477
2.11117439403852
1.70624158622718
1.3149005464476
1.25373694227004
2.08686147683847
0.735820371212055
0.366015601060532
0.0870637446097052
0.988015467811921
1.07538056726816
0.94634285056176
0.944111049702286
0.509692433313173
0.20720254343969
0.560607287279454
1.08916022614127
0.582286299032813
0.805868922775732
0.997049535416447
0.788153855315419
2.55898313404038
1.24804908268047
1.10538757164493
1.46829020558109
0.872682468892134
2.31182984061198
1.26215535926844
-0.184407934066445
-0.0218850740932834
0.305901609119556
0.175701729539811
1.26943396179285
-0.104216118797856
0.919921256802768
0.895052499037053
0.951956587340358
0.711921562502905
0.90240083402655
0.334903797935678
-0.233945411907425
-0.216860755272766
0.0732302633552629
1.14378225771905
0.820885616076156
0.759166483387095
0.87842846399451
0.881962606520201
1.00735539265362
0.938381547997365
1.12564895765297
1.18655174164692
1.13046043991699
1.10630933845618
1.24909486193
1.16017592175454
-0.0160120282202345
0.330143112656898
0.857175974496027
1.44987951166996
0.898412192270401
1.1247543890368
1.61316021509429
2.27483885132859
2.06941722566047
1.90420061399403
1.30607105459608
0.859425346053972
0.972580659561059
0.669769028323892
-0.975708138278929
-0.824104081210029
-0.561247936038077
-0.181345780676526
0.605935295397167
0.584039825991199
1.1688426720325
1.00678209553513
1.22764862744487
0.698023712224584
-0.802827722733958
-0.442512618929095
-0.931574650257824
-0.217979265450094
1.69141875468963
1.85276145121333
1.67608206495646
1.34256242507878
1.40074226146544
1.3348498422375
1.31950651294472
1.22360975061905
1.64574011599452
0.698289849925365
0.968350861407675
0.417241578141919
-0.217225538790628
0.787909876762319
1.55700914215917
0.00300266340466377
2.25526205663923
2.09354956800079
1.27817825545378
0.102364860048428
-0.140743670006923
0.20411543119117
0.484720395368506
0.619989474963748
1.58087839214843
0.891108772671236
-0.0258787053620288
-0.157876133505975
1.14500764239098
0.996698782732766
0.844390132586143
1.42144074968752
0.197828562978528
0.18488245587902
0.422564807258628
0.94574635167424
0.278651522845632
1.09613995178345
0.865176470816483
1.20012005532605
0.971580953202794
0.18805239992484
1.41014625187808
1.18794582358703
1.40602910384524
1.87615499040387
0.509967754238688
1.05613917274022
2.0496218132241
0.205718266358321
0.0128367032110667
0.273899261581924
-0.217835980975167
0.94109514743467
0.309107042169006
-0.310265133400236
1.58160606996058
1.71210434346212
1.43337467800333
1.52930344464812
0.933677935878086
0.259811372002162
0.0677887305895177
1.48735097100591
0.963395029573357
-0.266765919346919
0.0621297302519417
0.646192290664076
1.74668960573126
1.67370426439866
0.955441169871524
1.47264344909204
2.13106229380207
0.407377900482308
1.24130229019945
0.485562136744809
1.13957338687836
0.0365019244860936
1.3011319983223
1.74887341334496
1.41546490892954
1.09654402156725
0.949783525886968
0.92590663384568
2.37808085686091
0.278002902963767
0.0493229616026194
0.350281837487255
1.17534231553005
0.559447185918048
2.10572807059542
0.100236168188119
1.39751606507229
0.154913305978704
-0.249936219661628
-0.857471682525534
0.293726465866666
-0.0151142363425091
0.290770016098916
0.9633642527799
1.62767623686589
-0.495274910303638
2.50090088823597
0.852788804819551
1.09182574226153
0.934301453187719
1.68477562334597
0.720949830351056
0.533595224085884
1.59898005483837
-0.396715810284102
0.985448445689225
0.858048702936917
0.897390325583059
0.704031029289699
-0.29861069429951
1.92506179737113
1.0644901932615
0.28453650927718
0.792380013929825
-0.393417605375444
1.31257901421886
1.05027182798987
-0.0648090386932641
0.85778713845814
0.72739313583492
0.430783684233472
1.25583184578319
1.24767695440479
0.232613656037976
2.48038961050904
-0.0657346931772542
1.42495563427081
0.445693055126588
1.4917615058813
0.448708197768531
0.300996917041711
0.130275307805733
1.47698544156589
0.523965341122001
1.40738509675856
-0.0638393248101161
1.56510764412526
1.64053356138532
1.2769853396639
0.979376924059272
0.767531711316532
1.63967641482932
0.770598022590811
1.14854248295929
1.69878945900649
0.0108448838631282
0.967261348148552
-0.213963794254307
2.41613346802787
0.959287354308131
0.0852107923459989
-0.198503353772286
-0.0644187106412456
0.282112372814477
0.95231745732729
-0.386519997232726
2.22316163900577
0.659565088581009
-0.187746570601702
1.00157687051632
-0.00212824095760888
-0.576817822294783
1.23333311630033
1.3097476556845
1.0099055082362
1.07825069014473
0.874210245747759
0.563702425434119
2.24615906786825
1.98370547762857
2.67307763129854
1.39730951876487
1.38683315420703
1.38804959225219
0.511208221203692
1.0997960560443
1.76808937981991
0.657493909660522
1.14848301276244
-0.251140833720423
0.855167223425779
1.64470585278428
0.250559216359537
0.63550250346547
1.55810097381352
0.104543444933505
-0.0160769371330465
0.325979239660566
0.379722756707995
1.46654992434967
1.26578546928846
0.610794657966023
0.533403824715427
-0.526424490424392
0.679357785809667
1.36091922182747
-0.0262873567413393
0.436967231433718
1.14314293112424
0.735447070328746
1.85245388378105
1.05232891081027
1.32367566546082
-0.0110994036065259
0.890960526630523
2.51677732975027
1.52096141582683
1.63237929529135
1.5967996266206
0.849141277341696
0.168285581176017
0.182132109845788
1.50612416052599
2.47557375591682
1.74311431026808
1.79279160555924
1.9405295561955
0.650333663850124
1.09720659100506
-0.0261169049302513
1.62592896664329
0.516779582982204
0.0992001944007585
0.381522983697388
2.47348916664722
1.25187016919096
1.80206492612999
2.05356321514163
0.722150570050158
-0.0447806638816537
-0.356351843114005
0.678711092113292
0.764224583198401
0.645286886334547
0.0654325064261818
0.167440163596269
-0.0425066646894023
1.32798870846596
0.79066033622856
1.20214574475825
0.789298420067545
0.606641745166059
0.549365692627258
2.97300302132806
3.00623700599883
0.205014029875848
1.33462209856979
-0.0185781655837952
1.46354296520344
1.22314551045887
1.98953657729841
1.08888099089643
-0.0800896146598345
0.0152357689323625
1.3961956425255
0.00499790049537381
0.100084190864618
-0.739310976831138
0.785985234849564
0.894152811372287
0.0955159874601472
0.652559219445555
0.173235929833341
1.44521894205086
1.46530256171559
0.291434850676953
2.61157316991464
0.678654546846809
1.1421375655577
1.04791509991534
0.717429124430274
1.56465156328825
0.298863774574696
1.52869962019157
0.433955323026009
2.1050332036928
1.06051547629891
1.85494250403423
1.53882213207125
1.45603080862321
0.888478634495711
1.18367835454105
1.1608168953107
1.37520816674368
1.02797257658883
1.73301794340235
0.90434399564789
0.322091889036219
1.79860912988456
2.12469447999506
2.12900170593239
2.01916640164446
-0.176842159838543
2.48182528320743
0.00833273423213232
0.23603573523785
1.79558542810169
0.148804824523511
0.52550889919236
1.29748641683872
-0.897310407756016
1.11296916924267
0.818793564404333
0.330769757006945
0.642687901774069
2.89768689274249
1.05036785116795
1.11999295608334
1.34426300804464
1.83850449161117
1.24357254515341
1.18189010084959
0.380582713299481
-0.136666502840744
0.494063079313658
0.329328901350717
2.16408925900094
-0.876181020475759
0.155019381414182
0.997604079580252
1.27889590767002
0.846675940929169
1.1391472356857
1.65772746470905
1.79107782855652
0.923349068419333
0.250642540760578
2.06345521903301
2.23185792723393
0.686725225491298
0.862274010812615
2.10572739725279
0.855803790385576
1.45847664274809
0.594726162630307
0.506171951336099
0.992182072867725
1.14216591784575
1.41922741537059
-0.272065358098262
1.02534659320383
0.736008792844515
1.89979169936917
1.48318006805908
1.88624232589373
1.64820749543527
-0.572372418371054
1.9971124628164
1.93860298654342
0.69055440271666
1.94495433929382
0.531673770117569
1.73286374936394
-0.0613285335118078
2.21780038626912
1.76463735179591
1.22803324359145
1.43526624452515
0.663320468901009
1.7024366721551
0.8101227988567
0.406941870457901
0.546170170778065
1.81245375648198
1.98825444335735
0.340672397998922
1.55667697073489
2.00626987066006
0.911633523910721
1.16948940971827
-0.858977595345296
1.6381897033452
-0.428896101921733
-0.00993797143929565
2.13362835846192
0.950675337441765
0.929127821029045
1.24265356422054
1.02645906800832
0.0733047112565319
1.55408409211982
0.626326944974121
0.550774488385468
0.329643172973362
2.70240873375786
0.196097419626598
0.714160406244091
0.653562733949634
-0.356869215466189
1.42241222078692
0.470702896815
0.391780901663718
1.18975420566733
-0.0338777446996899
0.910333099832652
0.116330044878031
1.46437957831749
1.02613302149158
0.849826246207656
1.00937930059006
-0.117517876440062
-0.248988982632228
0.354688684804951
0.136936601955579
1.91768987240107
2.82432116171091
1.39626562649769
1.20483701749841
0.731827553813124
1.6064086902781
1.56713598172411
2.276870702205
1.09167109823051
1.18088306494528
1.25227675781742
0.9934864707545
1.17480074606317
0.738314475707827
0.434280453513587
0.998476259764782
0.952561862627913
0.360560186971703
0.81435655325912
0.00982891892341404
1.34575076755325
1.41994514664993
0.0897609905589488
-0.0109138942391122
1.48987660572921
1.43164176144198
1.16028658110421
1.45464999167665
1.10335858247633
1.05380847991208
1.68521898733589
0.329307289700624
-0.0440445130212272
0.834352070246663
0.817596393904792
1.03907417523205
-0.0479961310733778
0.975992323175989
-0.0659771006382802
0.976409568068466
0.772635208318805
0.84811718507054
0.0697011273728252
2.01386173289331
0.0155610277537982
0.0969855323274965
0.76033375578976
0.231623861169352
1.51262565631684
1.84327911941668
1.45920454202031
1.42258592755918
1.51893280481402
2.29608927979159
0.949922326117899
0.735152804979398
0.650922668930591
0.700405227983072
1.46363983130982
0.566520897272839
2.01774442821038
0.866574380402381
1.49865817902804
1.94731973898839
0.326694441165723
0.779548288992958
2.08950315109145
0.957520653454275
0.626329920849886
-0.173397739027198
1.93441391962541
1.2060826261309
0.997968388881279
0.969988256155365
1.62454021271369
1.14990184167348
0.863033673741997
1.28467623531687
0.589654774772452
0.193930040687089
1.22530413631675
0.684446599271663
0.848610021999891
1.41296007803723
0.663636521231261
0.697414446370435
0.946398389588227
0.934919222334579
1.09856026651485
0.161515086144424
0.332256596722065
0.178303425353158
1.03732804589309
1.87992967950947
0.438407687421148
0.840632242712872
0.29059626375922
2.13029490362056
-0.100443614309196
1.57592296538873
0.76759979974523
0.98615741521121
-0.18841835054562
0.195146826642738
1.02644978864187
1.76290104863588
1.52762831738
1.1500506951963
0.803764983031632
0.172604728130829
0.865121354685444
1.72323288239451
1.32334127797115
0.166638046197387
0.79852988053177
0.943367696633724
2.11712888861498
0.430188621680267
2.18141962175965
1.32375132231435
0.717142917617643
2.15831255033963
2.33467274284975
0.167770400167781
2.02529392056996
0.239402527791669
-0.581198009825243
0.829446347772843
1.80169908881038
1.73522646328154
0.470114699579292
0.748399548903183
2.52669676740561
1.26684402045937
-0.310150375332305
-0.245439067721836
0.986167632557368
0.824190888503697
0.276520629973557
-0.551406768406962
2.04075013390541
1.63240166885521
1.02057089401013
1.08316886731303
1.19599982427811
-0.169545738218209
-0.3128985365997
1.67719048755651
0.270313905175703
0.10262237177273
0.214449950533906
1.04131545060875
-0.61707665763414
0.469319657235062
1.23413047192949
1.31771600708476
2.42448142514831
0.965065130572323
0.9583166395817
2.20853742470708
-0.513645920603195
1.377784426327
1.27058826601729
0.933926852343191
0.883244224639826
1.39663600333788
0.250332866693991
-0.336593966709455
0.895932506380999
0.958200931936961
1.86590770249204
1.49146128930447
0.814752459906605
0.565274924695686
-0.160128954386865
0.810664154395135
1.63988215646803
2.05467274174221
0.900285256432868
0.886203391007963
1.05816679321474
1.02255364408162
0.768617956826043
1.33769472408745
1.59293499895894
1.88255600670708
1.37842204934933
0.965667436589199
0.987523802222325
1.02020448133194
1.00565693995645
1.06821626284025
1.09634423696889
0.964934573108455
1.06315071003049
0.865396107768586
0.786312352314231
1.06269291490394
0.62521958424552
1.31651448223286
1.01568012539926
0.78503415314579
0.583046881477424
1.41321948024497
1.30983324286061
0.962495610547862
1.22742182784093
1.37338211529011
0.919448115198961
0.986525751274788
1.14239560209964
0.513333087736231
0.882120082241542
1.11502929590005
1.73847826394247
0.806402950152841
1.20846712876006
0.646320330701886
1.74118743986705
1.01249194487967
0.741282214603013
0.574640216082702
1.24699376411036
0.688760488901435
0.937195836733301
1.0449194447655
1.06159187235139
1.25818736383456
1.10547172366128
1.10732097856702
1.13192782176203
1.0050845520977
1.02455825604377
1.04309776094896
0.817236014797207
1.29658658766514
1.09213393094787
1.41394803032989
1.13535574073909
1.15497138078042
0.982859362790946
1.17471749326585
0.952700557418281
1.11892654390041
1.01683097112662
1.20161452541779
1.04291678071453
0.733794512063314
0.951590532259679
0.867054359808113
0.962531586638218
1.01868758261147
0.744925394036359
0.87380476607797
0.830024400873569
1.12025579703823
0.540329296464267
0.747517560937488
1.0469063912964
1.00390166152717
0.514221475392193
0.747976509345
1.28844254219958
1.02945056302682
1.05249435261544
1.07184776855215
0.898634797824375
0.8843510852355
1.08383293680917
1.56244973511049
1.47156357049948
1.02030482150704
1.02926594298586
1.88988057981342
1.86981460079896
1.57001175935688
0.966992554745317
0.954529885037099
0.91118896487218
0.761425856512222
0.738219108103534
0.996804040767111
1.0180189285397
0.943604979188822
0.846170054595406
0.931427425914535
0.94414259195253
1.08014756699716
1.05971127962735
0.930769933022897
1.04016490847042
1.361586260634
0.620415929887245
1.35323385115939
1.29959278480454
1.47003396401204
0.55226420196416
1.22424241663762
1.30909311192726
0.774837758868491
0.693947738712318
0.567422782164882
0.996193922320759
0.702114792883621
0.428997086824194
0.536343382916387
1.19883972320935
1.21614055557742
1.18161450356327
0.871415069974723
1.15482619201693
1.51470152096803
1.35674435116696
1.25175475611472
1.25176750823555
1.09737396090282
1.1349337989938
1.06125280043148
1.03468687203121
1.1902348638972
1.11307486081002
0.98920966829917
0.947306420677393
1.13018890747425
1.03481275790463
0.738535515431425
0.987835417972256
1.0466261516086
1.06332753070408
0.480887358216011
0.488826037149221
0.486941991368291
1.32593019044837
1.21765560542905
0.819813433003454
1.0813273259837
0.911452113503986
1.43147412440766
1.09837769928853
0.749974192075693
1.01576169942922
0.732285767006058
0.764980372089254
0.832081105604783
0.559220295196624
0.706293501444257
0.863316908554264
0.835723179422742
0.888208149683108
0.892737788239766
0.887096846102271
1.01532325953556
1.0152890171885
1.39369253786584
0.867612777376209
1.14256961918517
1.77297679654809
0.441880785781187
0.698537594335042
0.876118266378649
1.2440879054131
1.35625710145731
0.939801611645228
