1.03700096095388
0.688023115775238
1.16469954956017
1.12658274605679
0.404320296898689
1.2887307702507
1.53437324663307
1.60231053440382
1.68657901181953
0.136448311025979
0.62931869801154
0.81058457777668
0.974941822676573
1.18369540171597
1.05130258587253
1.77811821408999
1.80396585491184
1.79700689747315
1.40031380261352
1.11105576810831
1.06365791145109
0.395159279665151
0.759777843522397
1.15620379237172
1.56120007354231
0.938161619988061
0.307582835721418
0.905491425305505
0.581840095975948
0.499200365434396
0.851748194842805
0.814599431123721
1.10975620096584
1.03135982934436
1.04914736033192
1.70896010619033
1.85881674129301
0.973987738971715
0.692015593047545
0.984651924711396
0.561568636703144
1.31614824450073
1.27959437589895
0.455633835820837
0.939024708135911
1.02003577815248
0.302105608799133
0.326361745005822
0.463186351818978
0.919608048031596
0.492621377947499
1.01348353125789
1.02908682028147
1.2987505278789
0.780933015531676
1.24289922750081
1.25518853210515
0.91861415595517
0.483776418405525
1.0507526332531
1.6478026611143
1.07115396900496
1.17915736339279
1.44668199605938
0.2179174104569
1.23075412641777
0.333872378624514
1.75107305814764
1.64323658337108
0.432064826662968
0.377663468269345
0.441165857112659
1.08437807998558
0.921424625389988
0.333654627314163
0.659069034133217
0.92074988078637
0.756768712149198
0.85903438921668
0.658660327528714
0.885885624494226
1.15134455038827
0.66601788192188
1.1356804370854
0.944079948286208
1.28124611596855
1.26258573114907
1.84132276133145
0.48076537257185
0.928761726780966
0.979151298080624
1.84424025930287
1.41704214591485
0.734931319467969
1.01345433866263
0.966260160679848
1.08568124714064
1.19678725645356
1.10379520730518
0.479495975502016
1.09182087160443
1.07871506736795
0.976128402806698
1.21635805815726
1.22202826381571
0.939122506298517
0.376745380246404
0.493624420523269
0.544506087284265
1.12498021072562
0.892552259429225
0.96417372373462
0.192831449606551
1.02365871850053
1.73798079416389
1.52232694097131
0.841017517385463
0.991041730784151
0.833967810619004
1.0363176893664
1.09654000540876
1.30943469148298
1.28705176457722
1.24670430749939
1.10880215640915
1.11207997084763
0.955787615539262
0.97384415032826
0.884560840490309
0.970627045574044
0.570857862358352
0.613399558372616
0.692962037488347
0.770123453805473
1.01852584627529
0.901101867914753
0.771914641758622
1.38400417236526
1.81290504003161
2.2942264065806
0.905567322640763
1.53153532694801
2.04838378198561
1.86631258680315
1.3947241015574
1.84153626165888
1.03047278749382
1.79522928421913
1.20067577559206
1.13455997086092
1.66768660725838
0.238040985663314
0.0260914089848826
-0.0666782854192172
-0.294293696223149
0.592973985840386
0.141904843151894
0.192863023564053
0.210715453511071
0.374131898863155
0.0955474841770638
0.345199007253848
0.491556582372988
0.365468470452641
0.461393770833328
2.87261889509911
2.73632429359951
2.19972269581569
2.37775505156567
2.50366163441047
2.881901668666
1.82137801748583
2.16290913370768
1.96193328438357
1.82044514276758
1.6031028711614
1.63707816500477
1.62408942294992
1.37104481080318
1.10046691267385
1.28735877595769
1.60801440919651
1.77567944662112
1.0857753099413
1.1679579181054
1.4643059017565
0.737108645952284
0.96137064446439
-0.135791468736819
-0.582840504224884
-1.00276493713746
-0.769689104930202
-0.875884613326616
-1.01735360674911
-0.793100037468907
-0.744589642120461
-0.546359402925333
0.0646330586986231
0.366041398395793
-0.581854427927433
0.762190658071767
-0.862929212797357
0.381460189847091
-0.411181341104927
0.705792355016832
0.64272396505594
0.00994288370526358
0.27379057382003
0.746098055011413
0.670069449511089
0.930068957876804
1.15054766304935
1.25522529460381
0.986887851243134
0.802168732865566
1.43957093398989
1.48843686453274
1.22639530616339
0.759593549688316
0.519190262890912
0.672951395363156
1.10717551278077
1.90480236581182
1.67780074076117
2.03850974421932
2.18092578431816
1.91851654285837
2.14129311539653
2.18757806943282
2.38871096383632
2.32619369026409
2.05009025663964
2.10506629212046
0.838706952983384
0.90346699209794
0.415708784964866
0.669689653514161
0.568743165242801
0.944922905625574
0.525442376103834
0.804731929101908
0.533362998372467
0.757090427110598
1.01404677019101
1.261823250705
1.26344288749068
0.936337694433862
0.668747415542615
1.09771658418414
1.15466901953772
-0.235004603781648
-0.19856185094257
-0.329579100875915
1.40509151761826
1.05076433332539
0.825304202457763
1.0917975502258
0.977503463323496
0.770801135083537
0.857199296871934
0.664823392646059
0.414305561842417
-0.133018439258532
-0.272159800519037
-0.658773382488289
-0.329428873854203
1.42611667004027
1.66048637713427
1.41783611867745
1.46280269571506
1.43137506761924
1.0983835333446
0.466054267265805
2.05027500908061
2.24857662910147
2.5321185533212
1.37570013838982
1.23520758592392
1.74228942829924
1.63732404430489
0.985139355562357
1.30364959471325
1.11870369812109
1.26329206352606
1.05811470216554
1.24816543012208
1.81515980049709
1.2780755113698
2.3936962360693
1.16259045793122
1.03187082181457
0.907072069201497
0.715654505276445
1.5502433111718
0.082165611123898
-0.126239001972621
0.465285103545125
-0.763050746351267
1.42755838863115
1.07170138638681
0.963745728264975
0.64931769558139
1.4775117259779
1.9313668672916
1.52873427106893
0.835546101627803
1.39610470145115
0.0183171479832336
0.84076396367214
1.15471496573975
-0.25153655343547
0.346841508250427
1.31888146439316
1.46755872877254
1.03339082493871
0.869519424951565
0.479870347060207
1.70982765443266
0.659857603830754
0.389580998831402
0.97932334870445
1.94987272151442
2.2332076817706
1.93946634331366
2.20518848828884
0.616115189876779
0.0945501981681121
0.87144448230667
0.971967648203109
0.193315225779726
2.05950249032661
0.899319767946509
0.725157180979155
1.52496525735473
1.11396325044924
1.97888627385005
0.765563151591927
2.29095930778195
2.70028567941497
0.292468292462766
0.0348840041811544
-0.356852234917133
-0.211590915466359
0.152967764533672
-0.800179693993512
2.12193194280033
1.98152968555878
0.447665156914471
1.98405384677967
0.624456850440428
1.17381118134226
-0.0482416665656682
1.76272645501382
0.682643820573107
1.00270992689513
1.11926843224503
0.799258212275316
1.10989330885183
0.70385369799522
1.23515141646222
1.13790133677421
1.03489466775227
1.33904613611047
1.83188521593152
2.13874511516323
2.88337507221773
-0.132046479536838
0.819146885291361
1.04872135183373
0.618172569245603
2.04198143281471
0.897603135485409
0.517064204496686
0.557579593554333
0.919231042838554
0.663801251233923
0.688132647787287
1.197113057417
1.61469548446922
2.04653220787424
1.71342356875789
1.24631537687438
1.36531198483645
1.99979255822524
0.666075404293192
0.295874055814639
0.184124721643942
1.02446119662046
1.16095122574822
1.02430426658735
0.953846058298603
0.576889407260439
0.207816432277297
0.671883398434614
1.01214359129569
0.651198889695766
0.939623373486097
1.18526275582604
0.83895593054926
2.73604263363492
1.24764879775152
1.04629322234113
1.34309320342459
0.964662350342135
2.25981949053992
1.20593533292115
-0.014154623484572
0.124289531637777
0.435201939185061
0.203718795392904
1.28240917575537
-0.241288837762268
0.863044734029569
0.921073903933936
0.828345455379586
0.700232874559234
0.951991467969919
0.415299969983671
-0.147061943556699
-0.151861377359367
0.0730083890108495
1.09923190532552
0.788863990622227
0.740180093980458
0.948988957244842
0.873052054663966
1.06852370271602
1.07130168562049
1.19747651113382
1.22492951817133
1.22578858578918
1.12631147713728
1.21037088307141
1.19977869982515
0.102848766215724
0.364018594615079
0.908500221375323
1.48838455743545
0.760843384851356
1.17294971221114
1.61561681887926
2.24021501189054
2.09067823473293
2.09808896610919
1.31393598645297
0.91949910122394
0.992969827461763
0.684292558959614
-0.926482675833935
-0.953842457922
-0.734078558719581
-0.344346009788406
0.580197985691194
0.626751685260328
1.15910412510725
1.08278213930032
1.28083623948185
0.63585681672025
-0.881175347410013
-0.418486182766863
-1.03201150829995
-0.255848090258969
1.63781894074307
1.79256371110971
1.60773682237924
1.31511884688909
1.34515175891175
1.24320074136055
1.23000534706868
1.17557236131194
1.70080912569207
0.806216062183012
0.85111491025297
0.58840427302317
-0.0338028922551194
0.773556399412241
1.80973005019315
0.134536175126741
2.1337134568853
2.17051622498683
1.23917536214519
0.182122431014525
-0.0444835077988758
0.168782393956772
0.562581688193131
0.642226663644513
1.80275661538394
0.931254739237043
-0.0166911610571946
-0.0678871855693796
1.26097262303407
1.05457515332889
0.797177388055791
1.20207947748571
0.275390038418717
0.283240532989094
0.538129600076736
0.851908079041333
0.312563499696619
1.08593349819827
0.898990331926514
1.22889175051818
0.994991069234848
0.319421989646385
1.23729325001097
1.22649204949448
1.51891636528754
1.98525021232688
0.563442378708219
1.11155985729185
2.04490507128803
0.204283462791299
0.0808508126399192
0.357790839121027
-0.0876385668013826
0.865781432069043
0.324279717894163
-0.183658417541161
1.56150736922296
1.88802438430919
1.37684797732936
1.55623377821759
0.888286620357576
0.280163402192709
0.196946773804238
1.44663091544643
1.06902727173298
-0.290986582319269
0.0979570185088518
0.596939373758676
1.6670330581924
1.69254063668006
1.06529888512407
1.65684178322821
2.19871800331051
0.508649829799732
0.958971193774867
0.556387163412572
1.07440775628622
0.0541212726159234
1.46154118172734
2.0117052544294
1.6132666985832
1.05748940350544
0.876410195366508
1.01168210618663
2.5291950217539
0.389450832087032
-0.0432334215745127
0.455811007595248
1.11058743666237
0.452047746073025
2.03971221698425
0.110481101743091
1.50644192200295
0.11681523295922
-0.218420019050009
-0.976296923056381
0.33432724903998
0.107992471717675
0.286514528288051
0.961934669415365
1.63526020579227
-0.570783034908121
2.36934928733357
0.891530303786903
1.28104658601052
0.778718771275984
1.43837068547389
0.782986287024956
0.491429874166085
1.73875842330332
-0.527592893358542
1.07777153052825
0.862780729655567
0.878240110199647
0.742610085987313
-0.145609489278465
1.78935002572749
1.07023967170277
0.370640401359922
0.869065908597431
-0.283144188055849
1.16207901026225
0.960912840512968
-0.0388794803515972
0.766228073121665
0.770723743042655
0.53317787691587
1.28865493300398
1.25019747830872
0.25477680473552
2.42654352394674
0.0602516489675923
1.44215468493757
0.577305057033646
1.41821751129437
0.495441704489104
0.352981251859144
0.0164276846923676
1.53477316978963
0.5676564589348
1.25450914449337
-0.0310441576264216
1.82978273142031
1.91302319417279
1.255710635649
0.964268658782683
0.83247013059256
1.69683695016675
0.70334517406893
1.1221133438272
1.74021801169523
0.173351039346451
0.946741186627715
-0.0570612487099377
2.32233425401585
0.999821945992402
0.206827485917638
-0.0154050726905899
0.03376104016674
0.35526134501158
0.870064704928478
-0.31945945014624
2.33310203261837
0.766178781414259
-0.15111027067936
0.964480349438136
0.0699034081186205
-0.595838507165002
1.38011241889863
1.46578690474382
0.963470374096592
1.14123797136203
0.943972309454369
0.635287361741598
2.27278067946009
2.16692520991322
2.79161832174898
1.3175379893462
1.27065179608972
1.30558915252108
0.59136495463722
1.08543862225553
1.97026392730617
0.739919939305239
1.22751872757139
-0.0898312203488076
0.883804836877133
1.90425426671782
0.231995311320541
0.770028655666641
1.31695409864995
0.223099802689264
0.127022186886505
0.446813523938288
0.284297824243215
1.69268339105253
1.32177117807631
0.65500966786413
0.551996420434377
-0.474791556839399
0.780380088878502
1.44888152820666
0.0200057812495725
0.482307010143698
1.14153933483104
0.71221253621424
1.86702977740182
1.17103109451957
1.29509357849492
0.00184263364871086
0.806627907600433
2.67572033627315
1.39389585336193
1.81683690450612
1.69725186922393
0.837751103593364
0.131296967314278
0.116159841408685
1.53540074242343
2.44822911837772
2.00801854397935
2.0534465105432
2.10019628658887
0.465353036443969
1.16484495979021
-0.0777645451224453
1.89289441745108
0.397653540264421
0.245138259258322
0.334238616407695
2.5446096560732
1.45171101383203
1.91101501110168
2.05012877772942
0.766909639473424
-0.0431593961665262
-0.404090241268824
0.695792329858495
0.759886199514935
0.662183974428145
-0.00871781518358956
0.211899910528366
0.0272470445335665
1.2551013985528
0.61624061742892
1.21924848531927
0.991849548238292
0.651690681672531
0.628539639717896
3.18060722970823
3.10932303958685
0.278479007136789
1.37260220663763
0.0730019093091291
1.47156117348853
1.3023139704119
2.01137226475251
1.10272236778002
0.0353702639294981
0.0950301441678411
1.45896382755497
0.0596119084642658
0.222699327886679
-0.892996986328713
0.876937826852653
0.822783505484826
0.051815027974399
0.597246241142423
0.232977315396057
1.41243267478306
1.5796766989825
0.393629456715589
2.68523080561008
0.799055204875503
1.07556642362664
0.926078439317954
0.600780053837293
1.82777506116984
0.283321827118231
1.44422699786474
0.38675276417842
2.1508801456151
1.20136733516082
1.88317745979923
1.43930142660489
1.43121318015606
0.901398293671988
1.18368979763054
1.1450127451143
1.39422991222743
0.989985792111812
1.9206298641132
1.00474614047708
0.359133719547603
1.7460698420564
2.07309338497368
2.0013372460828
2.04691327004113
0.0141027291216193
2.40473198218848
-0.12673203073674
0.263873581542176
1.8132017273798
0.226491541153389
0.391166780716823
1.42937761260105
-1.01569331395332
1.09668710901276
0.847957128234421
0.327398963608255
0.623866843182533
2.98983175223942
1.0574160083923
1.10304406330089
1.29047554647086
1.8899159298518
1.31302198493517
1.24178954785067
0.48309377867548
-0.212899897225882
0.602701515961909
0.287454532879643
2.06148054357007
-0.857144124527853
0.253887535147417
1.1483588710383
1.21892906267101
0.566502531523279
0.791581218078547
1.68721612855523
1.9462742768092
1.00831016571683
0.292940662960401
2.01792540547637
2.18333219127427
0.67698767752887
0.731731853648139
2.08070291146433
0.897773893306771
1.39930797666181
0.610588828553372
0.528441273440483
1.03269020485123
1.08638622924411
1.43125899130007
-0.08186941412511
1.05089050793836
0.689470405356488
2.06481463947888
1.55554951260474
1.9443830898243
1.77806640929067
-0.625597203945514
2.1420994796979
2.07114316019536
0.667987575854741
2.05786539067676
0.554814363654935
2.00082589059215
0.0889065655302502
2.25144087683578
1.74394751397835
1.20163885434553
1.46038625551643
0.705371176638191
1.94387641369941
0.694307051504706
0.43205167633104
0.563333600312969
1.85772372163976
1.93311922705017
0.289504957379245
1.59231887707159
1.99706394863103
0.98045633803265
1.22013034135125
-0.636899143596461
1.76413556776205
-0.476757468285649
-0.0412027514079127
2.12699942700958
1.05277615706586
0.800875928065251
1.24536313554703
0.806171930604275
0.0351203086688469
1.74273327348658
0.669909268901365
0.608912172173586
0.317844188622583
2.73318517038647
0.166153586223533
0.681589854024181
0.653757790615518
-0.327338363884416
1.23132128070499
0.560278699461315
0.481122760621441
1.16575263587445
-0.0147191520053822
0.994378123616233
0.0819949392357979
1.42108236467612
1.05336819459345
0.877826019409657
0.911287758301017
-0.0640250953590987
-0.176823753975083
0.514522375146025
0.239454179209969
2.13299674912278
2.78117682691673
1.2974392096366
1.10510437521104
0.712591510372487
1.50349101335606
1.74985611103881
2.26187183079199
1.18244779810685
1.24000520619683
1.18730604700723
0.948411162960328
1.03696089197317
0.758397415433326
0.524192575142556
1.06850877452903
0.950318585418657
0.396427437324421
0.847611356427378
0.0591072429156886
1.26055420715185
1.14689853335144
0.175964982945979
0.00960651542139326
1.51253760636443
1.45394777350595
1.24947528685023
1.42509103614207
1.07029924197561
1.10029406116881
1.92147529886469
0.346716791507173
-0.0760618299476289
0.907748804112935
0.76909934626019
0.983588061711021
-0.00478478717996328
0.913272558055308
0.0813237910171116
1.01176789608732
0.807269013349158
0.901130717827717
0.20566758918642
1.96094196919788
-0.0120719543580494
0.140721774396777
0.602647703208373
0.226907166570679
1.50915472633034
1.81542995890396
1.46218294670639
1.59733731626216
1.57207663969397
2.22179249592601
1.0007434220817
0.830906484467047
0.737500617675399
0.78290379743301
1.28085265415954
0.490170678546266
2.19109773826243
0.84919984005858
1.74498381351253
2.19884873963287
0.42243951848037
0.748462585251536
2.1389897769994
0.982028939075574
0.694878938871396
-0.117749973602713
1.95992604292658
1.14912618956556
0.92376589159977
1.01083297172479
1.7565100192403
1.15815787750154
0.973142101459686
1.307653260141
0.52730747503094
0.180165434782075
1.25287506482082
0.570690125834269
0.82526712863625
1.32102495424894
0.727173948753614
0.748710920734113
0.955915053554614
0.942386368320075
1.25414826737077
0.292925881102089
0.450852857974589
0.313872524006507
1.05442788119758
2.07155700023075
0.468801221967242
0.904986475080867
0.172388264469045
2.08865241673211
-0.0279181342986734
1.81780788502359
0.816138139574399
0.989878145377088
-0.169301078581258
0.0683374440490814
1.08139837239681
1.93176263070619
1.55882616116841
1.14319133951485
0.719520309697031
0.306966925151842
0.965336823911372
1.72769591506479
1.42648539179896
0.250936436348041
0.752141404422647
0.94212604945772
1.96838409981495
0.513563796581662
2.22300560512027
1.07241663775072
0.71233805462564
2.04067683964127
2.25032315183776
0.133169824824774
2.03311874152555
0.34642888531184
-0.717538921696773
0.878791062934855
2.04442912930414
1.95510500320283
0.428294881279024
0.815221165163616
2.56436707451353
1.40352500647773
-0.339827507784088
-0.174561727382395
0.889444898491542
0.849849432776118
0.391046368718713
-0.514176066753168
2.12741334551982
1.70289067150818
1.106477384823
1.17665275468407
1.33396688265362
-0.179298360935245
-0.220522641663125
1.66006777823929
0.319046197239833
0.193955819205819
0.289288538805396
0.932536365618564
-0.661284987539464
0.544763099576173
1.18435013061531
1.23511791787743
2.52498387294662
0.799478184090527
1.00990946169407
2.11399024127896
-0.56421996866742
1.44617007469556
1.30570644498552
0.848713400009964
0.910460042086497
1.32107081268554
0.199431921111476
-0.248798478970106
0.752187519800554
0.919264705518804
1.88170714927233
1.6525983433761
0.611950733393763
0.550379889394377
-0.266673624445855
0.842048376197244
1.79978480919875
2.13658458793473
0.955680418748714
0.913778537355974
1.01908061763027
0.985817634585155
0.77681400330698
1.2951056489661
1.49266807733035
1.75052630499872
1.29399748588217
0.876687317625791
0.930494484352579
0.97174820514374
1.03081160011753
1.13168762870784
1.16978540970743
1.04390550004756
0.996651560908103
0.939200040010249
0.763528426529567
1.04300938466156
0.472353183582123
1.19431395222204
0.978000023914351
0.805115378412212
0.65109347738517
1.5856044285793
1.31458918123695
0.903054875862887
1.06661123359226
1.56329385827748
0.987219784513525
1.0945898154997
1.09405341291391
0.512904550516123
0.8245037060166
1.06133900459411
1.66177163201888
0.85992856966463
1.35688937806376
0.639870037736104
1.72605367361014
0.979341767563154
0.606919873698256
0.599766768627172
1.16828570073589
0.767883405190154
0.944724045304318
1.01334919588013
1.11391907301499
1.43546529187415
0.996475186458561
1.18389158552554
1.06046393594599
0.98935092576261
0.917891362155315
0.98108086104924
0.845835687618721
1.14117521764249
1.01079693964171
1.59619164405536
1.2260732139501
1.25419351428736
0.923443187374343
1.17048351300751
0.822707391668104
1.0408658116239
0.961202778499936
1.2038740427937
1.00911509990029
0.78923182664173
0.918128159696534
0.890765298507257
0.939281996536954
0.973756376028496
0.71056001680128
0.838056423863612
0.790822102702204
1.05718725377494
0.539702492795165
0.72814082042657
1.01455258290856
0.955215298579994
0.566472822268886
0.782332199046823
1.46637722544702
1.08140994058064
1.0190197357784
1.01425991538217
0.957885895868388
0.935075550112197
1.15974343399306
1.51678264240326
1.42602369028737
0.95015748853755
0.983739936202025
1.80665248581012
1.74809284599469
1.49875238068342
1.02546914566515
1.03861938513966
0.970491297124365
0.757478437144091
0.73987831669295
0.960753007888899
0.975877202398559
0.845809311982512
0.754721315961973
0.840166680535687
1.0163487136526
1.12836864671814
0.96684529818598
0.97650663847588
1.01245391040119
1.54457990676231
0.476008211484145
1.19723793319089
1.12127014247109
1.67408310968886
0.641135298439717
1.38074711830639
1.2211356179948
0.791837522926747
0.780366991650586
0.569735696945378
1.06895160300519
0.747845118855876
0.427669507371275
0.543838906351921
1.01844788668108
1.24231286557946
1.131317899155
0.910707212257239
1.09240826814199
1.70762027841673
1.51620945160283
1.38200845663598
1.38197612270657
1.16800915024416
1.22079798275495
1.08262517986952
1.07580870999163
1.09544293632365
1.23197284779854
0.930058918594985
0.891834028853264
1.07796634598185
1.00720302125686
0.798887310655414
0.967093146812379
1.01332444562327
1.03738009226267
0.495647681340443
0.560534266287203
0.532895817753871
1.52336378109635
1.22047711833724
0.783156400411956
1.0581644943201
0.983946879211872
1.40206497863219
1.01205278564507
0.761347579592259
0.948889339673655
0.706785137818178
0.742883820315259
0.788782554626004
0.553642968969406
0.710728802037121
0.915473646345168
0.881107692458937
0.945686654103265
0.880248220048621
0.879072075742957
0.970410201189867
0.972674488916599
1.60132617160675
0.735517976158539
1.06854093728173
1.70430701906777
0.306007556727875
0.579058531596062
0.737794808819133
1.16093269443032
1.23534490620899
0.890236330476333
