0.99542452715663
0.671426923828041
1.19732539374877
1.16790639825088
0.341315802676582
1.26056947504907
1.48457991263941
1.53916071254862
1.6092441916277
0.164874901542636
0.69307837007142
0.856548617140374
1.00589394392497
1.19646268820916
1.00254568786389
1.70090822027812
1.72285693847122
1.69443343281252
1.32267158458218
1.06796629856596
1.02315946959924
0.407514257867596
0.811436053534599
1.15593730269253
1.48355272041964
0.873846140420672
0.294271516677016
0.908017095191493
0.508687581011441
0.509442905974723
0.855407027327713
0.764839930952299
1.13268234650572
1.08388078702593
1.06216647194143
1.63762849970348
1.76594632766561
0.940884693518757
0.69393552230925
0.941443629634911
0.587483460838429
1.23786706458174
1.31750709284949
0.374909886893027
0.936317532255753
1.0461105424314
0.378203555469588
0.33836753672497
0.41794260156446
0.900154027102306
0.411279748575403
1.00510400836941
1.01931887881907
1.27732251998824
0.725813446917176
1.27989909954009
1.27447067042579
0.934407295741455
0.409780740966297
1.05454958188763
1.5487695366559
1.10106101051706
1.11294510943415
1.36583979173542
0.206472405745854
1.17229116418681
0.336561608460841
1.67808650323381
1.57017173809724
0.376051709067376
0.390732163481598
0.457422445732616
1.13155642731673
0.977529626667782
0.303558467836601
0.700064436101916
0.92712121812058
0.760521748815112
0.814271142773649
0.593511271203218
0.821734927774318
1.12705041385889
0.661894733044013
1.1587631978559
0.951102498319711
1.31191881050053
1.30410443613513
1.74314390030914
0.551878101985291
0.962564461605878
0.943551055206932
1.75714817875129
1.37888926513582
0.703260021192512
0.9727520908021
0.910128086431421
1.10801243825768
1.17457879613152
1.1305491865324
0.39768107478141
1.08486684731689
1.03915761554219
0.968118233032434
1.22539777638438
1.24482736906019
0.963951032740251
0.308257546323774
0.415511818207063
0.465758938054393
1.131046873626
0.886622618032629
0.9696472120006
0.253726121457062
1.05555365636428
1.63461158070941
1.4335279582238
0.83777309352554
0.988602607964637
0.850626468643138
1.02622314539751
1.07777602351263
1.30748840477224
1.26022307993437
1.23902117458598
1.11760562158586
1.07958426930399
0.959951123959069
0.972718169158242
0.912970527717127
0.97726304427116
0.563329575420968
0.619645455780044
0.728725311833804
0.762446878313177
1.04197903004987
0.902289150900357
0.821479007151469
1.36833187193036
1.83580820441669
2.27659597763778
0.910970884795312
1.5029863796764
1.97313375958127
1.79470310169769
1.4113600610256
1.89030331421445
1.02430184708869
1.75429798979407
1.18445640098646
1.13168943748123
1.62698802093614
0.255052549380794
0.0751259951408913
-0.0637499633762219
-0.240272368881113
0.523356599112813
0.177308417705974
0.188268238618343
0.138061661553758
0.416564908978425
0.0890295691504474
0.384820165742272
0.455286716891438
0.370202450854409
0.527286242176557
2.82821024873909
2.66482913213702
2.1822204427279
2.34798893334541
2.48332190361081
2.8410425290648
1.80925913027523
2.16118106768225
1.89150547267003
1.8197715663824
1.59630082552318
1.62157506913817
1.6205500719603
1.38302433728955
1.11092611310275
1.29273727589244
1.60865107776177
1.75482018556524
1.10000609287166
1.15133264331367
1.40780863297456
0.725731862631536
0.969875726585222
-0.138874926435623
-0.567265180691072
-1.00059960033689
-0.856043392339403
-0.834785661600767
-1.00526488539275
-0.782401427716627
-0.726187709028428
-0.534594044616658
0.0645654375786418
0.353596470097233
-0.585227942401287
0.748282091388142
-0.853295523058744
0.424241408115725
-0.379448606240392
0.723684914122109
0.674549891214219
0.0478695037187264
0.347106630221962
0.74347266682402
0.666327250668747
0.952319425526221
1.15522696482066
1.25051886688434
1.01181087835166
0.775411382207446
1.39770957370811
1.42713194053565
1.20863979745526
0.775442158859523
0.544064429216251
0.703684098157913
1.04828235765335
1.8263711779856
1.69137426188258
1.9750327396604
2.10711192732902
1.94518818431967
2.12644259331316
2.19318279575182
2.41016436008293
2.35249737615653
2.09461292226982
2.01688661774535
0.857695291931194
0.879402304220149
0.463504912011554
0.683617645996078
0.633614322978345
0.909469219590246
0.596532045454576
0.789040361331568
0.561441906076687
0.734511490390891
0.984794971450958
1.22432553752047
1.25632488094491
0.94094955800303
0.69872395856946
1.10045467433131
1.10764428591042
-0.229141719511654
-0.191942070193106
-0.326230449620535
1.35977748688715
1.07356545779266
0.844843697111562
1.09658895409035
0.998718902883628
0.806854087690577
0.832975267435079
0.660910809752409
0.427961470762988
-0.146045642257826
-0.255320960550251
-0.637090589945183
-0.393668392294105
1.41559186184885
1.60247509386714
1.41449205655811
1.44496336629581
1.39648758895989
1.08387677364935
0.487694755765627
2.08624043287752
2.2545167999958
2.50774605126334
1.3239141584336
1.20807656755799
1.70560165264244
1.60637527276583
0.958423342346899
1.32345975725924
1.10436259820657
1.27119456793059
1.05182680922365
1.23874908493575
1.83316261429179
1.28327832975811
2.35523605653841
1.13986622371686
1.00250413732651
0.883972306622383
0.720786987866384
1.55078930617702
0.072624025476334
-0.188327337458762
0.486036165686254
-0.816834076502413
1.45410056639264
1.01101859231829
0.946979107121572
0.628714152854103
1.44877536568111
1.85661646842618
1.52636899735297
0.828025382018955
1.36699181177169
-0.108553927419034
0.858751629177082
1.13204574985916
-0.271035212955918
0.35721424593786
1.28668042819338
1.43977221761004
1.08100790317492
0.905331289597908
0.512918275431992
1.71262115140438
0.64320901952891
0.378744237426964
0.997451949005751
1.86553905769344
2.22717585764029
1.87365620728884
2.18885058694463
0.613142482802628
0.0970577861788623
0.859225655914554
0.961634615719926
0.203650181792039
1.95667237964206
0.88094865409341
0.738606580667331
1.52974804939335
1.11047275793644
1.97763001225395
0.771056288661191
2.3016716568088
2.67087929031282
0.25381323244022
0.0133921354409967
-0.368075684617266
-0.220686852522583
0.0914582854876781
-0.755025959502506
2.08575061379623
1.96591016334574
0.497486700732129
1.99863470383552
0.651060104178072
1.20918616495055
-0.0276267756527764
1.77641007509319
0.689911685637701
1.02697456878554
1.06645081756951
0.76699199568911
1.07853848703493
0.750136194190059
1.26460833201177
1.14616763650187
1.03921920350246
1.34740646916601
1.82949039055792
2.15118232596122
2.85582488724523
-0.212646862428588
0.84561817580473
1.03787308682235
0.637208488491011
1.94621795756261
0.946711450629097
0.517779643981801
0.566227007377967
0.948490639837584
0.696258197869057
0.727661499464955
1.16742452202957
1.51244622127879
2.03223061946547
1.74470709290173
1.21531464796079
1.35140294235763
2.02746051277543
0.656883607550908
0.359245219739713
0.152860936009368
1.03727610237266
1.17048014586563
1.0008795137037
0.924525305580195
0.608584809681726
0.222012626059007
0.646519240508381
1.02665397029802
0.629759215681355
0.93801812315788
1.16238165155396
0.90678722546825
2.69038632367935
1.2590652524054
1.08471347595348
1.35759870205868
0.984731357933685
2.2309644438532
1.23942033937245
-0.118229966422078
0.0401984064512185
0.329303150036876
0.10883481435906
1.28885449979452
-0.288685356711743
0.852303348559042
0.904651089090505
0.826157934421773
0.685751959131852
0.909578107894246
0.435719298912557
-0.143478102355923
-0.171529556446747
0.0254642533001218
1.09995152544546
0.761223067935247
0.698337642128894
0.990854162586843
0.814624125641319
1.08675311729968
1.06092028397345
1.21030793306587
1.19471208650062
1.17435477993972
1.11921413038041
1.21276589011228
1.18983043610392
0.10263985136179
0.324381294633097
0.872231133597412
1.48906349484003
0.806654738903908
1.15763072979603
1.62006320593977
2.25920408245154
2.09870854049601
2.03845449710845
1.34236298041863
0.919256044499754
0.992210329428445
0.683526691283584
-0.904298329927784
-0.918685511608988
-0.736596273481362
-0.362816147708061
0.512706046762337
0.557897756589732
1.19076335474788
1.06853778666072
1.1627910027155
0.630672385760924
-0.935208849858394
-0.550746984840959
-1.00190962059741
-0.354598999969411
1.64298871255383
1.78580320052982
1.63960677735911
1.36547071345992
1.35692463983906
1.21995513758953
1.21736403700969
1.16614916170953
1.67937981829912
0.850553871516247
0.899684369319787
0.623393459779936
-0.0865723302088915
0.781941887693111
1.74099380794984
0.112903436126379
2.14610877524298
2.18260949664435
1.24553645554827
0.214797161443416
-0.0594427901132297
0.137102225903943
0.566299821100842
0.639501191522905
1.71338712767353
0.93292076515413
0.0123593573684531
-0.0727438928658593
1.17993381051769
1.00050050144765
0.793669139013824
1.18582487797345
0.204935912748811
0.291250892660384
0.530851885050891
0.899127116632197
0.2529629237731
1.05748045924668
0.87876579236035
1.22984442528585
0.969437878220875
0.225515117220815
1.27625696550777
1.21153707357029
1.51392362777707
1.97866577065369
0.577374255091481
1.10706774451768
2.04449802397367
0.233771828132556
-0.0309802096987514
0.266788835154024
-0.123272479249767
0.826176577837659
0.317784527772952
-0.323677249472031
1.58343062669886
1.78295673274108
1.41303552486983
1.52619892876821
0.917461370156303
0.3092142502875
0.216320490483062
1.41637105925758
1.06020974590278
-0.331571090986321
0.101357850442563
0.618194180108642
1.72805864917754
1.68045776808521
1.06837057868091
1.57179451013945
2.12056053935364
0.509131032526462
0.967404141532879
0.482912206644402
1.05631701091012
0.0272442414661559
1.36882643172044
1.94954844228256
1.52356262640467
1.09144126567762
0.910646088535459
1.00447202743107
2.50504847379243
0.306319845190094
0.0103670806095477
0.365168754228089
1.08968138945741
0.416897035819132
2.03630215352362
0.0730709953020974
1.48062123392522
0.034977003375351
-0.179013982803678
-0.942513321684862
0.312754419635328
0.0926536851449343
0.238346635497925
0.900706969564803
1.57708662733737
-0.542514071209292
2.36154962047187
0.858298258823094
1.22948811599163
0.789602273149053
1.4524015683755
0.752761118115198
0.520390931395725
1.77475354418
-0.582572137889682
1.05258999636263
0.860549022069748
0.890545571930182
0.747717020513236
-0.175842176626604
1.7874022485061
1.03904881251825
0.373124072728468
0.822333919657243
-0.331938762195483
1.16915748272078
0.935605290487382
-0.0403265390218685
0.787901265239311
0.751610314461147
0.533478994689336
1.32862042666848
1.20978653894268
0.273768960275649
2.42708204174454
0.046332529940293
1.4392269499297
0.567262409227772
1.398401708263
0.515195820587521
0.380291025818206
0.0792199045746161
1.49406314353265
0.608763655409541
1.32070778312048
-0.0432523307606599
1.76248349150704
1.86250895875748
1.27046435551914
0.992537255387047
0.830118425147983
1.73912436549546
0.734432311655456
1.12113584396642
1.72536182678073
0.0766484644816261
0.881016479257075
-0.175161880618661
2.33645728211767
0.95253987345736
0.132689478912379
-0.0899219375757532
0.0141366923007705
0.374105983514488
0.877900565835758
-0.3081237728855
2.37076818326288
0.73070761452484
-0.270500535290336
0.940409609265358
0.0221633128948023
-0.573216308123493
1.37308036632864
1.45051444806334
0.997647002571792
1.12087296838988
0.913900409868584
0.616250204909997
2.20496120231887
2.07111739026665
2.73433139009493
1.3401956184444
1.31812959623381
1.35064839558985
0.611855114913253
1.12314807002701
1.87031594584514
0.747295821249389
1.15175282076422
-0.111503543707858
0.936025155565056
1.84623812983549
0.21443632985622
0.760441526945137
1.25830129929711
0.10597514187784
0.0192004806874544
0.352961149236237
0.21519080604228
1.6135651507448
1.29796559422221
0.660818722812231
0.547737167215125
-0.590045927158413
0.79738151637505
1.46656627009468
0.0464650302970326
0.466721472005697
1.12986576759051
0.753054714021565
1.89319877017733
1.13153111897837
1.30393277432757
0.0300713853155635
0.837669289463288
2.60870242305581
1.39508364927466
1.71627609161715
1.61958655425488
0.799127769562732
0.146854066174764
0.0940050030671927
1.54374467732094
2.41915439063797
1.96400306316271
1.98344788666811
2.07141989870603
0.499897905983391
1.15901915723249
-0.0434021238392407
1.81648769255645
0.413716827257843
0.237176623863187
0.387686674296407
2.52005999062478
1.38352335048383
1.88371824661389
2.03942584160104
0.725043177680418
-0.0723286313088356
-0.402401798576493
0.72744779889554
0.766834005966024
0.656570874253538
-0.0418998806250568
0.219387082206376
0.0223393266049305
1.26340475711594
0.66272493228399
1.22979480765054
0.9459414036435
0.63752465036022
0.61638472149395
3.13783039189305
3.06090823631747
0.296138462197727
1.33335019274103
0.0630907008026039
1.47018652903107
1.31808996266911
2.02937495440888
1.11708174882284
0.0142143790202443
0.0796423907910542
1.37041535430655
0.118090336028122
0.232123948589932
-0.899110732064373
0.864265542511506
0.843096942018393
0.0146394899332344
0.635829632326568
0.173033416937945
1.43002467285629
1.5737003681005
0.290665206638079
2.67215950647079
0.843130171742537
1.1074749421883
0.93176017298582
0.63982618208754
1.7563496035878
0.284479800242573
1.46772736509795
0.414651643391542
2.15451732093312
1.19694745485782
1.91333911654154
1.46725500987388
1.46718810011872
0.888927281307357
1.20029080277782
1.16963164332312
1.3814559101919
1.0005590075258
1.81666144768902
1.00685336659964
0.355040490771069
1.71238544156107
2.09117035410726
2.02089968128813
2.06553210106893
-0.0722645594563699
2.37996819456592
-0.0914396403950493
0.275973281328222
1.78961858810117
0.246883347700934
0.34153708178364
1.33313253918303
-0.978604775163539
1.08262647020727
0.826152693837694
0.344609635254107
0.653396907608427
2.92443530546998
1.03115577622949
1.07737237327789
1.26500446827058
1.8401115118166
1.32100438606062
1.2285431042948
0.455101171776916
-0.254340583556907
0.641341591539169
0.31088117541972
2.07354261287917
-0.821383078449175
0.176730533808386
1.11270096400931
1.22841967391544
0.648531815811185
0.836770015020743
1.68932073658051
1.90070265950264
0.995126453541921
0.311051058644256
2.01437227073202
2.18806751443579
0.723260744480564
0.730393471961417
2.03611216998678
0.844515427719814
1.34464860034413
0.611313294246496
0.536756172262559
0.992157048453803
1.09139627733324
1.41414266572248
-0.167470975763333
1.06944249994331
0.72464025859197
2.03359176080407
1.53438465527107
1.94208694011273
1.76061429554854
-0.616289233033959
2.04752747471391
2.04015846470049
0.693287696748106
1.96077193208137
0.520618346630675
1.92101635091678
0.0228750821741912
2.22199765200809
1.74772780971221
1.22403434805317
1.49330741953959
0.75148389719217
1.85483713496016
0.711067702664276
0.455303438707219
0.580464513156626
1.82496315186921
1.98188981655759
0.217705011844984
1.58191817332853
1.95165334498703
0.950856712421954
1.22748765730521
-0.618145334117873
1.75129996669275
-0.440492921211489
-0.0182451371528671
2.07694986591412
1.06036569292165
0.812724005771387
1.25894302289776
0.821585827990564
0.0479676080964858
1.67732241085926
0.677343770719558
0.615718284732578
0.278521295342083
2.7152530980171
0.103218511170818
0.67636442454784
0.630269901760906
-0.326079403372689
1.23705348703498
0.556324847598591
0.492109586437891
1.1904738197509
-0.120627002182971
0.985645026787141
0.0555119169998404
1.44215194678101
1.02811664476373
0.880997334582512
0.94693962694078
-0.0765839360970984
-0.185193269256652
0.47143602141014
0.249267313682788
2.08764822285101
2.74749849569259
1.24460496699651
1.12391593598928
0.752541210555695
1.51014668481476
1.64994766499494
2.24434411786113
1.16773902511343
1.24256972923567
1.22567195144267
0.909298506402054
1.02934735605399
0.722780981623219
0.520480495453144
1.07158105526212
0.915636472992794
0.315805190510076
0.784894087400587
0.0464219570565899
1.23010025142926
1.12329123170165
0.188970224342613
-0.00845637515234193
1.47438014741846
1.41063668930793
1.22466794087992
1.39983736328341
1.11773610422333
1.12627710702261
1.83846239913086
0.355883110884585
-0.0338989404942658
0.920039408600673
0.800857520288016
0.999699733868032
-0.0205059436501962
0.860012044843988
-0.0367421899022242
0.965077912170883
0.771825267111446
0.865177227783321
0.216118939613708
1.98605830257466
-0.10488320214419
0.18623460241471
0.645227183716195
0.228759106785842
1.51965316418208
1.82257641814254
1.4477016249301
1.49951035369185
1.56061828925736
2.20892248292794
1.01832034789603
0.855971760095953
0.784202684478563
0.726183143275681
1.27611639583994
0.556795089059046
2.09903642293782
0.886109348717439
1.67376187387142
2.18998278133424
0.435398132568349
0.748035408434487
2.12108805432888
0.96493788928407
0.667766026855414
-0.150767123167678
1.91187215515458
1.13315763009147
0.966684230320298
1.02159349924466
1.71994670831915
1.17241944168313
0.963204736452251
1.303890020468
0.558707742215038
0.231782803962013
1.25641240738898
0.605040354826173
0.854773856575763
1.35600068236153
0.702782694852657
0.740914446552482
0.901442775665224
0.877436032858202
1.23366220450812
0.192644318658607
0.363711454784566
0.225323051069642
1.06127264341228
1.9719623605029
0.489955413450909
0.861021106698207
0.245763500430724
2.09374747385248
-0.0314675351297178
1.74264573908536
0.817793917220669
1.01387717162048
-0.163081174933816
0.103975596730208
1.04927468173174
1.86041734256272
1.57292206203016
1.12651600484596
0.721249696843874
0.307028823388265
0.939729579605866
1.70783102603581
1.4390180294531
0.244220636632268
0.78790736595915
0.944900206334246
2.03263725179213
0.43727309837183
2.27355852181662
1.06968313544797
0.717101493355292
2.04557487221998
2.24391141664542
0.120129256261076
2.03346550497084
0.348177740201011
-0.693959660688436
0.849852559751007
1.95316303113487
1.85995029830737
0.439004561772528
0.860104859031731
2.51876713857735
1.35436925861939
-0.317853915863832
-0.181777602804861
0.893102777190898
0.791769466354037
0.302084257423417
-0.643803858294753
2.0889939820333
1.62978999523555
1.04315761647958
1.10754549760555
1.24968582189724
-0.16170227037328
-0.201830875114267
1.60921116804641
0.253571746741138
0.125925562964271
0.216608455041147
0.962445684867111
-0.690485942734326
0.558322959230649
1.18244911346129
1.2314290689243
2.48648399495864
0.844106130531004
1.00976221159157
2.13297296997991
-0.664654314602991
1.47021659951612
1.24556865986129
0.839591078212062
0.88011365445461
1.35655260404288
0.153074360305991
-0.250200267276266
0.756820172231705
0.94589886043398
1.84385047599463
1.58757453392332
0.665457807008789
0.597901820565351
-0.333477808497176
0.866666695290199
1.70847904532077
2.0503236405081
0.904259475957477
0.874046475286494
1.02635141176815
0.997991393605437
0.747505188499759
1.27141637438813
1.46176223380465
1.70107019629755
1.24572780159789
0.900317871659342
0.944817868221408
0.960758444675547
1.00016296956214
1.09286251574128
1.10491488221877
0.978197970079566
1.00269943307531
0.893198100672227
0.756016902599671
1.00321782983724
0.518560353706076
1.22252309882361
1.00512644091113
0.796610380315452
0.586117477488474
1.49191223726527
1.28583958491718
0.942251845606341
1.07243725791446
1.49544212419261
0.93386162994669
1.0376020426463
1.09995207652502
0.485266713934582
0.868991131920529
1.07979348628696
1.608795906937
0.807395927506694
1.29787941163362
0.653393356754879
1.64618784550618
0.98997767603094
0.673971110254216
0.550364205503575
1.1856848837578
0.706453139603089
0.916519997618063
1.04322890794494
1.08352172032027
1.3406608067961
0.979863341340869
1.13082041166424
1.09574546616954
0.964875191897079
0.931654685485777
0.9807336929261
0.810082608584504
1.1594717409119
1.00805421861353
1.52005630183554
1.17942232754372
1.18229797713957
0.945601632505612
1.14577608472525
0.856545768526022
1.05157192690296
0.969172063487427
1.17504144926648
0.98557967468984
0.760115033092684
0.907331190604087
0.857882611241749
0.944979898970884
0.975272341172969
0.748519124230717
0.844939712934692
0.802170282508284
1.0545234787198
0.54064372015849
0.718414363754537
1.04471252561884
0.976739020676861
0.503392836539254
0.736523973044579
1.40513044805821
1.04843058891297
1.02326630851141
1.02379679441257
0.898205382714992
0.881356556751146
1.12033000734196
1.47394267156754
1.39528316354462
0.993958662445322
1.00354894397219
1.73538402115086
1.69588185813955
1.44540949057704
0.975348372390076
0.977685347912119
0.91662423118478
0.735201912766456
0.71216670277424
0.984140436916106
0.992844494888201
0.883946152723251
0.809265584373862
0.883000314504685
0.980500960357618
1.07472522033433
0.945859465602355
0.937047327003318
1.04214260363919
1.4462032467915
0.546383040346031
1.22256710304249
1.13261952323492
1.59711427149075
0.570134974344349
1.31335464826663
1.24567238710706
0.790965569813093
0.721931957220424
0.592320160357488
1.02063578747792
0.733616875951895
0.413718672349512
0.505961861481053
1.02179140125573
1.21732631763175
1.13584837041356
0.84436900604532
1.11977387038262
1.62009510500938
1.43679375754728
1.30148301687791
1.32061951138578
1.11823399667233
1.16655533763182
1.04094745464488
1.03998316387126
1.11165423734958
1.14983687383828
0.960135176192567
0.921023491468789
1.09326287799876
1.01826720100223
0.7568894522051
0.971327812516107
1.04457931738953
1.03588300775271
0.507203223482661
0.490599997625808
0.470408820927395
1.45747173683458
1.21521269702813
0.832863944514915
1.08663859864294
0.933367891885244
1.36697912425219
1.00020603989709
0.729894666620369
0.998955628559159
0.728863226493013
0.746311012522529
0.81281478515443
0.539559480071848
0.684407604636887
0.85508400155623
0.835394769608303
0.886681775377269
0.878500342151099
0.865183089392276
0.976033326514418
1.00043186966936
1.5332540433915
0.787523207058716
1.10592168931572
1.64691777170095
0.353875677185479
0.583479449296236
0.755070276360419
1.13398170758551
1.27077014844393
0.930308472789616
