0.933416038520501
0.710684112791893
0.864537863069803
0.846546443590895
0.22188507376264
0.595765974700033
0.870004840565808
0.956516839404668
1.04054291282309
0.219182080258589
0.510554984864589
0.581521331076899
0.840850902623046
0.975006327441899
0.987688335764719
1.46827711400757
1.47208352678712
1.41463679651284
1.23716952054699
1.08305506013934
0.991414619671658
0.546310840020101
0.726719821853607
1.01089136256164
1.32555138507218
0.804608406023854
0.358192357182586
0.898806420895017
0.105873355628206
0.499614830649278
0.74847237372484
0.741794098279606
0.737392533463093
0.841038073342918
0.799661250401844
1.4423599996693
1.47549628846649
0.311897565623173
0.717712672602847
0.875005231333258
0.654202647612301
1.14821611164542
1.04173100015547
0.133652193207888
0.92271519638562
0.663714586637509
0.352644251633313
0.466587802430196
0.39769324851001
0.923318098915055
0.101307724276924
0.75618855296995
0.966706394693477
0.593982662672206
0.202783681594655
1.01834617590292
1.03762027316004
0.882997038119968
0.229821564996935
0.925810267885579
1.34291049213559
0.794961557969506
1.06320143836128
1.23729430463362
0.228162628597586
1.16408741821266
0.436433131550949
1.46525435913869
1.39432004254129
0.307341805740311
0.529218819822095
0.577476204539719
0.836766886414737
0.80455428342261
0.329093346212747
0.699666144003613
0.902926778357153
0.731417298654531
0.23884798586108
0.135096194017682
0.767592195074948
0.456025518922329
0.710999176125165
0.840888152297822
0.765542227231645
1.04362563463573
1.03242986905251
1.45160833393515
0.439714725242877
0.624463461714828
0.950500370755721
1.48079332525233
0.746674448462636
0.720330168347562
0.908502494035409
0.837683233565612
0.703905473815157
0.499871246693476
0.769081702627816
0.124615337623199
0.98997809316582
1.03798861210169
0.943999079885485
1.02824048878696
0.995720964706159
0.862811778582816
0.160124701191127
0.205945469416171
0.111184624827459
0.948526874000722
0.903413260855803
0.907299248452193
0.282015428601534
0.819869113875555
1.38236083259115
1.28991720424154
0.839354353196379
0.875509606579447
0.774601604740294
0.919495663800371
0.863322733161088
0.95326060953757
0.933659722991654
0.942389841775611
0.930511108117456
0.913733530454283
0.918836618243136
0.859267936343474
0.879950496014203
0.925118139180389
0.829379404709534
0.781424794591185
0.931428740039448
0.830289655906663
1.18251465642969
0.996256073808929
1.08969520923479
1.39358687418017
1.96002831852682
2.33926336057541
0.922182194182779
1.30466615055791
1.54786203364481
1.46631054090534
1.51005420480617
1.83168432258153
1.05421462056977
1.53828747552495
1.0281404845215
1.14257261639701
1.54875092761511
0.205797807229902
0.153919189140259
-0.0031643132748517
-0.0982418806243632
0.646266331165459
0.379154054750094
0.380316353679862
0.128708130282663
0.394353021874043
0.171545611649434
0.431165607433518
0.367357645937148
0.422705184191274
0.579949791744021
2.60231651109592
2.45971182117621
2.06043874438562
2.15013387312081
2.17363035524945
2.48795154892995
1.91512482161911
1.87596160892706
1.64536806797085
1.61218115776784
1.65781111416329
1.59670115829559
1.41483581578767
1.37512967008423
1.43173883432952
1.09413761748993
1.43879274955242
1.59363093117756
1.19502061160819
1.17864611772834
1.26895941864841
0.864017649124615
0.986307549276273
-0.0580732810022881
-0.202824850756828
-0.411749885288596
-0.32275047654594
-0.396423191845713
-0.504183505619245
-0.437382850968378
-0.413565566513271
-0.325347198219426
0.0155644831329435
0.0814488321847289
-0.30811951372488
0.333096589067563
-0.39431642792551
0.355627656978673
-0.044455657507031
0.410944580947985
0.714846631198466
0.381899876745972
0.429797071553983
0.575749814160605
0.781407804636929
0.97098980898502
1.29792411391973
1.27376581704606
1.0135808430145
0.753696631342077
1.16921494082974
1.14830936923198
1.07840268642684
0.937087696185455
0.98797157331759
1.1625265723474
0.88971546433866
1.61608867358968
1.76312836171295
1.74488712367606
1.7988787340222
1.86857701424674
1.95603083407587
2.1606346357005
2.4515403987522
2.3191497985871
2.02969747120631
1.72228422360429
1.06247015284138
1.01239519755099
0.762585527540066
1.00189235211407
1.00671115116079
0.98566818015877
0.836071657346533
0.966384732975453
0.980944320589105
0.855425687825823
0.97451178367828
1.11061287837153
1.1665128266383
1.01877770900115
1.14668906494735
1.05695451271803
1.11954324898968
-0.140473605854813
-0.0538555615603521
-0.151657141050938
1.18721383072165
0.959774115364715
0.876408155165455
0.741407439502176
0.839073199101849
0.74813143088874
0.447672033956379
0.551098194373253
0.330186041236034
-0.0166756420707613
-0.0557698965220995
-0.219514317513597
-0.122938563774313
0.845246987792293
0.732534571878233
0.653782371607705
0.799670442471058
0.635934181944072
0.5104248092437
0.845968016165341
2.079079587569
2.2822632418465
2.43549102772129
1.29135750003079
1.27982355636367
1.67101444805704
1.63315690600721
0.950841033607197
1.28183338279623
1.06911069503618
1.23545013907342
1.17891803097339
1.34920303630501
1.86175245800911
1.49832634065355
2.16457571519372
0.955756571599634
0.901550485359668
0.841953731264041
0.853384434966744
1.29382492720952
0.254300954013923
-0.102662567344084
0.738090794645696
-0.336937023548118
1.47292132648272
0.891468526254209
0.895395527925353
0.720223183087039
1.44381789040258
1.66425282615941
1.41098658320035
0.796551350608497
0.694859736427157
0.0330712057373413
1.23072829294489
0.898308848949864
-0.0309586546827264
0.330497879564553
1.35312374668309
1.33375769911431
0.877888640024277
0.89068351108815
0.748058622300792
1.31604874094202
0.575938156746684
0.548070713876535
0.900560477561074
1.58643557344038
1.9672910480347
1.63382807730463
1.93700274782317
0.596200508159393
0.332247656521438
0.815251232714692
1.08645052358041
0.308168994351276
1.61822910392838
1.05868532246277
0.864336308894876
1.55312926631419
1.08509680389719
1.85010488308862
0.947459863208885
2.18255379553031
2.50011083538985
0.212614925750957
0.0955603229313179
-0.185978032040577
-0.107489750265245
0.135808210522607
-0.213374994791729
1.8699948261698
1.76443517953795
0.489340128786985
1.75083503695652
0.933440478575834
0.691650823449475
0.343026244912833
1.93166460365082
0.74265618472573
1.090887130899
1.09974579126037
0.895705986111976
0.66304108041137
0.488447420829321
0.913236426115549
0.849752970615921
0.935310859895945
1.34402896101266
1.87582971130512
1.91194729703532
2.58785168544353
-0.0390646412083216
0.846590607280416
0.894901798522245
0.328935833083793
1.62030503477255
1.18406923313739
0.43402826141402
0.604333543100225
0.89014661964054
0.713508942383938
0.819797357638918
1.14295519371196
1.33169819766419
1.89974560841754
1.66720962988576
1.19645361996063
1.35667783660535
2.00081062056926
0.455720704334343
0.282929145040434
0.0594863774220257
0.598963638416814
1.26102098696957
0.960036105546173
0.887802361752458
0.883740839046325
0.338950074677596
0.67512644126066
0.482806964949172
0.260412402593169
0.930647977693449
1.14841374093064
1.21023127577292
2.37310064010032
0.774715228098261
0.844438659012873
1.08350096713804
1.15212000152448
2.27208261759041
0.911248156057089
-0.0547022642797182
0.00428633148037072
0.20406099871187
-0.071205422221993
0.947602992825797
-0.199694018126596
0.940931128062384
0.958630624429644
0.972169423716126
0.859684114172302
0.954456053615574
0.696659236423286
-0.0234200976766524
-0.0132651647655794
0.112749016190523
1.10220126591733
0.714576549445423
0.620388860207157
0.866867663723357
0.783901215402141
1.31850874454371
1.22950722975096
1.51779462360289
1.05902168395033
1.00868420584054
1.0933043850188
1.38094008063636
1.23510151180342
0.11529040204176
0.0531470580034811
0.255280686503666
1.52047160881169
1.22904218191336
1.31647206180116
1.79649540492586
2.21405889779207
2.00342238627799
1.842181791592
1.36489058079948
0.85434458609665
0.87964792741424
0.789914183226045
-0.482444104409885
-0.439953338211893
-0.343259064911739
-0.215121737945023
0.166453130035297
0.127716522642225
0.899523618185004
1.01391905492639
0.963977673323872
0.67959678618608
-0.365442891195741
-0.208255238130997
-0.422881632587263
-0.192308471808403
1.45138539580254
1.38595394705994
1.22057120067814
1.07220554699648
1.26511874974278
1.08425306519948
1.07356734338107
1.03090448992431
1.42987184411807
0.873027694059197
0.953285377817457
0.73727251068506
-0.00941338391486805
0.881258952680752
1.52782839678701
0.110489306855047
2.19892135755439
2.01001777240788
0.860646098435203
0.386280368636512
-0.00523903198358977
0.214000662021399
0.702446022820716
0.845371248911327
1.493182644368
0.780251814806742
0.186541108646142
0.170290745360456
1.12043204746008
1.01028983519877
0.898134354140886
0.956245406163136
0.141097908949298
0.477536613284075
0.658518596573163
0.866875603521867
0.238482780332282
1.06672798535271
0.930752186231145
0.700902766600281
0.969073148826369
0.0909719763226482
1.02294519421651
0.557309635728844
1.5746528831463
1.73599987732525
0.712630060850737
1.26814805212372
2.10113802420381
0.390812967751567
-0.077321928403807
-0.0130820013384713
-0.00387551350515869
1.00119369625755
0.347642824732444
-0.0514681156366969
1.79702929031959
1.50096240758006
1.08167507246572
0.811092927084689
0.87074451627729
0.73381965692939
0.27435363692195
1.34441392441757
0.549279560123808
-0.245838207819616
0.133270611382234
0.962029156800571
1.73998241822858
1.55955396965786
1.15553626577667
1.41518668066202
1.89263214748168
0.701497667548249
0.894482142354044
0.0757953119069882
0.519540222825586
0.168147780164883
1.23871233861646
1.7158933615386
1.3489255829381
0.823965301638687
0.957779570418394
0.818767262190056
2.27878132363093
0.167815701843082
0.130506117387528
0.0917771385150426
1.24894651613475
0.296372963564253
1.91889501348571
0.130035619498889
0.783887354359035
-0.104453951776163
-0.0832522291121746
-0.43241555824491
0.528873900362572
0.103488931480142
0.270267718554727
0.265943468203184
0.73757741356868
-0.135430377378562
2.17566596733889
0.694816792798429
1.24843859163833
0.871632783294212
1.15488533911252
0.656731074694983
0.230924670059928
1.65872231059935
-0.30177378527166
1.13532598945052
0.904807252003653
0.889146651847957
0.739292576461627
-0.0798725512698341
1.6815536506059
0.995479468631721
0.545278668767067
0.261337002260891
-0.147823640773882
1.09576946436785
0.695902675617744
0.104723054544916
0.72223505352197
0.88639748410199
0.742004386377449
1.12165375664045
0.891304456071159
0.40950885981517
2.3429032315002
0.0878344533172834
1.51526860061624
0.680471379994303
1.40644455801124
0.715930949800276
0.708122821830158
0.407029430801731
1.26097667916359
0.998722915400333
1.44455650600229
0.0400910639854329
1.54367155596901
1.64083879203356
0.816001520489894
1.00880187471073
0.777733890647967
1.65543851258198
0.864322934481736
0.540467738308744
1.55401665426923
0.0485180044344511
0.822964997059927
-0.015516641914058
2.35588496066419
1.07017067134873
0.110923450240528
-0.0491792551761587
-0.0750203664387947
0.705680067068885
0.887665863481766
-0.0756347278921476
2.39951420169127
0.771167786624128
-0.136410967544202
1.05760748607458
0.116516837654414
-0.303132474602958
0.892912099868949
1.52271458981634
0.851263157213515
0.457649887542542
0.283641279257456
0.817751798481365
1.79693219596806
1.7390398913245
2.46657517697624
1.06498090700688
1.04082198946882
1.05544904652951
0.684784070061783
1.17236380689016
1.54715808092311
0.864229793690434
1.1107228995818
0.00141103797408453
0.822029066825057
1.62202213455683
0.293485122633829
0.368307274529319
1.03214040194697
0.10339802676865
-0.00487831217880647
0.144385426129593
0.333900338139414
1.42280565867769
1.23784960988654
0.756035731700398
0.254153043597062
-0.205720931159887
0.800316316001418
1.67868997662656
0.114678097916291
0.333668035831627
1.31536242574323
0.917368115764214
1.98350771257664
0.965565476234148
0.838808245527692
0.180944369706714
0.707163066444409
2.3478968434832
1.46072317919019
1.48418660452228
1.39969835193693
0.924660175109513
0.239129798283991
0.202422652427542
1.5276485419341
2.34490222322576
1.74701273649427
1.7328699903492
1.91235527052785
0.545918250358531
0.871785665246442
0.220269182214051
1.56735036083303
0.847287343366511
0.329713537150282
0.45144269020478
2.53826995765009
1.32333681758308
1.62697747371748
1.88733209744525
0.74086904854711
0.0853432509455809
-0.162964598144244
0.929128276445649
0.876123557305762
0.843657380151623
0.103825306716694
0.226743007002786
0.0809496478802896
1.0486914661458
0.823615582218386
1.2340566057523
0.872907232142322
0.742594867289067
0.708132981012341
2.6941000398142
2.72218700083823
0.467129787171343
1.28758132948318
0.177973598753427
1.46177589933271
1.17458190839962
1.90879831989844
0.666757849433154
0.0422560980614625
0.107311912467167
1.23826873233731
0.232446350318943
0.418725278479843
-0.420774600618737
0.818896390798106
0.864997913655613
0.125060623425032
0.604117287660965
0.20376142918062
1.41991090589775
1.47064469673084
0.119199812073493
2.59630399987409
0.99454032569035
0.858485421272198
0.907082870561663
0.8901183838314
1.53081890762968
0.474887129691953
1.41468035217245
0.767055646257899
1.92893861758091
1.34599107041543
1.6791459517495
1.11788482828264
1.10649523890845
1.01228195037126
0.752283714876886
0.784196895062827
0.765448972413807
1.09454443771933
1.50714069055822
1.03030155837407
0.257856393321606
1.583978573576
2.05178987016962
2.10891622252441
1.83201193659331
-0.0194470157549165
2.32279439019488
0.0114997086411286
0.182146339061898
1.4328202629639
0.344570119084562
0.264810519901615
1.21562605297988
-0.503824532675364
1.00055313642919
0.759407402450639
0.36710265214195
0.668811879320011
2.61453769820479
0.99374212531423
1.01093424552289
1.1842463248006
1.45524018608556
1.44202335317312
0.651760394987407
0.167574550588616
-0.221097471544061
0.903225902324467
0.42665653792443
2.20741723476222
-0.320817322650817
0.0859912998972589
1.18349635927453
1.5673309670972
0.821960981675258
0.880729376109068
1.65238290991826
1.72572370411688
0.995119557996682
0.458124835896382
1.98353082568868
2.21011074301253
1.18668205614492
0.374143115521133
1.81547997112587
0.821233240508859
1.19837060443518
0.574531003607944
0.762389307606232
1.22583167837975
0.872828841361441
0.859054212040228
-0.0540770150933147
1.3499482112612
1.16806209392186
1.8786268146254
0.818515972372202
1.89120728586366
1.68383628394935
-0.239205388547984
1.70622504420534
1.81161553848577
0.869345158910467
1.6551937503179
0.609685298026947
1.65036023266274
0.0585683190468069
2.07445556663762
1.76342779288388
0.884905150905855
1.14521890700565
0.720664955237155
1.56054098939001
0.671228471575317
0.561372178506167
0.833662353273716
1.48588096547584
1.93924874418555
0.0123771077322957
1.57676659555189
1.67874583734975
0.903778991146746
1.42928931090699
-0.34317433621203
1.78170483109544
-0.126696563546537
0.258161405384749
1.85854817565608
1.30493198191845
1.03086148229424
0.912991082431712
0.865924909786528
0.196738812061115
1.37580269525852
0.723286076262144
0.711170688455337
0.311076715792637
2.55697163376747
0.129246301989211
0.859421509775612
0.58348454973013
-0.0306043897406832
0.982509708984898
0.703368142456319
0.69639565434322
0.806401869152957
-0.134424688432772
0.96022132919925
0.111330965413351
1.42551324293772
0.906440911113615
0.761872134427602
1.18019682527062
0.0671182931747752
-0.0647071112856021
0.608214973856117
0.471433230221261
1.87679216658143
2.48923403022457
0.786711780583175
1.01078254680655
0.943198326006551
1.45865020141127
1.41967735571715
2.15233880162654
0.948257199876543
0.970952171921515
0.895548422861703
0.879420661985369
1.01000654498254
0.755876468046885
0.270129076518825
0.985481167952711
0.95205766561507
-0.00256918428396882
0.299211313800324
0.107011080884832
0.706856444598513
0.968254201354914
0.278674038819135
0.172448517536093
0.740551082538377
0.661125230928498
0.600885806434661
1.33825671960512
0.864774937440559
0.891837077507651
1.60189557490418
0.311522724623105
0.0480415259195752
1.07870982714845
1.07123259938122
1.18402225048663
0.0162960632875616
0.830564714103926
0.0519987574936223
0.990432707963823
0.89476896548418
0.935989652562261
0.366439458856946
2.03595623126265
-0.12571666012168
0.335205939756586
0.925121998151625
0.339457401512703
1.64496739534792
1.95104959754399
0.830891753804202
1.32789508837952
1.50441722296419
2.25297834877877
0.966404043956278
0.873200455539943
0.808429941036072
0.215060910657872
1.02427587660565
0.407927702793175
1.80555842369572
0.566581744433782
1.47301794980765
1.85515853451403
0.695100243334309
0.996922442251285
2.13406398512043
0.963915544420395
0.720263611898817
-0.00904735491832083
1.55337287714176
1.14404426689499
0.860847826866708
0.560534206079892
1.57025392810014
0.715599682364517
0.826521636331828
0.739795888138752
0.775262374050496
0.439853175605168
1.1391771455902
0.897373061654499
0.849444502726194
1.43789431463425
0.867195911327898
0.919589849425004
0.840665690237136
0.321554076868591
1.25434453494661
0.0688503157728224
0.188321607454521
0.123192650111872
0.812801769880415
1.63098813492544
0.724395560725628
0.285587791436533
0.255370998040183
2.01818160776942
-0.119797398527501
1.52506277784629
0.763105960158086
0.621596108188539
-0.0155031060327162
0.331995797660975
1.07977406807772
1.65350792467564
1.42143280802675
0.491312709911154
0.940224031540717
0.504397279841039
1.10154701478385
1.61844791610044
0.820081876102044
0.162326442013793
0.738210794697195
1.06206503207474
2.01164130288858
0.0486228358648643
2.30546549871602
0.917243746114061
0.86865174251676
1.94400691724697
2.07364371288595
0.221411364505022
2.02827352131986
0.535222581577331
-0.252895699039813
0.926837817485747
1.64542625863146
1.54694694753825
0.810301226311945
0.799978344391755
2.32428833700842
1.22441154247308
0.0516603656711629
0.0591457860044699
0.988256362249422
0.760299981944216
0.0951442466983223
-0.223548699795336
1.93640532917374
1.48927309717985
1.04516459329684
1.07078828250001
1.15981814393523
-0.0838785765737534
-0.0520503038180011
0.753267302708548
0.186015218375566
0.117230367668352
0.0962931333814147
1.27161149369401
-0.195878709270113
0.661546656096136
1.02662151728374
1.05250482925732
2.49684615912566
0.798322918365106
0.803306951871692
2.17456399712246
-0.32329959101277
1.71417665069723
1.28739314095724
0.905344509651162
0.952738910881068
1.06080904730177
-0.0178844123710584
-0.201819781018999
0.574109153320031
0.867934479494293
1.71327774993892
1.47814139225912
0.964234914217298
0.389895562909331
-0.255778777189345
0.514007638207278
1.49088699512404
1.73401623381859
0.773978556571246
0.73427226216028
0.808081915641916
0.809714167627509
0.363178250105283
0.770553628465115
0.984685909386259
1.22111670510426
0.845006215322535
0.745373662654674
0.771914391113717
0.893564075883943
0.964453620115567
1.04219906157031
0.95715035935302
0.851208595961237
0.850522692825112
0.329856602074842
0.567282968069815
0.964117858161559
0.447440706441122
0.994135631136674
0.821933451553166
0.722158936649499
0.242896916284968
1.26984067801648
0.584660475894078
0.670203015456864
0.948096569246805
1.32770757900549
0.840062641129959
0.996623575050884
0.964181584774866
0.400054061035529
0.708155486685762
0.800228985716299
0.958158148051758
0.736400660611593
1.20209041252878
0.661048646317685
1.0963280429641
0.891830897998823
0.5517243185617
0.329537148241628
0.990437991464029
0.265089769849029
0.418079477689226
0.738719970952525
0.41411909086658
1.1824898001938
0.933748420064735
1.05630639050399
0.810923936403304
0.915776048277087
0.721816456381826
0.87530062741205
0.341040292082266
0.973976815918638
0.920932405808249
1.31571416653842
1.11882966230619
1.03968001632215
0.758814325009699
0.638111408396436
0.673807234316937
0.896371612860526
0.807472468650757
0.593292418308949
0.930444108455751
0.719970978825996
0.719476768671839
0.728337503931601
0.74562911432237
0.754677123628308
0.680313105202055
0.68079541592105
0.661180618951298
0.758989789318633
0.553077024763141
0.544374998640688
0.78314773643696
0.791990876750416
0.235422176247854
0.342772115864716
1.28076680426418
1.03468289010513
0.930390284170692
0.886985941176805
0.804445000093062
0.757592746674707
1.09675297092035
0.790461668407601
0.791991025660073
0.751561690062795
0.806038571192656
1.10565821853561
1.12868131741681
1.00693474027374
0.902552931072516
0.873690056693123
0.804445389871515
0.455101902274739
0.419115887346957
0.851660402375152
0.849583924494432
0.71023947418985
0.602264640851648
0.681873556178
0.350809560469755
1.0195176549356
0.933407435440789
0.397787342633715
0.703106174677381
1.25903906957689
0.464747925595622
0.994416245343289
0.961315830130444
1.37860484217551
0.206559146647348
1.2019491924382
1.01373579528606
0.72549097276601
0.232174601594975
0.633475472897956
0.984291808555077
0.713441455861841
0.420403147685466
0.432001525960554
0.933086968434732
0.519252420159643
0.988605527824025
0.764718651279424
0.812067982433344
1.36811443286588
1.23609159142169
1.12620427942991
1.18962278145511
1.00260333583266
1.06195235412591
0.987115076430145
1.00005572651736
0.939743724251883
1.01165202192241
0.734940644254338
0.736630619100335
0.844060977675
0.772907569306727
0.724773267000174
0.913249722649596
0.80452813505356
0.954305034638809
0.580827855078202
0.231040534364367
0.271878865821692
1.31713951572352
0.871066020651229
0.714684735141821
0.758631652485678
0.85016108218038
0.685241465193392
0.935052271948584
0.323481830214165
0.766344141043672
0.685123703263205
0.647870251715679
0.698806661580497
0.471670569196301
0.49201800593227
0.759765272440534
0.732084345931993
0.775277710098621
0.728787456720514
0.71589925843861
0.748419968191751
0.772157330667181
1.36038375170086
0.643989092126493
0.798757767871615
1.00417037283233
0.345784129403861
0.475500658840494
0.55688415927497
0.761588505247105
1.01707574889627
0.63786806825164
