0.950156959562835
0.619640841519102
0.960082279991701
0.96120520872363
0.0621553955769153
0.982239947622188
1.24156348110014
1.30217790763252
1.34792851429907
0.171118954857441
0.563754619601534
0.697630281257273
1.15841466212747
1.13638328927415
1.02454403813132
1.66205483950639
1.65212959368045
1.47822309086585
1.21932932345481
1.07275625275213
1.00182362380098
0.458396493032843
0.780714704252071
1.17569481736515
1.53929343240948
0.775602990983698
0.226838795725615
0.898453178688053
0.0337509068935735
0.537534066905209
0.704222341875969
0.673372613099425
1.04802970934247
0.955351176193468
0.827787517124596
1.6621894622272
1.6055424431377
0.525783793008543
0.62988363930749
0.880162565438664
0.627111284325616
1.29207461778619
1.28657135223191
-0.0290447092469597
1.10092700008989
0.885693237977093
0.329342722124011
0.354945878586628
0.249337065427427
0.909559110984191
-0.0373771863173798
0.931293903352428
1.11313404310088
0.942309506803946
0.256547364219619
1.24224443304117
1.25070531115013
1.13260052972793
0.0675471481215926
1.00588971898587
1.35333739093532
1.13957718595862
1.15210500869906
1.42235236140031
0.204881184118798
1.13807202607959
0.317152548319144
1.67457654844272
1.61461556472422
0.149884741746874
0.42834678491054
0.512532270679584
0.957821286507212
0.897751151645806
0.187298048250356
0.713442391770186
1.11462989077712
0.661376400888065
0.367169590269949
0.118037026666113
0.717564567622193
0.752125285810997
0.615196903701088
0.906940677899836
0.755634771253588
1.28036736842524
1.27271082243698
1.54865951058776
0.452003906265447
0.79302013354591
0.956426376387895
1.63929901764497
1.12601132162432
0.637894098387611
0.921679253784583
0.829210478599754
0.976424895242833
0.869960486326606
1.10655280854624
-0.028015843841283
1.13869987481716
1.03830926683527
1.09942980777619
1.21589845328194
1.19004494025403
1.14766668728159
-0.00480127736914257
0.0420526778041768
-0.00121191155263194
1.07081913473641
0.886904218375473
0.942874117028677
0.238967735583257
1.15542440660032
1.41764882874143
1.28260839315018
0.881649875595617
0.911206408892354
0.802027783644209
0.956865954465169
0.917550175189191
1.0573894490414
1.03432144576177
1.05610584645921
1.02187627503881
0.99568844897794
0.983157399171414
0.903559223883378
0.93882105561005
0.99376213602448
0.676431333367189
0.630050899120074
0.780729004292979
0.711291826560172
1.09873249928399
0.890358870790738
0.961130615652192
1.34234488387302
1.94672806101139
2.34857617283213
0.948565307537256
1.4563923637128
1.73369651467923
1.60268411529924
1.50265315448873
1.86873399054255
1.06799052695566
1.67203983664992
1.06748253503364
1.14592324216661
1.60616848318144
0.157838710431614
0.0856873033008282
-0.0854031136036755
-0.188502066151924
0.625023898686029
0.308226621827348
0.303446420809287
0.0767526162429146
0.372868465262555
0.137538474595736
0.376161682747289
0.357980287866593
0.416016877281512
0.533567679232114
2.75665356266095
2.65527910763095
2.21858218914922
2.33731069295701
2.33487299598545
2.69986050023156
1.90058622065895
1.9963183012234
1.82303857658427
1.62953619976492
1.61227684134977
1.53557059003019
1.5129589056684
1.36550964615678
1.25761539992353
1.23936199146515
1.58760595281001
1.71444686239788
1.21559970429424
1.19781240509544
1.33548408137525
0.832104744842576
0.986257328434735
-0.116100589613635
-0.391576619644239
-0.74378701862611
-0.658664938536127
-0.627786404944323
-0.778773403255202
-0.605110229986318
-0.604527558059606
-0.432442654973219
0.032340392189276
0.0975591435662058
-0.496246689745305
0.526202723819107
-0.639027129033354
0.442596702511539
-0.241088418256345
0.477689937051698
0.73606028274531
0.285888647455403
0.341491084940205
0.54349187402613
0.671097582143339
0.946833805417143
1.18626353081565
1.24129379618988
1.02186476432194
0.789803302192738
1.33226675911801
1.28012481927983
1.11734826419584
0.841479811813161
0.797812083182979
0.998093838109523
0.938856789589437
1.61153699645495
1.73446262367457
1.79452446074396
1.89543837495817
1.91889116121069
2.06234617888263
2.24681307663273
2.50882471375679
2.43442104617692
2.12874221477064
1.87784572081689
0.969090497402703
0.833717083734549
0.519859920371509
0.773889238358743
0.767813277157609
0.974525632963107
0.703560066133006
0.781099448809466
0.791951896471841
0.729785468810884
0.932346058483056
1.12980102791933
1.21268816213844
0.978629248362055
0.992213520423465
1.10977066608686
1.14122672228009
-0.242822234137798
-0.147808030749737
-0.305395040625906
1.25088030683174
0.995358384191356
1.03615111616516
0.90904912011776
0.938394869336852
0.781100457264444
0.586664863931763
0.588308355050114
0.339470131926085
-0.125218661498338
-0.158848510940671
-0.446344551728941
-0.341496872527701
1.16615927530153
1.0822199185086
0.9212218292133
1.21901588951402
0.92706328182299
0.719020816089243
0.735383578789032
2.09713309137985
2.34576072067407
2.50441606203933
1.26488286002456
1.21788752931448
1.6663159267238
1.60686547106158
0.897387018078486
1.28362971891588
1.07949528628501
1.24604872037846
1.15316397394454
1.32918691775972
1.8656536869971
1.4511539527189
2.24432181143741
1.00438289028837
0.922759505643108
0.842285668014834
0.790882251719348
1.47280627274039
0.150649947525892
-0.300155718404155
0.618324961915138
-0.713448959087905
1.52512504467846
0.866040406161473
0.889806310089717
0.600210677084967
1.35201971057666
1.73528873951991
1.34010008805094
0.765251687171597
1.03776020536504
-0.279426447140881
1.01582561173085
1.04479807716128
-0.215087396266813
0.312898753200663
1.28879154658914
1.36587524934015
0.978655959789603
0.917654988726424
0.521872281816718
1.55250431578296
0.584853642024558
0.470117066438819
0.960975877014797
1.76637823085327
2.1395278984785
1.82951796679503
2.06133520630171
0.588656186246869
0.271144787164705
0.85622835161017
1.04874732128234
0.238734151171724
1.69455417551534
0.87281004474454
0.753546688695256
1.54209873751216
1.08884148351144
1.89908388821553
0.820160697555445
2.27328854036765
2.59482927528035
0.183664094770082
0.0121161468359147
-0.293061870683984
-0.25388404588294
-0.043726743810804
-0.461636544854992
2.04078896460699
1.9413979640775
0.464381400373659
1.8781737440862
0.763608670896418
0.936905250342973
0.225286574415634
1.90852263496048
0.657439162740758
1.13296299993369
1.15935160755206
0.943631495326374
0.90939814317334
0.558945016590231
1.02208082360092
0.90291699024554
1.01205575931516
1.31887061019997
1.86276499222348
2.05175760621816
2.73194009070673
-0.260202097592316
0.83447800955992
0.946946202292614
0.46016699815646
1.75918455440471
1.13125441400909
0.427430478386293
0.580470320938437
0.952539987141078
0.73662773433551
0.743849208918833
1.17708209828995
1.49583206988904
1.92097762601857
1.6511918272065
1.23748921267883
1.31156213989111
2.03870304157826
0.543678564526861
0.247634144787338
-0.0150955654378844
0.788603333371134
1.23086288596917
0.968851164376813
0.870181123141743
0.871218793712812
0.2408434709471
0.707702912091285
0.644456001784987
0.309693590425216
1.00490706635138
1.0974572942871
1.04794878373472
2.51165237426622
1.15612110653403
1.19871114255019
1.28170968007782
1.0400411582171
2.28561122482383
1.0383518444506
-0.313228827606488
-0.210087097830296
-0.0286749861204563
-0.273850255397054
1.0663683171012
-0.407629379011318
0.931434957890785
0.952715219788991
0.973643476925748
0.855811201080173
1.01316981564911
0.546277308155381
-0.141630333497304
-0.140421167273231
-0.0447011160546715
1.15321979624915
0.740042409652423
0.55618058956662
0.940141963522247
0.705019883715624
1.26775984605355
1.17488700189138
1.44058619235319
1.08908260698483
1.03483129396585
1.10718087287518
1.35944165564384
1.24319196647709
0.0778918806497775
0.0975427360762256
0.450570768932757
1.49896656429885
1.01984987626726
1.16207742790974
1.75366572590635
2.32523225371249
2.13203047316997
1.97815764959574
1.4265136500709
0.890894846587031
0.928804311214213
0.723323028066083
-0.691879548472551
-0.686449093892167
-0.618610857664883
-0.369818079595965
0.173836441198606
0.115953525441502
1.01918911031725
0.990954656799753
1.02021367337867
0.644504219007578
-0.737108220811327
-0.572527549105271
-0.762174221013242
-0.520825866470907
1.61052304009491
1.61587788697248
1.47751821019784
1.32213268323197
1.37215928419145
1.20398208806028
1.1990817307153
1.16782620159054
1.56446585550223
0.859759879905297
0.952295574721039
0.657310825303032
-0.190275234835859
1.03881005455932
1.74529674120569
0.0815029088098592
2.20920063675324
1.9990313179015
1.21115968963803
0.30075261501976
-0.0680491940816875
0.0741719741701621
0.577387950434506
0.90142089946064
1.70119388783511
0.763830820296308
0.0899421616294723
0.0160956322973972
1.21651785437235
1.03851192806602
0.840050721697233
1.07265662304355
-0.0407469138038675
0.381453308368428
0.615683677767553
1.11805151339582
0.0706658894012411
1.06728555182418
1.04034658632712
1.012929521772
1.06446522291362
-0.121903606408563
1.21890231589514
0.873781323306415
1.52167727991036
1.76381419158063
0.594932070024711
1.12284925886312
2.1367919897026
0.374716995230234
-0.358781467207193
-0.178898110609703
-0.161675766308875
0.908990716705825
0.350689111879386
-0.346153762149854
1.69116312609903
1.52786542742925
1.33740103077481
1.21331891942854
1.1373182486901
0.575066066825835
0.232325229577233
1.40711062524553
0.743278226679226
-0.364264869716095
0.0921153190575296
0.874412663721086
1.7314377216772
1.62373493195314
1.00534576908823
1.39124911765606
2.00248904539528
0.550784713369918
0.912182818557472
0.0179284086453383
0.822253870569407
0.0789354945261947
1.40339880774611
1.90539040981198
1.55495027093918
1.18193313752591
0.969205891900866
0.833404613990618
2.40788042689753
-0.0219392517201259
0.023705004110107
-0.076086418897802
1.09206992313199
0.287229203084122
2.01787604788433
0.0580601993983871
1.09244850598547
-0.283074711992598
-0.159967062962611
-0.660364480426513
0.456941103494006
0.0805154230241346
0.11478675915825
0.47185308107646
1.13986991562378
-0.386021236546133
2.24006828346326
0.693869310587747
1.20325499654577
0.80972621982407
1.34905938771124
0.614229010779405
0.308114013698245
1.60036454419226
-0.625365563257604
1.11113624943034
1.07055360851883
1.10916360760053
0.665205021234987
-0.238363203899826
1.6825200795351
1.00815976537662
0.468396354652002
0.373652336257937
-0.326590352915748
1.13263348985097
0.866802559884514
-0.00990571787468917
0.735657531723599
0.972613729299425
0.580164355757582
1.32859272383524
1.13441382177225
0.304668118250986
2.40835461721799
0.0250918734519876
1.45978987455842
0.670772687147966
1.31441743905505
0.590024700417544
0.556493243023165
0.290382557945609
1.4133478325943
0.81202449050553
1.40435388522483
-0.0858526625273628
1.75795897948058
1.84213429954441
1.21673640009181
0.987789161592533
0.734861203959098
1.71277109377439
1.00900218157658
0.75816481708865
1.62780451577395
-0.186660683479297
0.778716321325951
-0.290682803347468
2.40783576137676
0.959248611859616
-0.0835473986475073
-0.258338724143519
-0.154386890913046
0.542343936604139
0.937702970375172
-0.213087205702926
2.4624852594859
0.790959946809584
-0.468645199813184
0.882042171211068
-0.0453065988253893
-0.463176015165598
1.12369029076105
1.46561836466944
1.16943834630853
0.745464280138534
0.499306633531165
0.8145752735543
1.97502938727712
1.86598020137528
2.58896464317077
1.28696130421717
1.27830263635194
1.30816055372154
0.672814278836409
1.14515571228302
1.65308288604503
0.699708792356686
1.17611376300446
-0.147498956375274
0.892759221402903
1.82722213853153
0.161535228935469
0.459509632122238
1.12750637423947
-0.176922232201814
-0.265096713648733
-0.0498579324361618
0.271918665016204
1.6425739306734
1.27987187750311
0.672814612470068
0.35919021836546
-0.497871239603863
0.836047160572554
1.61088562965443
0.0536809067420263
0.372712025995422
1.15378341445877
0.887271214328356
1.98742217474674
1.08123773738226
1.23783802049468
0.118054269628618
0.789097458607783
2.46878173868815
1.38169865245938
1.66970333619832
1.54344549217035
0.943614192127259
0.156884664448726
0.0848208068988743
1.58445326639537
2.41503502967568
1.91833637924944
1.89839533589364
2.06948828939178
0.473931258799075
0.934757910630164
0.0883630651262444
1.76477694914799
0.714191568914444
0.283775899741454
0.385913864953576
2.57859711213569
1.28496584086374
1.77110903034881
1.97302610671439
0.648310297584327
-0.0495894783607767
-0.333919726605742
0.842144156064737
0.94144467841833
0.812864064499097
0.00558837447657421
0.178294902351439
0.00792511000606907
1.23225645406795
0.719664443908996
1.2760279530746
0.969538848059182
0.609954454533581
0.595111116545579
2.88922793712951
2.90217261688249
0.367564024825755
1.33210990741739
0.094173301646022
1.51579287044587
1.33173935133502
1.99401795248893
0.918180462907857
-0.00864518303889153
0.0868413373091826
1.34664200069876
0.161694262918964
0.331266739770968
-0.76218684583622
0.811025509480469
0.863339273239093
-0.0148229837860488
0.595047805566083
0.0320760383389976
1.38895583546736
1.46627611361765
-0.10149229584011
2.67638035600949
0.900413812563279
1.19757571207168
0.944323614172746
0.738410003609777
1.74073661784865
0.440753053560255
1.47096663088493
0.635509185169342
1.9905622003976
1.25415009536254
1.76586620530442
1.35578358999252
1.36548073274743
0.902097006099949
1.09940739942075
1.14799218539855
1.16111000928073
1.0304897532078
1.57575064729449
1.08545457840116
0.236104857195337
1.58982299763017
2.04973902234661
2.08411176720899
1.86350035517144
-0.245539582615491
2.36669599676655
-0.0605687739923201
0.131965627029588
1.63915228538792
0.301250373820594
0.247775808160431
1.35107323921347
-0.718915508071476
1.12760699355895
0.762537059276424
0.348358602343763
0.645634226934598
2.83046987002305
1.09012492715991
1.10919649136496
1.21739825281105
1.63864546658244
1.37542993099068
0.931088512705265
0.250454632930267
-0.31196155153283
0.768091478433174
0.403011578960543
2.19672934212045
-0.595755354241963
-0.105599709954947
1.14654157676005
1.42648167409545
0.704245151605019
0.82282094088408
1.67812799282381
1.82102162481779
1.01374822554379
0.353481131754516
2.00140411819417
2.22743744101219
0.964169009841515
0.577952464233025
1.90280929054372
0.740604311268929
1.26585639322577
0.56569542393068
0.550120130585859
1.03827881671755
1.1401520921404
1.22134984596495
-0.282353264644147
1.1780032402087
0.957621573529696
2.01891623262121
1.18284276320057
1.89169927186995
1.67805765041213
-0.479433610604628
1.80414973451044
1.97571745211851
0.780271150302288
1.69584594270409
0.583180047328334
1.83048957367778
-0.131847002590232
2.17751724013143
1.74337171437745
0.966463064194883
1.39099635911642
0.755593078024216
1.72437327593865
0.678954695622722
0.515396476140638
0.868491343071401
1.6777435499129
1.93966557061348
-0.0907485233401742
1.54295630932473
1.8037239763559
0.903943584266434
1.28674087085328
-0.464882324348918
1.75129787186368
-0.290064499214042
0.14596819811281
1.95829158414036
1.23645923636236
0.888396323741129
1.00105304096791
0.823100300220577
0.111099408438792
1.48976659965074
0.630274576490089
0.601158358788745
0.164195070429534
2.7159814168426
0.0709994397603218
0.723020839852496
0.590136251910655
-0.202445971056804
1.14380123467165
0.570193836779492
0.553097055168502
1.18903898190077
-0.415167897508728
0.961256094820846
0.0392576016944487
1.42555265202777
0.965575183787577
0.726595314365199
1.13561274010697
-0.0327852265952719
-0.183288564753401
0.555843627340866
0.388429776993501
2.05249239908277
2.70206010435545
1.04764732171899
1.05433756719657
0.804559706868359
1.45004396906453
1.42803360578672
2.29198875438435
1.04430831561743
1.11724510023684
1.01467101147297
0.840745021608897
0.969609198365496
0.649365504299341
0.285973407489049
1.02003575786956
0.944008715847353
-0.110331478530782
0.364352779523042
0.0316440678381692
1.01621234048425
1.02001689718577
0.218514435700927
0.061451623562894
1.13575116822859
0.99757136419532
0.864925390162698
1.33462055196736
0.979824045547243
0.996139498600656
1.79977095514014
0.293777610552519
-0.0118998677096019
1.02101740922819
1.01251307161765
1.15099919412875
-0.0519986795189192
0.745402565893713
-0.229836796784838
1.05285751565454
0.925067971381692
0.997894424972515
0.297562457965857
2.04902013428455
-0.38062241589702
0.250908216760366
0.697919935886928
0.222912051715151
1.61780404218507
1.89429103301321
1.24440728080587
1.51466896879512
1.53474889613319
2.3037498431023
1.00001825348425
0.90952085628232
0.84672469226108
0.263376778043138
1.17171448974773
0.419056591962475
1.93762120246902
0.69192917269248
1.69409329632166
1.86077700917447
0.53743039377101
0.822570042542799
2.17896823126944
0.943243003177758
0.618960553518751
-0.15651499160445
1.73583059165905
1.14207702277421
1.15882332315661
0.76426333962327
1.54357815518245
1.02212224984628
0.840270288184237
1.10173880437946
0.559612439866618
0.339240026348422
1.23673867923313
0.747760255412027
0.871047167434985
1.47826864495888
0.912248678220044
0.773353227960124
0.818140767338477
0.459110211913748
1.13046088872055
-0.159376076067247
0.000606172626744909
-0.0836954188328192
0.835033487823285
1.74119441561626
0.59858615872241
0.42491644251805
0.197378896910185
2.112577220841
-0.196209297590751
1.73971406455794
0.712110664694872
0.81149035468583
-0.113833806068994
0.237068094277771
1.0720307058889
1.76975966401462
1.46547114114845
0.835587858837201
0.727125858013811
0.417420516724091
0.925685554899687
1.60437544591402
1.1282678845445
0.180138891426287
0.731633793439561
1.02414410034502
2.02696751879147
-0.0300773378448029
2.3772774557638
0.990867001245858
0.979883752431765
1.96848136403308
2.13475989736314
0.0985760099209432
2.04067803759541
0.448444157588791
-0.498004223313743
1.0061911488647
1.80480109621378
1.68128267219389
0.660551997425443
0.851518577047774
2.41586526160681
1.36492374575422
-0.161168290186438
-0.113026996205515
1.00025453231296
0.689906928215135
-0.0919571228856143
-0.565602943871659
2.04666818327107
1.56465540648594
1.08640991548829
1.14757281321251
1.2924936373364
-0.18009036287952
-0.171950935667064
1.09891132431755
0.0132610988847325
-0.0684859333122538
-0.0823469518448778
1.06866373281071
-0.477184048545608
0.624774217140596
1.18491353787434
1.20323480972942
2.53234733227788
0.847113855038699
0.814435215996794
2.2107103393157
-0.698229801370912
1.65443489903631
1.23847953626393
0.863516211433176
0.930721839645505
1.3073865925711
-0.0460441697996491
-0.292863258329114
0.721090643923749
1.14688644337981
1.71857507275001
1.44399577936207
0.724264158866636
0.412606873280189
-0.50936030221637
0.627162541644386
1.48625005160842
1.8055252020897
0.824813019289189
0.763483563169466
0.886835706359592
0.895792173323877
0.38809542322155
1.22174226243328
1.43179251822241
1.60733001580163
1.09326365520793
0.886254983021661
0.980195593089506
1.04458695783125
1.10839075455278
1.19231271108581
1.05822195539563
0.899451812171978
1.09420631032852
0.460127862678051
0.556834775835437
1.01741711533654
0.489880346036452
1.22337394321712
1.12358382844378
0.674856535260632
0.152285582856492
1.33673476105876
1.02513349491417
0.838947155288116
1.06893233129481
1.51119822889808
0.862066625491094
1.00533891799793
1.16267210948069
0.282707970132194
0.786016874720204
0.849153369805697
1.40837216550526
0.706445018339264
1.39630489290032
0.603231041922765
1.42140662378236
1.13164793452985
0.609273436716245
0.221825651780891
1.20892549609437
0.248017360927616
0.670062156905729
1.00664426104734
0.729808469555977
1.1983237712229
0.983801446146208
1.1940695570572
0.91048303347084
1.03116780606462
0.891141424665005
1.08087029049451
0.450574620020617
1.15893253391379
1.07049911087621
1.46325662160095
1.25952136915922
1.12293491503499
0.967697033319629
1.02026667587296
0.828928173967572
1.13180032885394
1.0481853999299
0.972937870879723
1.03538496526233
0.668579166144532
0.73770266570404
0.734092642883684
0.739798349453046
0.785260455021728
0.704931322418214
0.730235563327778
0.686701705201544
0.94440412492232
0.457099176142512
0.507011106808283
1.0891784310849
1.05056957418355
0.116327541348289
0.336785494443658
1.48466069165999
1.18891109838395
1.13720292805375
1.12572822529518
0.810368240517027
0.782563726682089
1.24861581389163
1.24107951954807
1.27182848843249
0.855643117416971
0.895080579512732
1.51196681392683
1.57057945680662
1.27748476784316
0.925321106477464
0.913548538946617
0.837897094592016
0.429783600581827
0.391354028606198
1.14033811080868
1.11557529036823
0.854004690873028
0.706187622424858
0.816701870858537
0.577024972372535
1.11089347241867
0.950410196649789
0.557085615472963
0.944859133548093
1.27525937367173
0.487309393213681
1.20226741276699
1.10743422956586
1.54566002792448
0.121182495144225
1.39325203715674
1.24106197960949
0.667295436257587
0.260799948407605
0.590634307148619
0.995044030913016
0.646075456623537
0.298636416309232
0.303017215598091
1.01111387773133
0.913877489112156
1.17286484502031
0.738781989439166
0.886845046290162
1.4914759328655
1.35115886438061
1.20880935860845
1.32867572232827
1.14452779615539
1.18809592529206
1.0870244873023
1.14185626436417
1.16488550858465
1.05867034142088
0.94560708630433
0.817896929980261
0.913166749421066
0.788665363881016
0.667881791486404
1.12432285000014
1.12923028306325
1.13181287760102
0.492367004733118
0.099505279357706
0.135716632232768
1.53092551419631
1.08269250018922
0.778503608120146
1.06564481129927
0.864607086511895
1.11240468859832
1.03602761619055
0.363302172601612
0.874534044904949
0.67126795837499
0.613962363396072
0.729712570127978
0.37384892422407
0.425155438301463
0.754367521928707
0.726164721051091
0.793575316864545
0.705334053487726
0.711516446432073
0.768195892347
1.0446416398254
1.56191123146848
0.754370014941933
0.899543694323184
1.41938038660856
0.34150621391719
0.555864496359767
0.695987901800953
0.996303876641332
1.25598707421609
0.794901017201324
