1.01712813125896
0.659344410880284
1.14048918161134
1.11277888704015
0.353204522839923
1.26917787653081
1.53125677885413
1.60809586818546
1.7010921327984
0.166490438654082
0.544239914241834
0.719630073999775
0.937857826400628
1.13412226820328
1.12068767240747
1.86890170315556
1.90691195375761
1.96710077586522
1.52589168645116
1.16244540200466
1.07222826543314
0.448906881343676
0.791222840073833
1.14505123024695
1.65173766289551
0.850994239619126
0.291103379487856
0.89800182790351
0.540117727840361
0.551852687322901
0.814225720055279
0.762127859530392
1.04383486628013
1.04126588770884
1.01604106696003
1.78207361666998
1.99975933099326
0.927399596984643
0.659394086537627
0.916405589152485
0.61380220057439
1.42082569247703
1.2303088856676
0.406504418298515
0.919463202652705
0.935909699729878
0.266344323890491
0.348823805369762
0.417832641150567
0.952297927529179
0.448655688620621
1.05767303566806
1.01751514647907
1.25579316106174
0.736030736353489
1.18686940921778
1.22829694150406
0.890836828226615
0.429979487006622
1.02007175706303
1.81317483653226
1.02250140855504
1.27130836480262
1.5482065995955
0.250738161493788
1.32093482616438
0.337205204151476
1.82793753727058
1.7223402996677
0.38144978588715
0.416089349641226
0.502132209234024
1.08126527059247
0.942655337798815
0.300774474165872
0.701093621477992
0.896996312160201
0.719632479971616
0.813753616071623
0.616635651284645
0.814176029582369
1.10348787990854
0.636695617133735
1.10469023681831
0.908431956398508
1.24118618809916
1.20721348530513
2.00001660039576
0.412958149378089
0.838806295534185
1.03276881471707
1.96567568749657
1.40790335085652
0.698999998821826
0.972936210763473
0.876830454700221
1.01037544405387
1.16814614901516
1.0476668918026
0.432696896009857
1.08241398496704
1.1071878676003
0.960541685656994
1.19889609460948
1.16853219888096
0.90710870685412
0.325220706580581
0.44146115484291
0.501709541177573
1.0832783080796
0.903461551483108
0.943866543469221
0.193369725707314
0.98177348263136
1.91091532356906
1.66906117206568
0.864911365084326
0.994775193043731
0.845740797400105
1.01104617300759
1.08969818408313
1.28857565747221
1.28840458249969
1.2547361234704
1.10940920627216
1.11437888690544
0.938933513731175
0.960660200715256
0.885796529419333
0.949629240361055
0.58624421310214
0.624915256722916
0.688044592960465
0.779052283254509
1.04311620132238
0.929792376328667
0.80324755815166
1.39315658795624
1.739449418573
2.2475218793708
0.896041568836946
1.53702054516514
2.05183255505109
1.91126103628819
1.27579195444639
1.78893288236103
1.04957963594743
1.76080787412103
1.20757730309011
1.17066715704864
1.65616589485599
0.24471730287819
0.0882540879120888
-0.0686928258912284
-0.263077336968033
0.613950765615693
0.112244988629739
0.178342997366088
0.205117428481657
0.321579974296859
0.107635549961414
0.299985586320488
0.541041112940511
0.374856736436805
0.406502418805356
2.91133932383681
2.75000096544402
2.192917296362
2.37890073164043
2.51350999632403
2.91324294344132
1.81196488741246
2.14221710400536
1.9785744410425
1.78040082372431
1.5957915829857
1.62692731827348
1.63444091175964
1.36490706265442
1.06028363623449
1.30807107490285
1.64675721538677
1.81372612093827
1.11016091373668
1.19797176671731
1.49048881498607
0.727003357803581
0.955175639132163
-0.118915758784074
-0.620565109177588
-1.00148945830525
-0.742196094721157
-0.894984583740251
-1.00384233735287
-0.790486702017851
-0.737301481509178
-0.548603764438327
0.0284966400659042
0.353601181450035
-0.572184286188067
0.783103062931639
-0.869220337477721
0.381660257875364
-0.494487575026507
0.628019753653793
0.617113873386972
0.0543428319633002
0.268309276345284
0.782978681645887
0.680177053706992
0.928919596025534
1.15174870960422
1.23806186961858
0.992316971429333
0.787754757343019
1.44452098117661
1.43909845885215
1.22550538115534
0.737930008021176
0.520489066879824
0.63117099629371
1.11356790809435
2.07593867575257
1.66375751615245
2.15324344022946
2.28467139628259
1.93629749840961
2.12684036312761
2.18768940181987
2.43407908485161
2.33352458195789
2.02898339145501
2.17942698484875
0.835334317163656
0.944485070253563
0.399120793791013
0.64668422220414
0.576318414683316
1.03747427484696
0.531476781587166
0.861152976346645
0.549238029284205
0.778636471501774
1.05115316605174
1.26095591369768
1.31532412653909
0.92110657911451
0.664730761354343
1.12056296637685
1.13808640541671
-0.188498125869403
-0.157319496568528
-0.332711671842905
1.42009502472466
1.05703958563972
0.80424410223951
1.08154902180717
0.990125750285863
0.77632651110601
0.813378248880747
0.658225133790526
0.419994050523634
-0.145612820898776
-0.293589037827921
-0.636870650842707
-0.328263289866997
1.44202830076056
1.64039697111854
1.36978946134063
1.44607555681198
1.35771705280228
0.958265191976278
0.414910935518214
2.00064887982664
2.25891440869132
2.52523073650915
1.40805464164685
1.24692201266485
1.80407800318606
1.70736788721231
0.950989827641953
1.36643992174985
1.13905474664681
1.30635037761717
1.08775069629266
1.26885395080703
1.79802685323742
1.27702529874785
2.46183928378127
1.18425867588475
1.04605425803785
0.901589559022636
0.660219669338407
1.58317209501567
0.0989576688763189
-0.173148715712663
0.394216597997308
-0.766943066372218
1.45275420972368
1.07524591225589
0.994306696666695
0.638798671542756
1.51969338594052
1.96913022240287
1.55469414683597
0.796469752895837
1.3294850546955
0.011158532837802
0.84426018597305
1.18279114198673
-0.226053204521477
0.314508142344973
1.39828022374179
1.47607357372064
1.05453979151064
0.856527090861352
0.455637430659333
1.70154141708669
0.700720783998324
0.463354657649416
0.987930532746502
2.03964324784147
2.19259011418436
1.97809237586289
2.22223134590768
0.625090998663519
0.100225420438246
0.866406255548212
0.998008200836653
0.158229769371172
2.23893660613814
0.863319056526012
0.702791391675128
1.50694114517729
1.12492397013206
2.02586180912466
0.735160344385216
2.28769398026456
2.72800404856192
0.27412877176669
0.00767540678810638
-0.363759308109554
-0.280931315052434
0.0893123542675803
-0.79444786037914
2.0802280304702
1.94602138612196
0.439826261198999
2.00743231867602
0.639246147033067
1.15687802641118
-0.0260755368476755
1.70728739650123
0.63641680441079
0.974001988596909
1.13857998598791
0.796109339709773
1.13371715226686
0.612032761970799
1.21375897171735
1.11055017291236
0.9824998993696
1.36371232937917
1.79540106645607
2.08233156353378
2.88502291248607
-0.128656116929022
0.774559031740783
1.03386227735176
0.616505571493503
2.17432266383439
0.879190544996795
0.55689948995863
0.583910447678042
0.917808895008741
0.68490353456345
0.676042204576028
1.26064080915314
1.72451971352888
2.06173632913727
1.69242812368691
1.22038551312606
1.3400623134726
2.03417547847605
0.653314094931676
0.241401532590472
0.256792711626161
0.925967001379808
1.08580362253315
0.998769050172803
0.873467424281987
0.538877110267197
0.19534006857277
0.682688190136622
0.939950566499052
0.685074788368174
0.967770763638404
1.18424219594433
0.883222257120209
2.78333919463452
1.19921224192567
1.01985179615519
1.37222549188663
0.959366758223672
2.25346625123756
1.20384966159087
-0.0427465026849165
0.0676847655004942
0.398452491867488
0.194123366887283
1.2820113494317
-0.222783568929791
0.87856928639311
0.929843867041651
0.817673947117287
0.708339700275978
0.965901640574803
0.402436973459872
-0.179749989109109
-0.144728364986389
0.0267637329933314
1.11010534395589
0.833506977089193
0.767366712214377
0.9721690745973
0.819216032728223
1.1069929395125
1.12732544898106
1.20340196288874
1.25941715534116
1.24951769409309
1.16339218909139
1.20427587379343
1.19853402349797
0.176795303551767
0.386176831862951
0.882297156249989
1.54932542026761
0.747719040619941
1.16417695924674
1.58032700682543
2.23771940392867
2.09792149370295
2.08478383409662
1.32606675773232
0.927101476898613
1.01400657212715
0.629365091813832
-0.916903125669049
-0.938181682381143
-0.733305098591757
-0.319667475442902
0.607460747212733
0.611466495659267
1.17278824674662
1.06062021390205
1.27242581249878
0.634057169739162
-0.863222718089492
-0.406859382850432
-1.07020391348461
-0.253705581983808
1.64251126988601
1.81665334051089
1.65421099983216
1.27240341309139
1.33801995603587
1.28655400615323
1.28134858631834
1.1930685844105
1.69467887108749
0.801406596395311
0.790705464303958
0.612853103625514
-0.105729824332926
0.756309479449785
1.86774186851827
0.142296885697203
2.14618475512864
2.16307125591636
1.24675503878405
0.203784244277286
-0.0561513009025966
0.128875308661489
0.548175915733859
0.633066530717383
1.87834370117205
0.896009895690192
-0.02946669017015
-0.0176570716744974
1.38271230822579
1.14775499715615
0.84245492553027
1.174615433013
0.216409607761148
0.328628360188973
0.598418572515089
0.833071278284607
0.255159092572345
1.09908242992908
0.889171379297524
1.15356456246071
0.997862037215882
0.271884221717316
1.20284617160825
1.19860762591859
1.53847877566794
2.01210133703778
0.528354465226791
1.15237824596129
2.05433854448018
0.184972637570357
0.0671146961325487
0.328985276533695
-0.143496329264069
0.889457850441066
0.369701983983318
-0.171601191148675
1.52923831462608
2.07880058305144
1.35491113380272
1.56698469376448
0.862820856671078
0.241499496124655
0.220284147885358
1.44980184201596
0.959464403755221
-0.281666883523969
0.164304337366261
0.617483677250319
1.67116907825181
1.68282269326896
1.06783012498268
1.81924128677668
2.23325338737137
0.525072846966175
0.943357041473713
0.526883233096771
1.08118071153247
0.11738175860599
1.58100620922591
2.01048144157728
1.71660863866418
1.01964847270909
0.850910255828533
0.986472044925954
2.55013586961599
0.333772122052315
-0.00249124910090221
0.417332200096116
1.07831014612048
0.453489569433568
2.02972895689323
0.109992822926892
1.51059394427339
0.124950483543273
-0.225134928487815
-0.971711188808544
0.340246712935759
0.173185757622334
0.235029646959992
0.974721939834063
1.61768474218613
-0.550422987026983
2.36033224199573
0.91553877573264
1.37829638550429
0.791214418644333
1.5126328596807
0.801892974575823
0.428513250780154
1.78961694658664
-0.526820476887583
1.12259854697802
0.844153351330499
0.854877421247906
0.701981306565894
-0.152946382206526
1.82049656706084
1.06820400950974
0.439934824124396
0.829751799988863
-0.262405902735305
1.1097056401462
1.01410688446773
0.00570883506930903
0.816003358690918
0.759005058054917
0.557848396342019
1.28416004109848
1.31306128515006
0.257723774231916
2.44826261757756
0.0816057090477675
1.42827885159537
0.580582957264378
1.42126135932954
0.451135332308174
0.316025696182292
0.0988507114035524
1.53977902554995
0.584799074711913
1.24629034455035
-0.00811577744363554
1.88444740755535
1.93359080262961
1.22797895461824
0.912609088820902
0.791317349222247
1.6479196371313
0.686807211663766
1.0787470695666
1.77074405794557
0.126772847497561
0.861246014797569
-0.0626181229512523
2.26353543990893
1.01439694547243
0.143962112901892
-0.074682116680643
0.0995391442880555
0.367737213720696
0.837586222859719
-0.308735261435555
2.36742985675037
0.792391690378624
-0.152161208406218
0.935049581524498
0.0199389570660569
-0.607970673727057
1.38347923985765
1.51077497542227
0.93161933866239
1.09980601773365
0.901778088668816
0.639666897154948
2.27655545639231
2.28418871750201
2.8440058869134
1.30491382151244
1.2205405257019
1.25816613933237
0.634577199761733
1.09011860343036
2.13167898660476
0.723840043168054
1.3570353100405
-0.161846179334335
0.909589248469717
1.93465154010977
0.203324880868214
0.702107671584754
1.32821156775542
0.200851678077383
0.0948790566926334
0.402830889642591
0.317126824096988
1.77643418947051
1.34042660292125
0.599860420432413
0.554688675405905
-0.451806031678003
0.815689430429213
1.44489472747028
0.0381925003973936
0.469240876494974
1.15235433243291
0.709015012433079
1.81987753262371
1.17999066290312
1.28617059636274
-0.000377327654460307
0.86367134269968
2.71931467152957
1.34663268441727
1.89349332217124
1.77515608060231
0.847509419046553
0.144943214152778
0.0893510430420751
1.51315292532076
2.49154941217892
1.99781235589262
2.08035610748334
2.05961610775254
0.500457459825224
1.14744995949173
-0.135482016531491
1.96248002522912
0.394075607137804
0.240331878910172
0.303652914725185
2.58570185173778
1.57938087205822
1.92308769891263
2.08678868868483
0.730785250024391
-0.0557222457903255
-0.42286797131802
0.714564212132663
0.746320437411009
0.649271251960337
-0.0040618789096715
0.19687882974793
-0.0117796340847831
1.25335840682041
0.620795074779376
1.18039746802208
1.02249487219122
0.651708768913891
0.611937727170914
3.22985488237561
3.14138988412888
0.307863570514625
1.36516861254333
0.0563745125351605
1.50849810421363
1.31947822547098
1.9995593208789
1.01822447185941
0.00176956161076227
0.129534091806735
1.5650103926425
0.0911839724989724
0.247440325838401
-0.913682392049145
0.849824797674428
0.792269636944092
0.0163516036730637
0.577117918756341
0.17332178452341
1.40306901608797
1.65168732132594
0.363526242521176
2.68469539879999
0.820873709771459
1.06263661619108
0.901876997871436
0.595733756101042
1.89126081596033
0.293786957492796
1.43481512799114
0.307730377779323
2.11685234890217
1.22146895898759
1.83443710532387
1.46471525112358
1.42124010198901
0.901863854500266
1.12394419715046
1.09534522580863
1.35179857545747
0.999164549853434
2.09938154764919
1.02526216870429
0.361255663322862
1.78554937029833
2.06055815792918
1.97397419806894
2.05156200388845
-0.0306547772990713
2.38504576750689
-0.0604470168721458
0.255055674425104
1.83296953768118
0.210071262848304
0.348912502172281
1.5585938534553
-0.998742818563927
1.09908572116401
0.861731829895287
0.347987818094494
0.595871412716697
2.99577282709038
1.07242246624552
1.13373519205268
1.30146668322637
1.85401888098744
1.37116908942235
1.15298686274179
0.531562931185145
-0.202455337090289
0.621711973695097
0.271279590467846
2.01787705890948
-0.895467494828385
0.196283447986645
1.21961076908821
1.18128927717671
0.568098031147396
0.789768571877188
1.70251883260585
1.97568952183657
0.992352095470685
0.308849891510946
2.01358017128129
2.16551112613316
0.697063952387061
0.748523000250446
2.1341094784649
0.911128306310248
1.44403404563753
0.683333874287668
0.493396942796572
1.02362852849814
1.09779735256441
1.46061384711062
-0.106467781319568
1.06260550389518
0.698593582100493
2.02735938335211
1.55431144576272
1.9446545316662
1.81663913431338
-0.618326171624688
2.28961412289944
2.03217842035492
0.700685013347781
2.24203816657094
0.574499608535427
2.06387273207057
0.0220898052098836
2.25269771513621
1.70879354212008
1.17238646277676
1.44210852992231
0.737644175279063
2.05721357820402
0.72482762484839
0.437797192877451
0.5394103476925
1.84595385760901
1.92822650390078
0.307970549919004
1.5727715904642
1.99214769798762
0.915473605167615
1.18644403815849
-0.637830978615597
1.77786689440412
-0.495729781598858
-0.0405601610249754
2.17297861974912
1.09248224925734
0.811664115002473
1.21858984702849
0.799431392222129
0.0817958122993827
1.72016321255925
0.633808790227675
0.579765164853225
0.273471593711822
2.75641573580192
0.159045194061653
0.69104506217415
0.705330180170112
-0.321223593181408
1.19230252488973
0.558492277394549
0.476605725689877
1.12670331365796
-0.0188463254522011
0.957222138321869
0.0777806558606551
1.44236725383582
1.05696275640901
0.840219604199362
0.900835389639159
-0.0172946492036094
-0.179637754176048
0.57905109116537
0.251456436703676
2.09100452540356
2.77818251031324
1.32615247447118
1.08086201981319
0.738127066930287
1.53501725430589
1.9279219095828
2.25892648496842
1.16469226980429
1.23740982177784
1.17518119245075
0.874855876493219
1.02437266913072
0.733952735305682
0.500156115875817
1.05421773845892
1.0174766101665
0.382424837697819
0.84355808334324
0.0345325697670341
1.26985727950657
1.1483305862585
0.163324494958403
0.0329615441528903
1.47609043493345
1.39277889496204
1.1470395779013
1.41809746229669
1.08392767940775
1.11858397417434
1.96361845296722
0.354175698360695
-0.0366210366303329
0.909607480505589
0.773462960200893
0.978242446937493
-0.0132870683529534
0.87378942731733
0.0630342255805982
1.0327481466284
0.812116779369356
0.90418802647517
0.218443111756275
1.93565729430142
-0.00943511445504858
0.160646559229391
0.633353781951927
0.211515339247586
1.47935688817692
1.79251751348572
1.46670971511117
1.71060521689831
1.55555247079089
2.26241189542862
0.994889876147345
0.835725526706371
0.732140748423069
0.742914772123817
1.27198438086181
0.411243463176394
2.26850173975884
0.754560101127646
1.81336882581261
2.22072117559899
0.436772544157444
0.795477160773255
2.1762357166219
0.967151365007053
0.669963065430996
-0.142979088904663
1.94758450017986
1.16222128184637
0.900582679374312
1.01317551868552
1.78590148586633
1.08610329757121
0.948647064732165
1.24854876081665
0.51570439288702
0.192194919155564
1.29356912127183
0.576950378839907
0.817334260046468
1.35196288586631
0.721183079283792
0.766189773294439
0.865182465789465
0.971528671825023
1.2888849005786
0.252364716245104
0.398346913687366
0.259714283237018
1.0227127755247
2.22788664035224
0.412460470473389
0.872808825982193
0.150532968846542
2.0910729137529
-0.00708540859008542
1.88034785347342
0.775079117623568
0.897121520274486
-0.236081555886887
0.127980586772952
1.1127198168161
1.97858776562286
1.53793714156603
1.12675032116525
0.749853360216546
0.338102422255913
0.986714233280598
1.74105928946054
1.41733991810971
0.26410553811321
0.718980395636205
0.976200935730796
1.97849915772092
0.479579771065159
2.24241359434467
1.04727561202277
0.698623830638441
2.06262143644106
2.27693922371725
0.105516248914579
2.01050400786655
0.407261459255074
-0.745228871512479
0.874347321314514
2.14716860656289
2.09615892392628
0.418429415814102
0.839248559533045
2.57561074101828
1.44140239716647
-0.318580572075365
-0.126727728348913
0.89941710973327
0.792699636808749
0.344333126419978
-0.492332997651502
2.12099382997366
1.70355167787703
1.21897802658627
1.28136432265145
1.45043068111346
-0.199388376713755
-0.249742472266583
1.62180525011932
0.262252320446268
0.132400038293649
0.234610535994514
0.888190789557291
-0.628094836951409
0.600916175031521
1.18384852097602
1.26740042675371
2.52972361745988
0.816257996958658
0.980494755619891
2.12262475585403
-0.560322457884232
1.39018268487434
1.32234981616835
0.884039921962824
0.987634919194314
1.28528468643249
0.225118012686057
-0.249376745413683
0.775697600286195
0.890454869337324
1.97867344125027
1.79081452348348
0.603309388698912
0.474190341388599
-0.254382623800144
0.745248372847521
1.97869712142527
2.28269329225598
0.93925298212321
0.869425337841323
1.00510930968401
0.981894068939043
0.767923337089029
1.26989600236009
1.47704685148907
1.74699053779918
1.30530992698448
0.828088802133741
0.890814295769924
0.961223246998585
1.04789731623574
1.1676926966792
1.22599706810923
1.0768499328622
0.961614990639477
0.893212085348901
0.768509267384962
1.08222066968376
0.457350313004253
1.13513325982133
0.935986016845113
0.768703122476235
0.607587076931235
1.72549661676644
1.27575316082804
0.823927493318334
1.03241722912273
1.65064729875916
0.937123988317079
1.14046923444965
1.06318365962316
0.499756197262855
0.83996216841686
1.03033032763922
1.64150559078154
0.797125575021624
1.42445296573144
0.671219413269347
1.78754618770109
0.948984151576262
0.539189252607714
0.568442693391217
1.12459133826209
0.723380060981268
0.92435352215256
0.948913850796289
1.06746816662638
1.5682633358209
1.00173248249539
1.2414685218516
1.04419762070387
0.994728940220887
0.882719196517483
0.95667235789032
0.822176341738172
1.08666779769283
0.990122226476172
1.70268743685333
1.27728801039978
1.32953354114363
0.875972300817454
1.14314690129133
0.778218685463058
0.998864527533676
0.928564978946162
1.17118343763795
1.01446855175706
0.745398249543658
0.888909500322582
0.844636762115975
0.903971187876711
0.944968173189038
0.7408684285495
0.843131686308189
0.801014161027088
1.04477906353628
0.559735791887623
0.734747343587582
0.962353115462129
0.911993916972587
0.524099993754009
0.755377992736691
1.53893066510239
1.10691809311662
0.992256792787062
0.979035042485589
0.880424012575734
0.880643620837013
1.19701250936238
1.49058661989653
1.39530285369564
0.94878801803872
0.979768068359489
1.80508020986709
1.74461237293442
1.51555970169889
1.02011310462681
1.0640843821471
0.941862538271234
0.755442345388821
0.733811005068446
0.924740746550136
0.939204254281916
0.78389141668232
0.673605872260735
0.768664045159528
0.968313426213477
1.19088543247968
0.986902134561905
0.941834258744924
0.938126465919417
1.69436325164621
0.423662034818516
1.13826592988355
1.07500148037688
1.77844929084943
0.595602712601122
1.46079141175988
1.17569908637268
0.755784827968502
0.735252423948616
0.615970904114571
1.09356593772258
0.711955488761383
0.422801275292201
0.51377560815165
0.99328890240275
1.20170432699942
1.10639922083846
0.831655852538666
1.06558448620533
1.83978287734996
1.62583958451887
1.48108333515104
1.45903651352732
1.21511802792655
1.27764691561594
1.11975439042643
1.10204715017267
1.04602268273147
1.31361837034956
0.871331261185715
0.896427910556251
1.05549476642796
0.972774989906066
0.749334227816152
0.941884399313209
0.966904093843091
1.01624256646212
0.532370300162814
0.512862919324723
0.486674087074493
1.59814680234196
1.22708542240689
0.808757804103326
0.998478704336424
0.920558257095951
1.37712432752965
1.00401294066811
0.749411168059856
0.955084383882919
0.73544345232502
0.757697617555824
0.805619330191737
0.556814783870101
0.702586057343058
0.84378890367677
0.825043863607267
0.881484007099755
0.844803232254501
0.842357036021197
0.938948323740879
0.921474638865956
1.68250440726532
0.676153055260711
1.05140791708601
1.69159449192993
0.307516035844015
0.577024429186516
0.723389606150769
1.16603300815305
1.17699257700865
0.804763494792526
