1.76132112995029
1.06683244220306
1.36907122006517
1.36078274479931
1.23887757132525
1.13900407250238
1.06294569754124
0.969494995725067
0.836350354280449
0.149429848911369
0.675607710261639
0.845917360640794
1.1046834896837
1.16419758486776
1.13370415337399
1.18760190159216
1.19924680461324
1.3175852502624
1.53688819786892
1.74748789065634
1.81253119866674
1.21133339161669
1.26939050404388
1.17184751810334
1.15403296469181
1.39912782337712
1.20063702191922
1.134525217024
1.17887605623728
0.250332245298751
1.22135403386977
1.21421319599863
1.06798255646497
1.31499508898076
1.32391209736759
1.16913963602942
1.24983301654741
1.16047353492226
1.12306085271107
1.60452401585055
1.2349262982098
1.14220827533923
1.16473314284576
1.20647632436576
1.17190243309062
1.00172746969733
0.396380140150478
1.19860755104479
1.21757299131317
1.13257218945579
1.19116980253187
0.51943242155033
1.19085762602797
1.1530139988203
1.1697655746971
1.18990425577404
1.15297224788946
1.13801025968202
1.22293829604053
1.14596891075104
1.41659575764461
1.08975538695252
1.13768200545904
1.14768646488656
0.0797506185174891
1.65320285124433
1.19896218099316
1.17778459198266
1.16133115919954
1.22910444308558
1.20352726329069
1.2213472959091
1.33930028563277
1.29086222649325
1.20637806696518
1.25040289610723
1.1540005013425
1.16700193687631
1.16439436041238
1.17333109328784
1.3022742564519
1.15855344788571
1.07914080811792
1.3565800366853
1.27466199545404
1.15481140667102
1.18134002273606
1.28289772027446
0.539501402448998
0.93629915997803
1.13342602731323
1.2212860231521
1.10108052795261
1.1269961608741
1.68762985457016
1.49515032418544
1.04633273595958
1.14447881704993
1.08217656843922
1.19879506415455
1.18628361935647
1.78156101782988
1.1836110706845
1.15646786891312
1.18160275751707
1.11906997266418
1.229413280783
1.21434681984542
1.1854089236205
1.15252770768213
1.13291607854825
1.13836240198789
0.269806959706474
1.09774053897588
1.361528052565
1.47743852380569
1.14689343272029
0.936615637439352
0.980009744932596
0.930734103938732
1.20295610960024
1.3044101651987
1.27258793237986
1.26881430683622
1.23852073869305
1.18726479040807
1.10843657091391
1.12353466387513
1.07551951361206
1.12564296924059
1.13039097650229
1.23322583419743
1.26288228769511
1.30491867515471
1.43563816515741
1.36590173114329
1.35405618822697
1.49521327628227
1.51691459131805
1.45516191834058
0.898381112701544
1.06507178024259
1.138797045324
1.14765686659081
1.15641489421182
1.20697723184463
1.03266447063822
1.10802125829519
1.00087369009315
1.07000590300498
1.12154104401432
0.866035297052004
0.817240513604014
0.698227931888223
0.603140638778238
1.09754385034685
0.998011944665929
1.00766093412472
0.787934914298986
0.53603350475951
0.413268789594844
0.524332576326971
0.801936010896006
0.736012702002625
0.598660012177796
1.38167874342121
1.44349467772351
1.40239851504808
1.40148806179253
1.33114569209809
1.33973717223983
1.23219861379915
1.32519933290281
1.20402699352311
1.27262541099721
1.25256360754796
1.24644857855367
1.18505543977785
1.20161300538844
1.17703585710527
1.15615162519234
1.07146841831971
1.02139499816404
0.994503523442805
1.05954385004363
1.19887499873374
1.01851828096232
1.19581988162107
0.321215771946728
0.243095349012866
0.272574897911845
0.348807638852433
0.200334335460696
0.205654590863902
0.133026988795063
0.205884097065661
0.170285594546354
0.319901631810661
0.26236454130288
0.0882820120409357
0.656421211798606
0.125239545438467
0.602050950346956
0.210147534973996
0.62281639946796
0.759323072958667
0.669852715663794
0.684841936653447
0.757872184621392
1.10098108092055
1.17023734853927
1.04828925467025
1.01681781397097
1.18797194102159
0.87373945610712
1.02674979802187
1.09312912580412
1.12305446769647
1.12653055922198
1.13098068972411
1.13484660939137
0.983570745186281
1.53926982739068
1.6512828144123
1.53300006254678
1.44854077464956
1.61715203297579
1.59481252301522
1.52061325996151
1.43707833531648
1.48204200766124
1.46422170571355
1.27699925341353
1.17053330057105
1.1980405917299
1.14060381566721
1.08005898646881
1.1100864439903
1.13214316702092
1.15146962296276
1.16461361501364
1.11761286299592
1.15159534166352
1.14336161099642
1.20364426968821
1.14639062844665
1.10467800133823
1.10720341530086
1.10198313221403
1.10371394139203
0.573317933899447
0.388821615766326
0.534589645091333
1.2276335150679
1.02587213725427
1.11072976776698
0.939191599412928
1.08115090041206
0.919741011551018
0.659120561326444
0.680933838232668
0.481175555091776
0.301067205686935
0.292677123942371
0.330744855797555
0.481842907622579
1.04749392377387
0.787559671466881
0.60542080041501
1.07612747555136
0.740950153067747
0.675932290924832
1.05690593584542
1.28742261595962
1.32664020572959
1.41486179829303
1.20967506729138
1.27120680880496
1.31879199848582
1.37198815857472
1.44414064274325
1.64111816808131
1.73938448697058
1.72846528875815
1.78062248264309
1.74781258546147
1.68049305431255
1.74842102028313
1.64163530215398
1.00945042701567
1.0449374830616
1.05824610025112
1.05786745583459
1.13035891444059
0.858183174691354
0.632348498643886
1.06349005337675
0.353687732525537
1.04640204565869
1.026464607655
1.00041741689256
1.14352504244071
1.03055700857189
0.998823984874102
1.13324053929661
1.11795932735378
0.959028050676181
0.553967829375775
1.09591961267936
1.1481062283443
0.079826410812514
0.910605949719988
1.65389535807656
1.10053449257441
1.26273869557064
0.835777032410495
1.09052089828051
1.10660358940437
0.860513903694467
1.07373965489998
1.01165639886961
1.22358584079917
1.35874204087316
1.20752981848507
1.18554849574645
0.729155323163085
0.697077701090901
1.06525445595633
1.07010839064371
0.367833855896522
1.36988591336214
1.06976872442288
1.18210381075608
1.69256295537088
1.64959306265525
1.27255222331802
1.11150402692211
1.64801909386558
1.54067366739669
0.833939669889159
0.71519713816143
0.244418965143765
0.634869094502626
0.858258108309917
0.270411964038494
1.32040069789452
1.24122497691174
0.494369203363799
1.17446357384483
1.1810900441723
0.844652695748449
0.658723407662375
1.46403276174197
1.12701535235921
1.02927666273641
1.08379161240036
1.07826944538663
0.843016842219614
0.705479492461903
1.33824412091801
1.30022703303119
1.19814061246458
1.56484537293088
1.37444866123039
1.28718044029822
1.32463778665649
0.546536498736659
0.818693481659785
0.972586662950954
0.490338759116933
1.28018776138737
1.11953515883059
0.919307686409342
1.00369034297297
1.19761870956992
1.18155796403541
1.1462005408392
1.14002847457466
1.14621709038397
1.5800419027666
1.24657261365936
1.15541259711719
1.07424403812786
1.22771614730647
0.653990703675043
0.41907580968106
0.25884636715038
0.891482773849472
1.13794886412594
1.67224336060796
1.52026497168302
1.08339742304428
0.989684926430069
0.7667180669643
0.48063316374457
0.377491325545407
0.880486180761579
1.10416205005093
1.13409030537479
1.28146344138824
1.07769011336111
1.08080530662065
1.15809601353711
1.30893205820214
1.50531356751369
1.31236924942843
0.645805548145541
0.86139235783728
0.848347476283218
0.697982289099564
1.29495611444802
0.401275270996647
1.01098139427274
1.11564618008309
1.0083314782729
1.02784850645746
1.13608013381834
1.0455568351734
0.686479288054733
0.769852551748214
0.927395522633916
1.01549416312765
1.07284820218188
0.918476261645633
1.22098011421065
1.31012599841552
1.7629096050194
1.73204860463118
1.72108418495526
1.04305784341501
1.04508336150407
1.0588443962772
1.10520872851512
1.08169664302151
0.360250745230332
0.420483294826951
0.78410386467922
1.28840370737806
1.10018425646649
1.0677561399181
1.7127672939927
1.48608314647392
1.41263936389363
1.32398520939655
0.995047192524144
1.05641329974601
1.02471456900403
1.07244227856315
0.161104028341445
0.187695832413789
0.280892669345061
0.309878680011779
0.539752968196113
0.763434793164345
1.28473490654061
1.09446736063468
1.03195382024684
0.84585381630491
0.334100191998462
0.441405019993845
0.254379254713801
0.480580083768551
1.08786323313764
1.12693634576021
1.14283827164152
1.11525435523166
1.0513417380516
1.11796774355852
1.17727136249384
1.17891406134978
1.09896591426666
1.12379511589884
1.06293483683029
1.13127008546457
0.712338206679233
1.06209780229426
1.17511148214671
0.522448100941367
1.29162661840162
1.20921759909208
1.11188688628314
1.02927114059648
0.604592283960842
1.04049250691732
1.06095917000141
1.03903024514617
1.16494510247886
1.22227706889766
0.575050200587741
0.109669354100784
1.1397609525451
1.13680813742725
1.13281026054086
1.18842029299701
1.05756238458273
1.10201474424252
1.14465109427604
1.07317134425796
1.07619180454373
1.80088902310148
1.15400429727286
1.02406242403768
1.18025199792077
0.958924255570418
1.20177734140263
0.880413719670077
1.43612236197666
1.18324545921027
1.08481704797575
1.12303922059251
1.23995024734901
0.402160332920238
0.682013343953507
0.912841641152812
0.744933070547026
1.15845142985666
0.479517812604576
0.482025478892287
1.18135163310998
1.41290125717527
1.11674698263089
1.02061482230784
1.07365680765873
1.03950795484129
0.935578066746793
1.15243856423755
0.793698571425173
0.225130182904321
0.455407819803318
1.08959992096664
1.19711278234804
0.999149167981688
1.12108509853978
1.52274314855941
1.42162327211872
1.09470281851805
1.15686253545016
0.91637335328833
0.901009656871311
0.787927487656591
1.14725645785152
1.21786603694321
1.15478120004163
1.08303755683089
1.18479885126724
1.20583209979244
1.58896629707146
1.06728953464157
0.194263486852052
1.02756918333631
1.04399719148733
0.849620567040976
1.52413496770723
0.732093847976271
0.773510591649237
0.572175195483014
0.627865384563785
0.128541162645971
1.04970862608668
0.492770478951792
1.07351995751958
0.655747995248977
0.92886570589064
0.104115024099872
1.57987303619522
0.750688577802138
1.64470340952405
1.13414644276567
1.16758118447868
0.981641206772616
0.338602812476328
1.16193444247615
0.388237405128436
1.76191171396562
1.12416253793465
1.11426297950158
1.15512852413382
0.581098835695402
1.61333534758578
1.76307659928545
1.14155044553862
0.966816211396996
0.100511871383918
1.17781879553445
0.657879414842727
0.0828532580957095
0.92085328458167
1.06793573464106
1.14178362396719
1.09967178648155
1.14107380505401
1.08032326287929
1.39003925199582
0.397784292315084
1.15285686476432
1.13705441878453
1.23196117398103
1.07357756928499
1.04476379968599
0.618680460622054
1.10119711596793
1.13255917905787
1.1710097429465
0.198281262129878
1.18389541161611
1.19741777281998
1.09147182522907
1.54810419865553
1.15206025876624
1.17658508203008
1.05885035592282
0.521568103537839
1.05176396824699
0.789174081910696
1.40335882746813
0.55552985493467
1.27751309491713
1.22308883149349
0.913798327687027
0.726596105567062
0.194373518004765
1.0504102460804
1.12525644525552
0.370714803286146
1.49635310334677
1.12780032882075
0.532672997009859
1.04746884092868
0.849343943618236
0.108136109909629
1.04648971853527
1.64857180592714
1.082757840751
0.971584979307521
1.00352104892999
1.02509447475532
1.15144233242459
1.3328854822999
1.3720519770034
1.13532425589927
1.17814712307254
1.14963365048635
1.18405629943034
1.54754317200292
1.30008078912764
1.09061253672672
1.13372939702477
0.692067347616339
1.24033657665605
1.18873302546134
1.10825201297735
0.572663698722886
1.20922750328331
0.681451424684312
0.742637530858247
1.01932772892261
0.749030646231597
1.16284721668486
1.15964411533238
1.1039358944226
0.52609520355636
0.432410094862271
1.16771463032913
1.22443227587182
0.525578578822837
0.460085071577767
1.20593322431929
1.12157428436774
1.67814020686063
0.974054560047643
1.10031709654386
0.376882748959977
0.892509676134182
1.60213755923443
1.02226206390903
1.16082563768313
1.16034549054111
1.0571831626324
0.903754090499044
0.939489540978744
0.981536934458045
1.33226964998019
1.24340192887932
1.25355325406991
1.32944872508392
0.820550576589939
1.26763415498653
0.229746495526169
1.20325689698998
1.06181831475419
0.959721911770487
0.559939822610074
1.47846096403493
1.57591712272086
1.2040429780683
1.17763062988787
1.21074541627626
0.845474096745975
0.20287106455466
1.13882622544537
1.1330728093986
1.03195328491744
0.712274532596183
0.380908707003563
0.326293347226092
1.15340747269922
1.13833151391339
1.08197974386813
0.865877520546665
1.21200916180705
1.07353984662401
1.31318593692169
1.34255847124516
1.10816125792558
1.19862250628146
0.326104032247768
1.10959203051084
1.09547146180332
1.20032324067231
0.997214394565082
0.617164672379112
0.448210127115563
1.13785702251477
0.939358078805784
1.04145016918024
0.300200164032966
1.09739083166457
0.892468089206852
0.928118093397903
0.721891497680328
0.949602529720144
1.20006112234455
1.25951017029985
0.847639933405956
1.4026791141777
1.14981512898765
1.0917654784845
1.15237255785913
1.17644044012613
1.18758617264582
0.705620478068136
1.06776160466624
1.04929677849804
1.2972240400538
1.39482072852509
1.26221232995469
1.14043084243098
1.11034414033667
1.12811740927888
1.07162155792994
1.08086675023796
1.06245121938354
1.45864085240284
1.34034696039727
0.947413100985386
0.884484139115532
1.01844599891803
1.24461519862156
1.24208158521856
1.20881001779712
0.674917110392364
1.5457947065145
0.457400761617364
0.355642329051928
1.11414946399231
0.957270298856179
0.854367236144513
1.14169129928622
0.144919643588059
1.18442863159745
0.83730940724619
0.529449897011521
0.668721116911268
1.37310641684182
1.18535128158748
1.18024352895116
1.20559196671108
1.11543710289681
1.33973742132205
0.935827468934705
0.462336314292086
0.268650206633252
1.13456011935735
0.286443259098238
1.45843810007673
0.229688634211258
1.03871037568282
1.70698227360322
1.20893900595066
1.16689687292858
1.18540715115998
1.16348045639888
0.994504245033139
0.948073151867706
1.12215904498922
1.68807500767462
1.42427646751132
1.12606447832205
0.749776420813398
1.53261642636029
1.04735013559341
1.19056910373669
0.938230858248912
1.06898494250979
1.07514217510998
1.12193691922262
1.10543471524738
0.599506236695284
1.08216346706174
1.12012787717184
1.33639910500189
0.945054267177426
1.28445795343169
1.28437069785754
0.0905412245602653
1.38013488860287
1.28262263274551
1.1339008963873
1.46917145473938
1.05763368161108
1.22996768454787
0.804227722458038
1.56336850527472
1.52294231907791
1.34099321405751
1.10074281360474
1.22259679717826
1.23530905827381
0.992407756346127
0.9871801122009
1.07163380734605
1.09838369813603
1.25365662358009
0.53553445590053
1.51026923868823
1.14571285097567
1.59143281195692
1.15167441446953
0.196442162167963
1.46533209221321
0.28161487517374
0.624662057109253
1.48337615368934
1.73344535577945
1.19805367447129
1.31992510013984
1.13760411040597
0.830352350476294
1.13263728656702
1.12534204968223
1.08405625488656
1.12713150080142
1.41741841919608
0.775469629061278
1.1699072144794
0.648967297454717
0.360873463863452
1.19202205840008
1.07683480965955
1.04905759464513
1.08261911154838
0.60655839306791
1.6172109446915
0.769135118629128
1.70140803760755
1.01961330222963
1.21832623412517
1.10989226177028
0.747696006970529
0.725996231217512
1.09483368238699
1.03533235254025
1.29068583593571
1.38704171974541
0.833945818554201
1.06588183043399
1.30496517051311
1.63071806051085
1.43377899321607
1.44631267140207
1.23678841554528
1.10069906433549
1.34175073496217
1.46697135746018
1.17923797175118
1.24632470490738
0.460829056448865
0.89241664810722
1.13490889316117
0.760540232125063
0.701166438523357
0.674961488013062
0.940131079049072
1.1908412359717
0.396242450156025
0.810532595815492
0.987609141222573
0.880744687137946
0.835070475964579
1.00593768836138
1.29291976797894
1.25655972160626
1.18341306319584
0.911552834967559
0.546142600828931
1.14385366576311
1.08347378291116
1.08712658991919
0.673315851221301
1.34931140220614
0.608862758608234
1.12245308344674
1.07753899107499
1.13502794092241
0.998590910230415
1.23740501028956
0.557863826799923
0.99883911246591
1.1377603235184
1.0771799909724
1.71587601877131
1.20842218001243
1.09336743750779
1.1498235122077
1.01588891709302
1.28608579175332
0.860723911991142
0.845435588928583
0.801385548591065
1.02051196190593
1.20970764636801
0.557548144992267
1.34285142211958
0.839797295946553
1.17122978979834
1.18301908344273
1.06067567540954
1.14012637174246
1.23654981719457
1.05659707119926
1.13262223976081
0.805587295074681
1.11695758571345
1.76521600789721
1.07484646900193
0.663691118255384
1.15819520016146
1.04645305064418
1.15892097512656
1.05432654572996
1.11940150199572
0.581620353314553
1.12825690454239
1.17626694458882
0.827695215947144
0.994902624018305
1.05416954572636
1.20333037233085
1.46145000100718
0.63111080060558
1.1140993313696
0.895037510589919
1.07486045712387
0.955258368639505
1.28891772404729
1.32263810298899
1.06811668452357
0.855708043992535
0.337261892454771
1.52045350674301
0.17254413346298
1.17127685766309
1.16780887169189
0.932826154550668
0.638728348065697
0.726693013995669
1.77913194139283
1.02174399404413
1.22509025924674
0.990942996900807
1.16771343319897
1.05004475369652
1.0940504666246
1.55955524771643
0.919643143147378
0.415598342797219
0.812959101724413
1.14094729277267
1.25301110956086
1.00709490593541
1.47383172838233
1.16145891353845
1.05315123984217
1.62886875127501
1.61457335731612
1.01765250499273
1.34936775994188
1.10262166471684
0.138513384508923
1.1335823658643
1.25789645666138
1.26475757904303
1.07823015294638
1.20900799028806
1.56854416378256
0.988421354872788
0.130227949231435
0.0885153293379171
1.0026817080975
1.26834312664411
1.07478847640776
0.414404412053568
1.40558955436759
1.20564030565242
1.13570579787995
1.13940799649645
1.14373069404006
0.68146507198414
0.642474582751302
0.794663952658116
1.12838623208186
0.950928338705861
1.13611054054888
1.15599676118837
0.340273088640407
1.1879925348586
1.16881285990287
1.17402532046521
1.43990435168319
1.02933009941082
1.23917254805659
1.26062419563191
0.420690503587942
1.70076203755722
1.2218092640469
1.13356599066757
1.13311500364854
1.14144738445991
0.415575609519539
0.155278338866606
0.683117610534485
1.09835596818747
1.58080446973588
1.56946842149789
1.11763950340666
0.569350466419663
0.451449382063166
0.761709886447137
1.49175019739836
1.46136492142405
1.89474058551117
1.08493794805979
1.42154866087838
1.44037304995052
1.45981888848782
1.48458141172674
1.50363772279435
1.56839054223267
0.330993643010631
1.16627343739554
1.17877593253215
1.04201608458784
1.01100224677796
1.02079649076185
1.07448932795847
1.3949585114514
1.11323734972454
1.383065339616
1.45752775578088
1.11921428250804
0.281393294593215
1.16934276563894
1.15032097497926
1.17755380628106
1.37892059342263
1.27245069813133
1.38553376224572
1.01643869037174
1.13116944362526
1.147750866814
1.70530800538457
1.73023325508839
1.18015735006986
1.36968777590341
1.36928375987811
1.40967494996665
1.33763970432453
1.22573054077985
1.11780731709468
1.34600721199413
0.719439653776589
1.19869772138484
0.594564195365455
1.39852870869854
1.1716992253937
1.38032599059903
1.47196604994251
1.09317034644447
1.38703683877166
1.3828917161107
1.1241199569375
1.11220035415141
1.41288584693627
1.02706327253337
0.385463123446165
1.07229809715758
1.46756758109916
1.1424640925899
1.09686716538672
1.16998788466492
1.08030872998624
1.15710479661817
1.19665221437378
1.48000235500415
0.410960151043735
1.1412579183546
1.15284629457481
1.49528131354102
1.07669071342165
1.06910899575484
1.51815223143231
1.09303719728997
1.32724591065332
1.48527034709422
1.34875186609176
1.44931017942148
1.43209920047869
0.22137118174532
1.3403139726301
1.44822209996022
1.11177383070119
1.19906074643495
1.36783124735942
1.45654542477246
1.12765240451212
1.01675876430986
1.19341079328446
1.17220137014735
1.49602929042988
1.40887321205771
1.06491164544921
1.33859746394076
1.4951072574883
1.38879550866813
1.41619559277128
1.05388982941131
1.49687146583909
0.35741855297705
1.82236310262317
1.661066952966
1.83215599848393
1.46277966201843
1.46221667417079
1.15437899470524
1.19951864070169
1.03408504394368
0.827214574487962
0.993279895503869
1.29205509973825
1.12198736080396
1.12749938340906
1.46986960012019
1.05709959539909
1.37736750587396
0.480097628923502
1.16388769386356
1.14171612817124
1.17902373381922
1.30188972232893
1.13040500601512
1.16936325811257
1.19157850748329
1.29546652837936
1.30399047758005
1.77792268807037
1.10447668493464
1.30348678530402
1.31503269755129
1.13192306867356
1.29662689844364
1.1708542056936
1.32487265092762
1.3977684110976
1.22117339913416
1.17794728531998
1.18956175633565
1.12381066862988
1.04090746757161
1.08779046706646
1.09910883637737
1.06150813164163
1.14472327398918
1.29566630963507
1.12118330169784
1.39839634556148
1.45164618285334
1.34627599093681
1.15456058498659
1.19012626591941
1.10933009198397
1.1919681743903
1.28495594815133
1.30241230514329
1.31005736296535
1.13984955227198
0.40804238731976
1.32408011844899
1.09205318164571
1.63116602616833
1.27175863411093
1.10416533334925
1.46743324955892
1.35479723527812
1.36498051610516
1.41233195247209
1.39535409859806
1.3819381532073
1.4288010683981
1.34799229336954
1.19424673674667
1.48214258448625
1.28310948316448
1.26138562477222
1.42828119808215
1.14604960254117
1.15104248438486
0.612104379460536
1.38863427705749
1.1671029088163
0.241194772515526
0.0847538698774523
0.201432622354227
0.265991918788248
1.18123059234239
0.955606202257011
