1.01912595474301
0.734182413564476
1.13935785084043
1.14893813968674
0.139674376605435
1.29809957477932
1.54166887461437
1.63296846299724
1.70153011660538
0.185386537502428
0.496282836060439
0.655633702328856
1.03677017085479
1.15747355220636
1.08232039969902
2.04775821485708
2.09151005575148
2.00972891652767
1.46305873023617
1.17598082613011
1.08294729219066
0.420671441910752
0.834592809485978
1.08566712115872
1.77958797717756
0.861344739987701
0.178189440078572
0.872507406590826
0.331434808449688
0.564470335544023
0.775923462256419
0.806119891418799
1.06249917954581
1.11637091422765
0.960117384638092
1.91032544381855
2.14327116579388
0.879921019736205
0.697887821525737
0.931014872084331
0.610625775598114
1.5128995733695
1.25150664627285
0.172439167981736
0.893779210653283
0.889034121558448
0.26376373356598
0.276027422469915
0.252476442410797
0.878186451800634
0.219006183103081
1.07639930023975
0.956399609642414
1.28616362097462
0.587985640941854
1.20338815283598
1.20861183817393
0.934832058803601
0.201650629619963
1.05317591408461
1.76091167320655
1.10788751908533
1.29936166760011
1.66734312121806
0.261977414297241
1.28816397167577
0.244315664612666
1.97576960608593
1.84766764605097
0.186743835785369
0.364521970020383
0.490328431059768
1.1430535336713
1.01453205505276
0.164490764501205
0.71672257099209
0.903598605871861
0.721981720248027
0.711330930178061
0.432385213014257
0.836368355533844
1.10584731433861
0.703365684418948
1.06830560920324
0.852928075864181
1.246902709768
1.22987676734252
2.10017647554394
0.38388751357843
0.777968555184143
0.961208518981405
2.13845721951711
1.41838443910329
0.765299616057618
0.979074057363663
0.889459908953991
0.991774985187782
1.20176503888254
1.10482646584942
0.201474389335342
1.01461277752684
1.12545969170651
0.911960720493959
1.15398601714835
1.17762967790191
0.982755184159918
0.102531737368822
0.209335753696195
0.277673837082842
1.12126507911784
0.845283204118135
0.956352424656962
0.205497832488401
1.07959869411306
1.89905264188295
1.60037138730207
0.854530769157173
0.985548222297422
0.843017569400165
1.01901442274063
1.06955675469521
1.2730709768998
1.27857845907573
1.26139669901793
1.10371794895394
1.11626702116494
0.941022938482796
0.971743692886146
0.903050624820109
0.951308261136734
0.581837254984592
0.627307207783949
0.654978480298542
0.798946973694643
1.04782638417889
0.930611350160039
0.786087960710247
1.39758293082997
1.75522954129994
2.24145591573197
0.890142880550636
1.56075027926769
2.03385302601706
1.90913278093438
1.31122342602709
1.79599154442945
1.05043226705376
1.75687274810881
1.20148385331539
1.17249677920381
1.64866566170525
0.238276083144273
0.0759923785933756
-0.0660646975342277
-0.268614701385311
0.634520023666552
0.115456208856679
0.169985145326314
0.196286033703062
0.336198988714328
0.107931791342497
0.306228307032101
0.528494395519378
0.411001755825872
0.402633917856821
2.90644353540629
2.76645494131493
2.19736184917859
2.3813558209597
2.52713371749544
2.91926046569553
1.81121814448194
2.14321485625881
1.97517684620472
1.76712261906248
1.57654453516305
1.6132587174464
1.6392091935472
1.37508395428962
1.09413087665541
1.31051983581578
1.67092784077285
1.79265528001622
1.12767669201101
1.20167107108319
1.48870896690685
0.715473282572292
0.942733992856068
-0.130545812677864
-0.607285910796171
-0.988739185245861
-0.754068921791438
-0.880664923904755
-0.978446027202546
-0.781825690485399
-0.736988129877424
-0.557180680974767
0.0316911475195445
0.350164820464414
-0.56444591869118
0.782326472255227
-0.842427576594994
0.359975611997332
-0.506391228407033
0.612642654624654
0.637841072624327
0.0427465388860631
0.264063753319909
0.778842751834309
0.673618009682237
0.938232776303904
1.15114789839967
1.25251251598425
0.980674505975114
0.797251436473886
1.45170935456804
1.43284455821642
1.21984801561634
0.733501908297421
0.519959971300763
0.652863036044136
1.09805901496728
2.00777103821988
1.66319914403667
2.1393423338257
2.27413804165815
1.95716021782536
2.15929221964727
2.16542720743412
2.4197240089011
2.31856996723108
2.03208466617379
2.22626008810066
0.836199274256956
0.91389321343486
0.431352579065674
0.627780928789823
0.605140068152984
0.995372254292941
0.514810044126734
0.842222772188895
0.55385053014208
0.779789506163583
1.04715227568505
1.25783471504047
1.31209071281433
0.899718982608253
0.657929944946322
1.13014424116752
1.15728464033634
-0.168318043182507
-0.154369517458599
-0.343484590795182
1.4109223197646
1.07660572048317
0.826169782423923
1.08886420633408
0.988810840105816
0.764058615707798
0.814199967081473
0.657118059130607
0.422438638114067
-0.125034267938478
-0.31121533641738
-0.615794527965082
-0.325764676009951
1.43261248887702
1.62452997112893
1.36813565453991
1.51002064961698
1.35518349228471
0.951525201448825
0.40064341065411
2.00677685371332
2.27308609664483
2.51112034216738
1.40640607642871
1.25460288226961
1.79155329271325
1.69185380545373
0.957601234685718
1.35612972298645
1.12942330325659
1.30622322859167
1.12339315851246
1.27139981682431
1.79557015509897
1.27327698182864
2.45588166881797
1.18448526616418
1.04353458235788
0.885452239855231
0.639158748481234
1.57358108222823
0.085552234130546
-0.212458207484302
0.378448066378881
-0.833829447819002
1.44663547427949
1.03130014715507
0.99884670554112
0.702837681685492
1.50029835912856
1.96758743559946
1.54995434060556
0.745744033059736
1.3160221620794
-0.100129353350195
0.839269680546523
1.17739073350711
-0.23574892192549
0.316824199933306
1.34743714060264
1.46713288053114
1.10272146273981
0.856644600024694
0.448577337511684
1.69007400371824
0.684351165259129
0.452571652371577
0.989947234564384
2.15692171154199
2.19540584746538
2.01558281071096
2.22488913390965
0.601844786479123
0.121619807577687
0.877370019237433
1.00295113428058
0.140284490005903
2.26440623575806
0.838886311203143
0.705552263580461
1.49748424799185
1.1120583754425
2.03137271817108
0.732738454429243
2.29994701018462
2.71769527869239
0.289088432515663
-0.0135871888082714
-0.361103286336984
-0.292129764698172
-0.0267465135776643
-0.784562900230113
2.084844618599
1.93715240677701
0.446233711716073
1.99775192183662
0.632990100258974
1.15747832499867
-0.0170937031021699
1.73482341101319
0.611243035289263
0.965982443833946
1.12655536813158
0.76286437532284
1.07531820065269
0.555236498228029
1.21693688130862
1.05432260406484
0.977429047275628
1.36336441186206
1.797864052233
2.09049597746127
2.92789610115943
-0.164768141092251
0.770570243685595
1.04462027308226
0.609956711510722
2.2670681890409
0.891594473801243
0.552556171209353
0.569947850326492
0.901273841909542
0.697612708228984
0.656944977576229
1.26927789590537
1.76080784524993
2.06820763074894
1.66746335231846
1.22301229129619
1.34081514193325
2.02003738386108
0.647802754276832
0.211056634789204
0.24396459527456
0.875705686965441
1.07206560934239
0.997172182760115
0.88696049023113
0.54050798952202
0.175505453789873
0.700167543779727
0.944441714990881
0.678052126745825
0.971110819093937
1.17125134646492
0.879320531399204
2.77087349000721
1.26686841755268
1.14840463465592
1.34565911709083
0.974972891865403
2.25367539424982
1.24333795559974
-0.143415167804752
-0.0875376066237642
0.197826484749399
-0.0384984526052928
1.29409258185067
-0.337819744054424
0.881476532400166
0.938646839508371
0.82156813278469
0.701864355271279
0.92253399745464
0.461041923289079
-0.18841313082085
-0.15109662131486
-0.0632671137626693
1.13319947951996
0.838653755567622
0.739050224176437
0.9760933435533
0.83819526551134
1.12902252886319
1.15162240220914
1.21855559709122
1.25092249410644
1.24885786189751
1.16233535825217
1.21520869086922
1.21221613115884
0.176243267835788
0.395465499334579
0.853950233899081
1.55398324631587
0.752526870220452
1.14671867303296
1.56322505101603
2.22222032716088
2.09688416087653
2.06686254261069
1.31305480568307
0.930874358190188
1.01519298543614
0.586142787231961
-0.909584120179673
-0.925804559758563
-0.746694323517405
-0.344818349572717
0.502086636352598
0.434588284773529
1.21262451513537
1.05359806456468
1.26068947186449
0.629645106749733
-0.888997379029812
-0.486795473440871
-1.07688315556119
-0.424233742579295
1.6541272704679
1.80498235168571
1.64063021205377
1.30299475629205
1.32929035750362
1.29721051201883
1.25424008698954
1.13479842933519
1.70218711564185
0.825645626170698
0.785633474149591
0.632122989081127
-0.182595858983821
0.761969392406684
1.91777892885535
0.132284698627247
2.11004711684832
2.15456831048773
1.30210123358935
0.198685212990038
-0.0431777805619644
0.0446118237261273
0.620893000290295
0.612983825103725
1.91604300015887
0.829679082338114
-0.0316914938104887
-0.0218277151393429
1.41040790220687
1.11297590264894
0.755758385725465
1.18878165537233
0.0321170043822739
0.303183836236169
0.596979843306264
0.916658291394901
0.0939692931014181
1.12092692806601
0.839589738819713
1.14076287003323
0.933608060896425
0.0736203101819846
1.19019177693277
1.23080905329611
1.52826045350117
2.01154007124343
0.569662203686136
1.13305458714391
2.06637068209358
0.171737938141628
-0.14095539733062
0.0980689919926011
-0.188640041903639
0.874694095538042
0.391059466143532
-0.199812143354016
1.52490701357609
2.04510289867084
1.37203366091625
1.59790253483699
0.944119340312797
0.256444691773559
0.221468769640482
1.43710761952018
0.94146943442829
-0.277983648794599
0.144966049669772
0.649674859843025
1.65225074752692
1.69876045034195
1.07863137941691
1.72306945517015
2.22989827989557
0.569456928805665
0.965681493795483
0.323242707655884
1.06914773034271
0.120558148588146
1.6604985588265
2.01127891398529
1.80683672689033
1.13904182502446
0.826703518979774
0.926010038627085
2.58012103629104
0.125984395053383
-0.0148591652778071
0.18973609764116
1.08827226348106
0.447355582169593
2.05810468659046
0.113326992028564
1.49583700244821
-0.0835493617020424
-0.215274620822498
-0.958079193841994
0.350414785789979
0.169406626064418
0.10532923818533
0.969354592254559
1.6409650670988
-0.564949891236506
2.36269928789888
0.890276282086422
1.3300472298102
0.717214461337265
1.50901182202025
0.804131530592531
0.435028225790904
1.81012504562634
-0.652520525489835
1.15402591474258
0.83071796209144
0.88650398523248
0.683736163586422
-0.154498745415368
1.803968645911
1.06275081449207
0.443973921385731
0.72260689989861
-0.26955926594035
1.10389213505831
0.99970600561151
0.00619604079191702
0.796228864703051
0.724062600305119
0.55532410707224
1.30140395206447
1.30156758540464
0.211451901147318
2.44820196582803
0.0780818289034403
1.43197006511477
0.579204616051703
1.40340142279702
0.477164335002503
0.347219697226004
0.101292933428021
1.53974758444572
0.593966277697269
1.22859518013306
-0.0311855354887859
1.94377326506887
1.94173034234483
1.32901878586697
0.931066159333044
0.728550694494705
1.70102233371521
0.709354916771365
1.07499919459021
1.78585162547207
-0.0203679782989872
0.857416175109996
-0.128094264565442
2.26904831277065
1.00105123884367
-0.0120310898983754
-0.17246459535154
0.0859894566876344
0.410055602237052
0.845333015964602
-0.302601608028568
2.36707810328345
0.785636277292722
-0.307213395080671
0.918158425887405
-0.0585766362288286
-0.599284032155869
1.38915982941925
1.47757968381657
1.04297139622365
1.10934895704262
0.864214510022425
0.617790060926415
2.27173009965404
2.31406969973253
2.85392511815396
1.29397225253198
1.23921739962695
1.28657963816166
0.626108154039774
1.10575033214752
2.21915261503616
0.717891722994551
1.35242739213014
-0.198220645347371
0.946644479753345
1.95138312185283
0.115823572880269
0.713345657380062
1.32457628929567
0.0339488415045465
-0.0612637265531018
0.183476407577094
0.290687841098622
1.8630372259135
1.34748197740911
0.558042944751752
0.529211188228152
-0.470177946342838
0.810938865429953
1.44436820209727
0.0276526291132331
0.455818226507292
1.14714114607619
0.720896424487246
1.82809451819818
1.17131770095016
1.37826476284196
-0.0356617369176687
0.855526691039936
2.71367335767743
1.35467401053014
1.90334922116164
1.7814393098102
0.831185601262514
0.154320508542355
0.0547186720951171
1.50800600320745
2.48261832174486
1.99492853421475
2.09822256283254
2.04713497590362
0.491238488805255
1.10222678065554
-0.134249215353738
2.06291089103829
0.414610970322906
0.247128057605744
0.335351803160869
2.56319731711177
1.49661507452976
1.9177152839472
2.07907517261848
0.782239361927178
-0.0843874197468805
-0.420909472661677
0.69080943862728
0.761925013735278
0.645097030343956
-0.0185402463785038
0.20583002436952
-0.0134324719661276
1.20989674988746
0.569736886012564
1.17166033079284
1.02255576858424
0.691992542460957
0.688400344242483
3.23090876990524
3.15733619581122
0.271192304548833
1.34498036262671
0.0451296270256554
1.51370815625054
1.34571725077873
1.994987095261
0.980942747710796
0.0142180538987575
0.122016573434633
1.5745220897106
0.0910391480432638
0.226825199045182
-0.948957866953968
0.815943591483095
0.792585976490541
-0.0470823447768757
0.567686074153899
0.0430023445439649
1.39249821210644
1.66819247819758
0.143474477589857
2.67191557257487
0.835580800777987
1.16283091822012
0.902595290206861
0.591141373107309
1.98287784046613
0.298005902602636
1.44638295372215
0.29219080217482
2.10894777630363
1.21674815314408
1.84479799701228
1.46021292997008
1.43215146766319
0.891510663775769
1.16359137268237
1.1766093005215
1.39423127331937
1.00914975813028
2.13701806216452
1.03028529412954
0.364136922448878
1.75595946330335
2.02509127918189
1.96008532998408
2.05163765067733
-0.118586285592139
2.36612321705669
-0.0535480887277429
0.24133589052119
1.83352461508964
0.233248093810701
0.361476908403542
1.60272847009975
-0.978167061114114
1.03129842149359
0.850908923264599
0.341352217706205
0.588652406989658
2.99913684716413
1.01056397703506
1.08337490075638
1.28996467328946
1.85708668509556
1.37254135844072
1.11927706573848
0.545152158588877
-0.199063472753304
0.635450893785923
0.282289982774174
2.02964467399104
-0.891174027951999
0.00287586442886408
1.22082425721569
1.18148048290963
0.565207962278939
0.794525505622087
1.69678428908476
1.983153637137
0.986461913755628
0.258165587799642
1.99242891017637
2.16786444328032
0.695496022432516
0.702657920894852
2.13809760395842
0.872601471952741
1.44855920993382
0.663438702426636
0.474532800853683
0.998330152197016
1.12375742567695
1.46246885256775
-0.159619645910633
1.06050584486035
0.707665300197878
2.01643170551244
1.56644963477633
1.93466260044702
1.79749049415759
-0.618663914793833
2.3070958097483
2.03445433750197
0.639863270753103
2.2098861568969
0.571785760089737
2.13222223073774
-0.0930467782932604
2.24922009853432
1.72668868312193
1.14173406430884
1.44614578301895
0.758313444361455
2.19456399980557
0.716477308074175
0.431212171886196
0.555199645471563
1.86215468422142
1.91031335981209
0.141078676304765
1.57603088871801
1.97154234859958
0.929976485525995
1.20371804495125
-0.640709539309244
1.76649833081937
-0.494298744751816
-0.0164942964765142
2.17957468979338
1.11919466452966
0.811517998893301
1.18928793139414
0.762865593246051
0.0658973176602093
1.70167012946787
0.653302495782704
0.634946921747956
0.147213251610422
2.76241596771819
0.149429591493846
0.693356289826515
0.696928055333469
-0.279788348380899
1.19048157833357
0.626556103529025
0.547224978222625
1.23338484063558
-0.226230309218356
0.966952428752366
0.0601080196756648
1.43724435550403
1.04583349992757
0.78636656214287
0.914588172515876
-0.0233848715030445
-0.183018787145927
0.586225453695689
0.23598230298335
2.08588941166435
2.7793438300823
1.29910300907639
1.08550356830631
0.729438463123765
1.50760296959622
1.86868422157611
2.25743951906378
1.16949744935299
1.23405488539953
1.20781991686674
0.872735504292388
1.02566382361138
0.777724402134285
0.50115883826157
1.05930599975467
0.941913432264516
0.167775556984216
0.719699031405939
0.0321713414073425
1.23964114604498
1.17100027217686
0.174035762748581
0.0349672932816556
1.49983612960171
1.37930292147759
1.11450240220663
1.41887039056519
1.14619611695313
1.13946922129566
1.96992308549048
0.354052656464294
-0.0376223523126249
0.923334514273324
0.795703028422596
0.986231701757576
-0.00698979895937813
0.883082373769692
-0.0448883051554496
1.00203530077581
0.78385713455316
0.856566313743544
0.218311177135102
1.92865061971194
-0.218422214847486
0.153939503348572
0.654795786641331
0.152942956521875
1.46899245265133
1.79750449659351
1.52456284273167
1.77991405196479
1.58289708994906
2.29397246959481
0.993586633928128
0.840443950156639
0.736861953361419
0.594601634787911
1.25967349152937
0.36801362254746
2.28365592255267
0.690046913373003
1.89843072278638
2.2222106195734
0.486281063620133
0.798103980160913
2.19082881908301
0.961619244224469
0.738200473260508
-0.177294221328166
1.96116707063894
1.17294855090315
1.01000034880974
0.993648052373807
1.76590062018597
1.08540307751155
0.913910947606823
1.2689603988884
0.527622975651065
0.196745281475749
1.30206805453192
0.571716135428678
0.81619890251378
1.34892576094855
0.690749112951452
0.740224974515562
0.873522451495709
0.917600983647999
1.26264605904092
0.0568689191763434
0.183417473687275
0.0734469419804688
0.953626679168161
2.28913455124095
0.418715162305426
0.791296788219224
0.1360693667196
2.08438865321157
-0.0246436881622045
1.92240661075926
0.72155710803858
0.841970674938809
-0.235173082741164
0.124377911314265
1.13870129476939
1.97469786354251
1.55146339793466
1.1522937682723
0.746350046947108
0.3107486306543
0.938665176013406
1.73431557130806
1.40990417737149
0.247267283020417
0.715184702364039
0.975785705351555
1.96299411118694
0.272474689717413
2.22592982105136
1.08364169963647
0.691070697551714
2.0525152735705
2.30073166659037
0.0539824405049811
2.01872508757714
0.400137261348367
-0.749115961933642
0.827478001151108
2.23845174349669
2.21856447573983
0.432855901264443
0.857818103138332
2.57562825899506
1.44919811858136
-0.330546293907936
-0.127268620817721
0.918499855254805
0.822138040810095
0.124198120093159
-0.525706567256438
2.0987341479912
1.6866482798144
1.20133667080192
1.29624760082181
1.51745049911655
-0.196377668373076
-0.260601933902372
1.62083177460586
0.0716894139519477
-0.0207988384828295
0.0257109026016855
0.924420201021045
-0.631816647575637
0.597638186854281
1.12644162116963
1.22705195161634
2.50993840675824
0.814666088110685
0.911454696076666
2.12098544944691
-0.674310502205539
1.4014461258484
1.30422196639177
0.79974605812214
0.92022155028959
1.30013478897106
0.191557015174725
-0.250985686003703
0.733252558798798
0.970663611285159
1.95004172815141
1.70463652203986
0.622498479155992
0.435913391566256
-0.422571825702821
0.700985626493081
1.90382127234344
2.26525090098015
0.958815691822438
0.905823998905177
1.03908997574792
1.0391692018328
0.599041656972841
1.51459523081574
1.71488874599045
1.85030606106332
1.25303055225077
0.85530863352716
0.883138736150139
1.01467840708431
1.23110667233212
1.46282200731137
1.31305229738744
1.05705586182057
0.974142983173569
0.784471820882213
0.67595600229918
1.0634552270183
0.480448339526733
1.15906348914168
1.00245302100297
0.802696073731486
0.36427777831876
1.79182158880902
1.37275520324594
0.771409448029158
1.07196485407144
1.90734887556415
0.954897698175253
1.14075488070762
1.01632530376964
0.304343082330181
0.912401647582705
1.00464879475653
1.768093864812
0.837686612843381
1.64104027327968
0.610712861882662
1.75465715664285
0.952939845414001
0.538816046202803
0.325540713713734
1.11436160760556
0.52276074243727
0.950189629676018
0.947885770653057
1.07948619811345
1.5234879041382
0.983592306932362
1.35376295672102
1.08406797611682
1.07245539783723
0.939352987354689
0.999911023963052
0.707329775479458
1.13035632784851
1.03982064663088
1.92912846209635
1.57424371559748
1.42526664518966
0.869273113661823
1.31276405746596
0.838985238295492
1.01307893166417
0.928690980739228
1.28574422987216
1.06864529003795
0.808487844376824
0.894681286132367
0.881574173453778
0.868897659580967
0.942444061636887
0.77105238137904
0.857000608838322
0.796855400872894
1.04916700069352
0.442623618214048
0.597847415611316
1.01381148758286
0.930530299439419
0.272067851284194
0.540624739628639
1.78816277603002
1.38612563174527
0.961112670616827
0.975067978064578
0.902343768531892
0.912133234137348
1.47008487930086
1.58940831946558
1.60402407227545
1.02151292713869
1.04214528321112
1.87052918886836
1.89965971247005
1.46214442790242
1.03098925449772
1.07240308199064
0.963975815272012
0.583655128378732
0.530128348184229
0.989129161089655
0.96614469409235
0.788799487714155
0.633334671542351
0.741368057392239
0.923664676722752
1.22690483766732
0.940599237101073
0.853892540835189
0.909818418894141
1.64920905631968
0.42340272945621
1.164800760572
1.11739524086908
2.00133000043884
0.372076139059608
1.62775518656969
1.17418924820253
0.768526781640329
0.570863917650939
0.594184745044247
1.1024768026183
0.769286762713515
0.271065791704005
0.322231339077647
1.02382317303854
1.26029542163088
1.05275932733244
0.852737926500521
1.05445479713919
2.01133055944113
1.79609234138586
1.58026289224804
1.71636250786166
1.43102643063852
1.50090634198987
1.18117899047837
1.28362265350433
1.07136543002726
1.31484753254011
0.854052898636922
0.958333934889411
1.07196530014079
0.920831548543195
0.805553168801467
0.928654404319081
1.04829804214872
0.963857777399296
0.465069932426776
0.269658929318966
0.249477252619331
1.79200576770431
1.21758161468983
0.871449010702445
1.02995536082805
0.938340267433712
1.44413796208417
1.03563884298089
0.578028926180839
1.03621597522944
0.717755049041028
0.673842234927192
0.826402801037653
0.389834166868119
0.505499916657904
0.872316624132794
0.864645384887003
0.908266120843817
0.83893413230938
0.862050795936042
0.919213666268824
0.946840234625176
1.90858755743175
0.710821123723358
1.0794396592899
1.76541554268835
0.330720768200399
0.588130084149913
0.752369764226814
1.16140228531827
1.201352204557
0.744300749994899
