0.929600217442573
0.70583620412642
0.867341363130071
0.850768891673796
0.20187052616304
0.589139489128399
0.865706849072396
0.953007642786796
1.038791349707
0.2187298049715
0.508208029364828
0.580912196342461
0.853968168407978
0.984520236078429
0.990251648615002
1.48635344688145
1.48919738606107
1.41969136898623
1.23626390850458
1.07944668310224
0.987255040748639
0.543265959256724
0.731116738612093
1.02242654462595
1.34324845259878
0.801473369861164
0.345530334316163
0.898874649570381
0.0793868377790032
0.503484685854924
0.74485107006501
0.737780001364957
0.746216729971994
0.846241684458485
0.798593681256643
1.46180597512962
1.48753516838773
0.29228198457302
0.712693156126158
0.871901329744863
0.655685846023266
1.15930768319549
1.05464518778462
0.109899550328706
0.934100049626108
0.667677939413212
0.34927225004178
0.459097377514168
0.380895286805483
0.922344773394827
0.0755120647474091
0.756659941835461
0.977567116488881
0.58214762304236
0.178281371464038
1.03019136070256
1.05040417303753
0.895700561613446
0.208210840816743
0.930869095672994
1.34428923236592
0.80698100645035
1.06982421637436
1.25217087296747
0.233049764732106
1.16098542825575
0.426436800661006
1.48437147603975
1.41301465918662
0.288610146916546
0.524107868085146
0.576510326238
0.841657248401332
0.809911061157189
0.314134828388974
0.703054294365807
0.914955125371262
0.727014736126181
0.216276253171938
0.10925017928953
0.764123813401263
0.440233071418806
0.705667726564754
0.841731115256694
0.763157736676478
1.0567527136998
1.04481104410715
1.45985907612761
0.436226855519672
0.625755853916239
0.950891017589303
1.49596715663625
0.741489891055173
0.715946550453061
0.904987718905775
0.834929806113669
0.710404732036773
0.490908690084731
0.779828973142098
0.0999244583355422
1.00098200420196
1.03407957748092
0.954895866103231
1.04056210426988
1.00654128476237
0.875824740875434
0.139016232769346
0.183363478449849
0.0846896916033408
0.95622657109122
0.902358246123118
0.909595193453863
0.27920354317456
0.832642665117212
1.38543189730832
1.29025839498259
0.839090869096517
0.876038262145527
0.773977389932676
0.921290936380616
0.862452484836634
0.954620910087888
0.934345327622443
0.944141807559311
0.931428999661741
0.913548266624196
0.917705677436106
0.858057294013394
0.879208630770131
0.924147823978253
0.824524133233823
0.775291035012061
0.926317238558037
0.824900496485271
1.17846955664705
0.991596942145419
1.08481319554321
1.39061443609051
1.96717085279185
2.34384421335661
0.926532854998377
1.30922106264123
1.55012941620967
1.46687715785749
1.50843868123897
1.83367948743078
1.0581041485682
1.54210173087381
1.03089900183225
1.14657999160172
1.55118826134729
0.198527308851105
0.145895447720906
-0.0079562513174534
-0.103400290814476
0.647145208959727
0.377044956753983
0.37802142264994
0.121735535062902
0.390855264148557
0.166313207026004
0.426317951091064
0.364148115230834
0.422621917962787
0.575699663975027
2.61024223770819
2.47193549971408
2.07483694822402
2.16204797465726
2.17854067365217
2.49665765811873
1.91756964535473
1.87908153428472
1.6586871296562
1.61116791756418
1.65663193677345
1.59281653485312
1.42060580193887
1.37422202485636
1.42430781102999
1.102039556959
1.4443064637124
1.59916228657503
1.19761801559607
1.18009004110508
1.27221643529896
0.866455002081925
0.984834216208149
-0.0649851973355678
-0.209787961729187
-0.420316397582529
-0.3329165782244
-0.397444289226186
-0.506202101880109
-0.435643964786441
-0.41764035157337
-0.324751802270574
0.0127761836458624
0.0778724870441059
-0.307159040030648
0.322891143268856
-0.394128706748728
0.348943076120884
-0.0437111371693358
0.40633778637624
0.718557826097476
0.376881411402699
0.423161251054047
0.570067197551174
0.770710428136716
0.969165946524842
1.29361670402938
1.27278535116755
1.01373466935338
0.750063192874886
1.17307172083936
1.14693077432019
1.07306335602332
0.92894615132866
0.979852055648005
1.15459875717822
0.889022674893794
1.61527758928939
1.76250653663025
1.74696796588125
1.80463872332353
1.87062050792836
1.96035595536227
2.16682849112237
2.45547307797289
2.32724481447155
2.04026247473731
1.73744106432535
1.05772913128626
1.00085309923831
0.747497329394249
0.987013480739634
0.992512853630772
0.986165126407882
0.82957668940616
0.953276630958492
0.969692620311977
0.845666023459377
0.971181287809039
1.11072840894808
1.16921303976979
1.01719246656559
1.13870649159744
1.06067466794543
1.11980933398827
-0.145088412962044
-0.0590032359798658
-0.156580132012698
1.18810214348335
0.95997676213283
0.887320068632607
0.737245666421077
0.836121370943332
0.745542925629682
0.442171333758772
0.547488922045778
0.324853642160685
-0.022720461322902
-0.0629241959230492
-0.226693173030539
-0.129976712154341
0.851296996575898
0.733889678246901
0.65171815045001
0.812981800959469
0.635639866799051
0.50826252339102
0.844479697453818
2.08224006494642
2.28978491910061
2.4406764521269
1.28978790966573
1.27629093888238
1.67255622270245
1.63526195282287
0.947006602746305
1.27758391928528
1.06438606653991
1.23098258768821
1.17467811678418
1.34538363638567
1.86103688964315
1.49536149002813
2.16551174533512
0.957663044918586
0.901012868885961
0.839685456786977
0.851619495554758
1.29997161653224
0.243972055077978
-0.115569385969857
0.733464064241041
-0.354706614957887
1.47611788504067
0.882186755903472
0.892103241591068
0.714340024362955
1.4367126770012
1.66666988380439
1.40518734744032
0.793691596279955
0.701344495875639
0.0110698240442509
1.2213910135165
0.901625852797457
-0.0323650785891839
0.326200934757732
1.34991785471643
1.33451055888961
0.881944538135134
0.894342072397194
0.732828856583869
1.32398292006981
0.576191194115889
0.54789118014476
0.900610235853256
1.60434207301893
1.97498858905447
1.65335629155464
1.94005495180473
0.593636981820234
0.328670162586891
0.81348683119582
1.08826121649039
0.302960834931939
1.62378326164969
1.04746333881095
0.856570871226075
1.55002943759888
1.08077506531393
1.85151646480234
0.936985219237912
2.18517879227429
2.50301632962792
0.207280255546415
0.0875204987290002
-0.189852062342781
-0.116037621798067
0.117648141277751
-0.220245417425092
1.88328417879891
1.78264625191821
0.484918128891283
1.75165681083071
0.92318538047972
0.689346332265375
0.336960459295923
1.93780354092111
0.737772982256545
1.09459427023884
1.10480866723754
0.904529253441606
0.65659380966407
0.485120229902522
0.916051502595659
0.849281007712502
0.93482651958856
1.34007289831682
1.87875989698065
1.91867881970659
2.59830781312591
-0.049581736563035
0.845090540283799
0.895813245392519
0.324112561935541
1.63363166191259
1.18600723625315
0.430266582687011
0.602383833939485
0.890507441997304
0.716514936979509
0.81589006004607
1.14602208296508
1.34463464475584
1.90102325116876
1.66676103590223
1.19858017866772
1.35169544493068
2.00345793587788
0.45069087120968
0.27746200947206
0.0543039375808434
0.599397576575621
1.25594692691311
0.956032477952268
0.884568406796074
0.88915973167999
0.329416563503918
0.675434620424908
0.478640783777435
0.255702585666814
0.935427715309488
1.14534598988298
1.20339551047668
2.37948686071566
0.78724796756765
0.860561783237781
1.09370289798809
1.14726076286185
2.27805622104175
0.915110448214133
-0.0740225211527284
-0.0169638082249419
0.178047268940287
-0.100349833148012
0.949946174292132
-0.219664317603678
0.942392934460255
0.958565317997108
0.976102056151055
0.866555304760783
0.962229209222156
0.690156663672167
-0.0303967869406842
-0.0242527462790287
0.0961118096236087
1.10648799463986
0.713752285939655
0.611364128725135
0.86952075912984
0.779226038848516
1.31483548489323
1.22545157766926
1.51543802101753
1.06216390878296
1.01063899238941
1.09727411523045
1.38310157733812
1.2381760751338
0.10891663616281
0.0432011590956752
0.236585258449928
1.51885527500698
1.21701578404629
1.30507228943025
1.79565835250025
2.22461625395687
2.01696705706034
1.85634027915264
1.36942053228307
0.8531238141256
0.879736266984067
0.78650100338478
-0.480715193811991
-0.441728140259762
-0.354934935800956
-0.227001714573435
0.148536417483097
0.102127252025986
0.902788604901955
1.00575483444319
0.957907684596819
0.672785959298817
-0.378386957197921
-0.228445599867464
-0.430208728349528
-0.218622631003817
1.45723716865023
1.39246379015582
1.23029455031717
1.08433661233393
1.27056190089313
1.0893746475613
1.08089680829785
1.04082990116698
1.43410776501559
0.870768393247968
0.952869806689779
0.730126417952877
-0.0242398072491945
0.893006596481881
1.54740454419167
0.105356149063746
2.20463467683799
2.01219832596181
0.875118545973005
0.380613387900887
-0.0105351770770514
0.199263726655151
0.696228568869615
0.854207357032958
1.51095920664497
0.777457601138127
0.179661792926768
0.17359508586315
1.12818890842639
1.01270767232214
0.89519763030941
0.962826300170655
0.12003574274403
0.474411433826296
0.659830725688715
0.881695394281652
0.219221008366222
1.06226331299192
0.940580495467755
0.708019914571443
0.978698141585557
0.066895800227611
1.03318251721236
0.546517299874609
1.57487413567476
1.73661178253236
0.706648259969932
1.25967488579469
2.10426716831349
0.389983584530314
-0.10613270186394
-0.0419975049555187
-0.0173859469654376
0.997899689634109
0.344302577295932
-0.0648599626572484
1.79594195253062
1.50254063840649
1.09455125143124
0.820825267083395
0.88505834886936
0.729480361888834
0.269871058403972
1.34691483975203
0.548155014208773
-0.251108116444277
0.127083177975006
0.962389370193083
1.73999240286835
1.56268379834333
1.14653105826202
1.41426341662812
1.90168488260265
0.695137599436326
0.89530514082947
0.0481110739031676
0.511187866590924
0.159542931801252
1.25204460960064
1.73285263352571
1.36630053875761
0.838333660442004
0.958603709921252
0.816975733631605
2.28303401352259
0.145165649080927
0.126320915800472
0.0642951518345523
1.24059156912816
0.290916147902008
1.92536469840882
0.124080503033792
0.784235835401869
-0.131036803228721
-0.0874571550523516
-0.432113269191435
0.52764783823801
0.0979339133350815
0.252982413006971
0.252777195844769
0.744709715750758
-0.135149020402978
2.18032312930052
0.691613899832293
1.24505587096147
0.868298608174072
1.16298405808098
0.649393073600576
0.227989791207068
1.65607802366507
-0.324215867676815
1.13126408101701
0.91608402759415
0.901774160112131
0.7347271674846
-0.0875097598508968
1.67938940549574
0.991144583264702
0.544377851391345
0.237980440095241
-0.148885043079403
1.09335925732067
0.693072917756619
0.105621001387686
0.723077149941034
0.896108509732954
0.736131402218507
1.13150395868553
0.899583437824698
0.40052602593638
2.3497692668875
0.081411545054688
1.51159102860264
0.682590149534711
1.40084980291127
0.710086330295029
0.702392784001778
0.40141318562488
1.26714165566311
0.990242897621196
1.44523461496913
0.0349951973559442
1.56372082557227
1.66031023494018
0.831158455430898
1.00514459680061
0.774355188865803
1.65690488577053
0.876090631418898
0.538212167549716
1.55604680461717
0.0269201703125844
0.81947805715179
-0.0318125436873118
2.36272502903495
1.06545857124236
0.090438599014665
-0.0666684920458116
-0.0782749708134089
0.699964471364174
0.886048823395475
-0.0807186967803984
2.40224673102324
0.772368873761015
-0.162403947362001
1.04560645199241
0.100383912280649
-0.302048341691288
0.893221631347777
1.52060413419052
0.865893954256263
0.442370967267082
0.263893408016158
0.82477939544819
1.80045508234771
1.75000044169043
2.47536010497753
1.07744720193624
1.05269757615006
1.06843998340454
0.687437025442655
1.1683880274045
1.55653654777341
0.853217727990204
1.11601440336091
-0.00904753470631716
0.826289285732868
1.64073430654687
0.280110933473903
0.363682603653709
1.03680936685382
0.0780785242956715
-0.0287186038743137
0.118418939558204
0.327912661249542
1.44182174415881
1.23997075605543
0.751851651876816
0.247478831612212
-0.215533808146213
0.802100653203335
1.67820154746485
0.1084901412167
0.328034348828903
1.30614999442424
0.919171974390476
1.98434913486881
0.965228182829907
0.854584878230606
0.177635402547458
0.703227477273351
2.35021456269109
1.45675980994969
1.49881452253634
1.40973877585109
0.930467148270704
0.230515626493268
0.190439565791337
1.53133673611956
2.35347139675944
1.76484402177527
1.74990248080064
1.92898655735384
0.537830421400049
0.871458520966218
0.223254273592315
1.58659981290012
0.845055280127514
0.326264856835755
0.446384298917195
2.54233805928644
1.32158366912784
1.63590684976654
1.89009040551923
0.735885716027495
0.0721597885616129
-0.165021733758119
0.925291213340915
0.882376315444281
0.848198118187487
0.0959482012527796
0.22115469107903
0.0748762771199145
1.06028666360715
0.818394135361548
1.2368632069874
0.876249809903825
0.736497309096472
0.702374380665859
2.7045594800472
2.73270276895635
0.461719030905028
1.29005989998984
0.172835939864837
1.46551184949598
1.18248585022107
1.91090901744502
0.671281142838956
0.0390244806998179
0.101756458795689
1.24633471684061
0.225533723813697
0.415182959473411
-0.435148090504972
0.81639782957231
0.864593061957862
0.110563060481234
0.600724768573079
0.185149547041363
1.4199569776993
1.46951694152985
0.0912234424801081
2.60120858957089
0.989428790149348
0.874472289473764
0.903456660328074
0.881208054261588
1.55059689322216
0.472353654884321
1.41688023316807
0.763678930813111
1.93026930112422
1.34235768741193
1.6822476479415
1.12852446688768
1.11822498196705
1.00506766285497
0.762718807018938
0.796586365417126
0.777154308164342
1.09034463527731
1.51247194566736
1.03500745614757
0.25290845023628
1.58242844137084
2.05481902029862
2.11180410274427
1.83488602441138
-0.0366480644929279
2.32884918442955
0.00615401826980674
0.176681037306051
1.43978357003568
0.341342844776795
0.259908429590655
1.22644279129343
-0.503399882782679
1.01091662753274
0.757309455223571
0.362963345308767
0.666060758663581
2.62419467042063
1.00275061088398
1.01883711408546
1.18431848606361
1.45800484073593
1.43948312493549
0.655611718352956
0.158052340836044
-0.227950833327707
0.89525972977137
0.429579507810065
2.21306826322457
-0.326447975468571
0.0639856370988953
1.17968348026634
1.56402953239262
0.815646154592176
0.877063694052935
1.65271435340894
1.72992727843929
0.998944919055309
0.450632054332716
1.98358861592731
2.21521658554736
1.17844799349965
0.365587860618612
1.8195894374239
0.810637917615502
1.20070892964327
0.572797540923159
0.748333661939429
1.21590868769703
0.885356031058323
0.870221374432
-0.0680932151369519
1.34301500067215
1.15874125732503
1.8939817402766
0.823660163146401
1.89231009930255
1.68366126102468
-0.239092141757742
1.71361120651999
1.82234842169873
0.865215739305179
1.65695385360282
0.608338413665152
1.66854693950894
0.0406139924805541
2.07945338464522
1.76746233926799
0.886051477091424
1.15543476017932
0.724324387949131
1.57671571673302
0.670394253520173
0.559034361222098
0.841292460927535
1.490383359041
1.94015861887192
-0.0102394863337728
1.57689681364103
1.68180157181175
0.900483262154173
1.42361030101503
-0.342969902421724
1.78639365638721
-0.133204714640132
0.251828253536048
1.86462735107203
1.30133420652513
1.02283449876562
0.913901878874522
0.863627668821614
0.187327366520264
1.37432146053284
0.71807081348196
0.705303614643379
0.295059206726979
2.56651721931082
0.122329054815425
0.849903763483793
0.580644624199929
-0.0359810094240614
0.991519023017465
0.697098847810333
0.68987443432262
0.820760606424254
-0.162853811651787
0.956469150765723
0.103837394016533
1.42152621340637
0.905857863816794
0.758497917408285
1.18210213967648
0.0593697011616104
-0.0730894158098559
0.60903957927453
0.470497383981367
1.89348820098967
2.49909691856574
0.782136288204216
1.00974329716968
0.937982384802413
1.45501447880644
1.42068554299516
2.16505242450054
0.948411345458569
0.970502719023342
0.899518748936103
0.875916382588455
1.00656015919084
0.750383420970891
0.264974087789863
0.988600528505874
0.95204272315002
-0.0304902820518948
0.277805421468995
0.100320450669129
0.700215184311343
0.97039085096866
0.27319228934689
0.161874698517543
0.749930134807584
0.665097537031014
0.602076632359078
1.33758133093889
0.869188640760546
0.894434242495218
1.61867829561853
0.307088174183405
0.042589685103036
1.07876191143806
1.07325039593226
1.18725599714516
0.0115745456729993
0.825803627591421
0.0313290413634926
0.996960523003165
0.902685076492361
0.944843483157462
0.362356324345833
2.03881597251099
-0.153320433431519
0.328155760515486
0.91053526265351
0.328284031527947
1.64297500606272
1.95257611638327
0.844503317817031
1.3432908048998
1.50663584949665
2.25912089071168
0.969596722696431
0.877695765475067
0.812908649788311
0.190037168763373
1.03205724859235
0.403492437206241
1.81726423930886
0.565481657714482
1.49270653027076
1.85534400958457
0.688966865539377
0.984927378191471
2.13769038889246
0.964522199863309
0.715056084644933
-0.0228077943120385
1.55749555703966
1.1393968586908
0.876524697374389
0.557072989937938
1.56684795556291
0.723409336921754
0.824764497640171
0.749809202277638
0.761866991453514
0.434296477180742
1.14494596801139
0.889256045889955
0.852736144546013
1.44118642773196
0.875912423551404
0.914577534504574
0.837638960713243
0.305494384679812
1.24578591033919
0.0436723000653968
0.164774326585737
0.100683984066643
0.811236008989866
1.64070460905516
0.719095862993592
0.263896282574925
0.250644121835869
2.0253820940476
-0.122577690935612
1.54405513012053
0.759263690691897
0.623171527389434
-0.0232102251223084
0.325060431740726
1.07569842240869
1.65838076288216
1.42291317832211
0.482675105993212
0.926203196618504
0.502770210550327
1.09087891913652
1.61668826917931
0.82127163020459
0.155783266272151
0.736142036384549
1.06098488206456
2.01361592591777
0.0211689371289643
2.3100730632197
0.921580563307523
0.87930232970975
1.94433095267149
2.07592550381501
0.208973523746382
2.03197511051604
0.533769577774839
-0.251767467652926
0.936280705493105
1.66113019321425
1.55981850437268
0.806491622937919
0.803309717797868
2.32741287513248
1.22948631153775
0.0543944013853834
0.059781042709737
0.99104297805728
0.756079248537917
0.0702483301063432
-0.23754229400735
1.94737386814816
1.49314015575468
1.04876955398232
1.07685609899539
1.17037720101626
-0.0892477720824461
-0.0587199173389859
0.755081294304573
0.165415402392918
0.0970388771446347
0.0744869778185608
1.26075968299489
-0.204258375252511
0.662971995927416
1.03778141813057
1.06183309302066
2.50113629553145
0.794792972415029
0.801368122201674
2.17908990170156
-0.34628373088594
1.71312410002812
1.28467918340549
0.903042088897439
0.952109642081912
1.07388424631302
-0.03076093419261
-0.202735629647232
0.568669574505813
0.881738336827023
1.71336197525668
1.47640189401015
0.949418898594133
0.38469107232306
-0.280420056428709
0.51119520345633
1.49069906950013
1.73797457255364
0.773752086188589
0.735520655054155
0.812810099563492
0.814331230098899
0.3570792840828
0.777658203874642
0.991474887734463
1.22023038532531
0.840003575664929
0.742963212704499
0.777431465293563
0.898351965846032
0.969960540321091
1.04816718848605
0.963995917649656
0.854025617140334
0.858425042645779
0.311395468659661
0.569240081625089
0.966122694874506
0.446931371259765
1.00578175602937
0.833012883285326
0.719201281472662
0.223489499647174
1.27500484304497
0.58074057099947
0.672725738874346
0.955617760883438
1.34237385777281
0.837429583143349
0.993890015842885
0.975984632479397
0.389084771214013
0.713128798747075
0.801281772926059
0.958120851824463
0.733911676841366
1.21540167401535
0.659183815008496
1.09558211832431
0.903108172466832
0.550717217622155
0.31562595309657
1.00259409555472
0.244497496519877
0.415876926103534
0.7466131032682
0.401288484334077
1.18423793809136
0.935957270784962
1.06509609912503
0.815176045823141
0.917784439194265
0.719099431150951
0.881436438776175
0.334276159094637
0.984463152774795
0.927309898645075
1.3275586054308
1.12439399608157
1.04426191409749
0.764762068807248
0.641070095003772
0.675119064491967
0.905500768551962
0.815470653401337
0.593464508975493
0.932840147634517
0.717196087413723
0.720272771507586
0.728397889493838
0.743614918580863
0.755362437939704
0.68330041499883
0.685892042897093
0.664567263334796
0.760321461735729
0.54740485700771
0.543679084265665
0.793343124964838
0.801469446642604
0.216831607430789
0.333153115431506
1.29571576920212
1.0420141013904
0.941971093847962
0.896357728580642
0.801976119087023
0.756653431699544
1.10360884773784
0.78915215421855
0.796334997513634
0.756585021904758
0.81105462265828
1.1062113695779
1.13097533796874
1.0041030184638
0.899190586055345
0.873984084960428
0.802298428120366
0.451135271983465
0.415358060025448
0.863551722646878
0.859911438057083
0.711122577248856
0.602309787437364
0.682815241403156
0.333489502432235
1.0251607434206
0.93355468267123
0.387822886370005
0.708916668316401
1.26089391418789
0.462803063912724
1.00590356818288
0.970292636507011
1.39311534177938
0.184314717506002
1.21603599223656
1.02642238981055
0.721608670005324
0.209852907630397
0.633254782982684
0.980884262783968
0.709613013108745
0.409926701034384
0.418302143159114
0.937957238908995
0.511106534552392
1.00047217607538
0.762034473856802
0.814242418835587
1.37849479819244
1.24478924636101
1.13192668074319
1.19782243589076
1.01084234743572
1.06832211632735
0.991039897973242
1.00531971530111
0.949264081076626
1.01451977007265
0.740902573949795
0.741475846591346
0.84723001926878
0.771733061175425
0.721402604808469
0.92492022704035
0.816052249820101
0.96563058966535
0.576984064854769
0.21067654595803
0.253481752970201
1.3336970258014
0.872612717483229
0.719443008338332
0.768047927581917
0.847478119293267
0.681635487542903
0.938782707079825
0.318857787868836
0.77180626162926
0.686082203466193
0.647462594977862
0.702178092583979
0.464636618191622
0.486074411803711
0.757693772606089
0.730817776360752
0.7734934871717
0.726355111702234
0.715248169544909
0.748139653402536
0.78165181085046
1.37710052618513
0.644539443931091
0.802488422506661
1.00251644654453
0.344570752687443
0.479296452331939
0.557783532669641
0.760829586717541
1.02942180792305
0.639436426904388
