1.7895917949549
1.2917840031085
1.36480263162065
1.37314222520835
0.823519516129998
0.925858606150195
0.993475800891723
0.994770008289744
0.940524210805102
0.12689722605673
0.353515001275088
0.451256078997286
0.919590805085083
0.996244833839218
0.805494449797661
1.51728782849385
1.58258918724384
1.77852729241475
1.82039645391779
1.82798312898097
1.82067317134332
1.09815091423665
1.21713221417878
0.959378576692932
1.04227527425552
1.58269986034194
0.880845303664088
0.907234487317358
0.708555911757289
0.394641172501303
1.21812987202252
1.42720306553668
0.740889671846011
1.30743973510603
1.29277482180548
1.28746862471742
1.70324347260518
0.737748492693788
1.21119677596243
1.70630208452468
1.14214831812755
0.867996200036879
0.977235591652958
0.760898490051039
0.953448144182358
0.59850896379092
0.195639748172556
0.992047367996692
0.841398002620961
0.834665324652163
0.728652668558224
0.655468017800235
0.9483101511871
0.814548100917529
0.706014413818254
0.98001243156547
0.975782337136999
0.952931308684033
0.794973114822101
0.983229676448124
1.8097537601322
0.851764014992157
0.828094030698655
0.946023369197636
0.206441137320417
1.82394476835417
0.929672465688209
1.40795367928924
1.15950070876189
0.832132354370971
1.05356664038238
1.12364504904046
1.35129209880894
1.26288484370811
0.853791070979873
1.17426102623202
0.955940726717949
1.20432714721241
0.718330544872558
0.703932416268375
1.50441995120893
0.769054065732366
1.23927889457331
1.33476852792412
1.24996493560518
0.978559933713127
0.976219331875754
1.74511913939603
0.278482270551439
0.525068739327036
0.811908799149645
1.65007877444204
0.960071733772045
1.35060805085126
1.75402641974281
1.6501954062837
0.673586470709506
0.870944564222278
0.803600378294643
0.745024080060516
0.951111536816454
1.82624636069739
0.949702603516994
0.968154101308115
0.991795409351066
0.940837392472534
0.810674471501506
0.777158437833488
0.716055312121508
0.999904145018483
0.869308334922227
0.948938058238236
0.145515771820616
0.891065919329512
1.79800640574214
1.81605202206208
1.16278715080571
0.992030010326715
0.944231186572235
1.07139217400394
1.17245004990799
1.27851690524094
1.21107744108963
1.20599030332625
1.23032969433417
1.14338685398072
1.19172124867282
1.12548015553468
1.09412689493045
1.16002797837897
1.11252525505097
1.23506260750977
1.24771694715599
1.37210693334231
1.43463326381119
1.41837557591693
1.292005564215
1.47801904198605
1.58434418594973
1.38260822692438
1.01711902072014
1.25431515637013
1.35253094402762
1.40705289040927
1.29617153643358
1.24982648969248
1.05249176246362
1.24995796051401
1.09295390502114
1.05013137709515
1.1757186833101
0.890348595434618
0.855184395139067
0.797355167320475
0.661933436609511
1.06673952722895
1.04471204331358
1.06669921579779
0.844622066141291
0.507429279910038
0.343048218207418
0.487494914278072
0.762054866364686
0.724790683313634
0.577375824280934
1.47174441866763
1.4860771044932
1.40318417888565
1.42926093850106
1.42330825224043
1.48110957310252
1.1999764620406
1.40052517529519
1.16534741932614
1.4049836105479
1.31827031177137
1.35616740975035
1.17906837506269
1.30156886264193
1.19614276793109
1.11691153447318
1.1499522279446
1.13583464551049
1.04475043019147
1.09474360876307
1.22027502659989
1.07741539678804
1.20885127878235
0.279630860210939
0.224962337359487
0.246817689093205
0.292522566444004
0.147204866132809
0.19534217457701
0.112857218976811
0.197908386314572
0.107060822861028
0.189056959902757
0.229343275714782
0.0642102886107357
0.610403211224079
0.050634863212422
0.590102381750509
0.187360567363889
0.349332812455577
0.717026451331857
0.76719208729218
0.747137162930463
0.817084764612188
1.15473102656894
1.19945831096957
1.05083716285233
1.03662807577244
1.2569525310512
0.950443756139628
1.20146684527447
1.26517231952884
1.28304756846057
1.25420570966132
1.17835990054863
1.17661512779481
1.09101874696848
1.76451332384189
1.69779397432162
1.7071599700528
1.68863577552905
1.66411498757216
1.60569068275899
1.47964061513992
1.42899418722894
1.43661995786914
1.51529988984849
1.62200556716143
1.13907056724087
1.24948206467496
1.1564968970606
1.12401516318505
1.15471385686592
0.90694110441915
0.956044561261773
1.19093455993454
1.15055659867663
1.18722861293058
1.19749133310093
1.14895065547088
1.14753214086604
1.1732336006434
1.09837011766567
1.15252200135615
1.12859764271576
0.622296991182994
0.421759863385142
0.532901553845946
1.24392455921433
1.04384585714927
1.10349519177106
0.781183530502198
0.995829902650168
0.910306750644469
0.557934124765867
0.638494372484213
0.416076626369095
0.325151416232759
0.289961443326305
0.337227938975135
0.455381944837402
0.887823312534531
0.609625653828071
0.518644202601196
0.875539517946548
0.618310238183261
0.473107457385456
0.956320246775194
1.27028895279299
1.24973949784826
1.39805815181413
1.16256363874405
1.28342744717028
1.38189611415443
1.43821758811919
1.58952097239643
1.73855592189167
1.80281169970905
1.78589584239717
1.77335230940924
1.7241049303791
1.74519511504076
1.70760732874014
1.65564329559872
1.0864934723333
1.02869194960676
1.03590593245971
0.972660512290872
1.17116972160261
0.828222014022375
0.657637003429509
0.97755701025877
0.310464410722976
1.09579220337669
1.10706850041782
1.11472945979791
1.27402079664105
1.08888067382832
1.04174538713141
1.12740311049062
1.08225660051596
0.710877798076784
0.495058447391314
1.04026696640402
1.075729367879
-0.0104965392342202
0.993985464445402
1.77988078911437
1.14503394859286
1.24178520173176
0.847353883970385
1.14304338344447
1.07319176923648
0.770118534002727
1.1353117648583
1.11461483507969
1.58343422590947
1.3867646891673
1.43348399422661
1.23624612880574
0.735998895000465
0.702725210151365
1.09477672395691
0.999841829774438
0.351391265606307
1.74877048829954
1.05959115813124
1.11066694459793
1.75277304302293
1.73735926561103
1.31340081551631
1.18750231755406
1.63016962709403
1.54354909951887
0.907685582192323
0.722445849490762
0.200634557499172
0.691484620417687
0.780715961775592
0.251080247606425
1.29826880810371
1.33986488915799
0.458576349232361
1.34941150990707
1.15056813318753
0.696776490818692
0.63848087980668
1.49353874121452
1.09671663535976
1.10914166035792
1.02469295038236
0.97043179571582
0.830058348569355
0.383542890598754
1.34729630744447
1.27229712269651
1.23687573334135
1.61858864089997
1.37046131696518
1.3160310851424
1.37171291719691
0.54478918892523
0.846354314769818
1.11470797438197
0.363503508837445
1.68766093590309
1.10176349583186
0.902602295039992
0.952616983916797
1.20627413457777
1.15078190999733
0.981856666070094
1.05409235514386
0.9899038688207
1.683473987045
1.25368016271971
1.19778118351768
1.060685386234
1.20072445412479
0.560591833790531
0.209657635789083
0.117460011066734
0.531238969781464
1.31280625666569
1.75498233757817
1.65272741304693
1.07419586749092
0.829039819156736
0.843276016520203
0.415282399035526
0.23951826624906
0.992507905303385
1.10392958722141
1.10509431692946
1.35636918963974
0.835239465948283
0.970080087868494
1.05371820091425
1.29428069786415
1.48671649325013
1.31605114355935
0.598906345686353
0.719432720924058
0.619755434675639
0.521034808738634
1.26394814854266
0.368756755859824
1.08458819257471
1.20512922537151
1.02244266148419
0.985344210184229
0.973412669171872
1.05800621835263
0.770878288584749
0.821652276048041
0.81653165588838
1.06750888395542
1.03987996154467
0.998939370241571
1.2023397635769
1.46815341377247
1.71484699390589
1.77143145006235
1.70674227616371
1.07271183103349
1.05042511611791
1.07013349047178
1.14889623849584
1.09807641736524
0.314569619449473
0.363735841337061
0.588390412111284
1.3158055110079
1.11875585467936
1.08263107362216
1.68249280593986
1.45907066706602
1.45866767777954
1.54698363320566
1.07671339053968
1.06203567139251
1.07209603712066
1.00066567054431
0.125720760491496
0.18300611642444
0.269690651592317
0.312746944026793
0.453492768973347
0.547632448323263
1.2626951487149
1.20260335374334
1.14302356952198
0.932466939566421
0.290100773042036
0.386251249958079
0.223816901792791
0.418898800563675
1.17117288050868
1.13587227803824
1.08547513308405
1.00642607637937
1.14968197989227
1.1180635659078
1.06016055602354
0.992881751411648
1.07792742195674
1.21087407358281
1.14473819630193
1.2133333320789
0.735597254597885
1.00351415917151
1.19189548723363
0.560528317126393
1.29257359635722
1.21238546542915
1.00252483079664
0.95301272019137
0.540855920023862
0.827127628123778
1.17054860317555
1.02344766225049
1.07995907689893
1.19660438814328
0.557340477776853
0.115149454745515
0.881632857001777
0.837188387976312
0.858231983124859
1.08184768497307
0.790790511051414
1.08435063027245
1.11161342157796
1.03146751208588
0.813758167218878
1.82160839337098
0.960575840540804
0.695719060567856
0.957594323266013
0.694086990333665
1.03367023679383
0.72471565338546
1.43919409261048
1.13100071439186
1.10877243195693
1.05721946068924
1.2124373522521
0.457266175510837
0.535013083813436
0.613615858320403
0.790179765270405
1.1370749296134
0.463840814716977
0.439698363632407
1.18841827475048
1.78761316085264
1.02139981457677
0.846023716739074
0.9852076450325
0.954376929382698
0.927351835012421
1.21962448869916
0.49888231380434
0.182510234313904
0.480264908967353
1.01581815107672
1.24115675905576
1.06231418555933
1.1577471137796
1.8018526887858
1.63749650459098
1.14742872178399
1.03207722696562
0.606922103525231
0.794958594123851
0.822819245847585
0.922971976702473
1.21715259158692
1.00392315684258
0.917476812133592
1.18791200536631
1.17971389479494
1.53890306979406
0.751458974351853
0.0370146841122543
0.665514876811059
1.07160991416269
0.905990973627229
1.58261599582476
0.770714764932484
0.554772491295948
0.460066046714778
0.728116844090667
0.0813865522196322
1.11093709977644
0.442418182675744
0.823612392254711
0.604082850623013
0.76247932594104
0.0424423513974946
1.67543108180909
0.803435596240346
1.80585444931181
0.885730210351483
1.13433682696074
1.10805948396116
0.256015967614887
1.19753756223319
0.34841568832441
1.80791260048922
0.974126810264932
0.972702572959729
1.15629543880318
0.622655698931584
1.74315754129663
1.80433843041567
1.11892689151815
0.639108550576388
0.0214471628308833
1.16180499456786
0.722037573465236
0.0565971885977074
0.82486791939571
0.988966769850451
1.13896118966824
1.04930500845553
1.07523200742419
0.890533510085435
1.2846968675796
0.387792719546055
1.14789933881388
1.08661675462566
1.31913220329651
1.04605237307636
0.99089350202599
0.710930643189905
1.1174639272134
1.14413941542728
1.21846535486432
0.0479258089927816
1.30321137573985
1.30248500556149
0.914176468578578
1.64681271045712
1.11915330597131
1.2835464834123
1.04877160132923
0.3607024310483
1.08225508423276
0.663620230522811
1.57094225490169
0.523902170314303
1.27130276708141
1.24009455751586
0.760010697293844
0.701138205570051
0.106819685419095
1.04360354854256
1.16838721105171
0.401964246599762
1.45308472464765
1.10224828745127
0.463346381682759
1.10268297662415
0.804038232378272
0.0869158248405447
0.913885771120027
1.75494938494935
0.95445113961205
0.703249070801378
0.680137423626815
1.01159776318269
1.3029874494844
1.68791390616082
1.36659019012754
1.00949702051681
0.994222132529877
0.993371214281469
1.12795484015185
1.63567824495218
1.73371733965083
1.11131839007872
0.936150901605879
0.746410073313273
1.21067837071273
1.20607468894377
0.843277582699521
0.339130358890931
1.17465127062792
0.556686064352469
0.612315440703464
0.683980898241514
0.721210381391903
1.08949154467675
1.19200821904034
1.04295901416008
0.422266301271373
0.359992523924853
1.16493517627543
1.18903148308598
0.453231319054418
0.38400730094258
1.25004790831244
1.15184790349079
1.65913295337874
1.10776153117843
0.95309511263719
0.376371545309521
0.817966769673818
1.62987863382853
1.034445888843
1.063276203389
1.07024866637635
0.986550807421039
0.834999990417794
0.825236984797388
1.04351033767952
1.30108438251247
1.44552580203549
1.54084445359345
1.38584911515822
0.910779427801345
1.23557382484591
0.260128964832825
1.48521598661794
1.0027711164271
1.00474219286147
0.578330288341241
1.45960398521923
1.8053682297296
1.17698360728626
1.19238371517568
1.37888237509702
0.821890238319681
0.148329643439352
0.971496152689157
1.12468866971527
1.05926155838856
0.712943444643745
0.345732187150564
0.305363504631947
0.993771760096382
0.924024582047043
1.13318623774356
0.990410897432583
1.28119042054346
1.24675304977018
1.43075842299545
1.44484550878406
1.01558753086284
1.25659020892563
0.340932669669239
1.13965739695968
1.09206108834904
1.2731735920105
0.62506878903232
0.669384346262518
0.439710871341706
0.995557835028042
0.847057269417611
1.04524406279817
0.269164794575935
1.07080206530697
0.942521172125039
0.822000980078702
0.708598499587032
0.801552694681504
1.18689418542101
1.26411845396895
0.599466835602173
1.43002599010914
1.15974973633905
1.00096134079467
1.14274306175822
1.0728325335442
1.38451659183499
0.785804826871595
1.12632366487626
0.942704744683247
1.40143656296405
1.34295293443834
1.33594812263786
1.06847005163567
1.0382084464471
1.19196536228819
0.783159292239791
0.843876458587065
0.820631366581099
1.55381929784587
1.76643500016899
1.06698167430847
0.927085106748194
1.06958386576442
1.25478551182972
1.24390939579527
1.18935910406587
0.64911941993441
1.58277335501881
0.507799563334515
0.169930525094432
1.08982735395267
1.01935859288995
0.955817038166171
0.927896206221666
0.137426383016319
0.9624761126302
0.910716700445272
0.464832708717042
0.64330895007857
1.52181379049994
0.972695131271144
1.00214000309907
1.23008160309458
1.30406685473152
1.34539898283463
0.628221611164844
0.413420349425366
0.261877356032588
1.16008235457702
0.382213177898251
1.40392868626268
0.188106658508449
0.769341938524984
1.80617262099543
1.23353812210159
1.01255752909329
1.07983235367607
1.20846570631292
1.06837883970342
1.04526209374286
0.953768428484083
1.68846236469563
1.34324156179206
1.09863443067779
0.701459145952453
1.66122512376065
1.12030778552614
1.2231225384064
0.873222095452958
1.1095191834299
1.02862872475087
1.06584614981545
0.94911551531074
0.599417541913516
1.05288203265769
1.08384775665915
1.46961313422735
0.751284689176127
1.30504444390756
1.31942973211298
0.0352652256761669
1.71797650176047
1.26413624317906
0.899351441816323
1.74903307350864
1.03643706684779
1.55194847662893
0.750093978494951
1.52626498033417
1.59401003250908
1.32802743913872
1.0398532224108
1.17899344696864
1.64037845005575
0.927137909043755
0.982657802530555
1.06159688014975
1.29610076204261
1.26727164878206
0.443936985187133
1.5387497110174
1.23795778568446
1.70142998930324
1.18336807003039
0.100952499902174
1.51737584867659
0.292894530959251
0.625328287836715
1.64364823103512
1.73361932037502
1.21165198740654
1.30292128812033
0.930116187514906
0.842802633427053
1.3477492670465
1.15861880502109
1.16567299928617
0.833662116894483
1.46469517992252
0.824384512227345
1.14318926307969
0.652529285672144
0.380610181473522
1.04393609685922
1.19003661331146
1.11815737497242
0.893922260840604
0.488708689756251
1.71582245898096
0.800236221389255
1.7528523099371
1.13876330544242
1.20038704247665
1.14304521624421
0.810704532676509
0.816407605577149
1.10814805340321
1.11132809075673
1.29766249851578
1.46548347453564
0.873648064449192
1.07322911925238
1.31067540898068
1.71696292574138
1.80141140888009
1.44979001071025
1.17961452495378
0.999995041169407
1.3550921380543
1.6110822913395
1.16634128381589
1.37062149811154
0.250500744718532
1.01358119240769
0.827647907658387
0.544345001617332
0.527436047084133
0.667144144011773
0.863781312053829
1.11300638303353
0.370769597117824
0.824746492813603
0.787180019860272
0.692700172305362
0.58311791236351
1.02711638824721
1.28077202995256
1.23149363391606
1.13907677262789
0.956477816519446
0.613631065223445
1.08767789393838
1.00906226888643
1.04989410797743
0.720400431985061
1.48706604778983
0.548656635365903
0.996592201077483
0.968742783724903
0.961284172875975
0.996711782439237
1.25090114916008
0.455706044349957
0.883109038839618
1.17487378361068
0.852200402999037
1.73803548479306
1.2005989874469
0.913105770934099
0.975866111927551
1.05563620616697
1.23011926384061
0.942754678004351
0.927390436130525
0.807323759857518
0.651712078262577
1.09063548236049
0.290786088379469
1.65673070693955
0.461932952768337
1.20766732375573
1.18050758331841
1.08874594611467
1.18237917377756
1.17178183383118
0.996945094418356
1.31394802666687
0.815099704939438
1.29974735233647
1.80270675740672
0.999709292689262
0.525587392203132
1.10890750803093
0.710728812918611
1.1376033989118
0.770839414991014
1.15285697239835
0.632187123092762
1.13638982118038
1.11068878234483
0.765762687087056
1.03903195612381
0.993278385302657
1.2027545288052
1.62119876342916
0.526520802656147
1.07772607149542
0.656744899961027
0.732801511189827
0.717827419173335
1.25543045076144
1.7221464674388
1.00659695815046
0.600499643313446
0.143589991958086
1.5270893440555
0.126388758350425
1.13606619003151
1.14370408391477
0.544680770428875
0.597527784892804
0.82122963470979
1.82180022549186
1.10440040778709
1.30475017164475
0.812465904865025
1.19862517912515
1.09619702734015
1.02692630557116
1.63214476278814
0.729192735031561
0.336942586159124
0.817371021933805
1.05192154034566
1.25703189760559
0.64356943858802
1.4314060991812
1.04402839081353
1.01622056038488
1.73581716836558
1.68725908198996
0.828954112183076
1.31476112432134
1.11646675343883
0.0808461596073833
0.962207991680836
1.64275600152018
1.69883462515726
1.03552760578049
1.18302682731282
1.62066176785143
1.16553281208947
0.107426013891894
0.0366607778589759
1.05378123701974
1.45499361921365
0.716065235509062
0.35100034163193
1.56823659640148
1.25303653373443
0.874801620234333
0.846329627813767
0.879760618550547
0.800149567286765
0.701312997663637
0.647896373650584
0.809629848471022
0.783562263848784
0.791824227518389
1.16095018276048
0.293669352210574
1.12434783272422
0.975780573323801
1.03033006114916
1.42500803931056
1.00279662901587
1.21196674475038
1.21343614397203
0.371794373487223
1.68580183794732
1.20002638084335
0.848850020956804
0.857354919153622
0.996544836499403
0.377453422802173
0.130445200295344
0.695920119000095
0.962785087920623
1.72055049033949
1.78131191437957
1.1554069539674
0.310669499635744
0.397547702884838
0.43119233948212
1.78954591523802
1.71823569288125
1.73013042889373
1.56678326605099
1.40531578604612
1.37790542459962
1.0012316725437
1.34146277327278
1.35659344754279
1.18471334397586
0.732800637245956
0.534396115703479
0.697178450547615
0.817218807995824
0.907557709472462
1.48949370597909
1.76551204176534
1.79083692832558
0.869278990813164
0.832260464773626
1.1559142098418
0.78748086688718
0.253987006358397
0.935773220800891
0.862984372540104
1.32156381708453
0.828161328728732
1.77914498994179
1.04027251204809
0.54125540089356
0.905435062834175
1.50016443852304
1.73469644390687
1.83555482077305
0.929741523562018
0.928098094063669
1.30766021977868
1.35988119545624
1.18052175302926
1.49431082859477
1.06771338566255
1.11939028114362
0.884399497611141
0.917879487500953
0.339166294329024
0.882370237736363
0.934987066763684
0.818332346474657
1.12363499003672
0.706547578995329
0.907665584114633
1.82502107180422
0.836697963237819
0.851697295336315
1.39754318058572
0.791532852741189
0.553950293434977
0.856187098138719
0.990793773274961
0.926157075014799
0.8340664129132
1.64447524122398
1.49437881161144
1.76029305944396
0.668349168837347
1.24370959543551
0.476636656359668
0.887769458889673
0.812860330805646
1.16250968265859
0.786869535329153
1.38830478810338
1.42991102681871
1.48656508313969
1.31052081111218
1.39577220667206
1.22636872520303
1.29312954371303
1.25469381686113
0.480010892820524
1.03868918086472
1.09729869285374
0.802756114923171
0.778782335288061
0.840570457788977
0.923106666292921
1.27979541301666
1.1719952162967
0.930165508294191
0.894187057731682
1.6593329278776
1.63209875325792
1.16128277538867
1.11446381024796
1.28397264991278
1.36908635428789
1.38018796667337
1.09527161513531
1.26251821940042
0.734411653002033
1.79960195369952
1.79554150294767
1.73094799374855
1.04214426409787
0.993937951373125
0.906769881974698
0.873031977159962
0.516283848133597
0.429626582747624
0.498655047430218
0.816140505115995
0.806851562446727
0.827690746739893
0.961155079906072
0.645788571547948
1.81496510009665
0.269548443233548
0.952073335012171
0.94849835428391
1.59862889536651
0.785341017248259
0.983278122929516
0.951993619833415
1.26441028301226
0.775399178294438
1.14585341009572
1.82643657937716
1.31640463557144
0.933235967290353
0.88085805341788
0.915544085245553
0.934364042277657
0.941144504523698
1.54921073602812
1.3692825991532
1.71054543122305
1.71008933921348
1.76967297682611
1.60140644467461
1.66266896286798
1.64382598690392
0.80534511197321
0.907874971621841
0.894624660541939
1.81483849338602
0.639626052897558
1.3460216454067
1.3979271455029
1.30915033410597
1.41757463762298
0.938749991877151
0.853600771225321
0.937939530198935
1.07956618585755
0.812410591193732
0.836293566448102
1.19151608871712
0.594887952179083
1.25755169813949
0.765101952747972
1.71553029555306
1.03096593288757
0.826495722272806
0.98747935108702
1.34085055983159
1.18132511684707
1.13480022545471
1.25725503131255
0.993496360066386
0.981484807209188
1.58177403162866
1.51728135747987
1.65558869332045
1.32744011048526
1.40579705489509
1.36510874875977
0.758751175254188
1.41300824704088
0.423444435922116
1.38566466563898
1.09543012098382
0.18648288217539
0.26749856569752
0.398509542775212
0.619953278243631
0.955370851981436
0.514956472315488
