1.17247347634441
0.872562795039564
0.796439658018685
0.75184071855058
-0.070726808878375
0.486865652573553
0.762889804276302
0.842126275276302
0.933208103267475
0.22912039352215
0.335624046905367
0.377112274216081
0.678864698085735
1.04695047291308
1.2839340392454
1.64996354436103
1.6459504042984
1.56611210064428
1.43794052387303
1.31563427310198
1.23436473365133
0.309814754178123
0.539346101099369
0.914620636557758
1.55048206468366
1.01445655986563
0.0578856235329022
1.12833839516211
-0.0734079259606641
0.559454697333561
0.793128566174582
0.935933744931499
0.512393117947399
0.693997840537686
0.778022954057383
1.6334784509861
1.61982247390205
0.182596032550954
0.827597914591435
1.09649442913609
0.443264195203682
1.41821754295064
0.982787412960555
-0.0923025975253394
0.815046163566141
0.436774932190088
0.265031973212421
0.196945921213903
0.101931158447692
1.19843232817938
-0.0995312264925133
0.72973411187202
0.86943148114885
0.495927168614771
0.0497037895760183
1.0130663409941
0.951955706506403
0.751914782320335
-0.0218229938727931
1.07977477853306
1.50776560888713
0.595295792096039
1.34903041978285
1.48553375265342
0.306297990067894
1.37781543659555
0.15082838583721
1.64840479208534
1.59863789377561
0.00932134230709316
0.280236592524952
0.352902065960795
0.712807607759635
0.636487973324275
0.0228988792532242
0.50070370497563
0.784152927728154
0.809747446556057
0.0974384008060842
-0.0315277631764176
0.972654985272122
0.34394417144643
0.847865470780264
0.794598794805919
0.776921381704957
0.968102409838284
0.997371804257018
1.59528307295609
0.299433327775704
0.404554825333728
1.23952734873559
1.63675306200734
0.645133857505269
0.901728156520167
1.13639722697693
1.05506987055603
0.473808386371859
0.390992441972177
0.55425018245058
-0.0866398586013463
0.893298815965169
1.27572111477308
0.843532387093128
0.935111424875306
1.02907298671713
0.715878139092291
-0.117351978822055
-0.0291607057338649
-0.0781920085859941
1.0619341216762
1.16018426303895
1.10175803717892
0.240001166394406
0.637622089493722
1.53849458002329
1.47323451487214
0.682964339643055
0.756074282405029
0.646294911468517
0.809750462360381
0.775389750992876
0.841180957191577
0.80116531443547
0.779799115684864
0.757047218942401
0.770772745701279
0.764791719645202
0.779239308090267
0.764458055289089
0.773602644841057
0.998366933220512
0.97119474808103
1.11398865686818
1.01733252839931
1.34079151231903
1.17744420183824
1.25961307311279
1.50214844914796
1.99626473386396
2.28478849415165
0.812322218933708
1.09111507029187
1.2688652314583
1.23463938240673
1.4526793858432
1.67321450783509
0.984739991318078
1.33335525412027
0.956777903747774
1.17036903116559
1.41816906778477
0.0896793766649381
0.0845485560016947
0.0643672582525785
0.0967365008034106
0.502405377959307
0.255072707139007
0.237538735970849
0.0784286587191022
0.449725117908928
0.26767169011201
0.486848496101743
0.289980783136828
0.366842809991458
0.606637921490831
2.40407805009912
2.26021444470386
1.8767129442087
1.95236079099424
2.02362724959741
2.28390333286648
1.85874052861103
1.76722978485447
1.60272202837978
1.71964191724163
1.74055993350464
1.82294729863538
1.4743504731337
1.576556066167
1.73874390102503
1.13030143188269
1.23835723088462
1.40324593929123
1.06272557975506
1.05141602800228
1.14276072825756
0.752046324812076
0.84177193848474
-0.0065680277367735
0.0496612198724505
0.0265422041160997
0.114816589656907
-0.045111290062686
-0.0189961062605992
-0.0635840636717714
0.0255031978312686
-0.0820001675692328
0.0158267591008948
0.133658976884318
0.0445831803826704
0.408630219710876
0.0637693693664368
0.45417223904697
0.293122250362381
0.229404056555142
0.644100233449221
0.415910593468517
0.460227449503395
0.573694806484773
0.809699027968909
0.958191470498209
1.40910934268643
1.26434481810467
0.965236787555939
0.702418600889034
0.980334924115389
0.988319428008448
0.981536317404487
0.929014156296517
1.08631933180424
1.25132196861107
0.754927885376784
1.60045110224503
1.74316282422111
1.63760109211077
1.66951707905395
1.74740851413821
1.78952107775032
1.97752636342793
2.30571502126634
2.13604536657654
1.85267608395376
1.69065437659536
1.3754488754949
1.42586867278348
1.1816256628438
1.38434589435987
1.45528554128557
1.25349212364443
1.17438183297094
1.44633932612359
1.39500459849664
1.28211478197777
1.31000337483955
1.33695909641146
1.37046993397854
1.26699228838672
1.4501144354706
1.1847451003531
1.19201517947079
0.102157400027237
0.182246514017592
0.145177106669034
1.06359106220329
0.878915029504467
0.62835154274081
0.434690992230304
0.585613189537525
0.632367336745099
0.230858098437082
0.459970359960258
0.3230651599308
0.220171822341317
0.0966894471275575
0.137920538263187
0.220798686307202
0.411078073288172
0.326291694821215
0.37037950103773
0.437696364808559
0.297158653803687
0.226716969167516
0.958882856642615
2.03980444186694
2.1882994542066
2.31276905771442
1.34511940405593
1.37124052996402
1.69270113827282
1.68508195700754
1.13083941068127
1.39297768893585
1.23143274067806
1.37218824042873
1.33156990447389
1.46107674405725
1.87204554219503
1.58915738223428
2.07330452474795
0.886472859338301
0.873363064592365
0.819602345260241
0.910984395836984
1.05797159820809
0.149108576388559
0.0371595005052813
0.828363519068995
0.0829711685432945
1.33684247757838
0.882707705838901
0.902850982141781
0.906064758482382
1.58121191924715
1.56482967322431
1.59901763073159
0.800002298492489
0.355247333147221
0.232871977700833
1.43651936406707
0.580222727125646
0.210753551339974
0.208861996624502
1.45793916556292
1.25666547366475
0.713775294984776
0.796966550224069
1.13503229594759
1.16157029403862
0.474814207610835
0.398328683935392
0.780244437143388
1.66993062100873
1.79333643258293
1.68260940645023
1.7098048055672
0.613738933270501
0.335518678681389
0.671704400124084
1.17359412208553
0.45795988524411
1.61817825663445
1.34192654692744
1.2151177089226
1.61874607466686
1.23552381941682
1.78430423647566
0.993348473800148
2.05540884486825
2.36480202059054
0.133715643314923
0.116577037471623
-0.0506240215293199
0.0623770215115283
0.054706601219181
0.158214137301109
1.7212048820569
1.70097476038974
0.532284867921039
1.49928760576634
1.37200125182389
0.308990031301249
0.414676637913079
1.97436945179705
0.809840694059633
0.959851390883582
0.94804653459383
0.77823929428624
0.620551974881497
0.300073889681189
0.820732175183527
0.791992332788666
0.766667710354308
1.44521676991567
1.86575696813963
1.84581522293066
2.40436116765018
0.223091983435145
0.841458887307938
0.783709321076487
0.134889236485435
1.65493657282501
1.25835593943628
0.3106660020001
0.472876388989352
0.724071999823355
0.539779354973397
1.08439396933638
1.33739383536307
1.45797664453759
1.92886014534603
1.67985200818232
1.13551206190756
1.45085646896875
1.88339936186974
0.307351281790987
0.210630486756511
0.104939885168038
0.346508842022463
1.20041900237229
1.1538422435004
1.08060740884051
0.752490524208882
0.140305267500275
0.612742392652595
0.305214187421576
0.17667245956678
0.797013960670007
1.16524195776018
1.34764908727953
2.2199396769459
0.501663241802566
0.605721660902017
0.903497338066934
1.29144139990614
2.23538329694981
0.778884748263262
0.0532699518992148
-0.0612475908495552
0.188760496594502
-0.022799237915227
0.8098720938272
0.0785412021384404
0.812981986553869
0.830358159486714
0.854448967441462
0.755883133297184
0.817808440285021
0.848322126307831
0.0844486571655142
-0.0466691907737051
-0.0523651653832432
0.939273005651491
0.562698149557966
0.618682351295882
0.696631891915811
0.978125485547436
1.44368482591056
1.38288443258158
1.60320311960346
1.03280134554182
1.00019398001673
1.06346136997808
1.3780149993612
1.17565755754164
0.38791047702621
0.280504060898243
0.254144016556698
1.56707526886563
1.62760155666334
1.574834925209
1.80956732809006
2.03355505137744
1.82687312385799
1.73032061269719
1.19377489813811
0.781850798305169
0.796617836084672
0.828378214357779
-0.0715615344074112
0.0551319295914568
0.0861610592141057
0.127970376729357
0.322220577639044
0.14046736250967
0.745332784708138
0.987359569577775
0.906773476242079
0.682420024280343
0.0949046449944383
0.125075365620286
0.0720563980437304
0.0423283131112295
1.23503379814744
1.16397390704305
0.99662582359573
0.963343503859382
1.06051328923915
0.873165487312725
0.883642073681031
0.888333465826696
1.31459653133643
0.858524093680916
0.940674490441154
0.741258769842699
0.0358164726158631
0.726689469745082
1.62635059105407
0.235072908600258
2.07165287144875
2.01758974407183
0.523398349098065
0.187738020731576
0.0657924950554065
-0.0209100294042318
0.85489280285927
0.701446184205409
1.56828824838992
0.78395291641742
0.259853597874136
0.415354140921455
1.35732988469333
1.28501667427734
1.18837622967905
1.04918034833035
-0.0532833488368235
0.282662750826821
0.487780740768492
0.641268105608344
0.0164845510153839
1.26723494809524
0.813801714530563
0.420663127195919
0.849902367988399
-0.0078752228566152
1.00828410261131
0.536346893092338
1.6775080850846
1.7526103534839
0.827771479138762
1.45634065820123
1.95005028841005
0.529919025400616
-0.0150228830067805
-0.0849687028926226
-0.00566562653326375
1.11811340334511
0.411337968494059
0.273403458130857
1.9501808955291
1.56473292582022
0.94202535077945
0.380198978450468
0.693998990667722
0.873764797811121
0.118340864881758
1.22970649002923
0.27355886523831
0.142894901732838
0.295379072697822
1.07836245940209
1.70397735360957
1.43230448650755
1.45877188641371
1.50800244742305
1.73526936643972
0.884420421834661
1.0830884178771
0.0115761071174006
0.483912596900615
0.133900543232158
1.44704332840327
1.65563212676947
1.52441677209197
0.612661795342921
0.768066406142545
0.780421916848669
2.10653043845745
0.00117480248516009
0.184807465585871
-0.0288663763915995
1.45172667334663
0.202428253008328
1.73180668729799
0.153065910094821
0.395318989921876
0.0289019597908031
0.0539941923743437
0.0380849007579329
0.403060868494842
0.179629742908298
0.0334921536484429
0.321337149272282
0.325801026921705
0.241063612420511
2.14714093452423
0.712458210869692
1.41505374545094
1.14436347176483
0.930849165912899
0.641489847847878
0.191691156923129
1.81293659663445
0.0286860701427922
1.3291102775148
0.774127057084364
0.747184077475003
0.806440077202542
0.158470164295187
1.72749756451091
1.20385483281061
0.353120691321818
0.192282659044856
0.119316860501974
0.96534266651179
0.689897817465932
0.252094290049588
0.605695069683457
0.755137878460625
0.92807585115154
1.04699125981204
0.526981016394352
0.175602768823913
2.2649754129938
0.244022071748082
1.59645322599699
0.521426906244902
1.73174549529138
0.82742512573637
0.842114602892519
0.478914707141859
1.22649462315681
1.11758127412453
1.46893645563478
0.132999951947035
1.65283752901924
1.6687287709041
0.525488109492665
1.17754711809393
0.79754558486532
1.50274554806529
0.673851441144229
0.311328802851193
1.48718984049434
0.0466535233256072
1.02219031626912
0.206429888788421
2.21907731294364
1.21603495603927
0.00662007483526765
-0.0189206442224717
0.054824472593084
0.873782118071829
0.735089525648815
0.211109142401716
2.24442030882608
0.620223844675004
0.054916094574041
1.31227320211208
0.0254543438029079
0.0593294704161909
0.504713316843213
1.56965581982556
0.666549798769394
0.401471624672849
0.202309687232196
0.704678819200342
1.52320284615127
1.67554203543189
2.31976389708923
0.938025062477878
0.983150851012688
0.970698240564469
0.502342193191644
1.31702591599935
1.62065233149336
1.14774848029227
1.32408284446458
0.0940072391282316
0.649890592184236
1.64028400867561
0.0283848705718655
0.179066436080056
1.15280260012411
0.188334842114375
0.0239841289734687
0.0256655356339492
0.326918864266667
1.57915780600044
1.11359307636769
0.812477039977126
0.0678398066478147
0.181385661351452
0.63682151378976
1.72833792590634
0.177011644347391
0.303571494064671
1.66601522311766
0.791202263911546
1.9278525354802
0.836251870515254
0.513956126654858
0.404247690761917
0.523329118663039
2.20803933862469
1.55271287274243
1.53100068651585
1.46485767931525
0.798530024616332
0.0930849798079958
0.0230686479211362
1.37172339044661
2.20708471884667
1.70434031346353
1.70152820399149
1.77575661348739
0.553419713565649
0.790761946882891
0.460425665369332
1.67062503904163
0.987784278027555
0.184354636862689
0.516107744961695
2.43875430569711
1.46186055074082
1.60813065687796
1.7213135175053
0.933365876104661
-0.0236821327774417
0.23340942149959
1.236022985529
0.653218383858988
0.737105356891692
0.125206609439142
0.345136105149596
0.229935541942299
0.9228883332233
1.12188674557413
1.10541877125043
0.748550280668007
0.931614943596928
0.87798876607029
2.49436427597552
2.51568784653188
0.248978074203855
1.22269068069559
0.381874873498919
1.33995391871043
1.16662345329493
1.70095472372759
0.41532635725201
0.148778989019195
0.216133669287013
1.38579814286859
0.0622173093065525
0.240466323937021
0.0231969170035634
0.797496906367723
0.865356888527466
-0.0496183534150766
0.556417679429322
0.054317046006389
1.46597383695415
1.48773844746661
0.097851740076847
2.45853330036397
1.04071963111222
0.584608330223621
0.723764523555007
1.27653419252759
1.65960456406004
0.464126114194738
1.29142398077238
0.876063437823094
1.9454829632977
1.48281572412312
1.6959151570296
0.923808241092197
0.938147545957956
1.41020969832855
0.502853724427802
0.551163376111402
0.438867158808272
1.26243384616297
1.59073794123381
0.896692474830882
0.133960617123658
1.58636005134881
1.95378817442906
2.05189892887984
1.75779315499012
0.0673614966836331
2.29329731481669
0.221988223180794
0.153458891300545
1.29845081909032
0.216179771678188
0.170625970807933
1.40497939043237
-0.0438602482767907
0.884063679354313
0.775809211210363
0.417264047812788
0.70453972851982
2.3976592275092
0.8582418697466
0.85096908852629
1.06296967017095
1.23834790883506
1.54585561043727
0.349765005439979
0.3634020784182
0.135671055272819
0.973709008704191
0.555221925028675
2.22478477492169
0.0510695870007099
-0.0872625052275745
1.37124293206336
1.76239662310679
1.13585108079469
1.14571407085393
1.55302549980527
1.57935687646112
0.904386360554829
0.218136055199823
1.94131727700586
2.16194331884439
1.36321026603794
0.396705139411776
1.66169059974912
0.83692379397956
1.09493087709264
0.454745101088212
1.09167511522325
1.46198345126984
0.558740939013948
0.449388134779501
0.122451351815536
1.53067900471206
1.33707284741065
1.74511100589284
0.369031305961355
1.87898241224367
1.68384933985122
0.15663776030613
1.64824140153972
1.7015058510547
1.17504374861726
1.60604823349578
0.471202043411424
1.68532685706976
0.0261167975529219
1.88099654244146
1.82773162272689
0.817659884193589
0.995199220082826
0.536259056870239
1.65616428070186
0.536035548375433
0.444264113779432
0.672760284556366
1.25472377099031
1.9192084808262
0.173566132281719
1.66200477804208
1.45426233868407
1.10568588273343
1.67692856426111
-0.124983959078729
1.85406438056076
0.146178008571275
0.340214163615371
1.69182597972346
1.42233472994695
1.40316629428952
0.826900540605502
1.11232035671076
0.114645181136642
1.20855235167629
0.81883080435813
0.835468679527011
0.0445080178622398
2.36925493016251
0.0990801430262609
1.27102597399683
0.618864700037264
0.300790590730098
1.02697221131973
0.877909655440784
0.857888461085083
0.55643247568529
-0.0169839356022022
1.13866985923455
0.0943797623104176
1.52933508853724
0.767677424825457
0.789209475238711
1.21353063197423
0.0774908959750487
-0.027046958843394
0.458050312097718
0.337541515836075
1.76159265170166
2.31108399342989
0.713080450548938
0.907015354526036
1.13118219228128
1.52738737066048
1.53105300421412
1.95941278354234
0.779833268820772
0.667154455231638
0.789553224032188
1.06473047064113
1.31352890573595
0.947366957364327
0.16287336657677
0.884165417632537
1.23900637255548
0.00799563829963689
0.358916167138493
0.160540063624091
0.654040907280377
1.13267588604443
0.398801133958049
0.107199592203036
0.369853242550077
0.296056556448489
0.280026283396097
1.29784623046669
0.710864807906892
0.723096161848758
1.59970938636261
0.186800346119028
0.215564960998059
1.15009394439718
1.17152176186897
1.2550891649605
0.0796976184387655
1.01769111300047
0.203189723442478
0.838418966351013
0.777975224160723
0.814628707321793
0.197070212898665
1.89201905958514
0.0293357019959018
0.138118527150962
1.39996278371558
0.0950999753644821
1.69223277474214
1.98533205683822
0.446815195387226
1.48705141304231
1.43675447961224
2.1295206620559
0.867615319725964
0.760825023191673
0.708848631714763
0.121121981176956
1.07057998868658
0.268299880847162
1.70457154663497
0.35257286807996
1.62289220390792
1.91443736189349
0.869916098865911
1.46262874170121
1.99657579924419
1.00467764039957
0.903341885656525
-0.0838925293302827
1.29825083941609
1.29810316519755
0.645239151350095
0.266266515705303
1.67974932148728
0.464919225766949
0.784262032683048
0.442602186913485
1.13886932761911
0.521625897038283
1.24189665517466
1.27047725732316
0.76591717706434
1.2984550505191
0.743464799689684
1.09464782029193
1.04639481263253
0.410127090420669
1.48059748857094
0.00926638543218209
0.0314046385975276
0.0216434412380018
0.78644957648995
1.64036752310492
0.827223651001779
0.263117423344417
0.213114806415402
1.82632210355353
0.0542653329870342
1.6043790900218
0.797446611220954
0.385959399786082
0.0397354571434511
0.351442750223285
1.2938387722574
1.50264225015613
1.51868115892468
0.42646460660695
1.39124201470439
0.349327384327683
1.33316102082826
1.68190725964674
0.38244521428572
0.129441813253915
0.696019965715514
1.3285065200923
1.94976951184282
-0.0576458808132634
2.13615746733725
1.05966967235911
0.714777577841805
1.96448683346482
2.04607363965896
-0.00341828851239027
1.9923071573328
0.357591189202312
0.173620548719477
0.808613469064202
1.67280694190729
1.63685700572975
0.963794624573315
0.627443407585652
2.22121353906403
1.05262263068642
0.386909440838617
0.296811199595287
0.848410591423752
0.958574465338972
-0.0620372111567124
0.16931913802598
1.77974175674021
1.39782433564178
1.29916070875758
1.33688829843552
1.40242792894788
0.0097422168216533
0.111232267853009
0.374919950302904
-0.0553679021045816
-0.0230854329593922
-0.133396453235081
1.66540278813719
0.206884312513101
0.469464274373604
0.909332551547803
0.882823173776313
2.40053211873364
0.633696915949955
0.776172409836085
2.08393151718866
0.00229830582377289
1.74322440437093
1.37333421740253
1.18612396377734
1.23417662610458
0.960252440161785
0.224813809858217
0.0397620110121462
0.605237471426807
0.706112608684134
1.65254624008048
1.52022325316124
1.41989979228855
0.242267894244442
-0.0202525187943496
0.295665907822613
1.54209037331852
1.63692718177216
1.11660380805732
0.965812683064807
0.795601390953979
0.694257628497594
-0.170947772672897
0.544543222207596
0.796818535966368
1.0459704523823
0.642883141234606
0.545956538271118
0.665178107357071
1.16970007090466
1.44839001754574
1.5641518776946
1.44391506908774
1.2419776477227
0.942854899033882
0.086076802948821
0.153741409586471
1.27710371241734
0.333467199033476
1.0261604953482
0.694554298864303
0.832827387216077
-0.0901456645229795
1.5313624094931
0.414127314869492
0.470361970883258
1.11778024045028
1.62059072724409
1.10459737094622
1.28492113127074
0.919364305342133
0.00454295305434227
0.522985233354544
0.788466996003593
0.781155405354563
0.940021966116164
1.54726310548719
0.364513998442606
0.917352146763854
0.809185843754937
0.380338473215812
-0.0754226463229667
0.976301027094787
-0.0219369839382382
0.0273798722355388
0.555140993537396
0.209272317220646
1.45338004603862
1.18657139592557
1.41422295779551
0.741734183801336
1.30108562915632
0.514082567944966
1.07032311617126
-0.0882545865890912
1.07664568016373
1.15075366538677
1.59976920134046
1.57462906206322
1.47114781596433
0.624575725896734
0.347808054934423
0.48624164615558
0.985331467424332
0.794418838354033
0.32371856827566
1.26768214187341
0.889836213431273
0.813161019771059
0.907436728389663
0.775541269710608
0.7925151775293
0.447491747745213
0.428583366332966
0.373016084150135
0.651066859676297
0.217074212303725
0.120393128226305
0.618523154047088
0.692662871498278
-0.115303621730023
-0.0902606811251139
1.6042745604913
1.54773883684168
0.862646947143813
0.892800824776432
1.04342549163124
1.01711604446571
1.54687875439778
0.630340731574556
0.584681755538929
0.625740382380955
0.688367375402501
0.939907070745032
0.938589065095327
0.826923976742003
1.18772081404658
1.23477612259529
1.10947984529689
-0.0710485035960019
-0.0706701710734343
0.729726041962492
0.774609447365549
0.521578067960241
0.411070036607941
0.486588690400558
0.168142631562256
1.34663725419994
1.2007457948326
0.0497529814696312
0.497266049799462
1.48503245790788
0.327797964932091
1.04510746064334
1.08284157781957
1.62226006157743
-0.0557020008131074
1.51114873433528
0.981121144815254
0.812116919158054
0.00762411857289473
0.377485612208254
1.2533782241197
0.853094896224007
0.0685191279428343
0.0735143306848999
1.1198571452501
0.368108756566688
0.926203758228031
0.97971655760525
0.769153995350474
1.59437899819729
1.55895024453504
1.49953030785749
1.57899913702664
1.52236626251037
1.53668810236068
1.34676514866151
1.45559763042162
1.03345287292366
1.3954260563516
0.575729283305071
0.570728134351612
0.824486862503677
0.774222988431923
0.912999770476338
0.822003721517289
0.640432248038893
0.878070085056218
0.294863934426983
-0.0685604298086871
-0.0566402279793018
1.59706434001322
0.784803742863107
0.518896833501697
0.564185253971674
1.09226074803628
0.544411657458679
1.18744229511298
-0.178390255570484
0.620687600977498
0.408163650775899
0.295570003700116
0.446434338784465
0.0796472781432756
0.0491189585797316
0.98658545076659
0.935577632846632
1.03216534928024
0.795602351446504
0.827079746360881
0.775652188548505
0.63572259917906
1.62817010388667
0.455800781102556
0.720377773793445
0.860288479373652
0.279029203321482
0.43364233040755
0.413095074265583
0.591615583499337
1.00948298745465
0.430873816321397
