260
780
60
960
400
391
138
1080
500
160
900
1020
712
270
-500
690
812
54
280
350
500
524
400
128
393
580
1175
180
1080
580
1330
700
420
780
900
729
209
367
340
300
708
1140
160
200
1567
118
760
1270
67
1278
860
875
640
760
456
344
300
960
797
180
200
540
174
200
380
620
260
200
770
260
680
280
290
1020
1692
100
47
860
332
480
1540
600
900
520
184
900
1340
840
220
440
960
720
1360
1730
130
540
900
40
123
380
840
580
1300
1073
153
110
133
440
977
940
890
63
300
620
920
280
900
1140
900
1066
80
800
837
1213
1349
928
620
685
359
1190
170
879
113
190
392
520
140
360
560
101
780
480
234
1455
900
442
220
490
1060
560
300
1180
1080
549
420
960
840
640
200
1440
217
1010
260
560
1076
750
1386
160
560
1060
500
771
80
187
740
850
940
-500
709
480
1310
1265
450
1040
66
560
1432
285
360
640
580
120
120
960
1210
770
760
400
500
48
560
1120
960
980
230
360
110
222
1140
750
1035
1214
1446
640
1300
690
251
1540
60
200
220
1000
602
392
1055
606
100
775
740
690
885
840
420
160
720
1580
130
240
1260
-500
720
840
40
530
560
780
436
720
30
240
780
179
340
-500
580
500
7
900
435
440
20
200
600
106
715
640
675
80
1020
406
600
1245
713
1280
980
199
1513
10
700
1360
320
1220
87
1000
265
360
504
760
1040
450
227
670
251
1130
680
373
553
860
600
320
220
680
1375
1331
295
20
170
500
860
1520
300
290
228
360
1380
170
560
210
1200
500
220
600
158
140
145
660
640
313
445
166
700
1180
400
1360
450
1280
648
280
380
612
120
372
1040
780
180
840
220
230
1690
340
1250
275
1220
1120
740
30
267
1172
610
1360
810
110
220
440
1292
340
100
507
212
570
900
693
1500
780
840
255
513
1240
793
1050
1140
1
240
500
460
340
70
997
60
400
60
317
885
1040
871
880
990
1133
180
320
1213
1060
491
360
580
760
1300
390
-500
1
100
3
797
660
840
1110
940
607
130
614
1493
1253
650
735
793
260
620
460
160
1170
820
870
1520
800
964
990
1300
350
840
900
880
740
1170
130
1450
690
40
40
930
800
440
167
674
60
1100
1252
660
676
300
200
312
260
1586
910
1078
1480
623
153
1350
160
1180
580
354
400
670
863
1030
770
160
747
870
12
64
660
560
184
64
-500
240
100
123
60
160
-500
960
1700
1220
310
-500
-500
920
620
580
620
20
500
304
1120
973
220
654
134
-500
1080
689
300
100
315
700
957
1170
420
120
160
580
1380
555
450
380
109
840
295
240
1277
979
310
678
293
814
600
520
200
480
870
810
540
228
240
340
520
304
248
220
53
1577
20
170
885
863
535
860
560
1140
390
887
1400
600
480
252
813
215
240
1550
930
1260
1320
260
100
1180
10
1670
660
1060
1533
60
220
655
455
995
50
1054
1260
1440
960
1530
3
767
554
1080
1120
254
437
1100
990
760
100
128
1319
500
840
10
634
693
189
735
540
100
166
198
665
627
1301
1166
110
1258
640
250
840
440
60
1020
1080
920
300
570
1474
360
820
830
548
1190
880
919
1090
5
280
720
289
167
1140
860
750
1185
1340
840
20
140
1000
1092
20
590
20
1111
974
500
571
331
789
540
1
295
1380
830
1200
220
620
573
530
606
60
255
457
500
97
1391
1480
556
1032
580
35
660
1170
480
238
692
970
1133
880
60
11
990
289
800
140
320
872
633
800
218
496
840
715
1055
133
560
263
440
166
333
1256
567
500
480
820
565
53
1610
260
940
760
650
640
720
960
180
900
660
694
680
620
1050
1360
593
90
600
140
1307
1451
40
200
208
120
1180
580
3
49
1180
200
20
380
120
160
720
350
990
899
1000
268
630
108
840
300
1190
200
880
960
320
636
1044
220
1500
340
340
540
200
740
750
73
487
1160
1040
180
1099
530
780
682
480
1020
800
1260
897
630
1320
240
300
1140
620
980
320
1220
433
940
3
830
3
300
123
100
763
120
40
600
340
60
955
170
240
280
1020
1333
1
200
860
767
1260
600
160
490
707
123
538
1080
440
399
934
400
1
720
340
760
60
900
560
100
840
480
1335
280
450
90
1000
480
1260
260
800
1273
403
260
420
440
190
620
900
1
640
128
232
244
660
770
1007
635
1454
609
620
460
100
993
1512
1320
301
40
620
80
760
1040
240
960
510
560
1235
655
970
600
1620
533
1420
588
600
1140
620
1020
940
540
560
597
360
460
820
460
920
360
510
400
107
3
420
1417
160
46
760
700
870
780
320
500
650
1220
810
-500
807
757
480
550
1760
698
860
3
278
1000
1190
1610
680
470
20
927
230
700
1000
880
1069
920
460
486
1100
940
1428
1320
70
1200
464
327
80
1110
120
540
180
1080
-500
63
116
980
225
600
240
870
940
560
1340
360
895
120
160
747
880
330
660
840
1240
180
360
100
392
733
130
400
520
830
780
1040
1391
1200
645
560
200
537
840
720
910
272
1140
40
840
200
590
850
-500
390
30
480
570
400
300
980
160
700
1360
240
1000
260
1170
1120
1120
1340
109
480
500
640
920
740
280
156
825
970
540
473
500
720
1069
1218
20
690
20
316
340
200
160
310
690
760
1720
-500
669
808
777
460
860
1060
760
418
809
790
660
292
700
320
986
927
580
300
1006
1395
845
560
40
1290
733
-500
520
973
540
170
905
970
80
1109
740
140
1110
60
560
458
1060
700
240
620
1193
120
679
360
1400
347
740
30
847
1306
920
300
575
1230
236
1340
560
500
640
1340
275
480
80
60
1367
80
840
60
360
277
875
405
80
540
-500
274
1430
550
300
60
320
40
220
1150
60
48
517
630
1060
680
600
819
20
920
876
140
40
1220
620
812
620
1290
130
160
780
180
314
171
400
515
360
973
40
180
680
1147
1170
480
940
260
63
345
822
560
410
380
27
940
640
1600
170
265
100
60
1258
220
1050
220
1390
1336
1430
1040
100
440
1129
-500
280
1335
1075
575
160
380
1080
220
940
105
750
130
1093
1306
327
896
1708
1152
570
62
20
910
1000
380
815
110
480
440
137
660
1900
1120
3
260
635
160
1240
440
140
107
51
700
660
35
580
22
760
200
935
100
559
380
700
600
3
257
1040
182
1453
260
203
1337
400
20
273
160
885
200
920
29
1
825
720
498
864
1084
715
378
1330
1335
1299
210
306
248
311
51
300
728
1307
1010
240
520
740
240
1440
770
943
430
1
980
1320
707
650
713
520
240
700
150
1140
430
160
1420
240
480
-500
293
380
352
720
1180
609
1553
974
320
1100
930
400
610
460
1470
220
982
890
200
622
420
460
251
206
20
660
310
960
1127
211
520
660
950
440
40
1100
762
940
580
40
940
652
240
220
860
850
760
560
252
3
181
500
392
1260
1040
246
110
1050
180
790
975
586
740
140
40
30
240
1100
760
357
500
360
140
600
568
693
980
400
1000
480
610
570
420
-500
915
150
270
1559
1060
147
680
1620
820
980
340
420
450
900
160
1040
753
340
360
1210
1373
760
1170
1320
718
880
260
320
-500
560
990
161
407
633
500
67
820
110
732
1280
505
-500
716
90
140
372
795
652
520
820
840
953
110
1320
433
820
310
-500
160
417
520
220
576
572
407
660
1070
-500
130
46
180
360
800
560
710
1220
895
1020
550
290
30
1331
31
960
1330
1056
1020
735
1080
540
180
420
707
1310
1050
990
380
465
816
600
1360
1160
800
570
460
480
440
860
284
900
165
-500
124
524
200
380
60
940
150
484
40
160
20
296
165
210
807
900
860
820
45
108
700
1170
840
420
467
180
600
220
3
380
469
200
1180
860
496
1228
190
420
500
180
313
1244
480
1230
333
860
830
850
340
640
847
220
634
1367
620
1303
750
123
460
25
1020
140
260
540
600
740
717
1180
340
1132
668
362
500
420
1240
560
180
540
1232
902
1080
770
110
360
1355
400
600
530
436
749
1220
260
120
200
-500
490
640
50
680
760
140
880
100
178
230
170
1420
340
148
1180
215
220
534
161
1360
640
75
190
1260
530
725
217
840
340
1224
220
20
384
666
1397
300
690
1133
1100
20
430
990
1590
720
187
220
860
800
550
1234
942
1080
136
580
133
160
160
1000
822
900
230
500
947
420
1660
229
135
820
1610
660
1269
140
480
24
1100
1455
660
321
740
77
280
520
660
590
1320
1120
434
1335
546
716
140
1296
460
620
1060
460
273
640
508
960
560
653
840
1120
460
710
295
300
510
350
1720
860
1180
600
1560
580
540
135
1404
1480
1090
1080
780
80
1400
80
760
340
740
550
800
707
260
1860
1460
1660
920
750
340
1080
159
240
650
60
240
251
982
374
850
264
575
487
324
575
-500
1110
720
140
520
407
900
1420
260
140
237
430
780
960
906
540
1200
320
869
368
236
640
80
120
1320
1080
415
796
1360
40
240
990
280
660
1370
770
769
750
750
800
1020
640
1200
595
640
140
1433
1120
855
200
240
370
295
360
620
440
660
60
60
460
130
400
30
60
598
362
849
1
280
1310
44
680
660
185
80
860
440
1200
1100
620
980
160
1880
1240
360
560
170
320
700
660
280
820
1600
448
359
650
150
70
1413
1197
385
160
460
80
153
580
279
560
1480
700
860
508
1335
20
1230
520
112
760
885
457
720
920
128
220
1100
830
1085
780
1105
73
344
470
365
1076
459
580
236
180
1260
540
140
100
548
840
560
760
200
1246
680
380
779
750
-500
720
490
40
300
1200
430
-500
1040
123
580
1380
340
280
20
100
850
5
1100
53
550
650
20
1100
540
860
210
1460
990
200
220
765
1706
300
1100
1100
40
460
1320
13
358
440
991
370
600
1400
1
240
402
240
740
1680
899
20
280
840
503
220
380
-500
1380
100
780
-500
830
455
843
810
1120
199
1057
980
1660
450
1060
940
-500
740
560
1826
240
300
1104
580
420
387
-500
3
513
780
1030
480
1000
1540
300
580
1000
507
1090
860
860
1180
322
320
910
1460
700
300
553
255
1090
570
420
626
1155
820
1480
220
480
340
1580
645
749
394
375
560
120
990
63
990
690
820
65
100
830
840
1260
540
260
1033
71
680
380
100
1140
1140
1179
320
409
220
500
1340
1340
1100
300
1593
976
800
320
200
-500
260
530
373
1280
730
83
680
860
60
772
590
540
360
270
520
520
240
190
540
620
283
1685
637
1100
4
1000
1806
880
1120
520
605
230
1187
300
735
373
640
460
890
440
918
610
40
760
440
240
880
700
-500
740
810
490
1029
790
360
25
980
558
548
1467
576
300
847
780
199
800
104
280
810
840
1270
413
668
820
1640
280
113
720
940
200
280
957
1480
840
813
740
340
840
445
827
520
980
660
200
220
435
1110
1036
820
802
200
1300
180
720
575
660
740
400
395
200
340
760
610
1025
350
360
930
3
560
1000
393
810
1127
143
80
760
606
680
60
1
146
930
1320
340
1200
640
765
1220
257
135
1520
580
100
494
450
920
900
480
139
1360
280
-500
600
220
220
132
1440
120
1400
260
1288
860
1211
220
168
460
1115
440
176
1350
1280
310
660
160
990
500
260
800
3
760
1160
920
240
1060
553
440
833
851
460
1047
710
345
1140
380
860
540
160
947
1140
20
420
620
917
720
1540
500
220
1030
-500
720
920
754
21
140
290
460
1180
960
300
719
180
980
280
180
60
760
560
1155
220
660
879
640
977
840
515
165
51
400
600
821
287
840
1390
340
452
-500
280
932
346
927
920
198
175
115
667
1060
440
400
840
1344
940
232
146
1150
720
1215
440
1840
100
180
1350
860
874
1400
140
70
196
613
220
1340
1220
680
300
680
800
80
220
110
360
1003
720
296
220
1034
1341
520
100
44
1000
260
256
486
760
140
1180
85
790
270
1040
1028
760
380
160
370
460
1140
180
975
590
160
3
480
720
1087
1480
1000
1198
-500
904
1140
1020
1260
1420
503
360
280
680
278
60
1120
60
375
520
613
814
380
620
1240
592
403
290
817
340
920
1640
190
660
1300
100
540
50
1455
990
669
180
560
74
-500
1520
1124
810
720
440
560
1480
380
980
411
670
946
660
78
500
473
360
640
810
1760
580
320
676
913
370
297
655
120
629
100
163
860
205
713
1300
1230
70
593
680
340
1060
580
380
883
960
3
514
800
507
220
711
380
20
70
497
840
860
15
118
120
860
700
600
1500
700
180
220
60
920
1260
745
840
160
53
1193
530
520
860
80
1240
196
1240
420
50
-500
695
1510
410
810
660
164
190
240
600
740
422
227
1330
300
140
123
500
440
-500
732
570
-500
240
1180
420
487
1380
736
273
300
695
500
793
302
32
280
200
920
545
280
607
887
304
620
820
9
1500
314
460
210
1040
560
620
1133
440
1550
258
800
40
900
520
840
1155
1180
840
680
560
140
1120
1300
1167
680
160
240
3
780
400
744
595
1340
720
880
270
696
1010
800
340
220
990
340
339
660
600
620
940
180
920
717
724
236
1090
440
220
700
393
275
440
735
80
350
1110
-500
723
440
144
595
280
600
390
460
540
720
560
960
397
580
1060
780
460
200
467
870
697
560
670
420
320
1365
836
1060
1380
300
300
801
40
560
160
242
340
100
800
720
332
535
1000
900
240
694
253
445
1080
490
160
1180
507
460
320
730
210
266
320
638
-500
978
940
840
610
1540
40
300
680
32
1240
300
520
1200
788
576
300
720
870
336
460
480
360
160
1370
420
320
1000
1530
888
740
713
690
860
370
1115
4
375
635
360
230
80
980
60
200
300
1300
972
834
1560
807
1005
740
800
572
260
1300
680
300
311
1213
120
60
630
720
1500
840
700
1
20
480
500
100
1319
120
220
510
320
250
1267
1690
280
50
683
455
340
292
660
539
580
160
210
571
587
954
313
1100
800
140
415
140
1880
410
420
580
300
246
550
720
1240
480
210
535
160
1380
514
813
640
620
310
320
100
413
960
537
1154
371
564
1400
1080
540
840
800
460
-500
913
910
1155
1100
1420
533
250
640
40
198
512
700
680
480
1121
600
1100
800
610
39
400
140
700
598
200
940
60
200
-500
860
640
1260
140
980
660
1280
1480
355
1320
22
1008
14
700
360
-500
880
1420
792
1590
520
1113
1049
60
835
300
980
260
1060
480
1560
1640
1100
432
390
215
1380
960
1236
810
1340
1200
800
640
700
120
540
80
590
760
260
700
-500
727
800
635
130
460
640
373
570
400
569
600
280
640
1200
665
314
120
1160
520
3
580
20
870
420
570
1618
560
20
1350
180
500
49
960
406
929
735
995
1090
897
700
190
953
711
70
300
523
261
180
70
1140
1474
750
1365
840
480
640
300
360
1015
440
700
1460
-500
147
394
1281
445
870
780
660
370
1224
420
1826
1200
1290
690
1080
40
680
573
51
650
140
285
554
262
167
700
545
880
660
880
684
93
860
1000
670
720
1150
45
60
880
180
280
240
820
540
940
1300
1125
1235
1380
886
930
30
400
33
1340
370
-500
1154
53
445
840
1314
889
95
285
580
180
1160
438
360
430
320
720
340
1020
260
580
486
300
460
825
-500
-500
1420
160
32
1080
1050
805
617
140
1020
930
257
140
460
890
447
80
1180
915
1000
240
600
510
1260
129
720
1550
1100
570
362
50
386
200
226
360
850
360
860
936
1100
1060
700
407
420
660
740
760
100
240
37
788
400
1007
660
390
502
1260
1020
300
720
140
606
800
510
319
1873
545
200
80
270
1260
100
900
566
230
1290
1700
700
389
-500
1400
492
691
360
900
740
500
1180
1540
880
660
39
700
1136
440
585
477
1000
1140
706
940
60
309
100
255
690
890
40
525
1020
420
260
380
300
420
20
533
175
1570
580
140
577
831
853
560
540
1290
1140
300
160
885
260
555
523
410
1220
538
520
340
44
440
324
820
300
390
1380
693
460
1
947
140
360
-500
749
850
840
260
440
220
1100
1158
436
813
300
410
1280
1400
1000
1260
1240
580
240
43
1
480
1560
160
447
896
60
1095
270
787
740
720
1140
1520
320
1140
970
700
1046
280
409
120
1220
220
436
400
1030
1420
420
580
256
180
1091
1080
572
692
1060
194
856
580
1060
320
1030
1160
1260
146
-500
205
400
1371
1300
680
1100
829
20
770
780
360
1147
1240
1120
391
114
480
1420
540
567
770
1060
340
40
440
327
183
90
180
455
660
827
200
375
920
600
840
984
540
870
980
201
460
847
430
1540
980
700
840
1300
750
940
480
1430
700
640
1
862
332
940
732
293
530
220
360
433
866
1233
1180
1240
70
1
397
1085
520
960
1640
999
280
30
87
-500
1020
300
677
300
305
180
400
940
1120
468
260
620
1253
446
426
520
1260
200
768
470
1600
1608
860
244
1580
553
630
1760
1109
1180
1110
73
560
1214
1180
609
440
681
-500
3
190
261
500
887
1686
1000
790
690
617
280
600
22
1200
705
450
410
240
420
1020
120
990
137
555
640
720
420
1540
920
720
20
10
900
640
850
800
800
480
850
240
1
606
340
36
757
720
640
259
260
240
300
455
500
760
1210
600
340
1020
600
1090
1140
1310
360
870
1540
280
882
980
1640
870
100
820
760
200
460
458
880
340
1040
155
1033
440
160
340
140
1380
60
1540
855
460
40
1850
710
210
72
1000
530
524
540
747
1280
20
560
360
226
760
160
640
320
620
1260
703
580
920
740
1110
1170
513
103
510
1700
693
1330
840
1380
-500
546
820
700
330
333
360
1140
711
356
660
140
760
1063
450
320
480
624
180
1080
101
386
340
760
140
540
320
176
3
400
180
320
1380
1220
955
1349
320
379
200
370
1440
780
740
1220
1320
920
853
330
880
870
612
940
270
607
740
478
1260
120
540
1040
1200
680
984
520
560
-500
420
227
20
1055
712
713
220
880
890
1109
1160
663
1210
418
190
1280
533
50
1120
620
110
1140
940
540
540
1254
678
600
620
760
180
100
575
100
650
538
33
440
420
300
1480
55
920
998
1560
810
540
626
475
1084
1120
575
658
687
270
610
-500
760
1280
240
700
1120
180
455
170
220
280
130
1400
440
440
120
600
120
960
1500
123
136
252
466
860
980
440
1240
325
1200
900
340
600
440
640
380
220
290
-500
147
1220
280
60
620
510
102
950
406
1330
967
760
1160
1133
192
570
390
1030
780
1190
320
1412
480
230
340
1343
240
800
606
240
100
132
1080
137
720
460
1360
700
200
710
1045
487
450
460
211
1134
440
680
800
240
217
660
340
-500
800
340
1220
420
815
1170
619
804
1
843
-500
760
860
-500
620
280
1072
420
660
700
120
70
417
1000
1150
662
1120
75
1810
930
40
906
526
48
418
717
380
1300
1
240
60
916
606
360
817
413
580
320
693
1090
900
590
135
860
320
880
835
240
1316
640
95
800
179
1060
479
203
1320
878
100
280
201
1450
758
203
240
45
950
703
240
1019
576
173
1140
360
540
80
1120
-500
605
540
3
1280
1070
1520
300
680
555
700
240
495
870
1480
280
535
797
40
920
1380
600
140
230
3
190
580
270
670
820
720
1380
820
870
200
330
260
280
340
780
360
980
-500
223
595
360
320
1612
920
280
280
200
1080
-500
420
593
531
1440
1410
840
3
174
-500
800
1540
1580
460
220
740
140
240
440
105
140
1340
550
27
1000
197
105
830
923
934
810
680
1280
1280
850
80
472
19
540
1200
1230
340
300
236
1012
600
30
200
1240
750
1420
420
80
80
1120
505
930
640
720
255
885
1960
420
3
60
1047
320
760
850
581
660
300
680
1180
1030
258
720
49
535
810
431
524
60
1080
310
1320
940
1080
100
134
502
380
440
500
640
810
1540
40
181
60
260
49
25
644
645
1000
203
209
1185
810
220
90
470
1550
1260
596
4
250
400
400
347
228
440
280
567
817
98
886
200
94
140
480
520
400
620
130
1660
1128
-500
280
620
144
1010
360
327
-500
1158
2200
3
100
611
3
680
648
1215
214
212
353
626
1400
1060
400
317
1020
690
220
55
320
1570
1360
1320
-500
340
240
380
-500
620
60
1000
291
440
580
1100
500
140
1060
1622
960
860
190
860
580
900
720
980
1380
-500
410
1440
-500
1076
190
660
-500
500
1000
350
1027
160
1020
170
600
680
1455
1048
140
92
394
620
733
-500
443
1053
780
200
1540
120
1050
480
189
537
900
340
90
500
1270
120
680
1252
400
1215
1072
350
314
186
249
21
440
35
1200
620
660
575
1460
225
450
1100
340
1905
352
600
740
1560
760
60
40
413
710
858
890
340
22
600
280
1200
540
960
1220
355
320
1040
760
1320
220
680
640
110
180
820
1180
200
1420
560
900
140
240
260
1000
1172
489
19
480
1
620
3
340
780
820
1027
80
980
427
192
1780
280
480
720
724
852
1210
74
713
872
1060
900
150
660
80
520
40
61
980
900
370
240
730
140
652
1260
1195
413
1290
1040
1277
160
650
306
920
580
948
560
820
1440
-500
860
293
960
40
1320
1031
213
1010
1290
123
1110
306
240
173
1250
720
760
1440
17
180
740
200
1180
995
620
800
294
890
220
1040
1340
510
807
713
340
125
1533
1036
504
741
290
480
1390
1180
716
1110
366
610
540
1120
-500
300
520
602
160
930
140
1297
1840
560
960
1080
460
60
1460
160
800
20
620
1055
200
1140
1250
600
460
149
500
360
591
1880
820
1371
680
387
810
160
157
613
150
747
360
680
35
887
390
587
205
410
123
1
1160
450
246
