0.93434688002893
0.692491391636926
-0.361330392298601
-0.0998333728937436
0.0731228587764639
0.0427186894779342
-0.301184502651973
-0.344223316822907
-0.343464752884538
-0.341535292181822
-0.338050069210784
0.156735858624818
-0.0856486504495229
-0.134236246044445
0.201895426000734
0.897199290468025
0.187246674735984
0.00891903912617172
0.00287213242472251
-0.0321074795183807
0.0933555634804072
-0.0552812707579275
-0.359406204748146
-0.249453057459821
-0.101238188909025
0.599315410851972
0.0558768068046607
0.13593409175531
-0.320009429297223
0.600555330528178
-0.288577018907454
0.01828660068539
0.056200327136807
-0.0925651685950008
-0.058198112315442
-0.0188950312606166
0.0819546348681861
0.0345240612168632
-0.00840855090180748
-0.318062759755188
0.0101982984077313
0.122971295668306
-0.183457159280251
0.0908909540730027
0.77797216055336
-0.293822636793244
0.472267121719615
-0.130192621202575
0.0552138488708452
-0.292987955473319
-0.322176725055028
0.374329586655381
-0.288382413264742
-0.220838947996242
0.547027932262179
-0.338241195451311
-0.298997970468087
0.898227277873164
0.670775373078329
0.354023342454473
-0.300582932594432
0.818990169396791
0.00705916769055407
0.0552649548584727
0.135951110491978
0.0754685434842298
0.153376193438765
0.0973205400998124
-0.307594133953978
0.0262763031475125
0.0459044662286054
-0.311229906589972
-0.273802858939042
-0.221097928256573
0.0161330345492544
-0.0577571478503674
-0.324660808161918
-0.144055219938342
0.414817020750172
0.0409232033256446
-0.307001121516506
-0.292115729895274
-0.00173995075279423
-0.329448495478883
-0.0342553694054755
0.0915661177356697
0.0696935107357423
0.722824478431437
0.844926861618927
-0.0216098331093065
-0.0222293325896342
-0.14435389547802
0.265161644146637
0.000154354362542116
-0.34906598460584
-0.14070333200016
-0.122153853511726
0.193810250630879
-0.100382079516304
-0.344311609026345
-0.00705666139506297
-0.291548798660089
0.572665142155331
-0.209341776329778
0.514817051350184
0.632205359303869
0.922647212683749
0.277990166053772
-0.302205774849448
-0.297653031240387
-0.287038297762974
0.883190705135397
0.492096650961275
0.720134488923264
0.11432064113032
0.125174616025593
-0.0219562890210868
0.0594267809140397
-0.30890020757502
0.103368978016696
-0.179138517582658
0.104887436111698
-0.0313988728636136
0.0741259548379648
0.00623388124447334
-0.05458410374996
0.011360369757094
-0.124799221712833
-0.108786490644995
-0.174351659828876
-0.231889528306445
-0.0176021671503562
0.401855823465882
0.0638251494780413
0.336429028933663
0.383493977172624
0.390529098991852
0.49493036991072
0.165947386214104
0.294909947363924
-0.0462408301153443
-0.529992369413863
-0.354003788287155
-0.183060038707342
-0.5777658137509
-0.766105381249159
-0.61237199479098
-0.712326618820249
-0.206972343997582
-0.293646827027567
-0.097819678118259
-0.184253945952213
-0.313495608316223
-0.383802638103611
-0.50242251798351
-0.75173909007609
-0.73525136503135
-0.303581965676289
-0.392326817099266
-0.410508791571297
-0.251938635284665
-0.714882557478864
-0.808205915705937
-0.864278582596568
-0.476479142200438
-0.358452932410479
-0.699725050900151
0.682368679961452
1.88096646648367
1.33326342035749
1.19696279160916
1.22087745652234
0.721685331581095
0.228887287826355
1.34730591326116
1.06785309593953
1.71951956728042
0.433919486477328
1.07261375534553
1.5103390919967
2.49107087605964
0.517716553543085
1.20079736457054
0.174154863787571
0.223362370949072
0.545584583681166
0.168742936063925
-0.723511112662478
0.725611452014463
0.287115018772704
-0.0245488611300177
0.206509303339522
-0.0840614083584078
-0.225589227730428
-0.211493341287684
0.2476921058196
-0.0513621403011543
-0.141683807865405
-0.101681556413029
0.127356372606597
0.304224821655552
0.241231190787395
-0.454154285639492
0.151077215095931
-0.459962827739518
0.0853504002604954
-0.0863078495663081
-0.443826173845687
-0.291253551762111
-0.827265686700994
-0.834475468237324
-0.855904122625832
-0.905742374603646
-0.923375322164905
-0.836518776524359
-0.96252968215502
-0.340996794089182
-0.291537061540415
-0.531900829174204
-0.5765644354306
-0.67086006882595
-0.602369314196907
-0.612343086751884
-0.109302093661765
0.347782598434469
1.45949175578708
0.445141556134924
0.459482464245077
1.07781099010269
0.997080332721644
1.61258209190571
0.822804745302325
1.62365650855309
1.58751080660625
0.260093871945275
2.21946796488414
0.592178333389816
0.11040580778007
0.636217778225776
0.815070427407801
0.678766317842135
1.24568913886291
1.00129626653942
0.781956623555665
1.44870260267986
1.75082489333731
1.57580418031303
1.27548961600482
0.535769390770931
0.622686329809308
0.824450152883256
0.578646791026598
-0.818906283924963
-0.759917110748189
-0.812210362641254
-0.669078795761856
-0.726514915854999
0.16539439590348
-0.0980325780822675
-0.0494208097918221
-0.375080329879727
-0.12531722789366
-0.366303867592199
-0.0802324996788808
-0.368746285689317
-0.221847051903177
-0.22812455770753
-0.582524883294238
-0.000119678307517713
0.597401226305146
1.07013116369547
-0.0145196918147385
0.312578689321994
-0.122377449734508
-0.0442764036386786
-0.731057932014309
-0.769606275316536
-0.349831565279294
-0.0450372140263983
-0.114749940580255
-0.29435964994821
-0.118929619439244
0.379972081168066
0.907154258721792
0.201334799555846
0.970106214674925
0.262867274446704
1.31613754984536
0.988112778504662
1.14756955458178
0.708488783229642
0.0269397510311034
0.103875506368467
0.0937898812544011
0.285346245983916
0.510117264901882
-0.609291597910058
-0.647063233469739
0.138170511444322
-0.113114424978732
-0.221159183879772
-0.522769395247768
-0.862177329846481
-0.151251983106803
-0.227424283996502
-0.404623620641658
-0.227078515011888
0.038384337522427
-0.0314897556667835
-0.419222599133944
-0.717381585666545
-0.0625654203859706
0.249817864801574
-0.329217320745627
0.804409597858425
-0.893900448591636
-0.0513568970751317
-0.174445670120486
0.430869017235085
0.738994321253047
-0.394058757437703
-0.344011018689044
-0.10277112845741
0.0933231316407628
1.47847314698501
0.183883959224659
-0.722225202149549
-0.91092939579562
-0.340856033693135
-0.243229917487826
-0.0624156587984044
-0.570071520971151
0.0811594857491439
-0.258648647561813
1.70219134315776
1.37178817280653
0.649973526417107
0.475909609058207
-0.698653138327246
1.24935690670294
0.489541495552463
-0.365090280203198
-0.453766062937863
0.0401187960195949
-0.762449107643126
-0.542351637084647
0.00755795170467601
1.46726493359813
0.551808956028655
-0.347999144882951
-0.734101790335487
1.69011108620268
0.0593844219175855
-0.421956070361952
-0.207336182346476
0.0862493734599879
-0.214501193422265
0.717580502143842
0.683187377483718
-0.423578841431234
-0.120441128675382
0.074464508578749
0.0805515534523658
-0.075245600050933
0.835758733442493
-0.439654173139947
2.23088535254786
-0.336355627427607
-0.635781326773125
-0.832111944741994
0.0398216110149029
0.303582062206535
0.100292350034042
-0.170031583636959
-0.346214735631419
-0.343726864111449
-0.132873781667644
-0.180653413831244
1.04542629777363
1.28934448270869
0.527775644768996
0.246455085857194
-0.494448000935418
-0.957467688994824
0.341742161182526
-0.859757735339181
-0.192078221963351
0.0549195365409831
0.200287634527185
-0.179802263219213
-0.689666927207494
0.169046907649681
0.467885518587062
0.430596649975559
-0.453413492155462
-0.326382369633057
0.506443916251005
0.274574899419528
-0.301030428868769
-0.934046570116109
-0.806229951807323
0.298352398793161
-0.0383640057406216
0.119394373088125
0.684860343489044
0.0682159426984893
-0.221929805047206
0.0129803347857376
-0.504261224052255
-0.464741396682544
-0.376576265034113
-0.342111501345443
0.00936549032679703
-0.257747057932351
0.601135601674273
0.274958223123958
0.783980096464941
0.773621038125553
0.714034379683965
0.109555649549157
-0.762335082496929
-0.705017736608159
-0.527020404431555
0.648996316502589
-0.360610433614767
-0.66998333395106
-0.0964838610619358
0.123188941112482
1.05021860735765
0.679610141217045
1.39780696684062
-0.0613440098445883
0.103513603685004
-0.183318084410347
-0.254884365729069
-0.224590357436062
-0.222293058414201
-0.304677460321766
-0.387245741127319
-0.243657334027467
0.722276752865422
0.388407209707572
1.33232439249674
1.71212527403428
1.29661406488618
0.473108124805316
0.367382636364983
-0.0612668192780333
-0.0175484267280367
0.191404562593262
-0.0268215721107776
0.0775639100284338
-0.0476887480749554
-0.238585149826278
-0.341454149590896
-0.356220974862147
-0.0112019896362565
-0.57340070313003
-0.448187901026805
-0.466727376357892
-0.119158315943641
-0.31715932520018
0.0766383133507729
-0.289010607809196
0.350652754781822
0.508946681060185
0.677456162923442
0.910737896975953
0.499851595214205
0.621028557375585
0.670936429589601
0.660160141393497
0.387593312754122
-0.844932079126183
-0.937729710671723
-0.696653527863851
-0.641918791868098
0.461432078441761
0.186848433770825
-0.740651735792508
-0.729027385913759
-0.442117372943289
0.0192154203649113
-0.394493033613615
-0.63119490097813
-0.442823538039079
-0.00488760616809668
0.534137497078332
0.372697797999188
0.058890794011549
-0.576879302742806
0.180167175099313
0.319577109283932
0.313232159178972
0.587977651671948
1.19190207973137
-0.397910983839522
-0.335889822686184
-0.257832753821006
0.234814380901805
-0.406656434689268
-0.165588923182312
0.583383566049386
-0.116706138922752
0.638294912324572
-0.379574073176168
1.10648173572265
-0.417064835842055
0.0332732994906566
-0.523719863372566
0.0660749936191608
-0.523674817033647
-0.858263229720477
-0.19410635687608
-0.365547123073253
-0.336429111563449
-0.681007694545974
0.211297242083065
-0.804671356160558
-0.470793935994608
0.270060808468794
0.0476517459653413
0.775870528836507
0.0999939461906742
0.309144381700193
0.149316081498151
-0.381922522466625
-0.847407088568082
-0.204737009571884
-0.116171848506451
-0.77393191367113
-0.0131881667503023
-0.589973328672248
-0.448502807150981
0.305985720953659
0.224948400437155
0.497673153371227
0.0383593488397006
1.09750088101428
-0.336021722674435
-0.434263563698726
-0.671994021511251
0.215184526987081
0.727059019868037
0.178648669626041
0.104198014443551
-0.101984434733723
0.0164310189121507
1.23554462468712
-0.362581484503179
0.179770577600769
-0.322932858232826
-0.630312606079617
-0.31687310173994
1.22921599234482
-0.61551698949767
0.321245981248714
-0.322763677430284
-0.742868069108856
0.0779971404898489
-0.366035480459316
-0.708659762660252
-0.417398115585767
-0.406833302474291
0.262162111006682
0.218572632015447
-0.126553521154563
-0.869377506797415
0.354529098168123
0.649425489935677
0.642211539807725
-0.810220610048815
0.389645468041111
-0.0656408773344275
-0.182857228339875
0.137416626395163
0.483488829909041
0.400613778618642
0.0613968992220513
-0.76194682188969
0.707168896160792
-0.255679410120805
-0.284382314317183
-0.346677976185517
0.263694985963021
-0.331223321631692
-0.357952939094984
0.209168887665079
-0.296314934287452
0.586674567655525
0.227653357529546
0.980953087872354
-0.0291755263843841
-0.383800208843875
-0.605488446638721
-0.74526309830714
-0.544171963703547
-0.244584825401933
1.51407745559646
0.107171708796174
0.141311447931911
-0.512028669606428
0.737790935424054
-0.684437439615356
-0.372951379378527
0.204804124714954
0.126922870953197
0.275441909700262
-0.000683759630607779
0.85522267795376
0.0558309089416947
-0.658591465909798
0.367705443311396
0.823457183930163
0.0137150640055452
-0.45915836234118
0.249540062662878
-0.518074848393136
-0.482047115679998
0.23794294414285
-0.470516197346241
-0.565130584682369
0.223626532238681
0.215897291600789
-0.214498303552392
-0.609959131913072
1.02917604145033
-0.298744856674476
-0.352003829328877
-0.066182498371206
-0.586795071292955
0.101868062225813
-0.0386190274309127
1.14982956145803
0.215438366395499
-0.37877549619448
-0.356008926027618
0.665107201010176
-0.528204743314032
0.245530749026703
-0.602120783673391
0.712487483871652
0.942212301227715
0.848224662529452
-0.202037548689619
0.965085016327012
0.0292105916127091
0.0021184736077395
0.635335211758768
-0.727395723689122
-0.0977572649405613
0.383915359146547
-0.38727138554238
-0.0672375015384497
1.38406788408567
-0.402558327804403
-0.430252189590089
-0.340726626380146
-0.376837946584063
0.136037805075245
-0.151887535769479
0.112213070891734
-0.123945735476677
-0.384938820205926
-0.221227153156823
0.40791952945613
-0.658058436630115
-0.166661501459881
0.448113220446322
0.361227910560732
1.4359232099472
-0.235258675874618
0.00488059253978811
-0.210322437026586
-0.218257344284649
0.737312494943665
-0.742326661210428
0.633213534051543
0.995574592100529
0.775340950906552
-0.523225166607116
-0.518634493779001
-0.0272284977951474
-0.746448266691988
0.360928520048675
0.289524220800811
0.966908684265483
-0.635819546945823
0.0460471887718135
0.0568128219422614
0.0947863399767497
0.098218750894591
-0.383946498547115
-0.716574297074472
0.3022195948935
0.317055775137363
1.50484859536636
-0.629435646229404
-0.108915514388972
-0.620220655310492
0.00115800305025229
1.35024465193441
0.111621707701714
0.667788509157859
-0.373143533184364
-0.242276794184041
-0.228070533104234
0.665414951721197
0.938658130230233
-0.239662532148978
-0.25821681541738
-0.127257849914524
-0.0904503411876538
0.16285800069146
0.0908304283674748
-0.343276979943969
-0.989599824506503
-0.457562601088914
-0.284305928604871
0.950243046742509
-0.766778429042084
-0.140574079879289
-0.701013511661372
-0.780483859978813
0.84873246936391
-0.442697908999888
-0.376366284460744
0.00624569745786081
0.0155628434458529
-0.914353970389871
-0.534003030386528
-0.538771204246905
-0.489205547729436
-0.23981958966445
-0.302771798764477
-0.355179194663542
0.195932896224411
-0.850723919824513
0.102180710897054
-0.140629477564957
1.83428519579462
0.0849546324060556
-0.286006905202432
-0.598880582435378
0.109040467379114
1.33608727798687
0.073713101349613
2.20635544852287
0.713192493416486
0.791879855054885
1.5040021987656
-0.0564611538073606
0.00143321197062426
-0.0403467793154168
0.536633596842955
0.0117311374127384
-0.314071055544289
-0.333511619249684
-0.335460383273136
-0.646319796400136
-0.521506208206174
-0.595274376391332
-0.551528295075255
-0.163370017800539
-0.794411740138982
0.110763292536086
0.583437260145234
-0.371840543305238
-0.308440945378119
0.398719128818232
0.0413338049348488
0.623923709611853
-0.900887654841696
-0.874644446529232
-0.901511857127213
0.995477755417213
0.666873278019004
0.685925010870049
-0.0752925285002763
-0.465883759303675
-0.0617964254796575
-0.130873775435286
-0.323434572431936
-0.203465764485141
-0.756693005239883
-0.0202896941299089
-0.409217889653458
-0.0540728055269632
-0.392463447650214
0.306350664340995
0.438909169701047
1.31765105747843
1.43162530019281
-0.517564973614467
-0.168759519118858
-0.222547674311198
-0.346452199278354
1.09370997905994
-0.52230253623666
-0.676984853419725
-0.46625917163964
0.529937479853198
-0.631968898696673
-0.86221968455953
-0.353112711985776
0.219778149532206
-0.610568054952046
0.0532463921728464
-0.0255181265603143
-0.596695704967568
-0.855137538782944
-0.647978117744469
0.719953531825906
0.194624429309484
-0.55890011192315
-0.420577651157496
0.244739973707376
0.211026018109022
1.73029201451819
0.9090503286818
0.162340763240613
-0.354564949664935
0.17405634365763
-0.555001462916697
1.4870081853852
0.0939972664141306
0.0948325155468044
0.835615888682282
-0.139343120092404
0.0585912527333098
-0.298239489348725
-0.365028027331131
0.404821372217286
-0.318787821021157
-0.722569585538144
-0.324169021562739
0.192384977201278
-0.465956736436243
0.332238604870755
0.375198218783458
-0.153712077713441
-0.0236344876933665
-0.187226860284085
-0.484750571548373
0.634148199663836
1.08540723807376
1.91274712861445
0.0913008945082157
0.763505435000271
-0.602197027004843
-0.625570786560618
0.0479311004927023
0.0220432234547461
-0.380491651425528
1.3298257194084
-0.340318461398555
1.70647975270259
-0.869952903359672
-0.436587697819096
1.10282084207643
-0.0410176037096079
0.046412934770052
0.0241971580142345
-0.34033947649907
0.507543391291427
-0.507692777904832
1.40510687641901
-0.118175980258749
0.061331364574138
-0.230501623849194
-0.73329983685615
-0.748035604657814
-0.307176534779714
-0.388725835399392
1.02674633183075
1.37269844961407
-0.383477435409208
-0.516825906132913
0.358178802574924
0.953602681985792
0.0604301046320625
1.62494834801868
-0.0598446714992309
-0.0447535274755726
0.0409854402618857
0.413628373542978
1.68591989109302
-0.0374666124064454
0.0468557477108238
0.0250775106999717
0.356582554025309
-0.345034060874807
-0.365549602009457
-0.560771771952128
-0.411162106704661
1.35571392112838
-0.735348192205974
-0.666783354515977
0.0692108304589782
0.102840488985454
-0.107841599571651
-0.678012197648844
-0.0236137291900518
-0.02872206326355
0.605765193531465
-0.339679646768974
-0.753440488503257
-0.093879870014269
-0.0914095020989525
-0.169250503829732
-0.66815698287857
0.344568628757814
-0.462635710264922
0.72124473348322
0.738036207258934
0.685118359214957
-0.38985577463019
-0.767732571487142
-0.316903024791873
-0.420586809403036
0.63764623873191
-0.399278567866478
1.19570899284956
0.0207772784411232
-0.010591879373635
0.296447265588685
-0.74634400016393
-0.842903261068882
0.0116530843172942
-0.304469107574261
-0.356723683811078
-0.32899822846033
1.22972680366777
-0.0350789162717415
0.346808305865278
-0.152524130469894
0.0994337150984724
-0.393145663902935
0.136658718377302
1.13847262836303
-0.910695484886169
0.177757579959326
-0.146159821252749
-0.647737779856281
-0.365670638668736
0.40734594558174
0.215830809617417
0.0831917086029526
-0.446105845698027
-0.0975298555302223
-0.0281212755083281
-0.0759053090484832
0.357241090660384
-0.610311110440174
1.11471056503351
2.07570679775259
-0.331114877185222
0.236721206104015
0.6320496765673
0.350269941750066
0.288251257169069
-0.37960223902435
-0.317428115897489
-0.382787437389838
-0.345564314738366
-0.403973642003402
0.0754605543076855
0.0970879656810479
0.127739547146164
-0.367125382466818
0.0954323742102022
1.56810637666157
0.190758023523643
0.277646890812025
0.063144390877159
-0.160488661459802
-0.518667804090572
-0.456112066826105
-0.0872334268214833
-0.106505414353013
2.2325283542913
-0.398232533177798
0.511610018595115
-0.376013732404334
-0.491230758640336
0.410271315539434
0.138506309136709
-0.179106063010386
-0.680792566161579
1.56242437274551
-0.896713386750379
-0.320614849285609
1.30730336340113
1.07450924018466
0.493576361217825
0.582870088428702
0.274198090511338
-0.45166359371705
-0.546084128194145
-0.32613309333065
0.144958713605677
0.641728846484878
0.146184735973078
0.035064863973588
0.250071707392486
-0.133592962948039
0.184979902265402
-0.247781809243962
0.174517334212348
0.220161037402667
0.687407753509347
-0.0136980714110022
-0.333060283491751
-0.311875080612149
0.70987461881958
-0.929236433158836
0.42506799446054
0.232211754024288
0.189946804388446
-0.76617088150703
-0.75203341191852
0.511506367182884
-0.364607263220981
-0.467082445143667
-0.348107488222599
0.308018254277278
-0.196201067100557
-0.219704536748357
0.637018375284136
0.67560714902712
0.0396521868579091
-0.238867194892329
0.0476495594332678
-0.907878340230337
-0.241722318467801
1.5087873998958
0.0266021721436025
0.491031594595099
0.501329974838305
0.767311986999987
-0.297945872896714
0.0668301241799332
-0.43806325437356
0.294016151474495
0.79471535878544
0.505615150650293
0.537898887241108
-0.0464253813794994
-0.270398229188399
-0.161682758688053
0.194195945003275
0.299025846683267
-0.247282347224531
-0.104644458465247
0.00967622066287559
-0.00431979500383068
-0.0298223025223795
-0.043642252755562
-0.0539677020584495
-0.0714887164731718
-0.0330091830927091
-0.0172523528624001
0.0484002577397631
0.0399170726214868
-0.0130495502972848
-0.028169791901599
-0.0541147964490666
-0.138722356867844
0.150223588411429
-0.213527262166842
-0.0260540300960235
0.103940847086874
0.0740385895657157
0.62532080084404
0.169224341569943
-0.0225955363973661
-0.196435082273992
-0.0718709440220452
-0.226255655415296
-0.0996470533530106
0.470401392482652
-0.0478346357798723
-0.271083167281004
-0.226341753985234
0.464775420268678
-0.175162247899824
-0.0387761352787096
0.0685750417002548
-0.217200255556592
-0.115707713795083
-0.0312859825033748
-0.137581646028507
-0.159555719843537
0.331966400466181
-0.0377479370315572
-0.163185702319018
0.540651526972335
-0.203866640820529
-0.0327221611077655
-0.0279322299966511
-0.222585930410661
-0.0710175652558034
0.276935598793134
0.00170989408776734
0.0349407731817462
0.00546806477774792
-0.00734883184294507
0.0888635467842082
-0.0667659144917118
0.561087140913673
0.138536237568082
-0.0564107060222113
-0.0409865498508487
-0.075079542241032
0.028725417428554
-0.0394361051040121
-0.000974815662448981
0.242233369100608
0.119225120166862
-0.0760461985278104
0.0373090761997531
-0.118037169222397
0.00698507302722105
-0.0833350622907364
0.057835101069481
0.0293651883046095
-0.0845531715123389
-0.0174289056541873
-0.0303451371431267
-0.000505886489798226
-0.170089932137189
-0.0481937821208362
0.0613422004607072
0.100036357300471
-0.203441943224847
-0.0956955724092418
-0.0409231380989861
-0.0208615621676658
0.412638395151767
0.252581526091115
-0.0383454005584699
-0.17967642830069
-0.0283874887242274
-0.241115274862727
-0.101776720548223
0.00377791464207182
-0.00357457986372351
-0.234330223654597
-0.114401026815084
-0.0415927414216019
-0.43015561614865
-0.208286773666631
-0.327000638140245
-0.0275799726762702
-0.0527184779080952
0.245107107068674
0.226086681986595
-0.0425528119712475
-0.0936724498508033
-0.0724387751677348
-0.260115405436686
0.060599063262823
0.287935318670341
-0.102415438857418
-0.0826615735187207
-0.0450432831123729
0.0080466650756374
0.7308115901043
0.656331982046776
-0.0367185493633432
-0.237398880562882
0.000384254787742323
0.633821544251428
0.0168195832202734
-0.244032493592482
-0.153008569233136
-0.298298440464329
-0.0646355751061709
-0.225474909229206
-0.229679685271537
0.538119357527002
-0.274041512648187
0.532249883330978
-0.0312101863463513
0.0700639445670912
-0.0502661005948411
-0.0699563385000327
-0.0837309245031421
-0.0552240740363403
-0.0380965622861279
-0.0484074642096954
0.0205162953860217
-0.0153610089759752
0.344061188986823
-0.112676259606624
-0.0104853366952635
-0.0168730065263472
0.0304791990406012
0.0754532000632027
-0.140668237966212
0.408027430495949
0.107666922961761
0.478734315757479
-0.200064083082431
-0.241559839059929
-0.240729648882366
-0.0151315527326119
-0.0957044965404169
-0.0704511904093753
-0.00828822689404751
-0.0785893673013004
-0.281832075819586
0.156242129142492
-0.0423151288753409
-0.0121554619366269
-0.0962216094122809
-0.0735386740946282
-0.0489188592072585
-0.142376560488125
-0.0948441946615764
-0.10222598529765
-0.118713427607074
-0.167536315600916
0.024709466801906
-0.0173614926989604
0.0459608726895125
0.0610512470571815
-0.0274932416074221
-0.025976892103859
0.0469247059489292
-0.274711085021556
0.108375474065376
0.112561130299682
0.0502985246309066
-0.01561295229957
0.734911666779278
-0.123342719492983
