0.684952097622338
0.524480014336996
0.891677299699842
0.903082689127378
0.200537847098332
0.850204041476579
1.08570273479262
1.16860841013674
1.25097622091576
0.181022500774988
0.486282656997071
0.593363504297577
1.03220285995739
1.05790764539421
0.764422777684117
1.40847583015782
1.39099917530734
1.18724642501474
0.897749245350592
0.754050214775284
0.707948692003225
0.639897964317991
0.81504729571488
1.12237746874831
1.34409403750376
0.608813587221152
0.427053803093411
0.684263680443702
0.166564087292277
0.524180795413833
0.62721456067206
0.552690407767036
0.899344512937452
0.930997598782452
0.753866424646834
1.44292437670405
1.33097688666224
0.550717105807632
0.545308453494817
0.655617674478636
0.738835027550203
1.0687807737786
1.24179133064947
0.114816795078665
1.01975208779045
0.751131231878957
0.301716827337981
0.573015633740541
0.402282098895435
0.647487279135069
0.109008780139511
0.868334328263005
1.04600160829339
0.876396878969602
0.349459933222584
1.18801818291859
1.20659825954746
1.03177376609751
0.201595330092559
0.871274129240945
1.04662552612462
0.996528078982201
0.906534485980898
1.21769791217695
0.220608137875996
0.812115935028554
0.532405249557178
1.43775857544816
1.41245228492784
0.293086316866999
0.630862316288748
0.665101365977699
0.914353097120799
0.898408583156976
0.367326054542874
0.784775132039639
1.02467215419172
0.58121403422488
0.430500893123885
0.23507784445321
0.578149281271406
0.73150785191993
0.526359843500706
0.834162830998121
0.680445436698348
1.23707460474783
1.22367652847248
1.26610518782687
0.398823609922009
0.672448763659513
0.690431400452849
1.37119956223468
0.971333750586721
0.53165834053439
0.672692220818866
0.634184919036777
0.831949973484483
0.769401115735126
0.958303801777098
0.116720961643686
1.07850668735851
0.728566098296714
1.02535221173037
1.16821842977805
1.12531245971165
1.03531807167144
0.132916481191691
0.17995164635368
0.141115216711831
0.969494899752091
0.642323733717427
0.767879722877398
0.232724257511669
1.02099819218142
1.11865694056145
0.966921439155163
0.902381385542995
0.97858256171242
0.903189418860014
0.965310179338638
0.849959726232188
0.990208655381118
0.969041036675486
1.00989226855282
0.981902366084508
0.924214003905252
0.916037072271545
0.838899354201784
0.871831057562199
0.914805699381919
0.461955677779452
0.412259316708178
0.476935903466153
0.505681680319599
0.752686164616328
0.628265635841213
0.600042371661222
0.926486043673346
1.57175764954146
1.98539473922018
1.0282935634589
1.54705422957561
1.72254852298495
1.49703893880732
1.24864339822383
1.77014919554826
1.08362167572675
1.73515420924323
1.05767815982844
1.14554795676478
1.6365528606386
0.286332468656066
0.125756496623256
-0.112644438049027
-0.165795037238929
0.767873744118682
0.504418587596224
0.521154880444782
0.166624586233384
0.327503293876677
0.189134286041075
0.404710502921317
0.527446745718854
0.567782106633374
0.582926555824397
2.5581717275048
2.52746148019891
2.10872065447117
2.29603347546485
2.3397534676816
2.70433305156867
1.83666377445009
1.95888648008524
1.75897699193382
1.33785712257871
1.38223940282782
1.14191909237924
1.32914707920625
0.994730059200258
0.858016461920353
1.12975028077918
1.56064939273628
1.74616716263117
1.31392094694798
1.29389025663939
1.35728402953255
0.888603111599184
1.06961242714209
0.126914235276298
-0.122736132234974
-0.456396013676298
-0.394833739632031
-0.334172093953904
-0.451126962474474
-0.343956565321286
-0.363646312372044
-0.205837748072751
0.213949307958
0.223960046470234
-0.288807458263832
0.410720902121012
-0.494991842955331
0.273329860812936
-0.278368404883464
0.426527947484633
0.899228068872682
0.206168042012542
0.156555402998777
0.36472744621611
0.318416636760091
0.74558753715863
0.899006719167602
1.0957090293089
0.870442737295622
0.689885777874539
1.36983201038971
1.15336764819645
0.866391315763724
0.497076640727476
0.389071292056809
0.601812523842597
0.930457148031078
1.31581755570035
1.41702488478454
1.53139976542037
1.64838413774862
1.6559488317786
1.82818220830138
1.93869662423343
2.14031070910137
2.15876228507674
1.87164073182097
1.6347974227875
0.493144928088572
0.286489376338003
0.0176593444341671
0.25268126347187
0.232628131221721
0.632226757128778
0.253066333822492
0.217093481313978
0.281532773404723
0.212226135744777
0.523545907339596
0.869348154595865
0.94855599139815
0.611769221588773
0.53981378998366
0.85997693885586
0.854909834870377
-0.180508839840081
-0.0691865658724419
-0.194029175763656
1.30723447579204
1.0234022400023
1.09225323895009
1.06450751167635
1.07149710412776
0.888775792293977
0.773343319694916
0.734210939733298
0.514925554811671
0.0460832635324185
0.0817151079389379
-0.232788797794114
-0.171272533597789
1.24580688656344
1.09494757499893
0.921714546720502
1.14342019526875
0.870626630957246
0.657743603969341
0.667482977682055
1.96610571694465
2.30824255962303
2.24379766919989
1.08797360373113
0.883247590709288
1.36434673855993
1.23897301820634
0.664575401803303
0.898230881991473
0.728599796825083
0.85822141765858
0.76681968353288
0.909582854390939
1.43992195166827
1.02595054091497
1.91307357911883
0.986292069396012
0.896806583481976
0.80188162881198
0.751819561785566
1.50302775729012
0.21775575856769
-0.196791016704002
0.536616419883778
-0.412745688904843
1.57993429952439
0.550722271806789
0.683028281797324
0.468924444285426
1.00286717461957
1.67295221553215
0.94624045780043
0.69757879342781
0.926644758905358
-0.0699394059522223
0.571376142395146
1.15431529737034
-0.13695403271093
0.513752987212689
0.940578031586741
1.30287590864053
0.966453004252405
1.05947554850484
0.0195022453323861
1.46887433661571
0.766655230047004
0.658564068613509
0.906575582732842
1.51666048556461
2.15739677985169
1.61435393630523
2.0865910370799
0.526117394159244
0.33794401339897
0.889445454951627
1.02674989465257
0.308660770512276
1.42242898371839
0.385324092166928
0.304416247371921
1.09984229433769
0.758338795261405
1.82916855783523
0.43833864555463
2.00326128587014
2.2800422646169
0.28880630698439
-0.0131305775471
-0.042259902637419
-0.214455010455333
0.0345090135969774
-0.210574674523889
2.0072884786766
1.79172301354533
0.578090625538488
1.82985508907368
0.178308566812158
1.07471938403782
0.189833215280291
1.54290255349742
0.573771615174891
1.20241492078333
1.2103435284064
0.932019492035698
0.747739529729093
0.481399830438482
0.956336532032845
0.830229977336977
0.946074113179781
0.923954150924842
1.58288207470249
1.9923234236542
2.70466563005933
-0.118433703664487
0.811766009267775
0.923396637581487
0.626758415509894
1.49855023615323
1.0702971576792
0.621945325328182
0.738486954017154
0.929880442615444
0.79847285613588
0.434802464513784
0.871518652606058
1.32813197487114
1.50863966683261
1.49223571103919
1.1734575371486
0.981070093269799
2.03519875854065
0.720324558292377
0.23136870891351
0.0581056779041866
0.676505234551674
0.949243128420255
0.684885490353448
0.640957164908508
0.908703608577285
0.441348926574319
0.777864903066237
0.652984739770835
0.345234911145177
1.13916330977944
0.897480936868377
0.672660687044468
2.51848475415371
1.02801051383832
1.12247412165452
1.28537595795999
0.65120639781479
1.91236732243361
0.991456196483967
-0.15087851925193
-0.0825610963362121
0.143664823861752
-0.0659713984383741
1.01300777980868
-0.155153654750978
1.02342207033146
1.04383431695951
1.03644198765906
0.870542981373388
1.01777128959076
0.421124311949841
-0.146858531896281
-0.131012713462364
0.0473165503689332
1.24444567833996
0.851208713135437
0.27310703445595
0.938535985943063
0.548229632338092
0.862782146500914
0.807564166095094
1.06023433871649
1.08658639814963
1.02553232447802
1.11531129593513
1.33986996088429
1.25841868037983
-0.00766349976142098
0.169095516422836
0.496183744469342
1.18277179690774
0.503190552504174
0.70778675188443
1.36984384834245
2.06542772884247
1.93333271699337
1.75023344845842
1.51085309358269
0.843823182797899
0.891247019368501
0.665776718174209
-0.399204692315998
-0.381254345493243
-0.313450083458165
-0.141619050762625
0.31043052324459
0.256661307164665
0.984007952994767
0.670748030768053
0.791671679563629
0.439312372647725
-0.445718100949358
-0.316197196377152
-0.440816972730237
-0.258199537787231
1.62587013713633
1.5632082922722
1.46871777165889
1.28418769460036
1.43915501624864
1.26790418419149
1.22800663323854
1.15382223234768
1.40777156139404
0.655655201294444
0.805437995286511
0.362651616754095
-0.125939692296424
1.00918773827399
1.5783425445245
0.115404252566661
2.16739227212092
1.8158795930961
1.212241064576
0.537450486492933
-0.0758799586558338
0.227588773106271
0.470352770570966
0.914870967261469
1.57222713512932
0.688279587039735
0.0200701382451367
0.0310351255911318
0.966956628249382
0.75164041246186
0.502689303637529
0.968193875762313
0.078452418361798
0.593992528644401
0.757544734577274
1.10581609401114
0.188434551347905
0.727521065973693
0.993679515357157
0.879030141648025
1.03159722541933
0.0308959735253973
1.16159149201454
0.798333640493374
1.09265692018462
1.50108159210119
0.499804297597969
0.681636944182472
2.12402400296878
0.263411065449668
-0.142931571048819
-0.00251932288044884
-0.12911583043134
0.713787224172768
0.367768745340122
-0.143706872547489
1.4465433280942
1.23399065978676
1.31805739131498
1.21063617004317
1.06862299915686
0.45222269026903
0.46121894772763
1.37754815185667
0.653082852626721
-0.266653694216177
0.135606157062967
0.788839891288858
1.6669711312317
1.64310385857588
0.589268696408049
1.07444410169371
1.75491778829161
0.397557117028063
0.717612694059585
0.164910940172036
0.677488864432417
0.0694607887275497
1.2027063244952
1.81751075693246
1.38155206458579
1.06426157713721
1.04434969760828
0.762120107818389
2.14832886909323
0.112747365231987
0.0491667299138304
0.0863636195475413
0.688898045769024
0.458533199776306
1.76663624404465
0.0181846588451465
1.18264363994865
-0.0646974245860759
-0.156186826705544
-0.430167304076133
0.630958659443983
0.112897450249717
0.245160763498955
0.467444251933647
1.08185314566203
-0.31185590386019
1.88870048655101
0.565302520084227
0.862583371394564
0.509806995076283
1.38006545720531
0.354581458568933
0.412370268583686
1.29539473417192
-0.333093152448001
0.761343656281945
1.01129804546839
1.03394559862784
0.583722637649635
-0.147801217900102
1.24421428075894
0.70223069580881
0.646258967949684
0.452818738540149
-0.187983191222454
1.21927987607547
0.741324982923638
0.0260750900369818
0.892043366947555
0.954033277056288
0.374887630368405
1.25722576529863
1.22097715962586
0.527181857488912
2.24255717586413
0.0851777403703098
1.10383258241209
0.77572654695985
0.81791062396584
0.49139071191515
0.440596240174222
0.151910142266213
1.24457894095639
0.404631632100128
1.32410371651104
-0.0278533859987758
1.55952511906187
1.67101271609653
1.12184879699318
0.710977628086309
0.659678577430991
1.56328480218901
1.02254723172501
0.835173600300441
1.46221961115742
-0.0390054166193843
0.599324886648159
-0.113429939360434
2.38763203305971
0.663687767145812
0.0232575252355207
-0.15095685786651
-0.0197997456107294
0.381976361474922
0.905046688942545
-0.0878135534956649
2.10933761059852
0.874601554713585
-0.227771145659928
0.418659249180623
0.0156852328352108
-0.231144274046621
1.25165837331143
1.12744019632078
1.06991075012521
0.724375229981716
0.529482816063935
0.827906695033532
2.00942377923748
1.61528216161978
2.52596343514483
1.26491925879798
1.23478185725839
1.27269376648365
0.773366151158032
0.817854732318358
1.37920245158478
0.229496252359289
0.901772995364885
-0.123698644403725
0.908872221587329
1.69487598372927
0.349354896823274
0.428187317271578
0.973229029304087
0.0174253958745752
-0.0899862430831423
0.108223714378107
0.349819557852839
1.47058186464705
1.35319865994255
0.594368893405648
0.554596034315917
-0.274570036701884
0.875448557819138
1.45052431091343
0.0335031731789975
0.581801879868905
0.679268434057299
0.940464294595654
1.67030611151321
1.03902591720163
1.18465859585575
-0.00327764913659942
0.934875546257652
2.18820553950124
1.11126634181144
1.55539941652368
1.39568803051683
0.976158677749239
0.308994112059139
0.222096454135893
1.64998254477976
2.40240100298736
1.71854102651012
1.66985172473425
1.92422440174218
0.23194167322921
0.864285195878208
0.0428262908457394
1.52861530307127
0.589831058876077
0.51110578751575
0.280159643083336
2.19493591537882
0.95397274435056
1.68072235141165
1.99876723241447
0.518665427267954
0.00574180013860467
-0.309325080737842
0.41092475913336
1.01558855282013
0.84144708660561
-0.00181385857865255
0.333151432297115
0.214853117258319
1.20614717793929
0.352292900988251
1.32236868861787
1.06435862530288
0.443004068886996
0.486158847539791
2.88408328835949
2.80627092603605
0.592723344747256
1.23326631849963
0.20411936085842
1.57092964494998
1.2041679962674
1.96395288040573
0.78586175324435
-0.0122206315565139
0.139507941154366
1.12754432150983
0.375583003509433
0.557887627908857
-0.440503719766361
0.753376234205863
0.783362756250028
0.091910347481917
0.684307961065341
0.123304168286902
1.26053129253454
1.25462169669782
0.0813867729147448
2.35585147850151
0.614448729006419
1.16209594804328
1.05281938953578
0.21653713540866
1.51909175913213
0.457144765144635
1.47752340750045
0.554170897869302
1.81832484822378
0.834353025282484
1.59890271278266
1.35641190775017
1.34445448773686
0.425176335084437
0.957494956204433
1.01059528867588
1.04887987691573
0.737494688224234
1.29160438216728
1.19262403072877
0.416525346934341
1.38623550815283
1.93935293182018
1.99100487027848
1.69461193150536
-0.115840906192916
2.01368897136422
-0.0104732058154423
0.150008884264119
1.51562644288918
0.512892218142531
0.400640096310216
1.13807087138042
-0.448044659802891
1.08982187354025
0.632817265005246
0.358475262277497
0.621740040919632
2.7461105800421
1.07527459355152
1.11818390827619
1.29703077424945
1.59774835797689
0.961884327705891
0.813138386607748
0.212175763755518
-0.156676007200599
0.409589315816573
0.357623114942232
1.83922835611045
-0.30371796851935
0.0213652593944239
0.800930843781131
1.12381039798274
0.307864574693339
0.507113116672795
1.67351388373972
1.83918347618704
1.04048032159691
0.579408327511526
1.63272483559194
1.94382863570747
0.523279882096181
0.420006154918453
1.66089127336122
0.39722365439474
1.27045323446507
0.744377716137161
0.0485759052081152
0.585160533203177
1.18307855430298
1.25239083598277
-0.146291731241333
0.792010591235712
0.515234697741271
1.82201680807444
1.23347224582702
1.69475186240035
1.44381215027649
-0.328606142668038
1.54594124103293
1.95052222732418
0.384922258680458
1.42146096694937
0.735233175979759
1.5921597065366
-0.0457215610404674
1.90807036844002
1.33679892456091
0.894517509557281
1.34303292161478
0.806351810145639
1.46449700887697
0.815232682411015
0.691297011517816
0.910738550442068
1.71752349399194
1.8177562702409
0.101355154872364
1.109720238642
1.85174248495393
0.660053062571215
0.938910984855317
-0.22178329505312
1.3557952727772
-0.0633887517154005
0.0797026341935027
1.71325478471563
0.856856945212219
0.337888482022607
0.930429629659745
0.562171535126742
0.154283946754624
1.32786336902431
0.543965426641436
0.507701100221128
0.318454548774368
2.49465081585658
0.111102517626839
0.19491689106326
0.537073160740342
-0.0355459480243809
1.07045094212157
0.444301807018081
0.429653493381826
1.07179861996704
-0.182734918832539
0.679794990604319
0.0250309686786097
1.00444965776516
0.921243594126344
0.649739213659239
1.10046696382403
-0.0562356650836344
-0.190743678668085
0.720326095039002
0.586828750313269
1.96048715543678
2.69760292743515
0.915300891420646
1.12439857569673
0.524700738874921
1.02339185835536
1.12356204154477
2.11011512655518
0.98085018634671
1.24007711991704
0.958341279862152
0.621161586664912
0.60189221484968
0.498413128901529
0.28169050131608
1.06999411413834
0.647012939506444
0.0650064202304306
0.472246213937947
-0.0070025929424648
0.85239182073821
0.840705914655444
0.269627463185017
0.0817851460457011
1.04438002108596
0.909216609785925
0.770156874156242
1.20445974993883
0.955571571558178
0.968883339611375
1.70550483817895
0.494560959021511
0.0107659083623408
0.920484232644865
0.96585820717146
1.12564519962849
-0.0785234958719098
0.560171097838929
-0.046521857955555
1.08017534226953
0.926995092993108
0.981672673713177
0.531989062922949
1.98561954494697
-0.142332533473302
0.479903275465004
0.153125534292142
0.430047051165381
1.18633080083514
1.7497904068481
1.20976973744089
1.34298953906664
1.4852724632
2.30129082187911
1.09643459559539
1.04049795758142
1.00570498362712
0.364984643380501
1.0815701684846
0.36786218073852
1.69274284529035
0.58974185412069
1.5032064408848
1.60164267601361
0.382144039852966
0.285236974252285
2.19115022341949
0.925258043227791
0.502931832119011
-0.114664241588352
1.79246318918697
0.765128007344125
1.10784967467309
0.91476423120042
1.18889384377643
0.880223264209014
0.772685235278021
0.97257268046588
0.0957090447069298
0.209185693307901
1.05199753837823
0.209517067042772
1.03310198468931
1.56202019078495
0.909269810351404
0.502037492319694
0.623596894109906
0.520384149688392
0.683675429529774
0.00651764327968788
0.142397258621965
0.0542434061523916
0.760565421512041
1.47623647906882
0.504560462120728
0.496735234071881
0.189650390525206
1.84348231481818
-0.0234836784453344
1.59603110180908
0.63392596251286
0.690978322631386
-0.159166965977803
0.0780374357725419
0.739783445151188
1.73854913026178
1.20584085489968
0.725851862319689
0.181846900673622
0.626817262554214
0.459239930145467
1.17077065870651
1.22514122301585
0.402179996792658
0.774959035480982
0.627341889101127
1.96354968355209
0.117441349002229
2.03796501882894
0.852614490174393
0.9742454625923
1.54494170352783
1.76278393902982
0.276647063599237
1.82727489445216
0.644794815673031
-0.443337941043543
0.976992317013345
1.55242150257182
1.41277726032964
0.495303529435606
0.88096387051462
2.10614352733207
1.46484527092273
-0.153250008510767
-0.0668301150951863
1.09161220218981
0.55314448651201
0.0601378533095265
-0.317020367179296
1.80158350669345
1.52375929403284
0.795919550362006
0.889155321731799
1.06624236149432
-0.192602030609427
-0.161392138066628
1.06616944800387
0.139502370958885
0.0336068285288204
0.0499497008935331
0.60094023363213
-0.240650870902725
0.752011445938222
1.1502897580011
1.20857741774817
2.15097099708946
0.966770567488527
0.741135689199448
2.18704458444003
-0.416532356447346
1.29461967923773
0.994294166969447
0.565059038789344
0.602356704018209
1.27568086361207
0.102226697384383
-0.0869779382641497
0.557055708191724
1.05416736609949
1.43077445782712
1.1269817975681
0.196223318312257
0.365291097780834
-0.248111375025601
0.541840609735852
1.18260313832723
1.5472463273232
0.669342424769472
0.663927280680714
0.811605749475753
0.839910315976764
0.47638882642215
1.05664519266475
1.25141467592089
1.43835846432723
0.997349552016889
0.761790046021138
0.809341625908798
0.884927728149074
0.891902714433561
0.930403336724013
0.811855636483474
0.703771061992468
0.920643228447868
0.508793107743125
0.617689237595312
0.798027058940016
0.46596525085876
1.14347138175352
0.967692215719684
0.598313554314248
0.282968860183187
1.04518985109545
0.905750558318908
0.707621174612438
0.94975820367643
1.24610387077428
0.660295517212363
0.727067672296698
1.05880209157446
0.457625966801248
0.78461568101537
0.775524239676943
1.26630834655896
0.594484518868778
1.1645797493805
0.733152822265652
1.37723247338281
1.00121069248246
0.536353895088261
0.372418396474345
1.12249945572913
0.350975857840071
0.640326510285232
0.848383079030504
0.69389632242428
0.898704920840392
0.797176890547234
0.971852701998104
0.845915868021883
0.851861048751987
0.793188030636015
0.91751160291813
0.505857847889026
1.06985574122742
0.926187073739738
1.18682336677121
0.992739996761317
0.86003863441053
0.80346374367206
0.904930042254095
0.742022182578901
0.976974485950726
0.864467076163351
0.879701494572645
0.860981718246272
0.581211365132547
0.664333406336104
0.64668494523771
0.666494403268641
0.712279517007963
0.754903220458859
0.724830454996468
0.710101642504973
0.925821658141698
0.630381587841458
0.606520306977991
0.930090606226175
0.876206967393459
0.256278956873439
0.445429795662174
1.23628161351879
0.943292330641762
1.02532279556051
0.965298082540946
0.6378606585164
0.653721083274887
1.0034155680124
1.09354046784647
1.11144904211743
0.815744690431338
0.842063040403731
1.40858738552537
1.41760959023992
1.19202664717976
0.685905593361335
0.705528762208888
0.665265937251318
0.525721439025692
0.510049027683597
1.00210835307185
0.958156544306737
0.730816085801152
0.604414873755383
0.695962505312566
0.590034909075048
0.879858086309155
0.729824572187237
0.589268504184751
0.797712219813853
0.971776102069279
0.437946114841414
1.13034736927723
1.01063469086149
1.27566176604164
0.248178412880887
1.17548235550604
1.17408838693525
0.591017254286305
0.352812214043943
0.709542611715111
0.713814344695308
0.563013110119357
0.495091197959656
0.470378629635168
0.866499553233778
0.823323270179161
1.09177393635882
0.602264340336751
0.81624697166005
1.21035716052623
1.06966346380406
0.931743318780381
1.05479595430111
0.884025464020285
0.922153424289513
0.875661502885922
0.920143197636204
1.0365823321187
0.799764387373994
0.790530446785354
0.791780209125222
0.839389176568961
0.714746880440228
0.565179972407769
1.01794303322462
0.978231717877781
1.03966565460328
0.665580398837387
0.236401046564057
0.276146339937587
1.30242868271862
1.05970730585966
0.799689044361329
0.909019139561942
0.655708480946154
0.970354048601425
0.881507386660695
0.454158535859023
0.847537287144787
0.753380219359451
0.710015019164855
0.758242653124606
0.543555156613279
0.565437219482253
0.620259850291411
0.623330051206163
0.643220239909
0.632282877348169
0.637090085776799
0.695762769024458
0.877663998646057
1.30863494206754
0.665271310614475
0.837255577058348
1.27494777532633
0.331337593007006
0.553655533483872
0.666065584511722
0.948985393389605
1.19406125675545
0.672215709560291
