0.75382042145391
0.706593186132941
0.778706393473773
0.770737844589358
0.33822267734603
0.546110858588402
0.729216385064217
0.800972404397923
0.88380018521679
0.351724541969107
0.434896228554476
0.452388962997312
0.594078814238167
0.785711156502657
0.697500343906155
1.20136037876694
1.19750236619008
1.09703922667721
0.926876773712317
0.833094466392922
0.781480331452368
0.675068989639589
0.753529401589209
0.764218738544746
1.073659293681
0.722367312421361
0.483083352643238
0.665071346960122
0.30311586059278
0.580138625690176
0.71018579816285
0.711568074360505
0.509113308751531
0.80084510762688
0.728532681044715
1.18471192603386
1.17346902465243
0.422477319179055
0.707117673640327
0.737512959628167
0.738415037531725
0.875813398904695
0.821630912069311
0.30932640603019
0.68274812390722
0.47349902814366
0.387439214658794
0.605155135276833
0.492361584483451
0.655048241517222
0.297762757773982
0.714932206532159
0.723677497808413
0.608523809201562
0.366559712964619
0.819930293008025
0.798981480027863
0.638127447105539
0.365186106347242
0.72127703932705
1.01774729793367
0.550790048338221
0.778628846731285
0.975525391104178
0.39118118462488
0.877869403579564
0.568069103110711
1.20199119551409
1.14547127667885
0.408606258837085
0.662491584118027
0.689397163509754
0.775706310157834
0.794314125424126
0.447298311749224
0.755002605793179
0.660925439233628
0.708515982493797
0.382694911644
0.321344929101705
0.715262789279507
0.51969301042033
0.707187548754441
0.757645371796253
0.711953376735841
0.812824095005402
0.822306912570308
1.14058404097734
0.413533732971132
0.461344447978318
0.665198783326832
1.19068027209715
0.645459216631222
0.708180583503333
0.746375556701213
0.72843596051934
0.490753473021427
0.496363657240895
0.529817324202796
0.30932982341198
0.743593083049528
0.807571388537616
0.703105356497011
0.782865398140423
0.802694636964819
0.617519751264582
0.296709776536227
0.359437460181872
0.309103931474833
0.755547452005096
0.651539610054497
0.689881292231588
0.367060141844081
0.573733454367497
1.05795924096312
0.969541307818874
0.869071134048836
0.939260341276892
0.866422112948294
0.954316628060393
0.784567455454694
0.852139207029459
0.841321812474781
0.875275245077564
0.88765461716794
0.838332061988773
0.887858524514759
0.797648029707701
0.837844230867975
0.874014639987784
0.818076624358802
0.760540323888281
0.86311196814825
0.780118708781763
1.00245109479007
0.889331237511251
0.954633682931252
1.13345061924179
1.62386086523545
1.93491189241918
1.00233965127771
1.25857714193237
1.34748242145104
1.21886175654005
1.22582682273843
1.62114580611196
1.08563885291772
1.45007003601656
1.0405226772269
1.15942418962353
1.4788276356908
0.394266017659679
0.341558966823322
0.258877392696774
0.263958539581107
0.772716829024078
0.60450278682614
0.601563424083401
0.340595745980677
0.461756655285823
0.35990075810199
0.556461156779164
0.587306878697748
0.634457557571527
0.689914636154321
2.11792550702387
1.98715795568375
1.64091112381424
1.73834288925449
1.81157779199354
2.06422211504423
1.66431303030393
1.5412305836137
1.30938074105818
1.25153915166818
1.35414629200164
1.24960519037677
1.07835793028969
1.02029839613434
1.14992209992507
0.879306316797504
1.23080075960222
1.39975755437465
1.1421182974183
1.13577853291085
1.18807861315671
0.848319905697099
0.956949926873936
0.278772400684296
0.294352086544545
0.25514194855842
0.344265605408973
0.196648860504774
0.19207759207906
0.146304620104464
0.204247719258265
0.161106103223372
0.295209182178531
0.332391894180014
0.169143503606835
0.447699244683328
0.127672536865183
0.430162598674956
0.272138640228485
0.3514721837518
0.880101556321259
0.491371073226606
0.4244852765381
0.50935307230892
0.596820497214731
0.851444462396281
1.05757429492501
1.07789176178324
0.913777046188118
0.728135888593136
1.10594583934138
0.974078943280437
0.847340918428496
0.710290472900567
0.756150710493097
0.903040649303858
0.90539898736443
1.2266655902264
1.36680941294722
1.33172485125468
1.36997086524206
1.45084403239708
1.51838807892763
1.69227347146657
1.95846864962951
1.84318414041103
1.58127379390222
1.34541343572427
0.741874154861542
0.741738972527513
0.559113180072979
0.737464298877807
0.756028821766455
0.671819685584411
0.545258224320742
0.70377490310154
0.739795074905105
0.598078699906687
0.70344267644296
0.837526475263114
0.895030558103919
0.779157639823878
0.889450531916157
0.828677710690659
0.87905814903187
0.27853162115986
0.337333012895312
0.338962304662854
1.12600136442592
0.946432241844735
0.744669695487394
0.684475245637846
0.787372876604235
0.783170076283221
0.506918817672588
0.65277562001929
0.539633485168127
0.425626883106403
0.345751663883397
0.366300929868155
0.435956240946606
0.664939077057076
0.56634545373489
0.569486469023241
0.551901471252559
0.481812794523588
0.399149599867317
0.877856539499642
1.86557507629017
2.07722278676845
2.03669135534133
1.18642178489504
1.13026767362806
1.43730797603341
1.38866558730751
0.830724873374962
0.993344488060354
0.826390017442564
0.947911257997283
0.894549170460597
1.02390248514349
1.4451275553172
1.14548499283947
1.68828652992757
0.964401256177473
0.895918532115101
0.826523203019605
0.868651827902458
1.11076774730945
0.421184446643263
0.312293111956888
0.746013500275818
0.327481355698815
1.35672991135306
0.706159142465453
0.790012890551671
0.724246576898166
1.13402590733747
1.41910977748578
1.08058396105664
0.75658697080348
0.468970839516055
0.517119820644438
0.949884114870772
0.790101333371174
0.263782737448975
0.554968728540956
1.01076066763007
1.17591256327938
0.851935922046392
1.00762882072323
0.528217278297733
1.07852162081485
0.767540597787042
0.719916565795786
0.88607618697742
1.26741457162523
1.60972271947785
1.30557471923464
1.76733729722738
0.613735002251662
0.527652391603608
0.856413584387862
1.10691985115902
0.561053345371896
1.24162373036993
0.762417284569678
0.58710602577059
1.18294901966694
0.857187848931665
1.55242513336476
0.71691612993293
1.71221839513848
1.97236640758916
0.403242942228923
0.289511561304182
0.232365826286763
0.283971632123047
0.364868331994762
0.370359240265204
1.50098302373148
1.40120491598164
0.670255597502859
1.53261007850857
0.645758555204293
0.59947017558033
0.504834829467931
1.63402010803597
0.723815961460902
1.13087720517613
0.975260327020684
0.749788398004606
0.592489254659606
0.398862985774493
0.818637926376171
0.763234201526221
0.889956642550522
1.06095421204287
1.61721582750496
1.53332437970319
2.22034381122131
0.452816820984848
0.854978792933371
0.9087740605937
0.425505618339445
1.26894714952092
1.1758791103649
0.647584795698878
0.758176460562253
0.882826289520118
0.777648306070978
0.564775339879944
0.819534673952463
1.02886158445879
1.5126751384644
1.50353152594134
1.11475722728208
1.07176894758532
1.85535172858051
0.551516279914975
0.328570148183525
0.237784874901764
0.426955567151331
0.998321864402435
0.773210709155493
0.757533377882275
0.831214283871789
0.505355702003223
0.785485691530516
0.485612596371366
0.341071975436602
1.01123952541038
0.974529273311212
0.980290526605258
2.01040529804217
0.526148409416973
0.607608903372678
0.863628630755058
1.00941633832371
1.85027098000876
0.836377900263233
0.369631195138833
0.294235928965953
0.509274991448278
0.318504925015226
0.863330498062391
0.330589592211246
0.927200581425474
0.948043447220037
0.920571140158662
0.786726227558837
0.794703364501101
0.717366476140034
0.291760687891902
0.230615091535875
0.29644181043351
1.02774072330072
0.801919875972419
0.486953888501176
0.8639366339813
0.735816121106407
0.999223066775644
0.923419148817852
1.16432797513422
1.07093360552226
1.01618802606061
1.11444178387467
1.35011830554436
1.23272051851697
0.378663528384918
0.408579295246993
0.441516267054809
1.32190800322676
0.943655619945783
1.00490883885055
1.39762551802864
1.74356999634243
1.5720187660089
1.43601468552643
1.25539808714722
0.831408950892807
0.873907292988898
0.782155071450849
0.152086473559117
0.235739297460161
0.298282517207216
0.331212187978217
0.5056032866275
0.409195652391887
0.843047899466728
0.787124741037876
0.80255083871665
0.622407529657741
0.323810584083286
0.402293133780983
0.270894390323724
0.350122140752658
1.25718684620102
1.1544638071782
1.00171765918297
0.870022011040652
1.13532531349142
0.949395882296298
0.888645873054832
0.808401922860614
1.16650682688825
0.779214811763076
0.888373022449027
0.611446097194991
0.314151532434806
0.695048242096069
1.23594724746343
0.349113717890099
1.96776109902927
1.6992436434781
0.647374121547485
0.576559277814897
0.220737514607612
0.367967658001662
0.715476094651357
0.731328854845439
1.19258067238785
0.724945691362903
0.333239849973287
0.409190903229429
0.81798353966019
0.706689410495295
0.599783828817293
0.753597668711159
0.320462920388726
0.650509554823022
0.775182984619348
0.67502974359949
0.381353790407054
0.824906221190154
0.722338295515065
0.474713091104397
0.75833101552188
0.356798646720116
0.829579132581852
0.60756820497106
1.31760889847764
1.41128741571921
0.717212628821597
0.959724773112142
1.93036703976262
0.487417312169023
0.342474610735293
0.290818227226917
0.275082261232101
0.958241077643642
0.454491492105032
0.513498817672509
1.51161210599891
1.14234060774089
0.864073459618922
0.586142148979333
0.645302707243198
0.760658893951307
0.490698509887832
1.22412680995123
0.396449825251432
0.236123598454385
0.399181740397764
0.986206304080056
1.61259294764696
1.38284125418679
0.888213355718142
1.06035426350119
1.45275616577243
0.721612475968055
0.669130284790039
0.339833532683081
0.516033803246973
0.357676486036229
0.954679026809349
1.37168859543633
1.07515276422424
0.576508086888844
0.902209612658591
0.748841170660756
1.78184676120782
0.368896717867109
0.292701302148845
0.345524678231186
0.95194097767815
0.521135154538507
1.47586944759965
0.331850131642791
0.652542597795162
0.327612398638123
0.233552647102031
0.174346330589964
0.708054245881964
0.288440626070747
0.403702938824756
0.451677941679073
0.514672959900438
0.248113410187196
1.74180366783363
0.647764373649036
0.930810702022869
0.601124903828245
0.959639117528837
0.53590917671888
0.41185693041425
1.33998528313189
0.300816917883988
0.86505966171422
0.687896670227223
0.660049369186851
0.716839156003836
0.366843335360874
1.30539134530611
0.78533995997717
0.691294532525862
0.441325763869992
0.202303005529499
1.05149822912183
0.649574188046636
0.323681221469879
0.862960273705299
0.723943602251904
0.744499774551639
0.915100734303736
0.735907799851925
0.56689350928375
2.04321528419943
0.365974188210585
1.19658332137598
0.781547126998651
1.05937800319881
0.721578036162198
0.726266791696458
0.486028866876476
1.01308183395273
0.780231869957832
1.36883254353693
0.240115348722151
1.25061317499282
1.31473118714879
0.566497304559651
0.838413633871965
0.734791828179025
1.40420526866274
0.71360873214276
0.546494402381673
1.28478761409091
0.38043013855199
0.739086095949794
0.473441022788077
2.05837912778525
0.98285464132252
0.344716378592179
0.297647215234792
0.211240830437001
0.72700208777324
0.888977288589119
0.393744578604318
1.89083724563061
0.843266777089392
0.379344157330749
0.767721928120621
0.332038787124442
0.220957353864701
0.758874623096058
1.15683174265094
0.609711234620015
0.542915130125509
0.421155072540233
0.748240392978066
1.60814350660984
1.3418757776138
2.1577418069599
0.834994793618312
0.838993342993688
0.842988696709014
0.771484865776384
0.955969780361416
1.20729105690334
0.602398343548137
0.794368422823277
0.325289276546861
0.8303808001343
1.30205632735342
0.437714720243006
0.330131137684802
0.802202486463375
0.499424930816806
0.369585453784564
0.39073943249281
0.526298758101844
1.15120154819052
1.17968602530729
0.73751868484007
0.373819696131938
0.416011279179073
0.842948910945233
1.42253193762616
0.273364029689991
0.533637431462825
1.01528622136754
0.889954685061504
1.55478518031279
0.902940059291646
0.597941178311822
0.372189442264643
0.721181433418535
1.83998700348348
1.18387908165208
1.17112883778323
1.07850037129785
0.83184563674696
0.417509953421346
0.372261386453002
1.38705878769704
2.10469261878902
1.38041585208888
1.36292136312237
1.51287073225601
0.479921600663384
0.782816847779339
0.424531110957768
1.26210125048694
0.868242276862568
0.55593003779924
0.501755752191742
2.03206862333694
0.986682605646955
1.2778954409021
1.74963011513383
0.722346652512248
0.28535641302718
0.250516410497906
0.61958664891583
0.793651797958231
0.807720947715088
0.296544572400131
0.52979546359828
0.450260440521707
0.811577315792076
0.54561703435316
1.23141205195163
0.934733251159552
0.734074554320167
0.715392567419562
2.25987190642236
2.2655979431791
0.634111527679665
1.17375175392337
0.524921549584466
1.36334770857398
0.949513025681053
1.71820555229517
0.463458421963629
0.299034770689573
0.324564070652828
0.925469257761132
0.433768667180965
0.61616204982904
0.25604642131713
0.781625974935252
0.843530885377678
0.302615892522639
0.697404505655261
0.383312258847333
1.31798570925366
1.3056431457438
0.43768833261539
2.1158154753856
0.83655105183834
0.635276280701059
0.876882981648844
0.594194660490535
1.24143327205553
0.608178154817687
1.27746875700945
0.790271601745323
1.55714157732578
1.13575604773092
1.31428700934062
0.903847045241672
0.897391196465318
0.751527423985723
0.511903249004215
0.537864325526356
0.516760894941075
0.934319610718535
1.16371031812324
1.08992245732183
0.460225864792215
1.30057265021833
1.80519837458549
1.84719110804203
1.55802408331639
0.366980404835439
1.880800816018
0.352398341268908
0.277611323501924
1.17287943446758
0.577200544631196
0.475371265389198
0.916850225980954
0.142855780560679
0.76976547075493
0.714370128797591
0.465429273301686
0.709817113563794
2.1378094884759
0.789054777452083
0.822118804753614
1.13103046250831
1.26812771282998
1.23476397527243
0.443273598337877
0.420392143189438
0.285147603266187
0.722940892963889
0.53841974305083
1.86210510556532
0.27280769035303
0.292774991995559
0.892041087122295
1.29265346910439
0.550018358420623
0.620629135603392
1.55689911412436
1.51237330901938
1.0394789411044
0.613045925249668
1.5439880588234
1.88100359138514
0.928644961397996
0.418257126049478
1.38985968087727
0.626312824991539
1.12742527187889
0.755059075328261
0.521846270875806
0.923619646146949
0.697776245373067
0.648152212902547
0.393285625176369
1.07682389505807
0.894608983177022
1.47230213268798
0.622241328729779
1.67037208445723
1.47278997841536
0.20106745599292
1.3071362153921
1.45267967305214
0.568263711265895
1.25647100217959
0.748796100241399
1.30984796011397
0.335039216366951
1.60950669135008
1.4503714246287
0.791050833724682
0.932792123240374
0.767624901236147
1.24301415595673
0.794778772335897
0.745872912627488
0.753998212391806
1.35579598347791
1.75233618468779
0.415979697984622
1.28278821567217
1.55375769229085
0.754341002924044
1.15601047904145
0.147564380081374
1.49444804271379
0.3731978985277
0.41509934059745
1.41991314138271
0.984743936172136
0.727834000852538
0.814178137635473
0.618153350363311
0.375038971158182
1.12900040982923
0.713527540935507
0.71332518512282
0.435066619360748
2.06156922803984
0.322905343801256
0.581582883708629
0.600471860567695
0.487117401211466
0.791963643688812
0.719490890440049
0.718074578849079
0.556965592448773
0.325438670176952
0.781205383906414
0.304857308223443
1.09156184486496
0.897551841459037
0.717449602681959
1.17930530859707
0.300114284411961
0.218639593172601
0.753843339347332
0.672249819901488
1.49543300941782
2.05037615346996
0.68274469036467
0.992519109653148
0.867459104936259
1.11923111218714
1.07392504570601
1.70579225075383
0.881482449207674
0.865137954160835
0.813259264042077
0.765358889977528
0.726574886889403
0.734248376527932
0.298128924335282
1.03521409470084
0.649057540984961
0.327933633146665
0.549921636653717
0.307096345315752
0.634297203734212
0.737550778991968
0.486055068405487
0.361493420133946
0.503386870067079
0.456614420264279
0.42187676882208
1.12245882347527
0.823069329768142
0.852958420071732
1.2778749198984
0.542070028457255
0.346147219782067
1.05836933671892
1.09551097305373
1.19464865550424
0.255936863610864
0.765225815626797
0.492344625669378
0.847106114353705
0.769734795790096
0.763690319190169
0.576892277268191
1.8337568815164
0.343076513106158
0.522176036095839
0.684306146315032
0.492953965580591
1.26389603319938
1.68023947854127
0.590915855363498
1.04151739832386
1.31040265847639
2.06604051231986
1.04634890257655
0.98037229233267
0.942040440055433
0.409006816571943
0.819886105685888
0.380532178753087
1.39360020775568
0.431103221689356
1.20102695909974
1.51296353752338
0.717789137330523
0.741867792265112
1.97426257671123
0.978767113769413
0.716643601466713
0.228197375241634
1.4226303473651
0.873412126056721
0.641918070829712
0.547927873368638
1.23086194223919
0.489905154673716
0.764420357743413
0.497383769507496
0.566569267565455
0.509871699622196
0.898724147053195
0.601827090408122
0.988427187388217
1.33981993744292
0.74127766680944
0.870481622608053
0.737361612370217
0.554330797609009
0.936880033187832
0.370305099342929
0.394851792416946
0.374538339655392
0.738929117058214
1.26297798105652
0.729324480858568
0.475693428644516
0.332807878237042
1.56409895563269
0.236737236491096
1.22650213256967
0.724900571261447
0.44793217270427
0.192266968346558
0.382981238211259
0.83228649337319
1.4191563029957
1.07565136399006
0.505753948820388
0.692878230284354
0.692257839548796
0.804975705401624
1.28108699056562
0.656532693594012
0.396637142249269
0.786689338249737
0.739417212897587
1.84123653588021
0.300484830741055
1.82158496579041
0.710028257524656
0.714608733042639
1.52372755912945
1.63744557558797
0.388538012340956
1.77292662576038
0.69925943481293
0.184050363673287
0.742280429129152
1.29509840332141
1.22049172958103
0.820003306369599
0.827380117930591
1.84052885354296
1.21029035966891
0.354723602047123
0.32680095232466
0.952493018472253
0.721382860485931
0.322890416162207
0.413884492590581
1.49874970227012
1.35582114632822
0.735373552693693
0.77457751363601
0.872299665669026
0.219688761526606
0.30051239041613
0.570935434916372
0.331740918485763
0.32551173522186
0.269594832282108
0.995334513283623
0.417560754598882
0.760839188543909
0.788618761938858
0.841453547707628
2.02173629149363
0.79955194688018
0.733850990208148
2.00376260048333
0.301359497974564
1.3309835880461
1.16673756119016
0.623330739698711
0.643612767428068
0.837415469579614
0.40108593265696
0.235856647900244
0.558800284493381
0.629193821205545
1.31322033002374
1.11099837526492
0.722666295037151
0.357062231748976
0.275368249167946
0.394926460682571
1.12545897202667
1.31865384174603
0.67308761705618
0.678116785211232
0.734294683526025
0.745034784203029
0.361630718498968
0.624717696089261
0.777132053422583
0.957608298610193
0.673683093949551
0.586538512877391
0.584796387305046
0.720508848390024
0.795803998598613
0.908280698472636
0.770940851414252
0.700629484879664
0.626572459600405
0.401661212288205
0.589985601081627
0.717481002997036
0.458147590126638
0.777096409126812
0.57941550505093
0.692133760903405
0.330363312124778
0.995812061869855
0.523442150574295
0.504345843690555
0.756636159136075
1.11876893700134
0.713348958712597
0.780989892937817
0.700930095308233
0.470375400666246
0.697820624919968
0.729162957831815
0.766392750090455
0.692388676027887
1.001083196525
0.722610631668729
0.886915456824586
0.633444057831528
0.481903485318234
0.382936785176804
0.749311008857296
0.354406007886609
0.369520732647219
0.52578424415771
0.442356073850496
0.897985756270245
0.711058581136481
0.816429914988265
0.740801626468706
0.735085352393497
0.58988051900988
0.672208628313933
0.334035252286398
0.78549994143362
0.741263294076241
1.08429506316851
0.972934700627951
0.834249284189621
0.571260977833912
0.55734511735004
0.560739315909929
0.663078742328779
0.596596326654251
0.528056741400405
0.739492712840824
0.69598782950476
0.659150216952905
0.68243929516772
0.692909071041912
0.692073368260681
0.709189258698165
0.662655086360255
0.662689473861641
0.695596087336122
0.633175953349233
0.576105628064589
0.550953853064204
0.57328638460006
0.315828148450841
0.356165682903295
1.08531141371301
0.909330333533929
0.670455320159671
0.634570014739843
0.706402341636144
0.686765352691709
0.959065865877517
0.644503624426494
0.638286027548917
0.706123135500071
0.745339788315293
0.888564623888485
0.873346647378238
0.810951045487456
0.735905322867996
0.719746038779152
0.693553383339067
0.476892920497602
0.432074015935391
0.602538642769382
0.601428152456499
0.555854763227875
0.484219729970223
0.531989414598987
0.427118958987935
0.755149518297798
0.693432697283844
0.393032407069802
0.502816724593251
0.956519587182141
0.443062554196295
0.799663490375431
0.772857374370885
1.13506610644839
0.334585964565957
0.97031743903134
0.777907803167364
0.697391893831556
0.356618399900548
0.706765122278093
0.775845436694103
0.695740452968566
0.517408055528969
0.505241365602949
0.730620356905823
0.505117603561366
0.732855138436411
0.703155286832514
0.736892441360911
1.10005964431902
1.00019600784572
0.895335202598902
1.00047394695008
0.826636382126612
0.884723424017649
0.764611297915326
0.81734909941089
0.717860344492799
0.794755210410312
0.548822140914609
0.701535712766448
0.766771592274938
0.710171500459633
0.698546019273438
0.659258862052956
0.562608859277995
0.697427704324138
0.679165810323189
0.33988592413899
0.361993556947935
1.10163930612177
0.785631513291113
0.726222575955812
0.529726077659568
0.722020323843085
0.587609477536893
0.747054926778784
0.323764979543614
0.730149214501069
0.721727601954185
0.681147446527429
0.703983005935398
0.540042304412577
0.524035267148472
0.69314795199344
0.683741859974982
0.691865730208567
0.68466614444193
0.671506837525372
0.68924051762342
0.553882711428124
1.13704802176488
0.536183265209001
0.728358689497777
0.820090622791228
0.407604825962557
0.525649264380782
0.516396987421904
0.639808735445628
0.800452755980282
0.480848739661476
