0.609900651762378
0.434873442424314
0.977633315970859
1.00769256980145
-0.0929882547382031
0.532863694806436
0.964066063228862
1.17465686229772
1.35806364202513
-0.0569842628889322
0.307352277964857
0.429500240383641
0.90806094434895
1.14891990065692
0.733326182567281
1.5373443155425
1.51919602087772
1.32473934197291
0.971423265502675
0.747769379220408
0.656324093080749
0.497585413066879
0.858661091159688
1.08332458303471
1.44073020506269
0.520575689665872
0.235393330291517
0.706954531756124
-0.356425004566963
0.358933851201106
0.613313348937715
0.459515402774229
0.765426068776459
1.04067746450043
0.799376761331743
1.58416568648734
1.47060655132514
-0.0123324098601428
0.481668276431033
0.565864851262767
0.672732561340903
1.07475329420938
1.32041899265885
-0.297619295970404
0.915945223390071
0.60365562592238
0.0864146238920311
0.403089419344778
0.147852944485615
0.631306591166987
-0.363129484438918
0.839374545775382
0.965326681808294
0.369829968915999
-0.215823080206817
1.29155708099684
1.2270337671334
0.914702305030642
-0.157288902498236
0.939313755283101
1.16809554742552
0.868873976715933
0.886416223095447
1.2682751540619
-0.0111134491725179
0.846168599299544
0.351046214782121
1.57810275802146
1.54008227171738
0.0217158371124149
0.466534614157686
0.554986281186809
1.03501612136618
0.983771052087577
0.154219240909108
0.773668295442214
0.913326723314276
0.540437948644585
-0.137683000401712
-0.310328091336236
0.487925405757508
0.181819089440553
0.446672977260492
0.903605335395301
0.696008183639758
1.29086699542659
1.32003214886277
1.40804217279693
0.202512486793277
0.51672843912336
0.663429615583019
1.50540845647162
0.751846373627563
0.437178552238524
0.587439152820515
0.545112352908975
0.692590327203323
0.364768337392927
0.82844759384593
-0.327107991116732
1.01519272978294
0.698528453040836
0.931043303933961
1.15671467986388
1.2241683242982
0.914241301980654
-0.185300990543463
-0.209749405684883
-0.359591102847978
1.05385915845215
0.643897480240013
0.813080994339494
0.00348814390805073
0.89505761167545
1.25212941455592
1.06608474495772
0.967351885526033
0.998991893936459
0.896410614427195
0.976479770197669
0.927476388633313
1.12941489539343
1.09959502567115
1.14498284579139
1.09879662905896
0.993078889350575
0.984294062767044
0.873213736567118
0.864339132014619
0.960059290415534
0.326834098185297
0.229584404020184
0.264526530376925
0.344123068458859
0.515328405731042
0.424198578269457
0.337158100698135
0.760143838457465
1.76987851700788
2.24022984255386
0.949377848996271
1.49331415155285
1.82992240627417
1.55800803760289
1.18492613896546
2.12588122996172
1.05068612687241
1.77041164623492
1.03672074853698
1.14292525798792
1.69719072520836
-0.0418651911299677
-0.374852552666464
-0.830680173184748
-0.840514912842279
0.578583664069746
0.228670837047216
0.23486636223858
-0.415798378278738
-0.241154942336363
-0.508270818802124
-0.00981096048142588
0.128692280743978
0.192237862091777
0.330290025142472
2.86982365184419
2.88242512325468
2.56294844578587
2.74100754650182
2.7913113977439
3.07289803130768
2.25625369993819
2.45454503344111
2.1325376465698
1.67588251342454
1.7525600202311
1.36695186643997
1.59276223466886
1.14686872327253
0.988146508381005
1.18782562842886
1.32833950514986
1.59284059780767
1.24315262720148
1.13641800552445
1.08074376808428
0.810744375268418
0.972180655208202
-0.178589184930957
-0.607809449841438
-1.20354387900952
-1.21241642349884
-0.895502097396905
-1.17342165316986
-1.00331283032866
-1.0675226889425
-0.73627600987717
-0.0804898244355162
-0.223443717956026
-0.897497431542114
-0.0549946099256234
-1.0789815461055
0.0569286892490211
-0.610232143548831
0.184889316450184
0.602141650212007
-0.330089002839431
-0.493619585189621
-0.285168685998739
-0.245863795999452
0.440586722990696
0.46187421203527
0.726530458372144
0.565257157637463
0.29786715700974
1.20563643551643
0.993553655357301
0.693528923160288
0.267687718890083
0.0151270413832033
0.240693754185048
0.98541274649545
1.57624105792651
1.68185709338521
1.85789477572511
1.92139174985308
2.00426413075142
2.11891454545264
2.25062818430151
2.41524557101088
2.49665474335167
2.2133479721485
1.86887224954531
0.496134144409864
0.269447717457863
-0.03889842776682
-0.0956671943816815
-0.0197547858038277
0.603186495285468
0.197476328256801
0.0222683074480584
-0.00801875562055643
-0.0459643397145004
0.326903033723432
0.849605694956344
0.835180949531692
0.416852216485956
0.187796107726955
0.74054811993125
0.597520670807384
-0.887245865872075
-0.761519818969543
-0.961691324107667
1.11063998784586
0.857004014378799
0.963093971376611
0.876607207177564
0.904498799719203
0.735165271027928
0.618877394435612
0.496516126798728
0.160527050029517
-0.615700668030289
-0.356972280693555
-0.952533553754649
-0.984182569618797
1.07745561776257
0.965966615206541
0.75505011892806
1.02409148780913
0.736389571528188
0.468267716706287
0.605100108239615
2.28612790429294
2.67155145940416
2.5229612045237
1.12057837453886
0.785706963387587
1.47216375436655
1.30499259289857
0.54554214378131
0.742621735807956
0.630472941342219
0.751844916684596
0.741119724942997
0.833964013031711
1.4837349137653
1.02803959726247
2.06019612031001
0.957028860704646
0.847408863805951
0.762274468683909
0.711722342842829
1.56828890596398
-0.209910691229788
-0.825448055980725
0.476379074679631
-1.24740807488685
1.40972434738525
0.0631014988057789
0.154085646516021
0.347900169575295
0.503345932061605
1.25047848088096
0.648505026437138
0.702363500195314
0.797771154711144
-0.843652835929038
0.0494349877778252
0.988782293192124
-0.566765270076635
0.181589024039384
1.07066512091042
1.03145332156584
1.07107464351721
0.888710623973323
-0.220682228845419
1.55563732381271
0.441956904911088
0.437803770215838
0.905592746898827
1.6983381446777
2.66106426676899
1.85959835659451
2.32727753496555
0.0549436246936688
-0.148267536044067
0.983244517838247
1.01305926701418
-0.260950189116028
1.64890207990947
-0.113328507277621
0.203184510180926
1.01452961225334
0.634012695384983
2.26061733497817
-0.0379094704198816
2.25316012750331
2.45586896261721
-0.188035216172336
-0.658795660774026
-0.423204582055824
-0.830603492397193
-0.431117874753244
-0.899898055282799
2.49417606488131
2.18036000531547
0.205543880362827
2.1126504954606
0.00668290388448884
0.912166755567003
-0.450013964327089
1.75125143014784
0.538021687145535
1.15430070885532
1.15929607647148
0.844704530027716
0.652671229076369
0.283363550923144
1.07816093836882
0.915089689396088
1.0518355246349
0.693304880181789
1.84778918083751
2.42301912348015
3.09686620567634
-0.890691799227237
0.553999217900363
0.932386414087744
0.455687693655771
1.69174594587568
1.18430428350046
0.269961674088557
0.530342298078891
1.03438955944006
0.788912992287733
0.443590624651769
0.922937739697049
1.47294342637623
1.58052203253173
1.70249549896942
0.833747785224676
0.537792380182428
2.26309435493223
0.493738491794144
-0.0311633472840597
-0.357156358468359
0.506089431500686
0.790988929768861
0.585714035238416
0.546169127050321
0.801496894885744
0.177794638381228
0.452872714407366
0.393288371555528
-0.0324798399432556
0.915519690479594
0.562902499692983
0.190679549454679
2.91853578098064
0.901243615131676
0.997056833698866
1.37448312008635
0.433316091987501
2.1376359271336
1.14528317742599
-0.815044729818213
-0.578411167551003
-0.487324845736035
-0.780228457107566
1.16834242084434
-0.953044440373212
0.949808909859762
0.910180337534139
0.977897858823679
0.796274300305665
0.96405497861023
0.309112315620724
-0.797496419948109
-0.714421320898286
-0.335819168262488
1.25720556877398
0.779259393748629
-0.351171922449089
1.02164801798178
0.448116688379918
0.861423807495306
0.852497469619886
1.17257696766861
1.05550812009131
0.971394951805617
1.09703277484164
1.4447236562555
1.27792847532584
-0.452212108893647
-0.513637366453904
-0.181167713404003
1.18240602259021
0.147792516739701
0.260837625970383
1.53065463452926
2.42689107559674
2.33777618492517
2.0728795585493
1.49642438238199
0.811593618290655
0.854173475200443
0.639180491167358
-1.0460179771602
-1.12779258256921
-1.1259336690986
-0.905818223441665
-0.455284039505133
-0.458003410111826
1.1280912911599
0.335774782989832
0.431150968200257
-0.0780005072124937
-1.28232677492915
-1.14988349907153
-1.18829690319422
-1.05487656381522
1.56768354950984
1.58038640764818
1.62838662404076
1.45722718669485
1.47495787993153
1.32553747743812
1.2572858158196
1.14585794773425
1.13954186374129
0.275843296162331
0.440945064037778
-0.101739236973846
-0.672021050556051
0.897536970740645
1.8091082423084
-0.616767899687175
2.64065769207095
2.03729508841737
1.07492078163266
0.305977751339835
-0.743098368497852
-0.0496772366572447
0.370603343872986
0.809683596001294
1.81283186172316
0.711764981846594
-0.582595107451381
-0.30357629168633
0.973646421484697
0.723686934212157
0.473205066177976
1.08341667551412
-0.300801063522405
0.381520239723014
0.613834342746688
0.982880033467948
-0.152804564035486
0.678279838728519
0.89962690160852
0.739633874796986
0.963306248858553
-0.4869377977855
1.30682116910487
0.24799894387755
1.04221054748932
1.43056780607756
0.424897845125342
0.186392517039993
2.46255262958836
0.138745838843615
-0.841791655154949
-0.620348625953132
-0.667587694053594
0.668194666789251
-0.278818765360079
-0.972944704816528
1.63612275898729
1.42914730140127
1.45230583477223
1.08931515408277
0.948660900804066
0.343329211598056
0.209420434376669
1.08548637737993
0.464169698315674
-0.842979041138821
-0.594078684596715
0.826968082207885
1.86666515943129
1.41292209923247
0.479386519480055
1.24339283430687
2.02411557445627
0.259935952457667
0.780426785913513
-0.48303598709394
0.330851500778598
-0.554483526401724
1.26434582250591
2.22202133968746
1.50858861905344
0.938472448543725
0.95363988557627
0.816245304850159
2.34155780665475
-0.323959397325502
-0.251639814209398
-0.472931347870312
0.173134945069379
-0.00358366686564927
2.06488455808685
-0.701656424205316
1.03079434627194
-0.826591422618921
-0.866661528411846
-1.12089960567606
0.394928698114707
-0.541124241388694
-0.0623372705746353
-0.168354042352739
0.969117734189068
-0.790028434067233
2.11567427872836
-0.0244423612354327
0.934631631598908
0.505121802070829
1.51171424642851
-0.230937972638053
0.107222793088542
1.29492022333833
-1.14969258656353
0.759850253298248
0.903338207750843
0.919337317169916
0.550639396264613
-0.850628267657857
1.14656434322947
0.621732931766573
0.479138379200984
-0.194137265361594
-0.711197036056844
1.09805753170836
0.723137766601346
-0.295249945186308
0.713308995278761
0.852175156302333
0.221042852841325
1.38211129117337
1.043781189698
0.304532326934591
2.58456633971121
-0.56247382505171
0.808589153901848
0.66879706151452
0.898006104415761
0.415069588964878
0.337662247789386
-0.502288994896433
1.16002914602784
-0.072132851339412
1.50596643486689
-0.399562119318688
1.77361887766034
1.96757382808264
0.997368767808998
0.591215347791267
0.663232715874744
1.77227629751127
0.907412481870318
0.650559864025997
1.00364697723592
-0.614493887790439
0.510923716123147
-0.876883517389585
2.83183219863527
0.520549995075164
-0.430077010144938
-0.702292747197506
-0.526900760713638
0.249086497921494
1.0327376872098
-0.821723438707545
2.33541531877278
0.808015198958887
-1.00045075274238
-0.0243365114542611
-0.450864588344759
-0.881369021490386
1.03764654345205
1.32645150814936
0.946448912989637
0.129741871056156
-0.0806104985681054
0.741412730793449
2.16354534928647
1.84695227849017
2.90990369268579
1.33502063407055
1.37480035855056
1.39862183119383
0.702517753025665
0.636527260292733
1.55767942287163
-0.158024484240717
0.914842049198016
-0.713311962539656
0.970351918171118
2.01139358224239
0.119395148015409
0.158706736014502
1.03180722872742
-0.686216382196326
-0.71903998479206
-0.426614151768286
-0.23592358974664
1.6364388303788
1.13680830288159
0.563121172663983
0.392781155570425
-1.08860100983843
0.894115332013987
1.81109727523164
-0.556595208304239
0.294314844436507
0.790836356286084
0.866072063401605
1.96049929484584
0.768122345249283
1.05858197954913
-0.265992520207059
0.733391640447393
2.34177048492377
0.627162715404026
1.81068240978677
1.62030249092402
0.914718159907264
-0.00661884656710512
-0.0944678534175204
1.53221258118123
2.82611525809565
2.04206046229189
1.94262451534322
2.35347624928117
-0.396035012354091
0.963502473122996
-0.185077919646103
1.71616936094949
0.512286533051535
0.248535247778714
-0.337664798546227
2.41402102631957
1.07203699448123
2.04148960673179
2.12648250980025
0.413523333946291
-0.450275993916149
-0.792287571976247
0.369895265031177
0.901261759307592
0.761708024627598
-0.636801133197837
-0.18280682296116
-0.286268558610237
1.22587336810957
0.333375736192222
1.33832807385061
0.789276225183635
0.29656249785306
0.382365561150341
3.2454158760631
3.13242805928848
0.381648958553017
0.893235109093812
-0.434912213296417
1.32159692260755
1.20784985930708
2.30309811894139
0.636615682509484
-0.732325273262454
-0.582386002134951
1.22330164284868
0.112287491371038
0.312196635487831
-1.24518389960549
0.753404571303185
0.426554902729986
-0.262089792819141
0.488781879486583
-0.286083223319653
1.38657670964183
1.33657981324561
-0.564197893693304
2.63110619379867
0.213289517573027
1.03420229762087
0.930033138376202
0.105876005064369
1.70460104964683
0.0322969054033871
1.25222877216707
0.481299946102973
2.23964819318267
0.630077714779754
1.99020164591147
1.50146882032105
1.51539976679254
0.18264192496879
0.826292095519468
0.882592581366535
0.926517111831588
0.539374779995878
1.46956774251931
1.05249331052096
0.110513168954256
0.880708415446484
2.32563157086404
2.38796610247231
1.91113970308601
-0.734709074894987
2.21490376867604
-0.710177142389462
-0.171185315303914
1.44110815879321
0.218101956152829
-0.0564428638454071
1.19756493935793
-1.15960268593053
1.04176497702345
0.114180608661124
-0.227997185261401
0.198831733084966
3.06390677875459
1.03155545811969
1.10208719062768
1.14315004744508
1.56495354829086
0.826091470002379
0.662728850679942
-0.351084688648758
-0.829647656467823
-0.0832486528006741
0.200983899235613
2.06715027750865
-0.919824385921154
-0.385763143437028
0.833910909385871
1.39517416507348
0.274014434197305
0.495919288574848
1.81092696589973
1.57177580884294
1.00662652544182
0.374375784868007
1.80307056923963
2.23945524077302
0.0510692116212047
0.127116067354148
1.97504315023715
-0.168290320545179
1.00148376908243
0.445532130295362
-0.32308147982099
0.0397810514418355
1.03793020016857
1.10636770379441
-0.840872884803706
0.293526964304414
0.0343400474595195
2.20694537295686
1.09814445003598
1.95579047246753
1.6216580967839
-0.900148384320359
1.79216672112702
2.40362796249718
0.34427617541319
1.69430786011534
0.543105502392989
1.81250105198124
-0.543256897653223
2.17580726139795
1.47319030290557
0.989660456513736
1.50665275912359
0.823634125762255
1.63068827390487
0.70147425958341
0.407960624820064
0.801004666707031
1.68776771134758
2.06874887233437
-0.676188231980966
1.08096328024885
1.97146237113278
0.563522961035999
1.03287090668564
-0.676785297010697
1.46740064808199
-0.659576241434964
-0.554143395182166
1.99898237440438
0.924321549885326
0.318370183044891
1.04547948875956
0.580495436492971
-0.319403675260544
1.24818429864336
0.48800134017192
0.429757188443394
0.0543865787296238
2.81299356588942
-0.493893911780956
-0.00474359072201331
-0.0404620627638898
-0.793159477000846
1.19062868135811
0.325730979509487
0.315238857877251
0.945826035234521
-0.922797837312683
0.572558128722462
-0.606415737811394
0.885445203238577
0.955673539533181
0.65102504321306
1.23881211552745
-0.750188149678383
-0.837037194527852
0.527387576996182
0.322922734087632
2.41079004142339
3.09402752225196
0.929766200034136
0.986125733656288
0.30035235967811
0.864564940854279
1.28483414119917
2.51725700818489
1.09147221458243
1.05356653117628
1.08064525015584
0.52647535158983
0.506615408475228
0.379150277822692
-0.0227547279499455
1.04624787446652
0.616569078128219
-0.635388790173696
-0.271667087591895
-0.692173619430691
0.63346924537527
0.906495538081316
-0.295112056665595
-0.455052546366176
0.928048933627035
0.789763762936247
0.615393593169046
0.784486815863407
1.08008574290277
1.09378418764706
2.03676572451574
0.144184906400462
-0.711340480796918
1.01285579528842
1.01916603660517
1.18222357872516
-0.795551708774202
0.449436998795965
-0.772314224068029
1.03999672954024
0.854794411808786
0.907819013233865
0.284317600627843
2.38593225414589
-0.910212536563076
0.237547412033022
-0.0172201905179338
0.201278093681216
1.19737825354624
2.06987887450328
1.08618911260495
1.46685080972468
1.16950805632079
2.65681763474132
1.01596018985997
0.871207939617041
0.756131146526412
-0.260941802474575
1.18534604165635
0.152600043700945
1.93718615841206
0.415611506607291
1.68351138601538
1.61627977751092
0.248921109414829
0.0312636185102996
2.44179305914121
0.892091934333909
0.397828012065798
-0.612682677359652
1.85278236765577
0.698033722557955
0.984611795132298
0.761206227781263
0.915633906501941
0.742597310831888
0.81500012972112
0.843042419552852
0.00235466108871294
-0.437842941502542
1.00704829199232
0.14900179046966
0.779071153559363
1.46324250693948
0.812926523747582
0.336024925887004
0.53415523253179
-0.203454819879395
0.235534348205753
-0.561078859973847
-0.323763691234607
-0.438651535220131
0.813031378078675
1.68628108358478
0.433058694429021
-0.185056723549108
-0.0632409379742729
2.16278498214969
-0.570717052290698
1.8433221457545
0.628000939210432
0.53082340817129
-0.769286467653025
-0.494141034503303
0.71496854980024
1.39557613372004
1.4887357912321
0.302311529903245
0.0939842500549952
0.370836162340032
-0.0703458443857025
1.0919298376435
1.06256539908932
0.146865057626944
0.608998024149248
0.621329940026456
2.24121733284759
-0.482333262254053
2.3317916383629
0.943525200206273
0.865605669407677
1.56210157245745
1.89205717932051
0.0163752729280487
2.13879788734006
0.437852648946738
-0.922803935159212
0.890612087599734
1.75264937004272
1.57967267939189
0.391572526857811
0.919807068182737
2.29288846799606
1.25802854531073
-0.530396213677421
-0.446069757014287
1.06057851161108
0.457610867131178
-0.421595301482581
-1.15689630478447
2.1173872301361
1.18344774991279
0.777533203699827
0.874564649672387
1.08415104773934
-0.88254521501982
-0.801971052481171
0.932073903462896
-0.193843195025515
-0.385466781736517
-0.308197049926025
0.599333673317029
-1.01640759327194
0.648155833677163
1.13268457455999
1.24083596300296
2.405760262298
0.821624744835697
0.791942533716272
2.48552918716134
-1.23743294476563
1.48931021902013
0.95198063058759
0.546267348387011
0.568631346610097
1.37058486017545
-0.638411498778792
-0.670272066465578
0.458767111391408
0.933671431475507
1.73278274951393
1.3383200591243
0.00208429849302028
0.12986662764322
-1.0371314009574
0.342763931346247
1.38943726891241
1.83408156176751
0.597768112089776
0.57893619795668
0.774498447501848
0.819436824468652
0.347955720996755
0.867924116059691
1.09083591573278
1.26138718503141
0.859058347095057
0.647858476022023
0.695147491711573
0.781870295493564
0.825058489778485
0.90155575564303
0.787101807022545
0.651134791337203
0.804035376563237
0.0615537997970923
0.587081337251423
0.759804609008884
0.292783663241563
1.14964763653025
0.843234533829279
0.539617091628148
-0.0390256467460133
1.12040069032356
0.588662074102729
0.569777482198335
0.959854674387287
1.30833067739599
0.583322846978579
0.702627267203482
0.97326110578321
0.324259745406935
0.839814367260643
0.795341290588961
1.1684710999253
0.509144030047215
1.17501998918911
0.661168226558695
1.25240258135439
0.886689432391439
0.37857161126234
0.180058111223558
1.08098571273019
-0.0449966575886115
0.434214161130291
0.717919005690327
0.263590651527923
0.950395597158485
0.7801671040965
0.939193818970218
0.892657266446696
0.765538964976891
0.673308941857115
0.80533109126667
0.289716718717967
1.08394446565148
0.844243300488735
1.2554660964516
0.979547806101113
0.852389393113146
0.686510349306514
0.683452203153355
0.617824700529259
0.869662088647015
0.747719446190879
0.61910298280266
0.784195204466509
0.499842121113615
0.604903774848457
0.568713288049313
0.659172497014055
0.677824149503477
0.770378500407945
0.714763893690415
0.707005634207256
0.786024453005907
0.52811558532288
0.560654240724259
0.802761552017999
0.755726207204593
-0.0190055616238485
0.234111138582569
1.27678184557759
0.89763558888588
0.922929084913317
0.849440113710633
0.552550000105683
0.57075044202752
0.972160617453896
0.916047196699703
0.915162019918288
0.885226626158385
0.837421747444174
1.37406134917777
1.26715054758223
1.03018389204855
0.6292503626904
0.657360959558672
0.594956629474382
0.451118971193359
0.4072199800109
0.880136290818361
0.8381250356285
0.609026180948548
0.453781609126335
0.565274603180092
0.0941203652713094
0.843509376458425
0.712844165934554
0.283760969922995
0.660834146527857
1.05337891408924
0.258098859258409
1.18049351135461
1.05431246136202
1.36432719466227
-0.159921608540712
1.19739407809378
1.17469028855499
0.544046201550847
-0.122526438375736
0.650410142410971
0.676125355633808
0.489185970602214
0.35550845453045
0.281492032125191
0.891852955992153
0.423557572234094
1.02849826427981
0.515401197796191
0.867631233411319
1.30783272852812
1.11968252925533
0.952672650393327
1.0729755243973
0.862263674531745
0.908848967941987
0.822956262484482
0.862568883041447
0.956554777442328
0.790261358003464
0.667391756374099
0.814850448381035
0.824546405265232
0.733452190144197
0.477346889111753
0.909146978500755
0.851733559889333
0.94783578849324
0.551863402881188
-0.0941843527697263
0.000116809915113218
1.37169213457194
0.967422189552254
0.852273467225865
0.778864511009411
0.571054019667521
0.723107955914017
0.827677332750672
0.308922270652376
0.938226970574033
0.725840744464588
0.665739024841356
0.764468071930589
0.447360978961232
0.457769926274922
0.535194463822243
0.540964985469272
0.560741855675128
0.596552038209709
0.578736824583048
0.677432325764057
0.753336641415323
1.38782422172699
0.532346017892516
0.912790560966511
1.19500354532068
0.129687627954674
0.365606458462238
0.524422436129004
0.813223965018137
1.24131668497144
0.524467109434021
