0.740336990265719
0.740107004254846
1.13159319005991
1.15656742852293
-0.154331562910587
0.762895129941898
1.09669093662268
1.32429524609216
1.55031505191114
-0.0450711543776384
0.303675889384029
0.428826890216179
0.957864340517209
1.5781422013691
0.637432893447925
2.01775602784744
2.00309781929357
1.60972665156041
0.946493242488923
0.75710206821802
0.737981995006329
0.483521867068928
0.905458901178759
1.03982308953567
1.7240710529305
0.769531309123257
0.30225628567002
0.883070648850188
-0.417267801279617
0.341697935070621
0.808808089946547
0.761438684740055
0.818581007646363
1.179578544074
0.965261875770262
2.0082190353734
1.90742311289257
0.161805621504947
0.732138035873989
0.750867651759175
0.649799089216593
1.12284377179756
1.48437555937806
-0.398422767885969
0.887779104117178
0.623136408417815
0.0809201369694398
0.437508037754859
0.164686605258335
0.600142363107363
-0.45987454271476
0.865740953933445
0.907357335552987
0.673466095501514
-0.186989067803558
1.60910514481398
1.25570379093818
0.934144544668661
-0.239444380704512
1.32485832492975
1.28098369104534
0.934926293650183
0.840052574997107
1.43559004094756
0.00146814520921547
0.815038297352338
0.41546957602343
2.03455175731941
1.90935911867111
-0.00597931172253167
0.479350070819017
0.528307858382711
1.18665497870319
1.09409199990866
0.208513152085907
0.779063987362727
0.910310889985862
0.7604475371467
-0.0460975612618205
-0.332748695077866
0.770449555196177
0.437583485344012
0.729188553989365
1.06319561396367
0.872179988912649
1.38113376430328
1.56182554353388
1.77822703482609
0.198977208799288
0.526197733408713
0.575958262627582
1.97884382492463
0.907087606268745
0.747181629870053
0.742493406789677
0.764598316929207
0.728902656324707
0.629824537734713
0.890002669713524
-0.426661138429797
0.956907959054186
0.741901962801181
0.883303815489268
1.13793016743317
1.6051132128718
0.950298178681249
-0.266554163246183
-0.298953623122718
-0.444661156377319
1.49375088258843
0.700548402977309
1.10770670638832
0.00559356369833566
0.954716314618815
1.45036197261493
1.09110233514585
0.919825501957832
1.04251072631726
0.786686419711134
1.12595391972729
1.11148406351888
1.32490172220053
1.30042143828854
1.30723835612126
1.20352853378047
1.20139484241748
1.13810253657418
1.05219271378463
1.06018403105381
1.1586046439453
0.149541377427206
0.322264291388534
0.141012675426543
0.494861501739871
0.417000746172994
0.432767423599411
0.202501292315454
0.711313132102136
1.9190798924599
2.22993645355179
1.07671114492235
1.87870164739499
2.23121400144155
1.90238161516822
1.32365304463464
2.1855292860585
1.05800341287328
2.0467658227413
1.16386286616484
1.10827863018278
1.72895460516635
0.0175015879109135
-0.459630133061461
-0.798505580442571
-0.97631469926863
0.535288569727375
0.254552943649379
0.319689999879515
-0.256308881543157
-0.291608562930951
-0.529856739134689
-0.0944158836658048
0.32054672595062
0.392927291208303
0.207885870022326
3.04987575485277
3.16386296253293
2.82570765689254
3.00824438362046
2.9811069087427
3.35876740290599
2.18113235032421
2.575287684453
2.42733200182272
1.71838904496089
1.70454536466712
1.3383499301817
1.61610466311529
1.05835839421381
0.860083040538441
1.5357488303517
1.66484268726783
1.90627096212237
1.44443049276403
1.38899915507694
1.28576987853778
0.805993443342884
1.10946600958323
-0.165573948966269
-0.730272803468779
-1.45186823053204
-1.47732494705719
-1.00850320771158
-1.29612828096241
-1.02133517342651
-1.10270549349921
-0.749212767743632
0.0248190754412245
0.135664210704743
-0.809195347263664
0.000456893718773296
-1.171404897308
-0.210601010774985
-0.840235631304866
0.28284560601477
0.749173206249797
-0.388695860988778
-0.616942414572653
-0.295395653378084
-0.46799534840414
0.428996389817085
0.419387832394733
0.838103409154622
0.585250668169549
0.474093607760624
1.6726825482638
1.29432227191968
0.766380040436873
0.140818956203903
-0.228656599877967
0.108586651121003
1.13159830058948
1.79509010761382
1.77995600706618
2.16243892893636
2.34471407903572
2.22615714743229
2.42462570170824
2.27823552013933
2.3410858351133
2.54781033142206
2.39384018991566
2.37609536709292
0.210611905669674
-0.0362511870353397
-0.372831784274105
-0.431636462748192
-0.415318183412127
0.376485562977611
-0.186452798448146
-0.383582599406658
-0.331172941049682
-0.354692262232421
0.151624232727442
0.919482493713149
0.874035959377633
0.39220786102007
0.0155374835260126
0.886552827032283
0.759125710946854
-1.01344069250378
-0.970868151960005
-1.11671343201906
1.28329908110649
0.8918025298908
0.987259504068193
1.15633497079173
1.09568551449894
0.813127861184346
0.828793169932054
0.593033907419062
0.164710701350364
-0.778466157413307
-0.530999613557512
-1.22852164074289
-1.10699270337149
1.38522193676554
1.43636514672839
1.23889835697264
1.35320198302708
1.21922866835282
0.849297818109586
0.391996893261677
2.20398037851543
2.5301082933537
2.51587802558807
1.06328909090996
0.779208848493932
1.55451550507819
1.41394082733748
0.66543149242072
0.636401482983678
0.65926067670295
0.694109007676614
0.680273007228542
0.698938523481771
1.53269586364543
0.914684607974389
2.26270992710755
1.11556314994121
0.951300713491268
0.864480957357431
0.613029515962236
1.76707835414952
-0.289979586911951
-0.947899046410862
0.446343687106498
-1.46288370402333
1.59384522257452
-0.0344923584500729
0.224630674278734
0.642690532069032
0.490124189108273
1.60755718919883
0.564419825798258
0.800718351710454
1.10275938817936
-0.956982501164852
-0.186289304680765
1.18027570677298
-0.62990964687673
0.365085018115855
0.961941185208563
1.19707531293366
1.1758891368128
0.920479804896202
-0.596674492636255
1.82058838568203
0.488086447285858
0.429923575132958
1.1093815686312
2.20491419620938
2.91618037456624
2.31622937127144
2.53882346037752
0.0237833552827859
-0.0594311615517657
0.991898435762607
0.858320711388407
-0.391257188556115
2.05514763287309
-0.371799490390678
-0.0756812792424973
0.949919771167336
0.661244159886766
2.27302236693105
-0.243970149664941
2.48720784263844
2.65641622526562
-0.0649280251730189
-0.712779765852715
-0.417041685825773
-0.952514400361973
-0.52025076712284
-1.2111557999851
2.825374160328
2.56851855742594
0.161437212715301
2.35048311269984
-0.401712902827542
1.24274556841616
-0.510908623882576
1.84799586325475
0.669254497343841
1.24591735994911
1.18524399833123
0.700715114922306
0.570745966079151
0.288477889361653
1.25126161421243
1.08261110668138
1.18750156818414
0.633202096691658
1.86541165124033
2.65487155194462
3.24374218514168
-1.00126557694878
0.487526729089805
1.11119632719524
0.656525613016228
2.19090762710836
0.990638733912895
0.401487333560424
0.400043349565537
1.0375177249296
0.742747366874369
0.347368859773751
0.831616665572102
1.60012024221043
1.69050752411298
1.63861145906636
0.959807049413756
0.561300494421884
2.19418537615508
0.606510995745013
-0.052042608143696
-0.223937623667971
0.586182661953793
0.881163493104543
0.705006923690871
0.719161569956784
0.720011052966969
0.283716704255211
0.769739440839505
0.864355579372202
0.280684365430759
1.18399037825027
0.579631168889064
-0.0276704229400944
3.06626740575435
1.07153036768234
1.13523450785812
1.38950491213067
0.346618999359967
2.18442972666085
1.31325321832318
-0.931984671212049
-0.694930520735585
-0.578980425795683
-0.857303007351546
1.35307615453153
-0.965270800569018
1.09572940932761
1.11479870311681
0.980788221412245
0.629235291695989
0.847056538480262
0.396832764080493
-0.820223253145349
-0.776261694092156
-0.419266809064994
1.39899300492148
0.692682036268822
-0.480521400612342
1.04805071704153
0.722856775885884
0.703938345272047
0.729653223412313
1.05183830739554
1.13316959569627
1.05873907329417
1.09668872410143
1.34445099057617
1.25187824154903
-0.657059510175814
-0.329374297833047
0.103768807960612
1.21126133195527
-0.148813533931932
0.0948698613006123
1.55795253759632
2.53317692553053
2.57863444761011
2.46878505828032
1.67450751730318
0.973003847819753
1.03023157884238
0.635896428662297
-1.15206230497866
-1.22136677213263
-1.19233014921266
-0.886535664990899
-0.268243639975657
-0.374436267541432
1.28024669131328
0.282410364300568
0.531573810549627
-0.13576274885556
-1.52945086919538
-1.33732081359454
-1.41866442232101
-1.20419320913173
1.84313979393623
1.85934629464157
1.80630112194301
1.73111429873751
1.65866791906556
1.43882672368247
1.25018287596683
1.08184850922089
1.43303986537994
0.304053637894086
0.466900410430317
-0.191721337104719
-0.777026087060984
0.860982377445767
2.19427625596964
-0.607820025795559
2.54234623578971
2.07034543650538
1.28655140806916
0.38663056731889
-0.839638809674682
-0.0288654744963928
0.621366623079199
0.694440794113233
2.11064875445474
0.868577633441844
-0.69182341415446
-0.381441244537357
0.922549304386433
0.568392473006659
0.233594218578923
1.49967686197512
-0.393449536614585
0.3999163812319
0.568233758371025
1.04437145803228
-0.217405340562476
0.715002873125919
0.814666392862454
0.884299313856706
0.857424717685817
-0.595349288250461
1.69004032603713
0.597099490879652
1.09372018654432
1.50259334047238
0.606311015456006
-0.0068600620382025
2.43845240977426
-0.129353101369578
-0.96906576238496
-0.706773211228747
-0.741606320003483
0.471555852539648
-0.303569380824149
-1.08671869318919
1.5310847426728
1.68938718179776
1.5886459745031
1.46532284535504
0.99948988929639
0.184412240556943
0.306525402883076
1.28476608680512
0.677198481701134
-0.914433182555914
-0.669870164433361
0.583540604897824
1.76069687817789
1.6716683207862
0.358660408683033
1.30988740424382
2.43734436077467
0.421811708048094
1.02273420179172
-0.49044359365668
0.454590847315285
-0.614950189006893
1.36577722506082
2.58250773785108
1.74569609983658
1.04155233919675
1.05160412533427
0.965740572039308
2.6235896512598
-0.42173526076747
-0.326835748979942
-0.567476072246338
0.0718010586212972
0.250401078914973
2.30688775435545
-0.721874694627157
1.38457740466899
-0.851552468565109
-0.855079530999144
-1.14248688086693
0.37088701997392
-0.581951039158046
-0.0914426789602531
0.16987097008879
1.43389702810408
-0.892556696338184
2.28976619743313
0.0013475066873028
0.856481194071793
0.401122377756911
1.58606271037867
-0.258213342014644
0.379135436157937
1.26579710131638
-1.28732723560926
0.729304081960087
0.870258020112914
0.927968038692339
0.734077069554134
-0.972256859527062
1.17646569036416
0.715845030602728
0.455917760772281
-0.0564665151282999
-0.655921533877821
1.22912707709198
0.612485872652049
-0.365377659123741
0.590596568886871
0.751248309250699
0.204403472122027
1.7070833709157
1.21641566134057
0.393167736984507
2.4801419069678
-0.697367260024063
0.791225500665938
0.5862540608227
0.736782881921659
0.50460003430375
0.313904591927347
-0.632831596294228
1.43721088240922
-0.342836665329052
1.35171416382268
-0.402147055498563
2.20376389827149
2.38118773313889
1.20907129004785
0.659886716641789
0.783946368449525
1.95518742581486
0.86870109127756
0.977225507897246
1.28235023292698
-0.725360817714268
0.751682593462803
-0.984158299855925
2.80853886683092
0.388038061428178
-0.530994468207449
-0.820048543802533
-0.321566313843354
0.190898795828885
1.05468991333441
-1.02969173330368
2.32259335677062
0.734470901057738
-1.14917566403481
-0.220698505093498
-0.535580058011806
-0.779825386338941
1.37512933033739
1.30210880511455
1.02262394947406
0.439922632515457
0.14173114892333
0.586462458094079
2.5553129627538
2.35149252131123
2.91708703310125
1.37947635136922
1.66270804810196
1.60365006578069
0.654444033426156
0.589807913359187
1.98944077134361
-0.455864616388655
0.824940342724401
-0.797385397224987
1.0146856441184
2.38857465599789
0.189246262444615
0.381316927584942
1.32580385811498
-0.790082787724173
-0.83487902892143
-0.525878694031567
-0.111858585491677
1.96314258098681
1.3687760656837
0.62386143399105
0.553071418554708
-1.30033746549465
0.829798779721011
1.67759137793665
-0.67698244743092
0.307438400593752
0.645247086692395
0.881580673975426
2.08105988753053
1.13559841753196
1.30865464716636
-0.559515502906102
0.873182449931067
2.63808879665771
0.668386615781366
2.04578944721557
1.72890679766768
0.823746795277726
0.0552998494202344
-0.0720230007978058
1.74772989338935
2.76518235299947
2.46373540538951
2.40383360387406
2.68188768506159
-0.583021948836206
1.14174787010328
-0.378551840011099
2.19897078743955
0.268409876681231
0.360212081902237
-0.403127703119511
2.41499786602443
1.02908779830227
2.23161431479467
2.20263627815177
0.723962984427711
-0.543271184806705
-0.960058995753323
0.0324877960434275
0.912529391255367
0.670692899478233
-0.657947375592891
-0.274673450970365
-0.41908956216276
1.20666396049249
0.0731531634502228
1.36686061579113
1.2252980713851
0.527306606900745
0.679395784394615
3.51271761660945
3.3981636123326
0.428082131002983
1.01670708541701
-0.588438626014014
1.54688543757606
1.5107005291368
2.41745939656729
0.704583838561302
-0.704062209761511
-0.610844033641308
1.23174857083093
0.200042092004803
0.373525286849611
-1.41210587628754
0.860116478320363
0.417765191921701
-0.320658589934992
0.474259166129725
-0.366478254425645
1.28284930071544
1.33685318667086
-0.658937552330728
2.64124552846458
0.0928735610895981
1.19399616450016
1.09009155140054
-0.282282553797111
2.15827184864461
0.165218067683183
1.44987190349456
0.342945131416443
2.31725494141324
0.579333037889635
2.09569446362644
1.60667300848535
1.71233297841805
-0.0513974890339961
0.93295644876217
0.988901990917429
1.19337748546765
0.515402568944774
1.81670409387653
1.23421042539679
0.241564609479181
1.08141240702804
2.31192258679296
2.32252517909218
1.98960460591774
-0.848411162554261
2.38228547971357
-0.872369711150629
-0.123886547240051
1.72501983655645
0.346080165787106
0.190368721730912
1.23429800130488
-1.20635863035562
0.962697591054928
0.145516480260482
-0.269156102951594
0.145103796961402
3.37873172762939
0.932540929820982
1.02785889006852
1.33426549144704
1.97226794650467
0.851535345149588
0.869740848909746
-0.295710274293123
-0.778193994452066
-0.301996039121454
0.0850959642911759
2.10534265887845
-1.0743595595501
-0.490655163862309
0.770116715534116
1.27289206036232
-0.00800102710846979
0.398265463835558
1.76500895344993
1.91398167910712
1.10168200788405
0.440918641931357
1.90410395057257
2.20193014506947
-0.213586164430994
0.0560217482045537
2.31575925373567
-0.339442741979957
1.16546800068218
0.428917183388885
-0.667302889441947
-0.1635121479135
1.16743340190798
1.39451313395265
-0.95371892261227
0.121061770403072
-0.20022252524128
2.54543136230122
1.47731307960979
1.93801625563784
1.63971934618243
-0.925229949494471
2.24260839256005
2.71318311889739
0.00991356797943104
2.03261263642745
0.459524174694969
2.30616032511324
-0.645967466428004
2.35113855577177
1.59584480393691
1.15848405176135
1.76241079080442
0.82122194202928
2.1352887976916
0.535497820172381
0.384245694146227
0.708927459450362
2.14821100097814
1.99601114445853
-0.604119403956031
1.11449705945943
2.19107049316389
0.727890565219056
0.933357813800894
-0.739969439969886
1.61428959837944
-0.919136146286443
-0.629123870066641
2.35593784001233
0.770570409116898
-0.0131745075709418
1.22748594528548
0.621853126308995
-0.423773107179176
1.53766048698381
0.697702738906039
0.666119573604136
0.0739050327120584
2.97989167344529
-0.432713369833322
-0.332896765715666
-0.04282105806345
-0.973014034023962
1.62235439422704
0.574548460751253
0.496426890299469
1.09551042666828
-1.0450343291179
0.674307675298303
-0.660282923597957
0.762619789314533
1.13815728488421
0.824434881294272
1.06628486021839
-0.773602542429434
-0.841119044506266
0.502005693010164
0.350040436771834
2.77209175738468
3.39172622960553
0.929760137073759
1.07555332004495
0.268956321595312
0.805720187310435
1.44365141181426
2.73105577498812
1.25518665711052
1.3047382358999
1.24247757058228
0.694033816403296
0.362494580296812
0.666929734237781
0.109520418087903
1.18997650833707
0.439111761196453
-0.643694671616981
-0.0766183711433168
-0.756572418571705
0.682135581361274
1.17680952608607
-0.390205297728243
-0.537891514244205
1.29950809589858
1.19594701407719
0.93141290363592
0.972230872626553
1.21948913105911
1.20879085150501
2.35384050471171
0.309612127435472
-0.77032020903914
0.840330609215304
0.804229115046642
1.03665341579483
-0.806924918367666
0.671092080530993
-0.877300064833797
0.973796148562487
0.701587195760028
0.774999137582934
0.373125040476527
2.36257693307298
-1.00261929538564
0.329491580491403
-0.430172276078922
0.292636723615175
1.17658498794076
1.99550652852149
1.40946397557693
1.64217477212331
1.39058143988101
2.58111728169974
1.10271737356343
1.00289275832277
0.897103364280817
-0.198368267125665
1.58397486840904
0.137475982898395
2.43277161260222
0.425426090422941
2.07886419312324
1.67989843207789
0.308130035147458
-0.333014746468392
2.42929960196372
0.833533097930477
0.710096529792786
-0.702221309921833
2.27798348947295
0.684675131648771
1.07609712635255
1.03783485508891
0.89746561469366
0.828386182633629
0.96108891781283
1.03964828418325
-0.261704834091326
-0.519866196396212
1.22300270716007
-0.260206377028517
0.795537242287782
1.64352447820146
0.679554789899184
0.186658784832058
0.755117910418263
0.096820756062748
0.0454979090726707
-0.670654663031044
-0.420635667835484
-0.543097539903972
0.975402752439549
2.15153340422935
0.45832859498207
0.0183810296082377
-0.106297181916512
2.30579945367158
-0.314277255994509
2.19046942589119
0.772802279631472
0.567105637850328
-0.895823380905968
-0.625819484682847
0.732238315311966
1.76962450650005
1.48751831225409
0.565400227180397
-0.260461117653202
0.415797692274852
-0.323471742105155
1.11781583528979
1.41650343424995
0.178375584548394
0.561020421454996
0.408602473408068
2.12975639794765
-0.524041020432619
2.28170487773327
1.32013870021699
0.792077721877883
1.64309230827221
2.04398735859295
0.0785657869109754
2.10095448155163
0.437618551310038
-1.07971857773867
0.776241987260143
2.27055544865632
2.05274330250206
0.179293112447377
0.917137358877485
2.52798383222129
1.6870313728978
-0.666677233707004
-0.523089676978085
1.1859884180127
0.752664551771513
-0.528141717158901
-1.36666222784355
2.44450291559792
1.40962667912713
0.630872932112337
0.796588436159549
1.10402988107864
-0.842604511388999
-0.912683045746271
1.4353332434983
-0.272578556241064
-0.481473108562517
-0.406570333193507
0.421768644078964
-1.30821804246466
0.608991929323407
1.08292601441937
1.20992357335736
2.3872211499029
0.933890024417358
0.945016638365373
2.36079616782732
-1.4365600064774
1.48103995998412
0.883816746461444
0.413729876938612
0.334388267619981
1.49293609196551
-0.493334602746152
-0.494737924742238
0.239712752505375
0.980256911462352
1.94833757601564
1.4106802329692
-0.376497020892873
0.144392706304996
-1.11468259279097
0.399281206467965
1.5621762422509
2.2252545147992
0.715765920110334
0.73987408879515
0.875180866975369
0.91585216300583
0.385639265125009
1.15262180417751
1.42748486010559
1.52690493887726
1.02454754880041
0.727615413385939
0.710379172986123
0.97088061202015
0.943486168263179
1.1165663353511
0.831728164985901
0.726641462067661
0.817680970533888
0.0923672586593485
0.694194818022558
0.821347750563576
0.384172813986785
1.34606597231606
0.848783314569848
0.788484807232829
-0.109106786794346
1.31566323386838
0.861517392125102
0.570183991322038
1.36267673338631
1.73715604496814
0.750116037960224
0.750898482682578
0.955940647177136
0.369328058482226
0.953313956213864
0.949743835158685
1.51752246736823
0.771433498847444
1.45168228813182
0.688427798287898
1.64601794944809
0.886224555400547
0.423408170940581
0.179306148155155
1.12463310671209
-0.107910262931923
0.456144954461684
0.71634024301989
0.431234397384287
0.972524876480701
0.996654140102476
1.01324511311699
1.01980938206744
0.945517950390206
0.790350037628239
0.892314900776762
0.294096547420783
1.44180970280237
1.09138988363446
1.63460370726446
1.25427289006869
0.940490756653415
0.696251356907245
0.85694223626008
0.736047928081182
0.914650434419751
0.735807869027296
0.777248559031134
0.988602798075931
0.781992293572596
0.751311080353726
0.763933280033269
0.847555795370419
0.82550121784425
0.843050921960243
0.811675508636581
0.808783991599284
0.985244612428404
0.551383939945655
0.633700089100174
0.813487065694434
0.745518516635531
-0.0816722323323708
0.218063170847485
1.66364957560574
1.11841245403263
0.907316545554798
0.852725586734351
0.761918116613542
0.744495560599204
1.23704387110051
1.18383868198529
1.23680977881905
1.0104768352648
0.942989397703918
1.76632856530236
1.67108059494503
1.2567443563165
0.743254139859253
0.739719168040929
0.731733267732488
0.542170002202867
0.460786790768816
0.898799760114336
0.83413467327262
0.668491452808891
0.468996472165536
0.600980273633529
0.220332399080823
0.838845782976161
0.824198026679772
0.273607992715067
0.664413741303236
1.12535576927464
0.291052612409177
1.51050524880746
1.47731291818748
1.79990258570704
-0.240121815167988
1.40786225750268
1.2496441063561
0.782755022830055
-0.141161697229634
0.656071130048178
0.744060468128277
0.767774114003877
0.409160959364147
0.328198691352806
1.25996311284631
0.692716794638383
1.00552206123877
0.774937357966344
1.01327963098771
1.67872440153896
1.37904569321785
1.07693681192516
1.36988995325974
0.98020265246449
1.07846787557984
0.91070487617139
0.978600883728858
1.05793969102345
0.830473716780921
0.67003379313178
0.921890165735474
0.954260890775851
0.903009510585242
0.770722901671629
0.900298852095951
0.881280701837458
0.914483658997804
0.557073841715053
-0.170618536014089
-0.0510542324284924
1.74348853732133
1.14308065237638
0.945925334240258
0.800903573404341
0.754489881641332
0.965878278648889
1.12785796550466
0.327048822961632
1.07258676053003
0.788042816897487
0.733524787115655
0.864909655554355
0.486477672107
0.51817783248651
0.764684374097087
0.761278434868275
0.749401949449048
0.806824158051587
0.770972757850166
0.840972420880122
0.746688150525243
1.82212869667656
0.622731690087305
1.04771060225863
1.46071840602211
0.182554932014064
0.483380354638415
0.683704350192228
1.03783514187516
1.44046925376985
0.523829344446802
