0.739434898421617
0.749876148102179
1.12760363755301
1.15019597055798
-0.139639458038014
0.758675696930337
1.08796471890934
1.31396461489677
1.5464625484118
-0.0405762812883339
0.301818132862955
0.42154446611967
0.930462818834896
1.56870685063919
0.635214859478847
2.01427310392548
2.00213898353989
1.61595491026774
0.940351845693613
0.753017933906747
0.737128925584993
0.485859803148811
0.91063028953724
1.0330633923264
1.70479150500375
0.771643183726392
0.310155576871996
0.890094175917019
-0.407410508332186
0.338030179712952
0.822184622771211
0.767472215740091
0.794164864320513
1.17739341817758
0.970582984939257
1.99631660464306
1.91125705331381
0.155478790662896
0.746393345096304
0.749721471244462
0.658958163426941
1.10476135316096
1.46459703652131
-0.381745972352616
0.8773676789865
0.606519051774892
0.0846156932345778
0.437213009066143
0.177283449143929
0.607537268245479
-0.444662294359043
0.861361090549504
0.902451640786674
0.665600572758885
-0.186332552988832
1.59193630313679
1.24201926623153
0.914088406789382
-0.223757437375737
1.32251917580007
1.28228338709213
0.90615719873511
0.829277673472896
1.4156701506364
0.00102240300029325
0.809476853740801
0.418966150830006
2.02710165098228
1.89441783968686
0.00781566470993412
0.479246239697508
0.534748262136182
1.18142446914463
1.09582615576096
0.219545641678738
0.788261474840922
0.89522819903501
0.774929752975718
-0.0494673699614866
-0.327147532389731
0.774649141192601
0.429192441754448
0.741764414405484
1.06390940870595
0.882198675276672
1.3634530264532
1.54242270869633
1.78358619745233
0.200210957607751
0.514148031945375
0.579678811702666
1.98055676838693
0.901599528230769
0.754987821988877
0.741089123836018
0.764695037418327
0.70793630333821
0.624212671448636
0.862569832854908
-0.410596222524326
0.952295618793963
0.739602824144577
0.876503351849375
1.12825785470785
1.59284683347512
0.926186555000039
-0.251122525216214
-0.282581800961817
-0.431478199445236
1.48730021824174
0.709415319986104
1.11034601663472
0.0102416222893371
0.926062893335649
1.45498220501317
1.08793718050709
0.91835359437316
1.03900642212464
0.785473749439444
1.12793871701132
1.10823431914861
1.32335539748311
1.29720349012853
1.30851886346067
1.20420303581701
1.1982569252656
1.13316987768111
1.04795489159014
1.05845963306876
1.15567635364445
0.151458017130554
0.329984728204905
0.140171637415288
0.500388120994409
0.410771879981008
0.431375477719318
0.200264374262232
0.707042102186059
1.92081450351231
2.23063241606235
1.07084938031047
1.87679661504476
2.23232873154957
1.903081942072
1.32138468876937
2.18279050082939
1.05604652100255
2.04591106663303
1.16845321520254
1.10692969187823
1.72804847834355
0.0214309066600652
-0.462470070700822
-0.79512201798683
-0.97109083437336
0.540168260656918
0.252045448730383
0.315095433829959
-0.254240103095253
-0.289070875667665
-0.531293044550419
-0.0981487053052303
0.328567766252194
0.399987392248462
0.20564246905256
3.04880397212033
3.16565083658087
2.83123145393936
3.00854972403444
2.97543229474062
3.35495089054757
2.18740349225033
2.56917506269988
2.41851692218909
1.7207077489881
1.70655527101772
1.34327398194559
1.60664401729573
1.05533936209533
0.865287864010019
1.54229314324548
1.66042225884794
1.90335741594576
1.44376074554021
1.39087181383876
1.2888833828003
0.808725828103704
1.11537581942311
-0.161028255254541
-0.727878702174516
-1.45138647250001
-1.47350193552357
-1.00104414202653
-1.29078282837272
-1.02573219497887
-1.10326960574865
-0.749592194850123
0.0279207963010698
0.136780829483883
-0.803782670717414
0.00285279641241639
-1.17110592539461
-0.210720887494162
-0.834933757658442
0.281819112748546
0.748681677705346
-0.383146005064705
-0.617508659190496
-0.298029918759304
-0.46859954018276
0.424564355318768
0.424924273040366
0.836299767429836
0.58296511528588
0.478289570410401
1.67214669795593
1.2969494603044
0.766989983475925
0.143561191629117
-0.226806429619418
0.110207870498058
1.13145903510763
1.79748803167715
1.78027276905558
2.16050412161987
2.34069375186972
2.22509090456172
2.42131680075774
2.2775936537883
2.34014407918742
2.55152222733021
2.39511335568642
2.37424352917857
0.2073317823548
-0.0331385947957184
-0.368023957209611
-0.424710415136938
-0.411899016234527
0.366671779927144
-0.187189656475953
-0.384682818333868
-0.33013134878595
-0.35468041314861
0.153041877313477
0.925966212718756
0.877292000054006
0.395582100830502
0.0178360774299504
0.888577548371361
0.759037693693582
-1.00617989818305
-0.967504181694691
-1.11296596504654
1.28077480820144
0.891487149129466
0.978827647937278
1.16154028025964
1.10360646325862
0.815328085317387
0.83043540462108
0.594691314289108
0.161833255705893
-0.784381434293553
-0.533755843735742
-1.2314578044745
-1.10341419795705
1.37529403540039
1.4379016473251
1.24407710880842
1.329550907584
1.21592186716119
0.848190900552481
0.391990805387976
2.20281242478495
2.52533134506165
2.50774647363673
1.06594770069072
0.778823749531772
1.56312406656316
1.41918219981995
0.666230413724509
0.633230936259909
0.657781903466965
0.692385587836605
0.679067208230408
0.700815549223821
1.53076920950145
0.915169828459485
2.2604205588622
1.11772191424265
0.952115849153644
0.865288357508941
0.615811857134019
1.76647462165167
-0.286742193016284
-0.936274823900996
0.460888914755348
-1.45409460966791
1.5954024632128
-0.0315676665145466
0.220361326538555
0.654386436629596
0.492988843927369
1.60607157801381
0.559320223798011
0.806084847975645
1.08506249417871
-0.934246196590395
-0.182808489157136
1.18311852857571
-0.619880380258394
0.363466160804876
0.958263796552061
1.19444102746828
1.17773064624296
0.916111997656422
-0.593258914246401
1.81896017215416
0.488808132839751
0.428797974239221
1.1090545189202
2.20259201598605
2.91241120259654
2.31332169499654
2.54381112440935
0.0208493920507585
-0.0530235402026036
0.992033877342663
0.857571754108665
-0.39248701457612
2.0566194837491
-0.363311026425743
-0.0730067500709739
0.948688640860105
0.659993685562531
2.26787414322414
-0.24028002984445
2.48647208202309
2.65457620582527
-0.0644974527167086
-0.717320265076451
-0.411190265480024
-0.945487744815073
-0.508503743997653
-1.21098759238974
2.82675149132523
2.57295900255656
0.162345214734158
2.34997421979183
-0.403879133608292
1.24177525116416
-0.5116032728811
1.85438124991706
0.686976060665232
1.23797342607693
1.18303696273518
0.705053002545526
0.56851749806869
0.283527874755174
1.24801821080273
1.08520339450946
1.1851543656656
0.625702572714659
1.87160791690585
2.64853168216294
3.24009264606111
-0.990637507528001
0.481170318887025
1.11380334992657
0.658949649300314
2.19119709509452
0.990298482618279
0.402176718102901
0.398442924351074
1.03599475850665
0.748026939659913
0.356572850524883
0.821877943758711
1.5823726633822
1.68968198112731
1.64298843381182
0.956324975369255
0.559558160459898
2.19733588788234
0.605036377680055
-0.0496603452953722
-0.212441789244476
0.573473839132186
0.881869773248479
0.703150131817051
0.720306296247023
0.724352767801949
0.291474235116398
0.771815335688595
0.868198269112897
0.287753134438417
1.17762438214814
0.580580090304888
-0.0276493601789339
3.06463429355137
1.04278708728184
1.10598043914108
1.37939826619695
0.345545656612761
2.186372659602
1.31084640194897
-0.911848940552482
-0.678456928026178
-0.556937250753934
-0.842537950899444
1.35187697234989
-0.953207476505546
1.0975326374416
1.11880662691407
0.979156289281727
0.633806860441981
0.84911318299361
0.415976308661734
-0.815736855987881
-0.775302532232373
-0.410753935075393
1.39477612389046
0.69798106339017
-0.477351942906194
1.05016553981032
0.73016395948333
0.704250001096939
0.72534257898804
1.0519019815069
1.13520014166545
1.06011370658477
1.09580539982164
1.34322766446963
1.24873552659306
-0.659181532610069
-0.329637867256148
0.103778933629317
1.21310622221288
-0.145106892611742
0.0979025147819197
1.55629490661152
2.53642286630795
2.58625613870307
2.47185709253539
1.6747229089889
0.972910083892398
1.03074977576925
0.642069259277192
-1.15087295011223
-1.21882971692147
-1.18282085896257
-0.877598587062705
-0.260077708737758
-0.369018119287771
1.2807884357443
0.283792947508115
0.535951507029752
-0.131770161130578
-1.5250146522111
-1.31990970454814
-1.41457629291766
-1.1868647673242
1.84116090625432
1.8575415341992
1.80051958509992
1.71915121319713
1.65677804658107
1.43680279349569
1.24620910878464
1.07740530426317
1.42912598418662
0.299649942145806
0.464869234332501
-0.1989744188306
-0.766696577390663
0.851188152589866
2.1839844013012
-0.605139934371343
2.54762718625824
2.0723116966241
1.26542183561711
0.384419911045818
-0.837411858334663
-0.0173688616576211
0.637934536410247
0.693461753931556
2.09678494366871
0.879157251449938
-0.697317141013401
-0.374768902355852
0.906718635569062
0.560981204869829
0.236000176218916
1.50134310515102
-0.378760227791882
0.396583505533843
0.573190861471279
1.02496093312735
-0.204800777149807
0.714358729283861
0.812889000607595
0.863268673934104
0.859019931521484
-0.575485181973936
1.68497674787442
0.596826010236796
1.09407378415864
1.49650297765488
0.626169527374546
-0.00595899709196474
2.43939180781869
-0.126235821901197
-0.947028457137379
-0.691149020527114
-0.734414772445323
0.470495664199655
-0.304838247503764
-1.07082336760795
1.53291793500842
1.69456921129187
1.57221259257927
1.4525200080312
0.977325569464046
0.192596098906505
0.305465429884505
1.2885432894879
0.670290281161731
-0.920385707799294
-0.668387510637313
0.580257769259213
1.76598884537565
1.67053783744926
0.358805881146088
1.31074589981159
2.43450527261404
0.436718353856771
1.03073744011349
-0.483484021755638
0.456726350021323
-0.616622335319443
1.34588174775276
2.58002190512917
1.72626279022049
1.0110946648835
1.06130923378427
0.968880666912247
2.61950480946054
-0.404632526759919
-0.322257433079744
-0.550190863355804
0.0797476063084637
0.256176941368547
2.30176906871565
-0.723256517834398
1.38145979685731
-0.839863771581651
-0.852048277489856
-1.14813828405916
0.370500530017573
-0.578879698812861
-0.0799299901052825
0.170454020078684
1.42330254165896
-0.88511703655311
2.28867588760295
-0.000300439282375591
0.850568675224513
0.410996805142108
1.58134178646673
-0.264986065735275
0.383662890063853
1.26203721060883
-1.27577944374162
0.725979033153398
0.860450944828092
0.911519620456657
0.750700165813979
-0.963230957408266
1.17412874118354
0.715214062672052
0.457982067293659
-0.0573946048879825
-0.644962045289607
1.22727657084678
0.612700921443037
-0.360512175880644
0.587211802570568
0.749398362789688
0.214520362869246
1.7058671619901
1.20576683510486
0.396764966102439
2.47037640267117
-0.696896633640116
0.788144304741291
0.591802287588035
0.739637088739592
0.524184912135583
0.331142199565354
-0.630975531750622
1.43842015779183
-0.343300129200488
1.35547699159165
-0.391220703705868
2.19615593533656
2.37852668026879
1.1793072804723
0.659174043370134
0.795363363711214
1.95068888595794
0.859000309992756
0.980443596878201
1.27963165886528
-0.705554290881396
0.75596785449162
-0.965965424941152
2.81086760037259
0.385388630393544
-0.516792956310663
-0.806279623999913
-0.312333939124646
0.204169722096141
1.04971488014251
-1.03082955195235
2.31892477387762
0.738295412801687
-1.12716909228776
-0.21318999815101
-0.527743281986788
-0.783375126140916
1.37575488499524
1.30300826617258
0.995076749281889
0.435982767052296
0.137357869911878
0.589792270920442
2.55878623948768
2.35001256112444
2.90931956948923
1.36541664941692
1.64696958076828
1.58523995896756
0.662816012391211
0.58507006983797
1.99239098467231
-0.45469384105132
0.811289396285855
-0.789284093384401
1.01838819914042
2.38279889917165
0.199341943195501
0.383470425407877
1.33259584574252
-0.766371585512617
-0.812307805849879
-0.506284250844694
-0.107716192799196
1.94700846167447
1.36830321731127
0.63772327273195
0.556700927643443
-1.29156734301549
0.831645045051366
1.68016533691126
-0.676326267732775
0.302555279841949
0.652553685117983
0.88883592799069
2.08097025525376
1.13668305862184
1.28244004605419
-0.55681149232123
0.875379606168365
2.63604548718883
0.671212904112791
2.03162486104172
1.71472656378929
0.825112750459378
0.0627620840263603
-0.0624643974589278
1.74897031358703
2.76620775587848
2.46636480088898
2.40367783467029
2.68855747570156
-0.579259184699359
1.14111073648265
-0.372579403013662
2.19454891999154
0.267289329536836
0.355937869978679
-0.406672456329185
2.41544303596724
1.02438313717763
2.22256695964484
2.20793961082167
0.732531952263419
-0.539007644632878
-0.959573694149785
0.0254249375554775
0.913627164117193
0.674298437823455
-0.662291239735071
-0.27723961435141
-0.425960916646989
1.19716068963399
0.0793339589512553
1.36193714651859
1.22189463010822
0.537394135226074
0.691907083174832
3.50828107970133
3.3951148019458
0.424773313265522
1.01730340001361
-0.589608159482613
1.55046606864315
1.51364484085702
2.41728000351818
0.686269745614862
-0.699195091191629
-0.610081283288119
1.2174688344424
0.204007410854816
0.368994127424642
-1.40492870395685
0.859950608176084
0.412557807685199
-0.312927528074065
0.47697676486422
-0.354976272496185
1.28561624940311
1.34260126979266
-0.63868872356312
2.63710696762702
0.088891104258804
1.16892826382291
1.09574395862529
-0.282512722098032
2.15119649406494
0.171022028697355
1.45032683089826
0.350606851594844
2.31407245035215
0.577532209083826
2.09269688663773
1.59586905703561
1.70155999698985
-0.0493624457759099
0.906143237715578
0.959420622966063
1.16783576905037
0.510537700807239
1.82145129817273
1.22685582392529
0.242861739884642
1.08166922157266
2.3133541368527
2.3296391275227
1.98534427444057
-0.832209579859563
2.38093955182885
-0.867088885144711
-0.116736370093806
1.72342228011513
0.343127609004021
0.193368085570839
1.21613551137488
-1.2101430413931
0.960449648951714
0.14368353183881
-0.271587496325941
0.140595403018076
3.37709509708681
0.932485588547506
1.02587989869003
1.33244039032304
1.97236730592377
0.851523574976253
0.854878892710156
-0.297099363453228
-0.77879268723729
-0.3044790818824
0.0873021413820013
2.11018806022454
-1.07072790186005
-0.474865091803022
0.764908750176825
1.2773808260389
-0.0035781270547612
0.405203882144328
1.76798362211837
1.9121669966954
1.10009749403513
0.440638011001246
1.90210976342392
2.19757818719357
-0.21305605580148
0.0585970732916686
2.31261575221685
-0.334875194732152
1.16597911284952
0.427304767714945
-0.66029420381917
-0.156891124975587
1.15195437797755
1.37923742312664
-0.938907205868515
0.123674689529305
-0.199025775848738
2.55207227285981
1.4708043360432
1.94148128926171
1.64779547138775
-0.917897404570389
2.24103955660332
2.7083491214438
0.00766384617942814
2.03313128945311
0.462963123173555
2.30347418111412
-0.633671621767365
2.34594404337041
1.59640171156088
1.15783831907253
1.75641014673397
0.828056104110201
2.13518430871645
0.534714215800324
0.381505671864836
0.710237319718354
2.14774876590606
1.99852005056441
-0.593758212066973
1.11303150990787
2.19476424399623
0.727109309966252
0.936125084444852
-0.738924133397631
1.61681420339159
-0.925091913088539
-0.634916461024721
2.35062904673828
0.769104843819108
-0.0125425339390863
1.22654442965061
0.632701276755239
-0.423733588343066
1.53884656943174
0.714956453617228
0.683026269268448
0.0858718246449367
2.98158754638938
-0.434424510734599
-0.333273623558345
-0.0448546149668611
-0.975748858352856
1.61975522245559
0.589583986224091
0.514504334275003
1.06472595711977
-1.02589839270107
0.67323076779871
-0.66495698428268
0.762201674871409
1.13629493926445
0.837330687973817
1.06592332784488
-0.773897262142252
-0.839451811709649
0.503917896042972
0.347610841042596
2.77623276182992
3.38786911088095
0.926005298924387
1.07436499972515
0.269865457061398
0.80194184096418
1.44717747429363
2.73763764599866
1.25521630895374
1.31158524603105
1.23797248239459
0.696700966486061
0.366134058271048
0.676534457554843
0.11448763363036
1.187157828005
0.438773752068233
-0.633904947560394
-0.0723563217480359
-0.758217416977051
0.680305582160869
1.18442729201045
-0.392636182289274
-0.536657479205013
1.28024140699746
1.18366827477524
0.922624631242006
0.97046434183221
1.21952791969178
1.21017708940964
2.34465155411897
0.309250273064734
-0.767753903031962
0.840553964138093
0.802385238959818
1.03543994137884
-0.804276636867449
0.677239329464904
-0.855551145227591
0.973098247835016
0.706555419757622
0.779175263747394
0.368657614670277
2.36323131394408
-0.98724483654349
0.331606672085594
-0.428600055704019
0.30023574832187
1.1750015236928
2.00220688046188
1.38866338537934
1.62264217672431
1.38445418726889
2.58265346079036
1.09790488891423
0.996958548748082
0.892778490251358
-0.197052040993409
1.5869395025199
0.137348361654404
2.43049301722418
0.41634332252201
2.06681910650981
1.67658506338614
0.323811903229427
-0.3333221890885
2.43341188772476
0.835189633081073
0.719983034102803
-0.697567248802307
2.27934770922993
0.683517016058089
1.05170871214511
1.03771955259109
0.891996989906723
0.805372060138739
0.961452842499364
1.01495003662725
-0.259030591694607
-0.522352071564282
1.22543157215384
-0.263385115637279
0.792874970678244
1.64546599194389
0.681291426767095
0.185806429559892
0.756947695196527
0.101181721057615
0.0446424255474489
-0.649201174665551
-0.402648320739434
-0.525031413828305
0.981972721922439
2.15216206663033
0.476032664931685
0.0181384785009007
-0.102532933345723
2.30385037079532
-0.310126158410752
2.1786234763916
0.78685585738749
0.553251507115977
-0.901624805982593
-0.621560213517218
0.729958646901253
1.76548041273141
1.48377317477753
0.564779471213431
-0.257960001995533
0.412077950721649
-0.318413855444891
1.11594697361101
1.41141600820723
0.17986058161453
0.561484444610457
0.400687388043638
2.13089593468095
-0.514631297282036
2.2823370765578
1.32277149385787
0.786318302098634
1.64133189291876
2.04207714796962
0.0886822355798499
2.09944903743067
0.436058580730419
-1.07674860088147
0.778232246307862
2.26944835875554
2.05487144610182
0.18115887905575
0.921436498744697
2.52568484627501
1.68407436452071
-0.659733328509119
-0.514550231452524
1.1848659765027
0.759097178122749
-0.509645341631606
-1.35488733990067
2.44655840848986
1.41320411380876
0.618866133824024
0.784687220752418
1.08582786071754
-0.838837617843454
-0.9069742499098
1.43382744826214
-0.258381756088407
-0.467823524542871
-0.390952240356328
0.426187637565947
-1.30598330518358
0.616508669431166
1.07670981816966
1.20369335393795
2.38758035888549
0.935302954195367
0.951223312043373
2.36029570378507
-1.42074076600553
1.48120526626382
0.884777178215595
0.42064731597608
0.329586566295302
1.47494728594441
-0.487157653084302
-0.497247629940686
0.238015629778572
0.956678020298567
1.94874224327753
1.4123773724189
-0.372723675613485
0.143152243818828
-1.10231793018794
0.392153887924802
1.56598963272486
2.22312200590391
0.712186938938078
0.736296702739277
0.86782901549682
0.903503784237481
0.392211143040891
1.12470530411706
1.41313866680399
1.51078530609071
1.01123480021871
0.719568272244513
0.697954563817093
0.951416493346794
0.93195863167526
1.12583934098598
0.827256608425344
0.721835034335417
0.799825984770868
0.087697234310685
0.700868808792936
0.823796408315693
0.387462450109331
1.32446540109079
0.823717623208552
0.794846537274867
-0.0967567355336252
1.32172014013952
0.84512003167463
0.55980306237885
1.34857066198523
1.736297560859
0.747931185950414
0.746505577595551
0.943784401231648
0.378359277258401
0.950319102280215
0.949606234173552
1.49903174432036
0.772695551603716
1.43396168666606
0.696513549762208
1.63030463634646
0.868304854679316
0.423500859287287
0.191555667805824
1.10867255076736
-0.102705415294158
0.435639942749461
0.696199363631003
0.415947636952977
0.967298473099495
0.995658042923892
1.00050772942038
1.01038107338118
0.935180852412481
0.780846323858262
0.870945119577923
0.288591745122345
1.42081366790094
1.07197979540423
1.64007924870981
1.26229070658111
0.942477279495823
0.683766270263305
0.825119445198732
0.729462120658258
0.89479376581606
0.720601704613602
0.749975597103571
0.979195976770179
0.786071032873011
0.749221039447625
0.762159118381882
0.854056950255021
0.823573113099936
0.849540838991207
0.804805352355771
0.80834160667349
0.972576759091805
0.557042435431963
0.644730856856052
0.788789536460874
0.727744771902149
-0.0676223259330907
0.224476591017024
1.65137834445158
1.11140746817413
0.893912681704789
0.834829287781616
0.760030968417562
0.741199936964466
1.2293371237345
1.168567395325
1.2106114200537
1.00132536194738
0.930457799921157
1.75557317058055
1.6598231522689
1.24246027265346
0.741903734982606
0.735240872863911
0.728607605148588
0.554873175761985
0.469110983086339
0.874723827686263
0.812961778972093
0.661711483098898
0.464322701769999
0.594814626741611
0.210475630445527
0.831516016743292
0.829861290058947
0.262559865928293
0.646453261766827
1.12432133705039
0.293558854994397
1.49071405549929
1.46316573939225
1.80203112420576
-0.229191505435427
1.38798942610568
1.23246673287441
0.79335589971125
-0.138616967340188
0.666094270148023
0.741553047385667
0.775407276146596
0.41562901781447
0.33953747394864
1.25398228918879
0.68003547839171
0.995784517787445
0.775958726308775
1.01033012107903
1.68512935724334
1.38597118888534
1.08073987383059
1.37897198625559
0.988635363445606
1.08784156522622
0.905731210042159
0.967067851629707
1.03641252838891
0.824013422114359
0.657384931011038
0.913285754371754
0.947593270212089
0.908839172124921
0.775172944112433
0.885602322121477
0.853994052687499
0.905196413848725
0.561159309041804
-0.155941076936352
-0.0362346174064446
1.7277441900918
1.12840504882792
0.948876968618552
0.776391891656833
0.75244649686882
0.955474550576641
1.11625016016414
0.329890770344484
1.06690197237264
0.796852367569418
0.743152784404107
0.866143901233289
0.494055982424507
0.526671466570931
0.763540090522168
0.760224521107947
0.746616296080581
0.812617085195361
0.771523434039051
0.842212472696619
0.726742481459708
1.81510453436274
0.619848309028735
1.04037526426159
1.44616383783674
0.187114657001895
0.481891263713102
0.678159147804147
1.02230934048331
1.41896062229848
0.513675261638746
