0.734377309854181
0.822061853682725
0.975120405891958
1.01169370241856
0.263423667949507
1.11328729976047
1.35259737340505
1.50846971472182
1.65802295609503
0.0978010240164674
0.109314471001835
0.224663512740675
0.827200781350113
1.28149256546649
0.859832912358838
1.74833926835595
1.79639677343525
1.69895363406448
1.0979322670857
0.809654257927239
0.750100423385443
0.651569139707988
0.917900060769849
1.01340130958529
1.59071006843718
0.831949366890485
0.501424962033981
0.872242676797607
0.384981022555167
0.566051956688291
0.719588571872614
0.890426031331325
0.634695939533632
1.1168529813146
0.824509048423788
1.63272344191357
1.85195366440982
0.833356933574516
0.723507944332523
0.746091827056547
0.736282521486473
1.33474451260596
1.25467498509592
0.250970150767537
0.831368516348018
0.425195886955841
0.000717376243648958
0.590832958397791
0.45699247953291
0.710515207425279
0.291245259139482
1.03872937774576
0.886463782858565
1.16193926964129
0.600271355996185
1.25417313626167
1.16629647734324
0.831929954370278
0.288250765196401
1.19701743262489
1.42832360625549
0.777406873817551
1.09168275506444
1.49902721803051
0.266415952282472
0.914413966790499
0.581835160774906
1.6785176883334
1.6154216365154
0.345365403555815
0.632236984114395
0.673254981959873
1.06072776818974
1.07733206383627
0.442159159239237
0.814783844246205
0.82914842975503
0.706946011938344
0.697156789835282
0.469635387161735
0.881960265619451
1.02078155928024
0.765023696067794
0.905957097567609
0.755150972228909
1.22729697448936
1.25426705271116
1.79948620775173
0.0464684747361094
0.323902832581728
0.75202821453006
1.84915425685421
1.21350121921545
0.861334271118702
0.732912495746733
0.782966286785192
0.536691103253748
1.04268755266509
0.719692416810035
0.275474328886597
0.940052787578818
0.772008718657739
0.849017036579173
1.09131962695895
1.26116044671685
0.833859281727879
0.206916825888966
0.290219379903731
0.34259159498929
1.28058889115935
0.750739409844544
1.04413091780519
0.0256556744788483
0.812331631456404
1.57896529312414
1.2497969131841
0.863003199415877
1.0260472977868
0.900423918160091
1.0153629925636
0.994175842331619
1.13062151581115
1.19746083528422
1.31324582237242
1.16344719844703
1.02100583787214
0.799981594250914
0.913588929721164
0.768404065475479
0.785403211263299
0.330567989406285
0.582217434423626
0.280780140810162
0.875846512245988
0.725260152385231
0.867773438554901
0.34334674379268
0.978126049437291
1.3821718128859
1.77702425558963
0.934754723553935
1.72678377104445
2.00491753536793
1.89039528323099
1.04854172654595
1.57263973611781
1.04433107417498
1.83492406606441
1.16155558188583
1.22265286780596
1.68274368423028
0.395717060859205
-0.00120605045696526
-0.126740187769465
-0.333333892082175
0.855958415170807
0.230749990731409
0.377539735122311
0.315712357891178
0.35011896580162
0.189449610151133
0.350225731510221
0.765213710993812
0.676017803704593
0.442057126602167
2.68610165826095
2.70872157523725
2.09859279125579
2.41555049917071
2.64621539135185
3.0137600160613
1.79718804549952
2.1785960933209
1.97694198325213
1.3998505338096
1.27762373375753
1.14572529786827
1.53698912508813
1.01737219224041
0.716419500972614
1.33038818467566
1.57654358348564
1.82991427668175
1.28793680919619
1.37296427270238
1.50376838742541
0.712086865722168
1.03716748403029
0.150348155752868
-0.276997699083871
-0.68603049185562
-0.522443098338613
-0.502358001135642
-0.501595870727528
-0.49125082429241
-0.46772099084844
-0.384053834176312
0.134995955367822
0.478459963512006
-0.259450762899526
0.577980636283747
-0.577844046051873
0.0488849541346189
-0.613067636032568
0.231759760624462
0.872504406026796
-0.095824164694577
0.0208812354397434
0.64052248690903
0.286853571082002
0.732568344798069
0.900033769805778
1.1378390667666
0.792993103311599
0.646122316513984
1.47926202049598
1.24217669165297
0.971711663587094
0.338381417823006
0.0875961909900923
0.205081618236795
1.13107202757669
1.72771136310431
1.35401118169119
1.84851587061463
2.05661231500732
1.69961918473718
2.05073253454744
1.77872285884804
1.88847511440667
1.91086063134233
1.70544741607064
2.00377839489376
0.273521057118151
0.348275309015873
-0.0267740080663129
0.106176717813391
0.15119154056673
0.637387905864798
-0.00814843496408689
0.257489799002286
0.035986162333587
0.244983908953234
0.637814308821421
1.12554392938043
1.08098176750125
0.478005807719061
0.136597151736374
0.904065622792776
0.883654713809636
-0.0635661465917073
-0.0951339959915383
-0.250831738984802
1.49593673204478
1.09736896114153
0.958532443726315
1.22809886115788
1.13808910503365
0.863292855987156
1.00814205177249
0.826431193909141
0.607107956746554
0.0779009124506757
-0.0443570333139599
-0.402579187437014
-0.142335378986922
1.48742192917135
1.54752445329825
1.20383825101906
1.24209780496861
1.04936947663273
0.548449045556809
0.315457593950507
1.84771262492395
2.28418595088847
2.14446420107577
1.26876441663951
0.826199748083777
1.50569802926408
1.31787400385909
0.919623183031422
0.964054952992161
0.744285119778909
0.917103714546896
0.704192856990838
0.846509520571289
1.26726509672247
0.846772423046941
2.15117221360288
1.15071326306575
1.06685150216914
0.887666636066205
0.600455957478916
1.55803677930429
0.0598643770015869
-0.159737176738903
0.287338182494493
-0.526932095494074
1.50586231755681
0.573040310377498
0.730026803466025
0.827947588474964
1.08119470098292
2.00809046502536
1.10914041175943
0.67755061711303
0.867632953382631
0.0793205286672255
0.381787236243568
1.33015920293308
-0.149772085728954
0.468752490261545
0.99745205997946
1.46885915278886
1.19139700087695
1.04195958898567
-0.0670461320831775
1.58880856843265
0.840183970228363
0.708034261866557
0.858581349865583
1.89186782886761
2.34081077063156
1.73311753664146
2.26451036258809
0.500237097467498
0.244657718664981
0.894399999626336
1.04404549549941
0.131444993715532
1.98779312559623
0.270246066733501
0.236740474697365
1.00954932777451
0.760756616514105
2.02264082270338
0.351688081820866
2.05475074066692
2.45109226571443
0.382508281180609
-0.125160908196234
-0.040044034534606
-0.339289433015163
-0.00930750968597588
-0.538281228232364
2.13592372317152
1.69069982023453
0.594199911737304
1.93621432672546
-0.0693952355968791
1.23178925943935
-0.0796711308532487
1.40586067701133
0.557162027836254
0.974545681966231
1.17892385390677
0.745885276530721
0.851211890249548
0.109755105002981
1.05520873093469
0.897980685608296
0.860338926312617
0.91445694358034
1.50715870401955
2.06523131769476
2.96494680483875
-0.0654691587923945
0.724649813010946
1.00165417916955
0.676317809668695
2.01826863951523
0.850884941205772
0.734705038251808
0.679884090774412
0.862765298449277
0.749272812858867
0.444895140943311
1.02839049202568
1.69538538798542
1.66885552937025
1.47438403577939
1.1085122963004
0.987051879383385
2.03601902669676
0.776842232805649
-0.122254190913065
0.264707218676864
0.386531593077289
0.76431172349457
0.701618839522547
0.741160024040198
0.506798121848957
0.541140522862007
0.842697900039988
0.784748524647325
0.602098897661555
1.19655307089544
1.0274138509502
0.4887108746457
2.88313929688455
0.883357214046149
1.00410647457924
1.35657326446329
0.510796774219464
1.93036084219319
1.18838540200995
-0.0328643275825615
-0.026754344939856
0.313438651241758
0.132039673315977
1.25724253996805
-0.0463385954780611
1.01801825776268
1.06953872418059
0.834091465890929
0.634737358540399
0.864087547482059
0.413157718323253
-0.227846849045292
-0.207641108186769
-0.0121471152061077
1.32633224025327
0.985240248805644
0.425774677165289
1.05337941958956
0.937755297590197
0.697540446405646
0.753117827909408
0.840008111099758
1.26871952159348
1.25626074023393
1.18200775243991
1.15565842973492
1.24972474977969
0.00891396594783888
0.397975033432109
0.863485377585602
1.12630879152634
0.225778015233389
0.645661151791531
1.16581496131465
1.88607803616376
1.89998613834558
1.79043250199246
1.39827227861032
0.877249735847355
0.936237546092096
0.520515090891408
-0.567699549372723
-0.515709442190361
-0.313478986443862
-0.122223829349653
0.614124247396138
0.530569994546435
1.25416175573436
0.621165664570733
0.975293723820702
0.359572930505416
-0.614275104015371
-0.253390168637126
-0.706400974069059
-0.170817395520418
1.58991348702169
1.69914259612973
1.65166042129967
1.31020258722184
1.36047456712486
1.43625898541092
1.25901763894473
1.07976421478837
1.52551293233446
0.570740729049393
0.512348529131841
0.254762579352521
-0.196362907569332
0.796471175968174
1.7205862767464
0.198135892895233
2.04035315857155
1.98410792312402
1.27559482798603
0.550408859427534
-0.00325489189378526
0.260982066130988
0.679672436247136
0.676062884078493
1.83221915405554
0.727341270986193
-0.0966491468228629
0.0635532292380767
1.22353305595571
0.843252245677676
0.408183589423507
1.35422690738816
0.104752910085655
0.547603258312475
0.759332637554741
0.955373159333378
0.192092670946076
0.742448314167755
0.808965865434117
0.663119765342171
0.875019708215884
0.161391098654848
1.22654449129727
1.09544820299082
1.03963575539052
1.78086510112871
0.567045504480877
0.698450453583428
2.07026931367236
-0.00520842096996092
0.0333953668650331
0.212538006491855
-0.2150194001086
0.72142609774631
0.470745416683019
-0.00700262918855996
1.29830299397709
1.75133832753771
1.39026338252702
1.50985877167338
0.886169712891445
0.111627939310454
0.563497428934681
1.37348411078041
0.491706785503988
-0.162410822693549
0.193141467402402
0.603561799654063
1.55182692341467
1.78419565729263
0.671730328385034
1.40678840495326
1.97697203870688
0.58138798383532
1.04011975581336
0.407920260979349
0.864466229887276
0.0343973215493724
1.53367185983675
1.9358448305767
1.6831131615533
0.890705374569331
0.860689014447113
0.816751133929839
2.40675914900149
0.199647497449353
-0.132276636878835
0.283494972400103
0.684683847968792
0.612052786892694
1.83499570489205
0.00272433888984107
1.60633663564195
0.122903682341114
-0.222716671225857
-0.664523836335634
0.547552694542872
0.286704667387596
0.250686383790919
0.923876991817805
1.38349900749913
-0.439730796710632
2.05051406319108
0.780527384923059
0.956285484604145
0.498724873421042
1.61520647041032
0.459657002732759
0.407669311405908
1.51231951947625
-0.323828667425924
0.763226681608387
0.809897289663934
0.835583514781487
0.647349470866979
-0.0550743250628728
1.31592048134882
0.723355597660966
0.669412978026812
0.739887565177594
-0.0565352925784691
1.18008258630906
0.861573147253939
0.0303057774169201
0.971465036100422
0.750781712626982
0.383401708919447
1.25548022990541
1.44622397561555
0.584091636099812
2.25583003296993
0.161847548154822
1.05031636918219
0.610149053308047
0.874342652142251
0.426724740153087
0.245778431019844
-0.041508339422233
1.40037598478492
0.172519864944642
1.11502319268942
-0.0864166939508359
1.68061754875488
1.69353140228397
1.06432893620385
0.691771823128549
0.645490416025917
1.54248895078986
0.804775482939989
1.05428868258383
1.62082238134864
0.0655891895629403
0.851334830203496
0.0112181286663821
2.21130428303319
0.684684811529488
0.0316308923259326
-0.132287117169823
0.237140762069497
0.259099263472662
0.760160745743066
-0.213691110182609
1.94385369847554
0.859972841247594
-0.0919611888552291
0.381671193630106
-0.056080666293634
-0.334396111629231
1.50070771964003
1.16015276137077
0.889721808246785
1.0359421241626
0.835958318228106
0.600727344276602
2.29869436379036
2.09981341951901
2.89285385974638
1.28085993543434
1.26574411422282
1.30369862355608
0.707828970896611
0.80143192945689
1.94030871415041
0.179442680934354
1.15811660086837
-0.249291960152662
1.03446995577253
1.79518274645662
0.423693267442511
0.411073269271546
1.35597756950626
0.18473160162257
0.0588298664872374
0.274725602087713
0.411258155187669
1.69841288349616
1.42923658493087
0.48292451134644
0.68991257669706
-0.255099288932219
0.838829856504439
1.29659356736597
0.10623057606923
0.67340190466122
0.681388724426316
0.743382179999564
1.51255708311773
1.06551252783451
1.22077191512517
-0.271728565617054
1.00170601266843
2.49442180896709
1.05043351012048
1.87488961281167
1.74654757462471
0.793458381961706
0.403157403923888
0.239930417390587
1.59834048450726
2.57349226521808
1.71737187287716
1.83236594212533
1.85722810207233
0.204095297374445
0.965444678512302
-0.185244856652824
1.7803987630473
0.308577162242507
0.520465324734183
0.296669426080807
2.15585101483773
1.14695199684482
1.89785388504477
2.10629671355442
0.907576675845162
-0.104973932632476
-0.414862863008865
0.147581521521104
0.864443587379939
0.598537927120791
-0.0520511316826162
0.400238102648796
0.230576448322925
1.16465979484677
0.202526555229807
1.1806121153545
1.17155277712491
0.795272021026305
0.788523996676022
3.33873031169844
3.10644217161023
0.569093653794176
1.19315737538827
0.0935595272220435
1.56182779082649
1.25854234379481
1.90170839025779
0.497696847050766
-0.00368275890815375
0.213565206002649
1.46093309204331
0.476655699685637
0.486299963021283
-0.546751068724816
0.769204499867436
0.660522207943798
0.0392697094411518
0.681062527749015
0.0887344694864187
1.3317835948069
1.53098472159052
0.27109987928365
2.21816808389762
0.523791521012446
1.10334227553207
1.02611695566346
0.0195915153522049
1.69800550546787
0.338091270814191
1.41839600813593
0.172081130487482
1.90363908990845
0.748468818443495
1.68054736533422
1.50338466541458
1.44603409014444
0.426839014345891
0.740494076665102
0.814732955277879
1.00779464213327
0.825279438670478
1.84506604620516
1.15647171709756
0.626760078111027
1.55766998874254
1.8398180905806
1.84388474731561
1.89835969624726
-0.0463878248743345
2.06475502230119
-0.0147332486080478
0.0385349997932877
1.70627600971033
0.454845668902402
0.524073509399789
1.48477906139969
-0.654439969560916
0.962627746973188
0.684743648705107
0.365573640245477
0.538102395475155
2.9332445403048
0.947232634624875
1.03658101427581
1.41129905510081
1.81214600600818
0.834655875273139
0.634909657004928
0.429387173992067
-0.0452229196534211
0.234394518069367
0.230590706496644
1.67458104985617
-0.530155263168264
0.0723289825235374
0.83416894293911
0.84076128017763
0.163234819676718
0.556061380429372
1.68223071797999
2.0909487512392
0.974574941077961
0.600005384301279
1.61101894590511
1.80835490333354
0.216278541857177
0.442328801368002
1.93911136506534
0.512376691012926
1.48594079804722
0.822200480849805
-0.100958655202122
0.542279901756251
1.20440931089894
1.45705450462411
-0.070709064989388
0.701385338848524
0.244712661562006
1.77730764562825
1.5879233968977
1.69865555183235
1.5666256350065
-0.340132320740569
2.05895213906285
2.0815091317756
0.171215785044441
1.92501812213898
0.747472124348167
1.87087458927113
-0.0771716369458897
2.04150888997847
1.34159277363234
0.968791626363464
1.41432897687372
0.840057583210526
1.9300564479376
0.815730052549329
0.533941925717245
0.638738500458834
1.9426849874455
1.76220569000656
0.327874726359899
1.10197165654233
2.00211188415734
0.722905879483089
0.845081595284816
-0.430721986867091
1.41015304371837
-0.244652875375828
-0.103007978242241
1.96272934790382
0.723983070995211
0.149521378920296
1.02136273587194
0.66486149829627
-0.0282624583853279
1.58319580283047
0.650150788228023
0.667121818122754
0.360596486493654
2.4966778785402
0.167716785257469
0.141462782128345
0.677049864508983
-0.107895797739213
1.30484814993102
0.700765537718866
0.564268648977338
0.932478180709951
-0.0219559303559039
0.690091119397588
-0.0600508814753764
0.998052598030576
0.99965229135039
0.708341512048044
0.867264945636787
-0.112091541769103
-0.211543599511046
0.854898720888083
0.402006447892416
1.99509857207785
2.86763373174978
1.1617331593403
1.16303657090404
0.523055943046053
1.01395811292846
1.55626196568393
2.08002813629804
1.12334367726107
1.34524267577827
1.08398865115405
0.791621655777952
0.670421262710053
0.913567858673452
0.264844826905074
1.08883392476629
0.660423065858665
0.299430662702638
0.790849709623375
-0.056116842672411
1.01341261266885
1.24477381069029
0.229302283404466
-0.0411700531788754
1.14262647661507
0.985550161074796
0.657741313584002
1.32678575090578
1.18316306759684
1.23315419809897
1.91554424856694
0.535988910479816
-0.0442662060138604
0.863617823537029
0.75896883266215
0.991299758725198
-0.051993190461396
0.983107118636765
0.0961145905292659
0.970605834249675
0.72942922930674
0.808106669854041
0.523352085386851
1.75892788109926
0.00630381632227153
0.543238689400298
0.173183255021055
0.511325974770654
0.980694877216724
1.72171223918208
1.37769741097824
1.68819781295388
1.59876562750875
2.41603712765199
1.09799898901063
1.03543181629932
0.972357308456758
0.627084911580123
1.3506326961979
-0.0228057269807098
2.07579973394483
0.228351141707583
1.66763101892522
2.02784997840061
0.409913000180389
0.283267268374311
2.30723667520406
0.980739785858005
0.85633660527831
-0.203295751351157
2.04967574799976
0.771598693409255
0.962268312671906
1.07456131900325
1.37446062591779
0.625366121854532
0.837491354304233
0.828296824723253
0.0961556772147226
0.0587709589835656
1.18118378607122
-0.0733596963920697
0.998951618802513
1.45670062597052
0.707715348497566
0.416917860405015
0.796924456249298
0.948826738580155
0.80416075125559
0.160617175827088
0.260383656220427
0.146569419723226
0.81660655535478
2.02988465919552
0.341385349231245
0.814297594918294
-0.11542635198934
1.79874462669624
0.177591262907709
1.78227740519765
0.646479469359759
0.362872984460657
-0.345972862131906
-0.0617116199539755
0.76420293589513
1.99700859083157
1.32036780561561
0.986197822103662
0.214209034085654
0.513362968174002
0.426511438101283
1.2712086861187
1.47688812244202
0.482522195573376
0.766532702437134
0.556286889089107
1.90236093123117
0.350674335176593
1.73580254857553
1.24413602145795
0.752353964574312
1.5727958266918
1.93800976534849
0.344861230419943
1.75904956823251
0.636488490695204
-0.710496517234328
0.79728545708074
2.00141956780199
1.9468658914458
0.247559277403058
0.929944633106931
2.33164850425749
1.6474192906524
-0.282642977842149
-0.0396419517279145
1.06125833074988
0.912314180745669
0.208400727153997
-0.303386835664935
1.79636967909963
1.63101713208379
0.939992499113315
1.07828422981456
1.35236127040459
-0.22032986288525
-0.344612568163275
1.41947582894105
0.169639538027956
0.0261668163123866
0.11063500127691
0.507250099605272
-0.409737178805897
0.733099322270552
1.06346099176167
1.20380461748862
2.02286982962527
0.919856745721872
0.788494081285665
2.1386329373066
-0.403137992486304
1.0255667267918
1.03656391432989
0.551824589557883
0.575193811044482
1.30097539058661
0.300826355452169
-0.0064623042561346
0.478324687560302
0.862243639690475
1.66632048303516
1.40304783843956
0.162568960603284
0.0295789078489203
-0.1421633670044
0.243190156676115
1.60935861853185
1.99970133285833
0.787496969187125
0.813653491570241
0.911511924081709
0.933223287388234
0.646530821081458
1.26566299908565
1.50146235853014
1.63858420558235
1.10875391903598
0.693955151705424
0.685119363240898
0.913641601198998
0.977865756183318
1.09439653139143
0.966105606151956
0.811962171487222
0.820310157457342
0.740114758545746
0.745272555399806
0.931572721063943
0.322339973426012
1.15188114304342
0.743524567084398
0.808915626032359
0.43615993541323
1.4490802055386
1.18607168358473
0.394086252991129
1.17219072489909
1.57379043149192
0.764791694216988
0.807464067872874
0.914414075795606
0.558849584306581
0.912616412472145
0.870487479423752
1.63755790324252
0.847467831387853
1.36710323991557
0.786901650587112
1.86630312392441
0.811460366351428
0.261301197945758
0.494115941731864
1.04333452952353
0.540486761359427
0.809843276921131
0.565022880307714
0.954158623506947
1.15857180186784
0.973640512716304
1.14191523365963
0.937509808855963
0.93237463953107
0.786822420870449
0.876057220620082
0.684224434962836
1.19766586355546
0.990217096190815
1.59574521223068
1.20681403590817
1.06671299926879
0.639702093850926
1.0878627334145
0.687673355602402
0.882470853659487
0.74119661736434
1.0894151118373
0.970261203058105
0.853329074923659
0.808353192614046
0.827939875808016
0.788517950412802
0.842119563616305
0.853915288050743
0.830485303945199
0.818681886601162
1.01067349939653
0.690518170092753
0.726564585559018
0.680943551811259
0.68297523249402
0.378448314414788
0.605830761291813
1.46832586460342
1.0529355284316
0.853499252679801
0.819109900844837
0.78880690808031
0.805642907797196
1.14978785842059
1.40752663217593
1.37896476778878
0.931667184621391
0.936560995596623
1.84789956418225
1.78122081107555
1.3565699335489
0.764762582879903
0.817988707399065
0.785353666341468
0.678520425758941
0.659304667559168
0.793318467259714
0.76633404270582
0.572425892674052
0.28230207200566
0.45878772954954
0.850488579567155
1.029563353906
0.862864300555615
0.784123062236805
0.488200700224135
1.29784535144712
0.157864140041115
1.22161898729201
1.23659330412463
1.68208741898032
0.422988681042489
1.40344362432482
1.13017371195884
0.763838343469739
0.575262801542481
0.743989634642826
0.776416559394882
0.814732232851997
0.575648788896824
0.56199726290706
1.12825093163477
1.10238524657526
0.96644067440475
0.847623574955352
0.90143744945365
1.69136222260938
1.44601350164233
1.21853379048835
1.35584351379265
1.06248484362983
1.13127184613543
1.00602926603783
1.02704363008607
0.981650248690819
0.969838368480178
0.565463803967265
0.897080670717769
0.940217447029402
0.805917336058997
0.867814580676541
0.831061377715379
0.748482901701707
0.875785987932376
0.698604182844252
0.357199111059774
0.371745261682169
1.50957542547939
1.21133364466994
0.933267074505774
0.643285603017044
0.757717606464125
1.2534601537704
1.02497962014511
0.625979831301751
0.992305464864126
0.833855327439271
0.805825849874905
0.863838918411343
0.637198832982145
0.690774156761747
0.821000840677727
0.828209629627797
0.794721898652541
0.796275180175079
0.812001357127604
0.823618475964314
0.64528018973769
1.58762666030862
0.506335005295025
0.930732693108175
1.62544132855088
0.181420561821949
0.508398091716222
0.65488857165429
1.10763579827678
1.20668397968836
0.329827086335701
