0.724959369385314
0.656007018001896
0.952270033487219
0.980623641984534
0.214277188034793
1.0374001842741
1.23735652664326
1.34889987771469
1.46594028466856
0.184674423987456
0.429403962460895
0.527965323794163
0.990033334271091
1.21894825382387
0.774773021172226
1.52727914104544
1.51784589163794
1.25173633884617
0.869546430313447
0.7483048754132
0.728329079899862
0.638077316005304
0.882322997988318
1.03832835345452
1.45190740600483
0.723565933939916
0.458922792686817
0.793546687169948
0.220490877301135
0.542728346565369
0.674963742293472
0.697909308672653
0.847325808952845
1.03653019939342
0.796334448036767
1.54044545026616
1.45318865910094
0.721231781099798
0.630257081086292
0.725917536474052
0.764194791859969
1.14696207584307
1.28746562655477
0.137714268499877
0.931810523423868
0.685263015633901
0.267875935651585
0.572342915537591
0.425027648291233
0.675320394127023
0.142510860197828
0.960405761986893
0.940214875212163
1.09618059936243
0.447029771793748
1.29457929120256
1.18048342348409
0.974928239734309
0.216067581362529
1.04869209569089
1.05307736368654
0.956028439098713
0.946886132879069
1.31846988704302
0.243787051490475
0.789119230595847
0.5520677916038
1.54047296049164
1.51655690443564
0.309675552523713
0.620652773343026
0.677033079138962
1.01120901783248
0.996852899322423
0.400409107794984
0.828033974640633
0.95342042717844
0.644312771020449
0.559786026163247
0.307570389307719
0.714478645665344
0.937104831007066
0.635980501000251
0.882844736356346
0.72117511033832
1.2479064032937
1.300110783992
1.36372009094177
0.351892149158833
0.605918905794244
0.698717650517985
1.50218601257556
1.12551102818359
0.673636432130782
0.725037821575597
0.726828627146264
0.771952149244826
0.97520457544479
0.912526635659859
0.144863999269365
0.976787031346763
0.735290672239112
0.923962259181231
1.10765737059127
1.25931182423838
0.987756086162094
0.145981442997656
0.198575376810391
0.181796741604034
1.15172477821728
0.705559579073684
0.919846761645678
0.216163792675238
0.981170356070122
1.15147664351706
0.949105670241811
0.877214346918905
0.983204943772858
0.90442601154677
0.981296322169972
0.896788371936334
1.07164822269924
1.05789710825059
1.11496124513619
1.02590690586748
0.973851359315128
0.885821300673535
0.864978470994223
0.876843719680179
0.890911786273539
0.378577578030892
0.466539529413841
0.42529192870903
0.63513969798509
0.765862152428596
0.716111214939934
0.548661825573807
0.931077410618343
1.55386210927821
1.88091057253666
0.989133426126262
1.6344603833839
1.90098083434947
1.65428505238101
1.21868617127464
1.74789115245611
1.03510333858999
1.79360237722389
1.10262795435108
1.16130946148274
1.62509397867349
0.335798831593079
0.109717855380338
-0.121796542812437
-0.186779250204307
0.778160791690004
0.438034852802259
0.465592828679729
0.203773759338791
0.412321586597803
0.188490547646609
0.353383479723999
0.622622742073671
0.628817904481524
0.541968969061865
2.59982531425834
2.58001978064145
2.13196738728992
2.39956383610947
2.52406652281871
2.9008493150723
1.84900348397235
2.08312939582036
1.8935451140329
1.34703667939656
1.3500452596506
1.12243490958377
1.42150323344621
1.01126684316452
0.817765251576753
1.28720094096195
1.63248327461526
1.78983126783303
1.29607396793705
1.31304050247583
1.40864785170659
0.765719537705784
1.04364269821442
0.10589628170676
-0.225166491995428
-0.62326962184483
-0.54106399824279
-0.43507925195936
-0.546291169833934
-0.409160673962012
-0.405327520256506
-0.264270858883369
0.223392107296497
0.309782134975721
-0.286202480096662
0.531208749109657
-0.558004967662055
0.230063376141495
-0.412610265716951
0.403957914775832
0.926858568483132
0.0991078307865339
0.130574073921235
0.475052427379417
0.276826891854376
0.733532830509233
0.883613685604133
1.14192886650058
0.843812456312268
0.692282252360781
1.47535722358835
1.23845165961881
0.88123299122847
0.396027806144614
0.215502974663748
0.43890350680246
0.971649307575393
1.34848005331649
1.36384484149667
1.62458012501144
1.78983266417715
1.71087208928493
1.94205697752078
1.82132877545828
2.01316974299211
2.04759250915328
1.7884089955837
1.76250360816756
0.414390455322631
0.262064704047294
-0.0119944016193446
0.156106123769372
0.151366955816619
0.605019463526383
0.166672491265546
0.167321255829187
0.156094585828866
0.183897972380185
0.566965309937742
1.00970749024343
1.05798254957232
0.574646640403624
0.381183772272856
0.918171259381996
0.856973204253021
-0.155488285067208
-0.0824206624330342
-0.200039898453954
1.37890527306187
1.04954352820811
1.07530711451907
1.14302443225588
1.10485173617954
0.920603310723277
0.864611747777805
0.778871800314091
0.550637160866547
0.0219831447916279
0.00752182607237068
-0.331542252330707
-0.198009459946454
1.40335040911208
1.28785388787531
1.07761452059438
1.23816965012564
1.00143137115933
0.725457993714938
0.557730755485553
1.92428678262941
2.35078354396489
2.21514256430403
1.12910962050014
0.847673565549787
1.40172592425469
1.24861331785823
0.781853747808056
0.909639246210566
0.733623067603492
0.855473838276599
0.733732765705978
0.861239477750319
1.37719005582488
0.917486929684056
1.99803298628894
1.06200028764033
0.942576192727908
0.808903635084372
0.69538174314669
1.55563707797582
0.197009344007535
-0.192928126149272
0.441293794923586
-0.536676602916089
1.58469385354241
0.522354166417912
0.700320704897874
0.607348099246797
1.00105293869233
1.80182844285023
1.02658540337968
0.674141353538216
0.976818449777237
-0.0865522993804558
0.441148455814273
1.20678164724598
-0.154523667225331
0.555183330296439
0.868659674265305
1.37886515983331
1.05952349816332
1.06053751584836
-0.0279595735694139
1.57258345028115
0.81550101047156
0.634573211950703
0.926195789862221
1.646591210919
2.3171335751991
1.69211260352732
2.17962675423692
0.508537047254545
0.316719131086739
0.89696618644386
1.0354379338891
0.24990121221209
1.54711524141015
0.316873742588721
0.292103165546579
1.03649817487008
0.778072483464605
1.92210705569949
0.354777609209656
2.09249455758926
2.35032189027261
0.339453360605869
-0.0707166887678131
-0.0764864139423541
-0.238227083921264
0.0147116656678572
-0.377414787868476
2.1119920197703
1.83176935140207
0.583018971480175
1.91317395770553
0.0654993480129991
1.19976032121016
0.0803003481222501
1.5108521552619
0.569651850724267
1.127343395726
1.14479168595836
0.77766818077703
0.809504899543748
0.418371002592185
1.0293746115782
0.872022682552244
0.916923684728473
0.937468636814169
1.53335490030639
2.09277232444205
2.85908064111423
-0.116015420521424
0.755367536011541
0.975049207441989
0.696118360681737
1.64924914360847
1.01841759788236
0.669327898868412
0.72503975256956
0.903888921547401
0.804762312459879
0.490051045871754
0.914194492627528
1.46249108762991
1.54874850546537
1.45314781741574
1.13692457747418
0.966576890419312
2.04735108859443
0.769302671174516
0.175637774001869
0.0895928553615095
0.633369338105329
0.888544329857681
0.723847437361673
0.723081915222164
0.732930619981836
0.483560278294984
0.813754757129272
0.764118464077551
0.430433880688786
1.17056241164949
0.927479066325763
0.568850003884357
2.70917654855934
1.03096051449519
1.13557527072847
1.30869494041063
0.573535653360537
1.89850016186558
1.09997052887049
-0.142290528629314
-0.079146056082728
0.159418918166183
-0.0454631069001725
1.1198631341019
-0.142124787324232
0.980438023339456
1.04803084371193
0.920319827578254
0.68646051473831
0.892161105303835
0.414538897101788
-0.177827604452346
-0.162870523227522
0.0313201681965036
1.22341094813001
0.883411288205703
0.303867987670562
0.97590517340785
0.703198994253328
0.786183323069171
0.74823877563017
0.938553554091442
1.14241637019121
1.10472575361813
1.10969187726522
1.24178250013908
1.19772409583421
-0.014623783893825
0.31384768510684
0.719268994996706
1.1885324566383
0.37274037618372
0.630202375433416
1.25135156319521
1.94879406423512
1.88820662452119
1.77316944035387
1.47431161458399
0.866509819374666
0.939608782891408
0.593666402817908
-0.493457678598517
-0.471077949895111
-0.365920198262487
-0.11518246855029
0.44952295112859
0.361553253606369
1.09765035979351
0.63036129708288
0.829748709442338
0.40024322968528
-0.60118609414895
-0.396057038437415
-0.586348873771601
-0.30528400066833
1.6665304479804
1.65982455832302
1.57094705491586
1.39105271271897
1.42734794892538
1.29393524541844
1.2147906731773
1.08417988524037
1.48400741573653
0.627117260493568
0.721633816079081
0.322542827819824
-0.149082052957661
0.934729533963343
1.6801979153613
0.147584743542638
2.1276658107778
1.87855281604877
1.29555143150373
0.540332395025155
-0.054719470778997
0.246733385609991
0.558702261170556
0.782368144487826
1.70417839885662
0.708551930820488
-0.0256991527734202
-0.0131452640174014
1.02905834752713
0.755726076680987
0.46535726237738
1.17128031662549
0.0772517014092249
0.552739431197518
0.764658887840733
1.09926318378049
0.187034815889118
0.729632999424377
0.875020996632585
0.860596775252252
0.90632682084161
0.0480459612652534
1.30428647721729
1.03809124105141
1.06026821464496
1.5981797304342
0.533471046299707
0.643325122661606
2.11905148325982
0.17631102336805
-0.147093108139781
0.0308897411112876
-0.161998990868251
0.67755271910254
0.414854061117243
-0.173283682077928
1.40522451331537
1.28901858732974
1.38608116892089
1.37443594918156
1.03848418926143
0.321844522933844
0.509708372298342
1.40193697483469
0.662785572855803
-0.232081723872805
0.153543451788841
0.737413204090736
1.59157705659024
1.73564219968796
0.615846499099701
1.05980323285279
1.82790497070813
0.457169514683028
0.886757954664443
0.234689369237496
0.814953673411107
0.0444832669107417
1.31317001357556
1.91272193960488
1.50695277435083
1.04768143252617
0.95970065527752
0.780485991384754
2.26857935697448
0.124172757443453
0.00939507341636781
0.116694293130649
0.64796019311374
0.545802707994602
1.78589997990225
-0.00656623884570349
1.36993148037124
-0.0327800301311422
-0.171294799428745
-0.498453144492758
0.593971369182123
0.187573462759138
0.250873857933793
0.711759243588392
1.2349571666543
-0.384397374692049
1.96067372773341
0.656391460331785
0.818278245397908
0.529601904457034
1.46110445264919
0.410401443126659
0.478882066792989
1.37666315053945
-0.39432553739574
0.739528058869629
0.927910312662878
0.974993973330287
0.616890007761346
-0.130930086783033
1.24651782631644
0.725480072204532
0.640620438809844
0.596903043487758
-0.182190311909355
1.25272051162479
0.78657347926221
0.0149514362529723
0.909403617905921
0.832395560113987
0.356573360453794
1.37283991815242
1.31663679813686
0.552579451013111
2.24993778246053
0.0857313468894501
1.09293192121101
0.763231208709993
0.813722342608159
0.468462847829024
0.364064753670167
0.0508907759627799
1.33049606771204
0.264283240057055
1.2407774872633
-0.0457889566564731
1.64847437618161
1.74231261738777
1.15912281084077
0.766400093581646
0.649783784511877
1.59304910320986
0.96221606480616
0.972328597514638
1.54538236425728
-0.0272479204472396
0.72282163345915
-0.116966553642356
2.40441713564826
0.617015925727877
0.0161171090897975
-0.153920090973051
0.0449819813905964
0.320867660036569
0.874233542808258
-0.123657233565161
2.02360809859638
0.870708237053721
-0.262107854275159
0.363988469192095
-0.0103665643710376
-0.251249833249806
1.37401258599094
1.05409036364153
1.04611143181971
0.952856738614103
0.723380085127991
0.642594121112476
2.16999526831785
1.76994550521786
2.65618873630733
1.27582684078534
1.33859805653585
1.3491346746323
0.782837806498568
0.854302327005909
1.50692928713255
0.215061225724279
0.957204679421318
-0.158819862689766
0.970009760239892
1.79078939343114
0.382213750648101
0.458569620665927
1.16327839809053
0.0199724261699434
-0.0781278911925841
0.131764889822221
0.363717714929391
1.58726325479127
1.4124511952249
0.545276450296549
0.617107000830576
-0.356390230997527
0.861066888811175
1.41935765329276
0.0759945285742158
0.611172547365684
0.66099783667823
0.815638393361953
1.62487666836057
1.09522932715044
1.25938627835806
-0.105400254575445
0.975741715409062
2.3242094198523
1.11357722312873
1.69917769897746
1.52861949385447
0.838915028627399
0.347114287986348
0.239018273555561
1.6638387845221
2.4676715093334
1.76132391372353
1.74371625361369
1.93426245045156
0.204316144900435
0.914490717094424
-0.0606242193487074
1.63482491647567
0.478180458782845
0.517491459409846
0.303266047386056
2.12869237773585
0.911877582021923
1.80333751959815
2.04414778692354
0.674021842727852
-0.0208584419742035
-0.360087471585673
0.316836471315011
0.951184947783381
0.663686570182729
-0.0610204136855714
0.339087458685275
0.188949432291862
1.16657764616226
0.325472405384345
1.26433134307216
1.12645790946999
0.568483088009624
0.611964927831572
3.09342336179391
2.96296763021153
0.570716496647879
1.2120196032961
0.161798460008493
1.59424124992983
1.31556282072001
1.98526409194229
0.737265902535393
0.00765252180324558
0.166383510661829
1.23850561846213
0.424514742866082
0.517084469843069
-0.543641757858631
0.738837274543945
0.718490167641116
0.0847232107181247
0.695154291860791
0.108451571810964
1.26088839141498
1.31312846349104
0.0981015799533963
2.29171457932707
0.571730159265715
1.20062943991102
1.05881424871243
0.12414864897401
1.61293147372475
0.430209396703258
1.52597410284103
0.420640254992003
1.8537442204498
0.780052766693697
1.65968602061115
1.43439076174948
1.44134208123582
0.392704218583948
0.928619086309103
0.986693964922227
1.09507160733594
0.798285770285829
1.38391122767824
1.17093586449605
0.498915819881737
1.45625360762397
1.90561222461805
1.95469363702765
1.75076366525294
-0.108625157499898
2.05013825822554
0.00337262792969378
0.132064277085712
1.61870751159767
0.50971716396443
0.472873792812993
1.24621382286193
-0.531986731555994
0.986918601484639
0.649178941548061
0.35748394337924
0.574404960360848
2.86421091131276
0.967718526207085
1.04195067282914
1.34162684942734
1.75039919814764
0.905266209883765
0.817826411820697
0.329915683318646
-0.103065094299666
0.321259481933723
0.316756608575082
1.77293305947017
-0.434744765938965
0.0242377588651585
0.766122011674801
1.03971342401252
0.29721421206939
0.588574694520766
1.63958800181208
1.94078417405347
0.995864616080879
0.583938339466762
1.59960175911753
1.87854159435517
0.351616916927128
0.477554625165461
1.78014914350036
0.381151889870948
1.31951403269059
0.764513318000905
-0.0226332951562924
0.507625582796448
1.23735955600304
1.39178606393004
-0.137399906882081
0.707579210550174
0.360209932743012
1.81617212165095
1.42619984206855
1.65345261805311
1.44840010149303
-0.368436231046812
1.69336351094285
2.07171391136188
0.308375647253202
1.5194897164676
0.728754203655896
1.70093535051581
-0.0618055395222558
1.9177018134332
1.34423069201397
0.948390426213677
1.44909268952962
0.843575833903003
1.60677679499767
0.81905411405299
0.6588645356752
0.780417986096723
1.86538679227293
1.76117197703914
0.17625037245278
1.10596469487865
1.93466981349165
0.724662794167942
0.925703154117197
-0.295397617290473
1.35760549810343
-0.163807059661606
-0.0126549253303593
1.80315255158686
0.769670389569612
0.254708122124329
0.99166339966991
0.642854688709153
0.129638618414587
1.42634250457675
0.596391226441764
0.580953109303118
0.339058724229539
2.48177343224254
0.111235435723345
0.140638430823938
0.586291315473858
-0.0785185643478051
1.24476461824329
0.543270037404269
0.480796303981843
1.07403638868231
-0.193347824658354
0.723808046104488
-0.0131603011344684
0.983691545272983
0.942360520196493
0.680690843119169
1.02068205799138
-0.0835987103969134
-0.216696059055818
0.733072656520052
0.521405138300663
2.02131146479815
2.86544124845382
1.02936545240338
1.17044303814042
0.543575518928442
1.0113524944965
1.14159306963316
2.06939662447381
1.03826162848558
1.29330082460021
1.0443296355462
0.723230874458051
0.667662428970896
0.655639645976073
0.287898579214262
1.06282922465537
0.631708909346476
0.124544439778408
0.626051581425075
-0.0422111606740184
0.95976901621595
1.03356094189964
0.233255155937391
0.0516485777520304
1.14029557693459
1.00712397484667
0.816623550228645
1.27870608775644
1.06581502797118
1.05752535288493
1.83077107407668
0.537920579096252
0.00845054186513496
0.904190886390424
0.930514932210867
1.09477618646419
-0.0796719829548616
0.719160286239344
-0.04568348264255
0.986694010610866
0.765327634894989
0.83866844501417
0.524304484960783
1.93406287058943
-0.14777350491255
0.511135735887441
0.10314459204188
0.465133298548914
1.08046845872296
1.73965941373742
1.32957642670069
1.47437108474163
1.57164171115523
2.34384321519434
1.0912496726512
1.03559854009281
1.0234300069078
0.472265395463067
1.2608659132433
0.306969886627381
1.81842694046267
0.524596971022384
1.60409969918551
1.73084080657218
0.380146542488882
0.224525769451943
2.23805516859147
0.942657882082464
0.647375706518586
-0.145216164751102
1.93796181363968
0.755785938197696
1.10536670271292
1.01922501875688
1.26973021507722
0.839584217910334
0.785474106192661
0.980373784848143
0.0811160058392887
0.144771062021445
1.17294524440427
0.0892578501831692
1.04792627934412
1.53663183059477
0.759502406933341
0.442947921600965
0.72545110939542
0.73762921550941
0.701151816913286
0.0241121502068967
0.159843374609566
0.0653663914163858
0.792808185549807
1.62272547329144
0.441404181950389
0.670974176981301
0.14222558461724
1.78326558831003
0.0384765952182972
1.71079547999908
0.640896407395337
0.631942494470427
-0.225165140553022
0.00430405902330919
0.735745438448163
1.84601949057199
1.25113781953929
0.929657068530838
0.151892147639558
0.56572183487222
0.401320135953975
1.18722732663231
1.39352453175822
0.417725382996217
0.771409336793396
0.588275107734364
1.92960311613886
0.17675255880747
1.89546653827374
1.05120878365959
0.878694565706629
1.54499988024957
1.83022322839129
0.307490655575168
1.78049764056946
0.614690653421183
-0.547171703104417
0.842510127255335
1.69825589395292
1.55253296258233
0.38441356219448
0.910747118470926
2.20579948561557
1.54369526407707
-0.245612923816504
-0.091978670302547
1.04208614658557
0.702696568260308
0.0826047893389254
-0.416645234884621
1.79242481650467
1.55078774201617
0.813049666744286
0.9283487174345
1.14802790507939
-0.210349683317973
-0.199010273428639
1.23310503480943
0.142330063973623
0.022984313685535
0.0567563799753695
0.57496901908778
-0.373623091780409
0.765652476309098
1.07701518421442
1.18203995010871
2.04584815687839
0.990181492383363
0.763495910302275
2.20402990818163
-0.50428236650313
1.17541509713121
0.992783063379374
0.56493467287005
0.570562796012397
1.31774252695725
0.212348178568114
-0.072479608248874
0.547076722877038
1.01583837167903
1.45923723710423
1.10417967884471
0.146271863735596
0.311033614941081
-0.258516871996305
0.495128824057347
1.20154115718097
1.67722228972844
0.725765721582706
0.744688972704145
0.861394067232213
0.898866051675888
0.543411228616974
1.19454251526767
1.38477144606193
1.50624782845808
1.02102400979026
0.754121133163074
0.755058261898773
0.891932702376487
0.906435123254515
0.9504227196789
0.804006451367333
0.733268976975358
0.847425086649913
0.60852855946159
0.700112807391985
0.835372433835989
0.493908114871101
1.17130481565357
0.900877520955357
0.70188067931334
0.318080226041594
1.07549831640428
1.10623452644162
0.643394128287631
1.0853842527141
1.34696087497765
0.724838722064848
0.739092841678477
0.965542515753646
0.501678493559157
0.876653090972168
0.829462964579983
1.50065318169811
0.715990377419934
1.24059048175887
0.773622774440119
1.59760171363063
0.9265122410885
0.51658134276354
0.41324510163146
1.07053360491221
0.400121059071675
0.717228458456302
0.775988033764141
0.861159331839219
0.884272565234016
0.88311016978019
1.01708644407521
0.908095353837225
0.873051049154601
0.804857744059274
0.877201249571174
0.574363717566285
1.17134278164461
0.960944610488757
1.27614097609497
1.03465376302752
0.861313804936636
0.747463718356404
1.02473933530765
0.763948129466377
0.910211211001455
0.790524866822489
1.01169763550526
0.8993096988262
0.709804000021109
0.738682753091721
0.741244189705315
0.730063490831437
0.778860928431157
0.831707948325644
0.798261998931638
0.790113449892348
1.0294678554145
0.660499267262449
0.677127788737955
0.864139221640741
0.80442731231101
0.284358456951246
0.494330837781527
1.32444126562951
0.966607253270357
0.936950202939559
0.88460285872796
0.725144864827071
0.735075511748492
1.04969126664607
1.29135479744293
1.29212434949068
0.89830937824668
0.905560900221617
1.67557633896505
1.61021477612771
1.25051327653577
0.726202271827161
0.736891713745628
0.725377486615883
0.602689097552793
0.574066981320209
0.942486854361858
0.884550348781209
0.711614160698709
0.556431986891239
0.659440917366272
0.737269381176671
0.910145955662912
0.792408283372067
0.662569403958162
0.727001559206207
0.96818633817684
0.418960266883515
1.22772241904215
1.15827385114541
1.38503041371569
0.286770962903439
1.25666515325429
1.15296780514049
0.677278488976742
0.427850730110445
0.747993102292805
0.732234485397506
0.681771948104767
0.530516593867341
0.509481274360459
1.01442727453098
1.02884852893262
1.00366624488516
0.721792646775913
0.87071693451136
1.30243267956223
1.11787359154305
0.94084157578047
1.10849112095328
0.885501650564857
0.93727400408002
0.907362693431256
0.941987670265596
0.99842495252879
0.797984234324718
0.728604793972981
0.867436094058154
0.895654596908598
0.764137082604583
0.702041911104044
0.938181400693721
0.922417976748708
0.941376849457286
0.680920487494588
0.260999811566846
0.299624833440959
1.39471850626984
1.17400019272017
0.8891026727022
0.845771559392047
0.725377705931567
1.15959606347199
0.95777914547658
0.517819207403611
0.944957090560835
0.818492176684147
0.775635629640964
0.840068786188225
0.589028487779997
0.624911381661728
0.723599441470861
0.727164093848809
0.726281932428161
0.715341808060479
0.727037251755838
0.761517540892693
0.806409418898711
1.40935493206913
0.670811702214643
0.90267982960261
1.48264074362727
0.344420604825445
0.613504896397254
0.73301560612817
1.04390396412484
1.23845147714235
0.605609722340225
