0.618669009676353
0.514682125992984
1.19774901722208
1.21573511544427
-0.111964241996463
0.650497997079297
0.995572080113098
1.15672151911409
1.29240734196041
-0.162542442043033
0.270156730118261
0.441783462024155
0.945588938135376
1.51403042400355
0.801935677616576
1.82787442160471
1.81059308884068
1.53803590422426
1.02258652837241
0.746694351165692
0.657793569758752
0.484636587828943
0.896646817547061
1.14006654491714
1.66122370191305
0.563119151610039
0.313864801551522
0.809033031872141
-0.372300797537211
0.294775691498763
0.745253841045161
0.529101445781872
0.886850744904655
1.18730000764893
0.992720308432831
1.85456076391156
1.74505432766858
0.121314115797522
0.569595588861351
0.58403871215957
0.631680439703205
1.21340136071197
1.61263099554478
-0.363417772592523
0.852730853740214
0.689361170730499
-0.0156677153359103
0.463674408818859
0.183923538929585
0.679300978137868
-0.41858988429442
0.731526246887428
0.933538879259059
0.544352513696748
-0.160278572711215
1.66547960994445
1.40065924671351
0.882921100004978
-0.206250896776687
1.18100303592635
1.30052198053674
0.968852493352883
0.98416956441286
1.44861562795458
-0.0662249981969561
0.858290683862792
0.430076024026889
1.860310993823
1.78792987954708
0.0276007820375439
0.496113487524912
0.515157868814316
1.22017264818897
1.08276088807334
0.217233123546552
0.760380947032938
0.860492359661142
0.64563059970953
-0.0446656778475144
-0.294095619337804
0.546659984447459
0.348736220309514
0.527388700125455
1.11939193385698
0.857790139104052
1.52775095111212
1.66044048780601
1.6568121971897
0.135898281651859
0.569895200857366
0.714806755803284
1.79369711658006
0.817519073280489
0.512646214836806
0.599656467462251
0.574032225463708
0.803392929497823
0.511951737813915
0.94563100410032
-0.390131615555628
1.02106754811172
0.696431543950256
0.874667325599901
1.26987373672911
1.60435562206681
0.914890005655327
-0.224378696735269
-0.269124768941901
-0.399109867028146
1.36754105180235
0.705694195542209
0.97908199738258
-0.108142565897078
0.965187523370582
1.42700625460258
1.15281238024477
0.912534142177813
1.04927372996031
0.838278451259349
1.08571152163757
1.12917259068849
1.35474839558594
1.31566519883264
1.32467952480844
1.23679134653942
1.19845639252478
1.11190007229329
1.05315896630528
1.03160286160476
1.13406287959135
0.167081526865987
0.232518135734597
0.201761368465176
0.368188412959258
0.510406982188512
0.41737302003725
0.323246984018445
0.807813011194857
1.8265643215935
2.22663624979958
1.10590200274553
1.71286806719931
2.01965489900727
1.71954546095205
1.2488176998728
2.15554173397985
1.0947818662309
1.95053600710348
1.11686530035274
1.06826874090314
1.75821819102573
0.0278093734136234
-0.3883686404114
-0.844140881594436
-0.975314750444951
0.45604827484221
0.260787470341362
0.321405457830245
-0.379657450824793
-0.253864357645209
-0.473465074339831
0.0124404252172748
0.194190840726218
0.278507783358275
0.327973258751436
2.92173433518978
2.96494889458543
2.67381503649094
2.82745957833765
2.82981186268504
3.13497387489816
2.10415606224994
2.50439025629783
2.3281347144835
1.72593257195201
1.68311599012482
1.32951886734028
1.67375338126073
1.11958090648379
0.846287990151556
1.4152363822172
1.60858474642051
1.85303996505438
1.36211532633284
1.30138113855556
1.24175979587185
0.829289549821541
1.13927341189309
-0.193948720139008
-0.737209841669769
-1.43542206462753
-1.49216696670868
-0.995338702972148
-1.30639862418747
-0.922755407745436
-1.09326433107996
-0.641104743632216
0.0686167002050829
0.116643454265471
-0.791642260708355
-0.0487159150472955
-1.11584617344419
-0.115810183214199
-0.742946907322217
0.281738528923941
0.707598082453016
-0.326222379646708
-0.466475516440687
-0.251948968622431
-0.309188313431334
0.430718986823025
0.45058594971809
0.782198988073344
0.589578409958276
0.37071911494429
1.42802547084522
1.09645868104785
0.690697794894545
0.195817537553933
-0.0679415084480953
0.191042299312321
1.05111580508051
1.75347392422627
1.77365636520932
2.05798567663082
2.18261187471772
2.15711297803086
2.30941406867706
2.33001984474248
2.42839834877963
2.55184891035696
2.35628388312096
2.15804172124314
0.363206133236621
0.069402410537935
-0.245491454554645
-0.366237125628987
-0.303767977473043
0.569511228313191
0.0175745093525937
-0.228903767181166
-0.278041617180796
-0.274336551880991
0.137202265635432
0.810092410985412
0.805946730914196
0.329108757566428
0.00274572206857479
0.77634601633478
0.620858841936909
-1.04675212831276
-0.952421180653955
-1.16328313855947
1.29637140707958
0.947659801459179
0.923153046931427
1.10774645938817
1.1046902124533
0.878663506013234
0.777885603270703
0.629081388697731
0.214931386098736
-0.744399139843786
-0.472386702885713
-1.21186325876191
-1.21088493278641
1.33772721042873
1.40814859833875
1.20150338046702
1.31450643732469
1.16415001960238
0.828059143166896
0.355573385387733
2.28172178620212
2.50971206033572
2.51295823619043
1.06825772433751
0.777541752418408
1.52380933344343
1.36550874859798
0.539492754028716
0.703357433429223
0.611754640609594
0.713319943304635
0.706690322390504
0.79063337034946
1.55832543058622
1.0127622050233
2.19514200238139
1.03924507385328
0.877316159415411
0.808302603027782
0.569869036098243
1.74859311997488
-0.206786955468131
-1.01332870873359
0.396815676880511
-1.49837105148522
1.51263296045624
0.0291006551977877
0.201698952227822
0.40148734489356
0.461509273562976
1.47918735507218
0.594548305111403
0.789102546513691
1.11280954305378
-1.06957797434104
-0.0277672502819972
1.14082672161692
-0.686256179804712
0.253911957279418
1.07160326599492
1.09231120245994
1.18221860945392
0.979314008978119
-0.441552604992904
1.7574605113374
0.467548163442329
0.406766509916285
1.04703296821915
1.99820503883746
2.74816718753304
2.13652740737917
2.42633521320568
0.0758517681272931
-0.119025314497807
0.946564074991661
0.785511093345267
-0.308526170902114
1.91670342940915
-0.296942173423131
-0.0104571718289682
1.03107649079855
0.605883399742541
2.21642143961809
-0.113411464757531
2.4154178999001
2.5643505897392
-0.162404733464101
-0.688479439573201
-0.421058254360674
-0.988862633249952
-0.516732056574901
-1.14834481657031
2.65100827090363
2.407634778308
0.240193856724841
2.25669578533905
-0.213288503036984
1.19270787638294
-0.465282287343715
1.78075570292335
0.597145828014581
1.27710270589525
1.180867185952
0.692623328114521
0.546768416741703
0.297398410193667
1.30639274182982
1.1305115652377
1.19863044513175
0.724921226655268
1.88032702020576
2.58786915032807
3.04463852721431
-1.11275429095246
0.582301428160474
1.04308264837138
0.649019209124419
1.99039274112591
1.01994967861201
0.326558316027822
0.433462372075869
1.07822165832119
0.739074434718316
0.354177410881445
0.933408660058838
1.61909713297071
1.67160552593688
1.73003344228249
0.929626769809464
0.520145244132241
2.23037866328782
0.618080962194126
-0.0983043248287919
-0.282955715690346
0.640760366027631
0.82711436159329
0.581709781088961
0.55014583217314
0.755116365671045
0.302870109377758
0.594621595550786
0.801627720962368
0.243074940442684
1.12807309030373
0.565844530419199
0.155039486498775
2.90089361676995
1.09392120668362
1.07334864111168
1.50485598333532
0.421575995148138
2.12624910668523
1.33372073719678
-1.01733693257478
-0.714444251478501
-0.62375459291354
-0.883069374836521
1.36758360920972
-1.0574857881743
1.0488809666852
1.09129873587805
0.985104973316441
0.679424661679235
0.892198581883545
0.273884967625318
-0.869085705377749
-0.7498378965208
-0.353998229384712
1.36138088775341
0.657818576087105
-0.385020963628892
1.07931082068567
0.496417014427171
0.809203202594256
0.815341110610896
1.14095352786951
1.07075580150056
0.960827930367867
1.10313906570816
1.37476493252703
1.30353286214024
-0.544921182356031
-0.465170020611901
-0.0446250888088663
1.19438350916927
-0.11223825884486
0.0943891719548893
1.59703162799051
2.52088902742868
2.48130303288399
2.30121954289661
1.62547498317477
0.922932313320309
0.960875156710144
0.603863285912922
-1.08471137006462
-1.19214629798898
-1.25279638699325
-0.982383521857791
-0.420343570703948
-0.43475444579051
1.29303506459563
0.29413775694274
0.437066973310984
-0.0925326015647163
-1.55139738035029
-1.42142332262852
-1.41495354228269
-1.25896937333833
1.8000753944156
1.78063060490107
1.83126472512752
1.76937587573271
1.63357024046607
1.43748474321752
1.31769009010656
1.18439611741156
1.32740920352524
0.307330355161625
0.49388560600513
-0.0921074179430041
-0.809322324197568
0.767743252882843
2.05639503858438
-0.643586124840717
2.47188106091327
2.01705612492967
1.21891879506684
0.408772225793204
-0.827597543590334
0.00918061989620348
0.414843636281413
0.649410260748435
2.02362814248737
0.863215467655039
-0.601948734185786
-0.392272150050026
1.05134027656844
0.752693664123022
0.418773970956457
1.34427659838802
-0.365818543289936
0.414214143250853
0.533604833925917
0.945642942332871
-0.175554588961651
0.66588137267622
0.78362747426495
0.940999886170707
0.891486252929121
-0.60951507810153
1.67055391197917
0.413139822348421
1.11959766758318
1.45802430609176
0.461496629504815
0.0784388357087234
2.40164979838721
-0.090819423712245
-1.01065614532803
-0.699286695868847
-0.750578515888946
0.479380574895634
-0.292315737298841
-1.22960812483512
1.53075068303347
1.63167968559269
1.69730654524588
1.41739671773347
0.915654295624628
0.16038887067312
0.29429377346438
1.19330512164167
0.699987747716702
-0.896084170344568
-0.659146269261915
0.565485040473452
1.85357420779796
1.55756501041603
0.41340043221623
1.35096038904941
2.247361304208
0.257663626081008
0.866796655236068
-0.490128278845641
0.371312769223543
-0.576207298869104
1.41173745462744
2.43124443744853
1.70611581361166
1.02777178453007
1.07906911402477
0.989823250170277
2.53900178404272
-0.414255793402135
-0.409252065301627
-0.553138768901312
0.077388831450082
0.078572168027778
2.23001798225591
-0.73597478844811
1.36640949225279
-0.911363865813116
-0.892193491556472
-1.08088973289798
0.32846161589202
-0.601219090967468
-0.0448838082509188
-0.0261483948072352
1.38720404573059
-0.862201156844613
2.18803494987145
-0.00565397350428003
0.942128010033163
0.472700231095844
1.63187546626291
-0.213672007761878
0.405750522594924
1.2821418385321
-1.33999411936731
0.739916506282259
0.799159288932578
0.85265536638046
0.643735245229246
-1.04340786660232
1.2315543462249
0.618052770242912
0.43612490346196
-0.104242841595329
-0.7054375362539
1.28319472685654
0.541500225019253
-0.42844608291863
0.672473418427165
0.688684659170341
0.155355206175306
1.66143746514984
1.16663799818304
0.413494063151034
2.51413781429372
-0.645605981297211
0.776909310013525
0.55113197787467
0.785401189127228
0.405586231266588
0.24610202907941
-0.482900783907523
1.29226870643341
-0.141181761766395
1.43446304484077
-0.480393592257712
2.04174215855944
2.22090540904522
1.18186335742517
0.563011937757072
0.765699674191353
1.88746806878262
0.782589581330618
0.992868400946711
1.20603656445118
-0.776394525008213
0.542259326656011
-1.10701225551534
2.68428453221699
0.411377147526588
-0.532573430728117
-0.862335939151279
-0.341266446392205
0.138790921832945
1.05185661210554
-1.02683362244438
2.39542674581998
0.697994672237021
-1.2209495673351
-0.198646968518452
-0.506428015403123
-0.719676493541572
1.30769571034602
1.3658595925377
0.973228788880399
0.297386857984547
0.0572828576532777
0.606246861427717
2.35886814319977
2.13948034458278
2.79600820813301
1.51654937197763
1.72309856393686
1.70520742674385
0.633799599239719
0.602108171788158
1.83363625212218
-0.334347230715557
0.953799692100745
-0.830696466816819
1.01995452582012
2.24519190147256
0.205484646796791
0.369242594754913
1.1590896800157
-0.869180326084393
-0.895584040985494
-0.527586586367216
-0.210144711837296
1.86571313149223
1.33390588911773
0.583941842677241
0.522766417831471
-1.37373611754719
0.836187038980382
1.67042781653271
-0.614253370819292
0.3122348421527
0.64841239658424
0.939970238233696
2.05906779523921
0.930004497454821
1.24809608599783
-0.443222006984093
0.917733266838231
2.51122018784933
0.639515492765976
1.99422074529639
1.75212580213364
0.850514546431494
0.0949545462584789
-0.0230554327654886
1.66836093240093
2.6509349403349
2.29243826345536
2.21354285616473
2.53464704847569
-0.424340389541294
1.18053478080052
-0.339168234876764
2.00747767970851
0.251547954403752
0.327333244022811
-0.309592572512176
2.42340098199891
1.11867063438052
2.20792908828794
2.1760695981744
0.477135377403076
-0.473008712376363
-0.875542232710225
0.251321306915185
0.889565170240494
0.719666641172619
-0.645826440672754
-0.213046777085142
-0.355714309552887
1.33956652920996
0.207247237939334
1.4278977391035
1.02455424112908
0.334938625413949
0.443175222586498
3.29084560754652
3.17675401015262
0.452984237344238
0.977227160311473
-0.538149894448918
1.47073663153041
1.39911647721077
2.36045620934294
0.773201864895086
-0.765718666112826
-0.603569203446199
1.3076556576966
0.231966803602871
0.390089041611094
-1.44496689365641
0.842820221954136
0.470690122206187
-0.243892045258561
0.561016939801643
-0.335490221606997
1.3427821695394
1.36577892284159
-0.68499284945587
2.64806914259587
0.190333343000589
1.11061977001683
1.11850495317552
-0.108830537799022
1.98508047637471
0.0920169891252159
1.35480744957442
0.309323675110686
2.29432231349503
0.672932381542327
2.10144418291008
1.68701550999
1.76416643068612
-0.0326769422475948
0.986754980014034
1.02150306108843
1.19668087416788
0.516514644301647
1.71121518024851
1.22820170422243
0.172099284425865
1.00907604320224
2.26069789360894
2.25456172786604
1.94747133066364
-0.918776626961328
2.26655659949601
-0.860066651726444
-0.176605615267454
1.60791456398231
0.293363566366653
0.0114221331945043
1.30896362321833
-1.12886443450989
1.03690370418732
0.143382821064755
-0.194610160234747
0.234283169248241
3.14574407434053
0.99753089872377
1.10151528325783
1.34736254479817
1.73266929413049
0.873447900950549
0.910333919046841
-0.342492362687291
-0.848920545150004
-0.126214940885672
0.0608586178834789
2.06651256904806
-1.06925995648342
-0.473352238042925
0.821895498296261
1.25238202748986
0.0874647899020174
0.370887376432995
1.81186152467793
1.80634854401016
1.11406800908302
0.462571934203656
1.90476327236363
2.23688003309774
-0.0126090457441008
0.0625280319112584
2.18348605371257
-0.222134609656618
1.14100457669611
0.437079409218759
-0.561537674173021
-0.0861028281866164
1.0999846680128
1.33825818208857
-1.04947676863538
0.25437503195066
-0.0375567043268894
2.40476818239577
1.43566441863509
2.00060921761081
1.67352805312083
-0.912702837702048
2.07247014277697
2.57904478004656
0.2322869180738
1.92994957550322
0.419522619135452
2.1039272278591
-0.662754266947247
2.328819122129
1.55289839763986
1.21875586515679
1.76202067775271
0.816735100492643
1.93035948343728
0.596972499113806
0.393369054952749
0.685188684876872
1.90792884143631
2.08838345193052
-0.70989315646644
1.15807504131412
2.10262922214981
0.56956307841971
0.935044811212084
-0.659934355954174
1.55867181948924
-0.847634904684973
-0.560256856685167
2.21338840205116
0.877717436806609
0.133419546686584
1.27922120993856
0.586548513971951
-0.335351595432701
1.35976648729525
0.563736603220954
0.490296572276214
0.100785012905774
2.87636134255529
-0.489214051400885
-0.226397004840158
-0.0394811801922386
-1.00463393294017
1.54052574128717
0.35909675672683
0.320710861216613
1.09224840135383
-1.08900294985436
0.56005382331276
-0.637423989430349
0.850237039701929
1.070798251689
0.787346740372172
1.10826583766706
-0.774095649949278
-0.868094616998713
0.443763491236272
0.342607973089925
2.60055471505378
3.16953919608568
0.820653353008964
1.13316672420236
0.281619163189421
0.892688051153779
1.44017984411126
2.61798097134588
1.27578969396167
1.26426388355907
1.28903701208365
0.528640183151402
0.341283952890614
0.431690522327259
0.0789572705474679
1.18480891691955
0.624605879023829
-0.673200989066187
-0.201052307808689
-0.744400974355314
0.625612143340005
0.997377425025221
-0.30967901369183
-0.478905458994354
1.27771158935908
1.17265642714184
0.936691091041176
0.903590862607754
1.2245526061029
1.23072778027065
2.2453813415812
0.217973040138917
-0.775764733318708
0.862319194920277
0.778890865621603
1.01755361517433
-0.833647447187966
0.48015839230653
-0.983041920026801
1.01203048410805
0.733113685353148
0.79557855493818
0.375070441192924
2.3256843211287
-1.05188518001451
0.356325778876533
-0.275329092844568
0.309197452728564
1.24108273541546
1.94524404729769
1.35561198611435
1.6374942765338
1.26786806033808
2.51868979472482
1.13493870908922
1.04245189603406
0.914289665120271
-0.207153721036934
1.47498520025319
0.10365615294641
2.21031520657391
0.458181418420221
1.93904397813457
1.65201573998821
0.199607531243889
-0.231695931654717
2.39866265414172
0.764863098968556
0.464076186766176
-0.660281092227611
2.07510785624065
0.674272530542536
0.987955303233993
1.00271812930019
0.880209535753067
0.895350532233589
0.970715057007893
1.07481221050212
-0.148488110121898
-0.396587941724182
1.11283701520611
-0.0571824482063446
0.829646053514472
1.5702477875211
0.650859024271899
0.223911377016892
0.559451778778079
-0.0900879895794478
0.119388158001379
-0.697636737909186
-0.416236806036923
-0.557563086126971
1.0050108998203
1.97523514395214
0.389613625261713
-0.0781147081100605
-0.182668317974644
2.2921422024182
-0.304578505439395
2.07380796560062
0.734935760663547
0.62341892917407
-0.830083579095317
-0.504844131079161
0.704388925770808
1.67489060221603
1.53466761996753
0.426955062629849
-0.132712029465869
0.418956026329124
-0.220674984117917
1.17494955266609
1.37088233393096
0.161352986858271
0.65419338856953
0.555592509790347
2.21499667373124
-0.505140642244158
2.37453858504512
1.14392324191777
0.712925339143987
1.65228713455455
1.99352270223489
0.109607633640086
2.15247785167574
0.428960266438126
-1.00579222192511
0.763149541726037
2.05392717812345
1.86962072893037
0.183809319194303
0.927179984120477
2.3971711200792
1.50320094287529
-0.628609959632111
-0.559653360030722
1.14160323686554
0.518027845627622
-0.515886280146871
-1.44134032041284
2.31065458217301
1.32467523358899
0.802830420026262
0.946814700918582
1.20257877511458
-0.895894791214915
-0.939653751943736
1.38849956220588
-0.231032294954267
-0.464208928087776
-0.37170276116001
0.450976492970646
-1.29690481984525
0.584669233867991
1.19395730397451
1.31093808313827
2.40469999426073
0.998649551080153
0.969582495219392
2.38872217361807
-1.49112846937017
1.52465011908644
0.874165912755644
0.536158624599328
0.540355146668462
1.62372326566866
-0.631749488030045
-0.443912005395961
0.270434181332935
0.919414129206853
1.89334752138387
1.44265782803537
-0.23631709058357
0.13273875010495
-1.17531638100288
0.429204988350543
1.54830610850599
2.08595821451005
0.651946803170203
0.659411798012416
0.918199838392184
0.952703966467134
0.42634398946882
1.10191110709885
1.34866561655437
1.51552000884875
1.04266009037269
0.704815092513088
0.744888517750394
1.01922810519622
1.00178197070683
1.06300771099229
0.885992287610845
0.704988059444468
0.937293607270038
0.156301973010509
0.649196904580655
0.899530081119109
0.262294905996735
1.47029673217561
0.891087415015941
0.654024263791811
-0.0433207938264969
1.29124876902903
0.775806571828185
0.593593953391445
1.28529739562426
1.57125556445493
0.614394525077791
0.717872409499177
1.03342237010988
0.368215194411812
0.949281720882229
0.984878617805661
1.33403198869017
0.5848263186121
1.39729956528665
0.672452337341818
1.48220696355905
0.892633501347761
0.340203435307969
0.204093100387195
1.26237285720836
-0.0204481919665325
0.587187966073387
0.784809253685184
0.432850341345366
1.03764929195146
0.969266859485166
1.10817797518873
1.08701042149105
0.97569539110787
0.77475161505817
1.0077401521756
0.388223965990262
1.46371879891373
1.12464395671095
1.49961886956696
1.1652711052915
0.967167134535798
0.726335803173813
0.888192042631359
0.685246072130584
1.0402382131844
0.821362292616801
0.815699310261544
1.01037519178866
0.593140305668651
0.724272140372408
0.664463875689879
0.818161689149414
0.824649024612036
0.814908075247362
0.809737608020249
0.78491466988585
0.884926564315191
0.553624059336687
0.604935599959593
0.873048607842937
0.803134746124203
-0.0261690972903972
0.28619588646118
1.52991905317939
1.0710779186767
0.930671412729497
0.931667409632179
0.595536157888274
0.634706971512528
1.16438026279329
1.06684949357199
1.14715129804748
1.05154417846583
0.979309946401342
1.51715638941579
1.53215971106464
1.23483195808169
0.648433902961557
0.704875915529269
0.640959048518693
0.512768114517794
0.462598526922777
0.903433447132248
0.879401268140715
0.637462789912464
0.441629141827305
0.577525506798813
0.229697840164907
0.975285332419214
0.835608143399466
0.397155723590251
0.730704537931825
1.16672645357985
0.193775283671656
1.56151166363234
1.41024536478844
1.6333598662692
-0.176523588881854
1.40170312186019
1.39821120617164
0.660113254599498
-0.0804419636383094
0.635935558745777
0.684586088834339
0.586452014882528
0.413281532509241
0.326257834679439
1.14667657007855
0.603016239856814
1.099591751985
0.576144799333729
1.07260899994855
1.55357675689365
1.31798686379237
1.09205470320992
1.27711126513952
0.998116584059414
1.0603495359713
0.993795822297481
1.04120331663796
1.20162440968095
0.866611902913266
0.702384487050423
0.943387869827177
0.992368845419857
0.912800059363844
0.558454219467788
0.884101789549184
0.921598312212858
0.944305862846857
0.560865199443728
-0.122328307975569
-0.00998247094459483
1.62262356103561
1.0422154806829
0.925454424573769
0.870181798811182
0.598299817032604
0.860100775444452
1.09135637744848
0.385601853711524
1.09053205191044
0.755129478240945
0.702823068423279
0.837981953620573
0.483773188885189
0.504151878799586
0.597908295769828
0.622943975574822
0.614071695811475
0.733103550888836
0.697543055336705
0.835257424981693
0.806512423570491
1.65882417987717
0.548371142638288
1.1168258787482
1.28934223219735
0.0555253505572041
0.375788803437704
0.58899752872867
0.974799700556933
1.56660909570436
0.55104357376903
