0.751271850339462
0.759428067687459
1.02263908832108
1.06079034569834
0.239731583038283
1.12024821115747
1.31402463067778
1.4413332919441
1.57356961116979
0.150420097711778
0.351250352596126
0.459240284901431
0.951232463327291
1.28221300654578
0.812457317214251
1.65876097100507
1.67490072505386
1.44786179411942
0.942724637537042
0.76662635596198
0.746593245933281
0.668267334786207
0.944841590767955
1.04994269117104
1.5236102823686
0.811008745192036
0.488808264576805
0.837756060625132
0.322814456704967
0.565959711827098
0.726058103769331
0.815850463089635
0.810248395200775
1.13774542546403
0.852451351514829
1.60829802475858
1.65527594598309
0.83235628403994
0.699610031494505
0.771650675543741
0.783853813855841
1.22735056648078
1.33139566982857
0.199873220079131
0.886226348694853
0.634157789513895
0.193669521597069
0.598532237344439
0.44262032155835
0.696421755096517
0.227406483703719
1.01045727869197
0.918096632406519
1.19490746651717
0.559765485113467
1.33523371618614
1.21890154593089
0.925960220130371
0.254592448862693
1.12735443990547
1.19531170209296
0.923834632482558
1.00769411771775
1.40080748732397
0.251786452972263
0.823917734864474
0.580413146073999
1.63266172354984
1.57921757812025
0.327742327352025
0.64640047590859
0.7033215631396
1.10264454565549
1.09090964160106
0.425507580016599
0.861032639808898
0.903887690569486
0.700910815045714
0.673382054583064
0.415857618108601
0.824307772176447
1.04333724975893
0.721739565743258
0.945537446635395
0.772412177574317
1.29207981705235
1.34059861404862
1.56994737120508
0.27350560884586
0.546485783949159
0.724661808024672
1.68764758183237
1.19670263444961
0.787491542474698
0.758009143536271
0.792394783635715
0.728807716096794
1.06633555383096
0.879455377591973
0.217959549348293
0.97096966735937
0.750787838133974
0.887622629640588
1.13502471572766
1.3083374815843
0.943414310354776
0.177744782599836
0.248205932169686
0.276687231004902
1.22992183352933
0.733743063920083
0.984999056641611
0.157112127841191
0.946648613164293
1.3255980606203
1.0538495226081
0.848771268265049
1.00910767735352
0.914397759896438
1.01186904956488
0.948156599864574
1.14931071682427
1.15037068384859
1.23485865306623
1.10140352821232
0.992337808091966
0.832790453244445
0.882148123488107
0.84086498643091
0.833129075793254
0.343261416681313
0.528350479245793
0.372985366194427
0.755658315477306
0.748537352495041
0.786083548600509
0.468037375246305
0.934513763474404
1.47275877838561
1.82663963018514
0.950791886370901
1.67291825178985
1.97317945892252
1.76659198622638
1.17227544844701
1.6855306910759
1.02434129820362
1.80569965065488
1.14872495476067
1.17745035122579
1.65392874974857
0.372211944491653
0.0853715089086611
-0.120767085838902
-0.26598885069006
0.804105285175984
0.360747856039856
0.431236816654097
0.260610032620177
0.424752192263284
0.200520376655896
0.344802457724256
0.677959663534349
0.641142057442684
0.500715609202524
2.63586130415339
2.61416394162847
2.11949945326797
2.4120605093903
2.57981233662601
2.96178072034617
1.80466701362932
2.12467248796489
1.92828686453342
1.37479654599598
1.31201240330223
1.12080955504357
1.47944423206631
1.02199428620951
0.762131892592117
1.32078779944159
1.62937888514633
1.79931315743701
1.29138033468173
1.34023869089108
1.44033239565309
0.731897913766361
1.0367269913931
0.112305407473776
-0.267395055793148
-0.674608550032665
-0.561865703802525
-0.495347317591134
-0.561816972785701
-0.467479263466391
-0.432992761185266
-0.325964017094468
0.201655822108557
0.387998793140827
-0.268026615376749
0.575614530154353
-0.596807253084862
0.147375981725884
-0.511523711520442
0.38690588218051
0.898356921267557
-0.0120620730636112
0.103082253280532
0.541465729497766
0.267425794145798
0.730182807092955
0.897085042120876
1.16178544727869
0.821271939113829
0.675616851958225
1.50622051306299
1.28457355009982
0.922943519033527
0.358068489609817
0.136918186167997
0.334405646938186
1.03036705756558
1.49503118214714
1.35532379541008
1.75283034898957
1.96176641398337
1.73067203282389
2.01896215461128
1.79830477212212
1.94177730800779
1.98597771123345
1.75109185419236
1.89906290674657
0.34141076852232
0.288514114851903
-0.00924443382124815
0.109900069668102
0.128579744122274
0.607819810446109
0.086762170898423
0.212161171783106
0.0788451883358526
0.219652910613226
0.604293828567786
1.06267366517991
1.06892184739999
0.505667180081285
0.243455564091427
0.897773965854787
0.857463646674248
-0.137847343927398
-0.0979916316744346
-0.210644202136836
1.43960939407862
1.08252483545184
1.01661460297281
1.1979030019704
1.12238987524986
0.910743493456915
0.93545258175861
0.801079596552488
0.583974054924647
0.0320043896877107
-0.00402422829534538
-0.370162744371508
-0.19181841235216
1.48871708470411
1.43921455909411
1.17605509780463
1.28706380176936
1.06238325385818
0.715204055914935
0.467420138967499
1.88360739326736
2.33725826075855
2.18790975994126
1.19581539000325
0.841787317116321
1.46146360064161
1.27232780617991
0.861295411481317
0.927748793964054
0.738872293302908
0.8644571296774
0.706270511144068
0.840183065272087
1.33044314655989
0.859878315356988
2.07280833937257
1.12279812481771
0.99408009312928
0.832796810608653
0.666622962545454
1.5712156034026
0.141973282868386
-0.183316913413722
0.384073994597743
-0.548536845080421
1.52603752818898
0.541345229791745
0.707652138583527
0.727863162654248
1.03881078959007
1.90183626797401
1.09807170811912
0.679834120686862
0.983971402164891
-0.0224894232003768
0.408261642540172
1.25024105224964
-0.14240968949523
0.537192451078689
0.887686272900479
1.40900286449504
1.16517384288999
1.04650077845757
-0.0502751086661996
1.59432711225531
0.831001805954307
0.66059207571907
0.913943147404579
1.78850841868967
2.32742332370493
1.73924682682943
2.21713726599675
0.511971365523764
0.264806929572125
0.89687266930133
1.03335184383028
0.193475446405751
1.76400250243661
0.308276060052832
0.27016843617214
1.01605926446566
0.784218105283374
1.96250920646731
0.349006588409037
2.07214494993822
2.41347722677027
0.385070623158422
-0.0897273670952644
-0.0848318088932515
-0.295345331071767
-0.00426964069092231
-0.449076695707588
2.11138080567456
1.79681755762406
0.585438120244743
1.93478396329602
-0.0146496435175195
1.26553850810099
-0.0105653954664804
1.45461041589604
0.580841591901822
1.03067483111105
1.15997045772571
0.718404777102069
0.824241831322335
0.351346036708615
1.10206766399388
0.925259389371882
0.889354663545202
0.946506647010961
1.5186757428323
2.10000017192845
2.93920691700834
-0.0916015844810005
0.735914990915402
1.01196880937141
0.713344668498559
1.84813462551423
0.954637836658586
0.698700906242281
0.708030901489501
0.890236555729763
0.80038603173757
0.482498431186051
0.963904675055895
1.55605763681286
1.58441276576026
1.48089757769039
1.1226404399153
0.977627556543412
2.0410519645749
0.787076329303488
0.108444732265058
0.175550201395701
0.592283436727448
0.849690964532064
0.741306556745748
0.772168156360724
0.603584522328602
0.516845233760865
0.812328192264222
0.812372684238718
0.538176978471591
1.17870154520641
0.967115858331405
0.521749765006636
2.77525732463458
1.01792815346045
1.11175728728163
1.37044393001212
0.538406539097827
1.88998300026064
1.20571277443906
-0.0951497459118772
-0.0567297910316205
0.234295425032018
0.0475757219980449
1.23241363943995
-0.0872696444801506
0.996324579194636
1.06841468608612
0.890310387630511
0.623219451081343
0.874532289421071
0.422682652600697
-0.229692225669911
-0.189869267857317
0.00771520789274811
1.25840050677898
0.93079930151846
0.360772577125921
1.03315230182755
0.835071275334802
0.730752674482249
0.726491478466497
0.868343538261689
1.20228009948148
1.18453408333283
1.14126885768987
1.19634788944838
1.19736110863204
-0.026611264413567
0.385877692984936
0.829158407311521
1.19011226037395
0.282716889436908
0.607734403417232
1.18789443009978
1.8997772325931
1.86510653473492
1.79317140737756
1.42228440509271
0.874288942212414
0.960240791659624
0.566052926771364
-0.548748142191538
-0.500829267660713
-0.351255525972594
-0.0914995591712816
0.547828039839424
0.469368686486561
1.22125749444079
0.634684698288386
0.88087066136178
0.37138812756635
-0.631153015090326
-0.355658987508591
-0.655800096705501
-0.250377191953983
1.64879425219522
1.67764907751555
1.62831081041598
1.41522880804737
1.40827215585683
1.35304820472318
1.26335321595561
1.10737884036213
1.50622292793116
0.598873734540589
0.641501306141007
0.279262931742572
-0.182742750711408
0.856221319965628
1.71482824947507
0.174208406011998
2.07137348117436
1.9431413705684
1.32111790933769
0.554373581967365
-0.0266376713241684
0.253208256972248
0.633304143830148
0.684864081676289
1.7597316309556
0.744754030467758
-0.0687490288684074
-0.000111827334497139
1.10382713152998
0.78768273880791
0.441832478514403
1.25936886455849
0.0885069308472007
0.562751151794723
0.775808269332433
1.0459680404921
0.187107364176399
0.731924540169353
0.82307760494182
0.835069051370994
0.883204580353554
0.104537569077572
1.32600469101311
1.13374774540432
1.05084021038487
1.69970428765303
0.566927557289229
0.668235787915569
2.0808285636594
0.0761314752565505
-0.0645129546562957
0.130572991089851
-0.20223398897962
0.667151314662291
0.45005924173065
-0.121106467181056
1.36024919183753
1.48022668347263
1.44006885434215
1.48270502515631
0.985136554352589
0.231390601834268
0.539487168268401
1.3794241226226
0.652861747784403
-0.220406514297986
0.157249784112273
0.663017918822423
1.56978339548848
1.76277080143158
0.626912073412333
1.17738059230022
1.91969189532628
0.522344699762576
0.95742261777452
0.343398515553472
0.861958793287104
0.0230108603732644
1.40413048995181
1.91574465843029
1.58519383804292
1.01856696857567
0.909273553380506
0.816131678018597
2.35754398420524
0.162196643506419
-0.0357775610562172
0.207744533294241
0.661588663086274
0.592447003967147
1.83813602349853
-0.0115705020014566
1.5052132171137
0.0521220692206572
-0.206464135282107
-0.570930301842211
0.563999979034614
0.247052707234465
0.249204261541413
0.836023699175354
1.34101179296509
-0.42145449578266
2.00237249850913
0.710507556462814
0.849156468130606
0.524648122369652
1.54588478217625
0.436452389307156
0.483311877223708
1.46713298259727
-0.365440862959627
0.735801438781433
0.864639175941636
0.916974344358891
0.654336826044447
-0.107778361569553
1.26886678991647
0.738216909972055
0.669546019069883
0.708930197676135
-0.124645275900702
1.24423714319009
0.803235862299324
0.017399458525883
0.927508817999507
0.75493766312968
0.364153781531751
1.37166189858521
1.36975602767881
0.579492210232703
2.2534130614335
0.108170673738228
1.08278858761654
0.721527245373178
0.824599442980244
0.462559796470055
0.317795473985665
-0.0318386510629522
1.35575093968563
0.202883296950818
1.19055055224938
-0.0411519169251212
1.68925327476976
1.746869541853
1.16276505460603
0.772223199961218
0.663162913662851
1.58711779899576
0.877653691610137
1.0467042708346
1.59384836952104
0.0152022307772983
0.817959582805818
-0.0666274857696954
2.33331634640335
0.623006374327666
0.0191540327419826
-0.14929141987022
0.151376410680646
0.291685132882937
0.8163909236507
-0.168221231656974
2.00173451541505
0.864486841160205
-0.194853535699555
0.357858854097816
-0.0391364054582871
-0.272544630247244
1.45719281216776
1.06647539631258
1.00561595689944
1.05670802514996
0.83335277445093
0.557763683551487
2.23494706710519
1.95602893326672
2.76706259433842
1.32656284728092
1.36923203034939
1.39023296299672
0.776860489184636
0.852239033970058
1.72291720760418
0.207361841991177
1.0305714974091
-0.219400408131416
1.0376186736771
1.80341198866095
0.406302935393793
0.489626375940006
1.24436659260087
0.0924987127662663
-0.0158593246928981
0.20656680760615
0.369343176869443
1.64582373604341
1.43257061681886
0.527062569043258
0.660919380558537
-0.337497464339978
0.841045686658304
1.36242006825535
0.100055523570537
0.657364325392638
0.651477700300258
0.764523338605362
1.56190364290687
1.10637861799514
1.28471653728513
-0.200299465449367
0.9833531699443
2.40609826829019
1.11529509521824
1.76945473321536
1.61562359745318
0.807758405679476
0.37466009950041
0.238625033139218
1.62363820621801
2.51769715517885
1.76643387821803
1.80682040190504
1.90084237124262
0.204438059039787
0.969989425873194
-0.130088073021891
1.73067458736216
0.395016319506928
0.51153248389424
0.303366482319481
2.1160707637576
0.979916468629114
1.85168032734097
2.08159137066028
0.805587523452241
-0.0604312320948801
-0.40541695587129
0.236192924647952
0.879255149044803
0.593645290490583
-0.0698566552442294
0.357938656508492
0.207588282828798
1.2038141777186
0.282499364381015
1.2149012693717
1.14810862599114
0.686687174934968
0.715342270538195
3.2080574352494
3.05584804236047
0.583360371864126
1.18957133645868
0.120562079527163
1.56924653388969
1.31435824058459
1.95112121698798
0.696114950851485
0.0171907875835123
0.193527868313323
1.33005418529642
0.464147067332773
0.511455914978844
-0.556870875341805
0.747891431203613
0.68430160186253
0.0621931320185497
0.689214189211224
0.0942150682181321
1.3086553554446
1.4280169726299
0.18502631807272
2.25217529014607
0.547634317954678
1.18771079373702
1.05143603638146
0.0545806310106492
1.68025624838053
0.373302208898011
1.49471027410953
0.325998836380898
1.87661112361233
0.754488507194423
1.68705132874175
1.50193070448033
1.48717268131926
0.395180764854883
0.901230146835644
0.960944247586005
1.10788776303068
0.82820445965151
1.59438952984797
1.14883360310107
0.56187366938996
1.51564650021735
1.86395137493045
1.89459990987734
1.80282750183968
-0.0829692032708987
2.04901102091782
-0.00939155038490462
0.130528396858066
1.64854462942121
0.480451603295263
0.516953646920647
1.34072316394338
-0.597203223339552
0.98612130106953
0.669020357990196
0.37249407773787
0.561973443387514
2.91524680679311
0.964603310372814
1.05789612047539
1.37417030070595
1.80884675508267
0.88100261625678
0.800851423041598
0.390728317088086
-0.0775587879792848
0.268517498736534
0.28089208233383
1.71907765460688
-0.502182166699422
0.0463768130313482
0.774554468662715
0.938658297114431
0.254542802310571
0.589656588262804
1.66535458341761
2.00571100149363
0.969272782388881
0.605118143093112
1.59907029252539
1.83539178799604
0.278828030345413
0.471427612162135
1.89596000871922
0.42442068763215
1.38517073484953
0.777984160322513
-0.0569210076101275
0.512833287064118
1.23721826769475
1.46538485071831
-0.108489485563751
0.694860240058365
0.303790409025718
1.79825983374832
1.55094545567651
1.6659682103618
1.51583956880914
-0.368426776549008
1.89669818235857
2.07868229270173
0.24687868416823
1.71004721583323
0.732481567351288
1.80579732689179
-0.0768676689040042
1.98337556313711
1.34264625934401
1.0111414721099
1.4743377776399
0.87571433074981
1.78429304367614
0.823733486283708
0.607665976157543
0.669978355205557
1.91700738471328
1.75136461801163
0.263836109223489
1.10429738673442
1.9763951720381
0.761168878892498
0.896903251308277
-0.364265809253944
1.36357214856094
-0.200616131193481
-0.0747834490744253
1.91452632679345
0.724915542103564
0.187943926658706
1.05593137575075
0.661842719468903
0.0750799049498637
1.5136156504712
0.644107540803562
0.642407317652313
0.350188407827073
2.47879558608804
0.144135042298584
0.129726399848358
0.629193056238549
-0.100949268168597
1.30399237094913
0.631531656310413
0.531839710996211
1.05774997416385
-0.114412702289806
0.739719320402029
-0.0267625193739351
0.986632214492173
0.954868807573859
0.721999082801169
0.948665134529799
-0.097560878417427
-0.233695761474253
0.773934902429533
0.477985169684716
2.00171210793046
2.87660348000082
1.08665799631071
1.1805050216291
0.54646811577966
1.01888469631694
1.30059990783813
2.04873617281137
1.08673163471932
1.32883454613341
1.12853280267346
0.790555447134408
0.68392109548852
0.793139184879823
0.316622046830211
1.07735187252635
0.642942289107054
0.227000713440995
0.733098355377183
-0.0515538197520681
0.997568622004391
1.12305569110748
0.224121344721484
0.00783293224252913
1.18831013781176
1.04458578550813
0.809398406337731
1.32380395567458
1.17839829611978
1.17075202978051
1.86422490136315
0.545006338414679
-0.029064259773821
0.890328453564771
0.860385428057475
1.04318308780643
-0.0678727732194335
0.854651144057382
0.0129857914936092
0.986827668976008
0.718504047897021
0.801321958802824
0.525485163825179
1.85414960845021
-0.072524874764395
0.539210817584775
0.131886577545912
0.494732013333449
1.02228403347706
1.71313376213951
1.39730091689187
1.562924117446
1.59539840733422
2.36587963873813
1.09431134539123
1.02583181162162
0.999923107429496
0.584257922560239
1.32016702791742
0.228671819708935
1.96104955061383
0.461766038004524
1.6528576850899
1.88193302412019
0.397083914326638
0.245021799914548
2.24717572998191
0.966899005409627
0.767247142040465
-0.178057682543836
1.99374654358834
0.749554234145965
1.06311119425112
1.07549436675432
1.34787541669019
0.805206830224283
0.815251560231707
0.969622493447665
0.0777912833195671
0.0886186090456907
1.18285161001346
-0.0169644962956031
1.02535814131286
1.47777555390136
0.681447194494686
0.420101082338738
0.798194013952452
0.856115668359075
0.750471968789656
0.090967420340682
0.212174065434331
0.104789382131658
0.840836396310099
1.83695554337554
0.406959082469222
0.781394130943698
0.0730797443751591
1.79386600159003
0.121264682583745
1.7502318731679
0.664375154395126
0.579979634429234
-0.27820096801719
-0.0548978514124848
0.741734124962636
1.91611443995489
1.28747110635858
1.01069629510465
0.184816776977505
0.548602392670983
0.423290048517874
1.21185741112237
1.48619499002579
0.453532959826021
0.768231467337468
0.567042902913816
1.90852785573217
0.283436109219368
1.82866072095462
1.14051748468233
0.791900191067215
1.55206249990803
1.88156814669878
0.327159740478526
1.75497142131593
0.635458785774209
-0.629932130767538
0.792973749096769
1.86689571736082
1.75808537370835
0.316274502099931
0.944330927260147
2.26684141494756
1.58950707103769
-0.287565613076437
-0.0764739324903641
1.05005408686619
0.827233266411251
0.149042124829267
-0.394868129562949
1.806826302407
1.56408467945185
0.857084691721275
0.987189054009629
1.23107651042098
-0.230019871308453
-0.285695113807786
1.35203850955973
0.154353237932739
0.0198422095331013
0.0833222259304251
0.542250775870058
-0.406561291150577
0.775990743652831
1.09753956001684
1.22501647937716
2.0082763744049
0.973138992091076
0.803177088778764
2.17016589666663
-0.474928710854355
1.09879354518167
1.00886321842585
0.563712398569986
0.567168080337725
1.36595920624743
0.281914939795412
-0.0498077383995915
0.503009813371547
0.967244847512899
1.55046312775934
1.20079949226071
0.147381384280697
0.253263746198099
-0.198983972262192
0.451152223348301
1.35473874640231
1.85983906503777
0.777977948845432
0.805088163433953
0.924765977459829
0.959727441331091
0.620005470597234
1.2903154834551
1.50206367335977
1.61669509060367
1.09149764882716
0.763641096342645
0.759726836783727
0.93307684604462
0.961996907497187
1.04264858677728
0.888068861213412
0.785702594882533
0.865145262975994
0.717134982760464
0.754945820911578
0.886296129852475
0.439976832498291
1.21457797689956
0.869374290388377
0.784392667930891
0.38964888564876
1.23747342965381
1.2088469106438
0.590282975339313
1.15296563756353
1.47968220531551
0.772752917142787
0.77151557876344
0.963169843285695
0.544072758465118
0.953932339230463
0.897317941256662
1.62590847215624
0.809480855497506
1.3174446219307
0.814630000750984
1.74246201679714
0.895417942895347
0.451069667357751
0.462688746139458
1.09775384528969
0.493410144009628
0.806450352633461
0.735827265052655
0.970602719243157
0.986709652386542
0.937838182917464
1.08337712373188
0.98165207140741
0.924616748560357
0.831716112830081
0.9087179341682
0.66069601658505
1.22807032035332
1.00811881486074
1.44335611247715
1.13987812224441
0.961615093787144
0.73901100277103
1.11138208986875
0.76632196724871
0.931079890426212
0.800423511883377
1.10753544765937
0.954366360713303
0.807622452092879
0.804240818843984
0.81310143379638
0.796606061163584
0.847954387537443
0.892183721045072
0.85558181564194
0.847712087714263
1.04008371037768
0.701002010372453
0.731347476727573
0.829748687982045
0.788856074235587
0.338924992227657
0.569002491689795
1.41779656911714
1.03328174654347
0.914417530335145
0.882929984778948
0.789601080638682
0.797043808352084
1.12085520731249
1.39904711008101
1.39945314275387
0.977997175228749
0.969706230331
1.81782116830731
1.75329004357286
1.32708632537414
0.761591403834341
0.788972888679089
0.777761577995894
0.665270119665809
0.638403903129858
0.906499128935968
0.863267519774848
0.692347444879496
0.491879705785254
0.619371506779021
0.848870553634847
0.968107290885336
0.833324843622911
0.762411972248346
0.679823710623734
1.09352503438398
0.347701484429926
1.27696516761495
1.22593412245276
1.54735596201244
0.370008589796292
1.33424468536346
1.19001255962586
0.748990773614845
0.532730295164757
0.782956959850771
0.757849268103314
0.773626068488852
0.568086699169672
0.543654798072512
1.08342561234064
1.13073577339712
1.00958103151328
0.814777849764461
0.939984396652914
1.49420327991993
1.27701326374811
1.06822990679535
1.24396731799182
0.984365298249215
1.04452819547164
0.964843106415445
1.00124686876524
1.03171285120182
0.876319815502512
0.702229548797549
0.935988734091405
0.963421664450952
0.825900928454101
0.80920402919419
0.90112394924836
0.888788020943659
0.920985547488497
0.717285188985526
0.31587534389273
0.340125946297163
1.47019901293614
1.21165783906272
0.965491023946319
0.80865777684834
0.773915818128469
1.25367781719922
1.01369721148604
0.596895716484479
1.03339238556883
0.868496621401078
0.825726358409968
0.90047317352489
0.634582059276983
0.677926325403274
0.802205489836975
0.805744550710243
0.789274517607474
0.789330315600796
0.800853339580707
0.831789579464943
0.779403334528453
1.52048014435487
0.63896252113645
0.977710267994492
1.59184332660357
0.289660868440757
0.574539495348959
0.721178115494031
1.09836305053374
1.28175979552116
0.545297700695126
