0.986592973561599
0.850338853150058
0.831322248734289
0.794592289544485
-0.219143152828835
0.0398152379338679
0.268614481354918
0.351602587980924
0.446409630248974
0.0334099016938379
0.156293934068923
0.200524261612777
0.502852113314255
0.763526993306976
0.970735247155098
1.3938125363294
1.38818023607227
1.3108235159516
1.19221771064828
1.08776291508743
1.02659087046784
0.318819047853941
0.581668654291643
0.710633492912261
1.30038650253848
0.914635698627201
0.0104362514382008
0.810937650055221
-0.329516493803503
0.230905140391116
0.815763749280955
0.883493219173999
0.346689615723671
0.733924917976345
0.816594203361382
1.38923884524736
1.36337111791693
-0.18168558848669
0.828282453264531
0.947025012705491
0.461370016414577
1.13579688986841
0.743567374490675
-0.30333232685726
0.628131641826093
0.267451999302904
0.0819888596587847
0.191444722811439
-0.0372138570868674
0.874656346468174
-0.330066049994571
0.329644210718199
0.675320892289952
0.0345508387786172
-0.259388882746159
0.750217881077354
0.73342090548391
0.57078626673833
-0.223914290535842
0.779106993783332
1.25734733417783
0.427425676257279
1.05026610216303
1.22095486240817
0.0681344715525511
1.13935506267845
0.121410658467927
1.39991331262878
1.3552174843356
-0.134534075577563
0.276875042001464
0.371586582050818
0.76088291994804
0.674977098903417
-0.055107006146441
0.529337470915531
0.600452375774505
0.821182301313285
-0.234066150341586
-0.308129060609678
0.899377199060653
-0.0731873515683895
0.837761734801164
0.831758772085908
0.810065498338461
0.739497590998845
0.745885781831306
1.33922773146679
0.119033342959411
0.232175262537032
0.919140121460719
1.37944665557279
0.167454612062833
0.865811928719316
0.966367804662496
0.929555128366911
0.30700521944518
-0.0368168164520601
0.38828179217498
-0.311195280909893
0.694816063010148
1.05680055183866
0.653285643569117
0.724616232302793
0.754516406866814
0.537844363421673
-0.274308920113269
-0.244773795501139
-0.323880972247739
0.769420573871137
0.837478806772772
0.792511031577596
0.052691787296005
0.466382084841259
1.28546843182033
1.2249676499769
0.68571866035408
0.746423322093639
0.634046566293319
0.81946423881849
0.819456305408315
0.876756984410627
0.841894288411949
0.810725550769517
0.776090195700515
0.802391201645064
0.771634261396422
0.809745949541137
0.776561303060256
0.782674579906409
0.951040748062084
0.9169458282059
1.02497362093168
0.944467727920075
1.11537196731023
1.03424148042498
1.10010240724458
1.26215768411482
1.71769946756946
1.88744736092736
0.816927550045748
1.00933996417019
1.10922815160754
1.01893196737441
1.08189234264176
1.46723089155136
0.983546884833746
1.23289837610435
0.955428225143057
1.13803666257074
1.35012962581638
-0.086238759995532
-0.183786171413669
-0.370795897945635
-0.397138057571068
0.466560885504274
0.233475246651837
0.229673714691492
-0.16140770396232
-0.0770668386622124
-0.276177598457379
0.0133876690285749
0.141047808490797
0.216038063748388
0.213491673719414
2.07841559727688
2.01733542083586
1.77315379324723
1.82871156084712
1.88477617392254
2.07162151694649
1.72435183259263
1.68687377908997
1.48335060982608
1.55540465125479
1.60330129381478
1.56852767708663
1.31339185255601
1.31178614710463
1.42082018389739
0.771850210526976
0.886729685875772
1.01671587656447
0.838301583921046
0.845548646404211
0.82673914838562
0.652804519290101
0.741042726025302
-0.0577387423919234
-0.0987964133728947
-0.209359184898424
-0.18956255741173
-0.209676930856659
-0.262986621860541
-0.246483252759994
-0.229421142982319
-0.216098986496264
-0.0279987160189632
-0.0247527821254863
-0.171865213027925
-0.0157722215807048
-0.212669965023998
0.0468645860891907
-0.0366938022039253
0.0826917546538988
0.527906776921876
0.0173443257327448
-0.0999523273855128
6.27972363212749e-06
0.24579162983487
0.431186290730709
0.770285703109778
0.735720861519474
0.468486409837682
0.381502733006187
0.822523610135705
0.738484924161173
0.685959012703588
0.543088296944078
0.569657259851781
0.749304036385668
0.764519759563913
1.36245206350531
1.47465395022053
1.41391420482113
1.45385650073578
1.49636170367829
1.53922814151116
1.71529755383441
1.91706213096116
1.86082283404215
1.65156565713909
1.47723284783969
1.03955059404428
1.08317437091741
0.855936887155755
0.864145014317971
0.951831927331442
0.932592192539952
0.781183802932206
1.00178211139818
0.911147738645093
0.858366185184525
0.873063002595117
0.915633638715416
0.925433162115762
0.835146663060036
0.947553703114721
0.785576316621114
0.784675917230132
-0.404403967626575
-0.309582672478504
-0.332274583048593
0.856259170017193
0.564382275709345
0.544856613236531
0.405331707289629
0.541439602955064
0.471546087536794
0.212202752953385
0.298685333055097
0.130107843264872
-0.132944578183555
-0.0682418045096568
-0.192518614267084
-0.207057045005839
0.423695326623184
0.318901660293771
0.277837118854017
0.367209614235755
0.215972108314139
0.124374850341028
0.876045739445438
1.89582244285673
1.98458124735297
1.98614481386679
1.28711532119997
1.30216489456908
1.60804679811132
1.56968882416207
0.995687408966785
1.14945787534615
1.01909771641426
1.12125829204949
1.10112624184142
1.20371892403366
1.57454894553474
1.33074337763017
1.71257019106408
0.896780870019095
0.862113526426606
0.815003228013684
0.861507491059015
0.790570645640923
-0.108264967070245
-0.357487568282732
0.805857400646933
-0.218269532232863
0.96592926739486
0.368682228233409
0.303410440186523
0.87529858386666
0.986841216246499
1.06363968825962
1.10544889121224
0.814809392418296
0.258043392313517
-0.155303874192868
0.730639129895765
0.53425331505673
-0.023737048296835
0.158382372645546
1.22516434070389
0.753867696316123
0.74033654796578
0.739039951964269
0.730897312766896
0.820806235065546
0.382544808967094
0.356887613514524
0.790033266392671
1.43310415171875
1.71497299513227
1.47922159473431
1.55889480413557
0.108269580501744
0.0537339556237377
0.688675860483703
1.09902685604677
-0.0295914263209151
1.38136231688132
0.75444640468545
0.815768450208801
1.35180344507874
1.03133126074965
1.68714277303362
0.450834536556681
1.71377554885416
1.92018090183869
-0.0793658083929086
-0.271514437613742
-0.119981019077098
-0.382319729691866
-0.240319085817885
-0.110130353045324
1.64782892471557
1.57691059643025
0.202616730362101
1.32281702813157
0.970411123559914
0.351468623926293
-0.0653236608458414
1.79311742473298
0.819452918218892
0.94435844815022
0.753649252397565
0.634646904354771
0.175698076509486
0.136558367700832
0.857313717445087
0.836592538226534
0.778193775284533
1.19562081533756
1.71341902642227
1.69927315886991
2.15276039874485
-0.22958878717513
0.388747071006589
0.805142872413133
0.166753872004451
1.41698693008093
1.2295975172226
0.240846132164699
0.42668208022921
0.734199386497904
0.560305607539801
0.740047889173123
1.07878546203624
1.24549404771052
1.60524780148138
1.59457081844
0.67044932843711
0.943245840435473
1.74975567029142
0.230536386368611
0.0416617331451021
-0.0623135911791387
0.198861602779725
0.837715999297828
0.974553178492295
0.945120327270413
0.64580073004101
0.0337164521053963
0.412393680866034
0.164109353708143
0.0226064869891101
0.75432961763481
0.602561806955956
0.668415223571986
2.02803621947943
0.371501219427231
0.480166782665202
0.702014001327773
1.18398078797557
1.82413537805771
0.819291494483021
-0.299688641307084
-0.337002396246236
-0.158868642057043
-0.316416481003759
0.846091693672775
-0.225639462487572
0.686516353568574
0.727825490163788
0.700844960455953
0.635141792889316
0.661366949781982
0.834196521004252
-0.348771794898457
-0.361324997413738
-0.253680656976276
0.740792183206675
0.551011739382045
0.0526187355134304
0.713012768949762
0.917259318176921
1.20000736407182
1.15094336020166
1.34522699235607
1.02384561419508
0.974765922613584
1.05645255777809
1.33123425642575
1.15077496948994
-0.00914400728091755
-0.0851906870606151
-0.140242381768693
1.49362283250118
1.05859386493937
0.996459686087364
1.52620783215274
1.80130611946289
1.68548796909509
1.5587973135734
0.896498196104687
0.791472327797155
0.809422801128857
0.811644600413761
-0.267958898003753
-0.207206619847087
-0.20500932453979
-0.171895346719774
-0.0644822432886995
-0.206613182019337
0.784897060821985
0.561361766751095
0.525277786394542
0.210480193544187
-0.198557721115182
-0.217000845766128
-0.190617001352373
-0.267820660736099
0.904399602362742
0.839343615371844
0.742612849856197
0.703655520132257
0.800966748368542
0.68268948311469
0.698277985157427
0.69989185489336
0.908114628166002
0.324467823453909
0.409148145298575
0.20903693928691
-0.324806026725332
0.583705877848513
1.42918018526017
-0.279870357600642
1.87390445294015
1.68311986647534
0.461656850869669
0.164025024761009
-0.370080588135168
-0.140037988712047
0.842920918576746
0.586607084323387
1.3880267133928
0.817185891032907
-0.233124390952418
0.109775593651083
1.07433747041409
0.969958453766793
0.842685982446702
0.738323987701365
-0.264728415366255
0.276263789502857
0.466682108227369
0.529660879685088
-0.178698481366283
1.0469403100788
0.643506670990319
0.284555577052004
0.674475268576503
-0.283993800750962
0.720414291355352
0.0575572892999076
1.47166019992093
1.32839324882918
0.826820351617136
0.864936181260868
1.76228466562269
0.15029717045263
-0.313234560137903
-0.353521050456004
-0.338164867455764
1.08128819242759
-0.0897022560198651
-0.143583087425005
1.65556202407295
1.32182928922825
0.713223014299277
0.37159582645257
0.543869491303874
0.833488236183874
0.0708263789844878
0.796710244840029
0.150022687472372
-0.167077856827842
-0.26623854552284
1.07068296089594
1.61463226030148
0.971075736140378
1.08109822557807
1.26842601318284
1.53317490623206
0.861045457687596
0.756361994098693
-0.291935790035131
0.0371938003878532
-0.221627671481499
1.1919604830531
1.54683192359283
1.29359288720046
0.461206117846179
0.674719564106176
0.819999440686499
1.76031547128164
-0.248381205649914
-0.00319909795000708
-0.300422201865033
0.813778067827036
0.061963740105107
1.52606171409121
-0.273609587904908
0.422218263327222
-0.2762973332245
-0.408177682425959
-0.209603001089221
0.346543250696724
-0.279712121397778
-0.131701194183333
-0.0827514193502055
0.289732578278581
-0.0475843751547136
1.76690137269945
0.134940031529136
1.17602116105162
0.803384653120105
0.718175310277919
0.0821212400232338
0.073018793151185
1.42169564747665
-0.264778065480585
1.09879583678924
0.60684379812954
0.579473887915617
0.820689983968433
-0.324577043060715
1.43605638137686
1.00329979655099
0.350688119493347
-0.174232646494626
-0.0981311545891509
0.8051078652328
0.262988115255287
0.0256579938400411
0.55275593099539
0.612200545935106
0.893963016802429
0.731724922051194
0.489106783387844
0.118304837899813
2.01644921866463
-0.285884250110598
1.08283322054131
0.513248976949337
1.38205727740698
0.821173508072774
0.821248056702537
-0.0643315690173341
0.832854129973857
0.512960201437374
1.41722962258559
-0.0499104878178641
1.44077874607428
1.49719797755987
0.416084267197414
1.00522069565937
0.818324970609519
1.25387304651959
0.561545809734222
0.264406107363824
1.00886180424563
-0.275666157007103
0.926292865622756
-0.202151519132097
2.02485707204106
1.14156258354794
-0.26731807115496
-0.348718139213337
-0.115481673595373
0.8502069118974
0.744069875148715
-0.233401911572021
1.85626325321658
0.59975126484598
-0.268746354975175
0.761974619909502
-0.254391708664738
-0.157650770826914
0.487567700222804
1.32757232133002
0.509752314210572
-0.0380442372755731
-0.17523011738217
0.599781305735074
1.37489203921693
1.455109919602
2.07275684092975
0.72246267603554
0.724030496369781
0.726753371814695
0.50887265101887
1.0964411244052
1.37361262658778
0.690730753255238
1.04851391579994
-0.317612911465218
0.672315169235965
1.48575555328308
-0.0507592859773008
0.0494344416009137
0.791873002905643
-0.174995752398065
-0.293751575854186
-0.256165811634196
0.00656689589538388
1.35847784714623
0.894763950171665
0.813507450581667
0.0985560440624312
-0.183372989427288
0.640361438607033
1.59497433148971
-0.288640006809681
0.171384768231469
1.35496987980395
0.693356163922533
1.61992024312396
0.606783675025175
0.433011836862817
0.0248285743343016
0.445415174638232
1.81218702980934
0.933771381389045
1.36381966203615
1.28927881661743
0.656367960688933
-0.0665774385919438
-0.129469579009619
0.989720052727061
1.99731450851109
1.53960727328674
1.5078945068467
1.6727052907051
0.00519595928198708
0.837492139070805
0.116378511891302
1.43929529028055
0.921574131695663
0.177155803560694
-0.0547549700035326
1.97406791577745
1.22153252655558
1.4669485219505
1.59137835199932
0.889595627368032
-0.26829334553616
-0.103385824282292
0.878721536350175
0.574390717377511
0.638224269144996
-0.25063810284124
0.0270869447189729
-0.0183072475173521
0.718052554378826
0.760929218137127
1.07931723697243
0.623246043080434
0.891638226725097
0.856191103277946
2.2265836809108
2.2046296619514
0.234830332766999
0.718364788836919
-0.0601600154721179
1.00423110042149
0.788123096208079
1.52738926274055
0.261890851394239
-0.32821858008349
-0.302457871506126
1.15543248001383
-0.0154524518834999
0.233174526253294
-0.252373793584135
0.809138960821897
0.359432479877824
-0.222889218716461
0.296953386525678
-0.196637363998615
1.39957262442374
1.42280958528292
-0.223662913985971
2.05741597005376
0.462980169735519
0.48550601335002
0.644347354343418
0.869971472091087
1.43095449030539
0.184946900811931
0.8631842698403
0.823217296260153
1.78370269675825
1.29093809762852
1.54965345033281
0.703989241370166
0.696976907887211
0.936886852519803
0.354085120151247
0.399919735100689
0.337868549776505
1.05700758178914
1.34294480229589
0.871849484230117
0.011918308720835
1.03749551074045
1.70490899061074
1.82516475922308
1.46012645106717
-0.297716817992196
1.87805827541062
-0.318208209069822
-0.00960544552753286
0.908003990082706
0.196925449039968
0.0189830640627966
1.1528847250218
-0.261620015783145
0.6948377078198
0.214472276742957
-0.0924303856815309
0.188577864829374
2.12222398851892
0.682967968881404
0.679107778743127
0.89331961739453
1.01381174419734
1.40953149906019
0.228074532230629
-0.0363538354220522
-0.168379762106042
0.38783637513854
0.203411640701802
1.89767856855253
-0.142186964004976
-0.307381060114989
1.1356633693749
1.55332190239452
0.758804637996852
0.775739682169833
1.4825077829219
1.11179769147557
0.901528281033672
0.186875018518245
1.62910422839455
1.88972336210938
0.696473428757279
-0.013507477215594
1.44696727274476
0.273556982386849
0.751333200101774
0.38382012324165
0.631586716419644
0.789148573444727
0.495172943626803
0.430481399651061
-0.2843527242141
0.808146380600908
0.716652525269718
1.61095564260576
0.393084162312755
1.75798624949401
1.59936674871603
-0.108828662326866
1.42152087306093
1.60740466147288
0.81421720051577
1.37713233059929
0.43167693708931
1.46666062774483
-0.28843602709991
1.62979611074521
1.57019201727486
0.854967746143369
0.716519663188483
0.568121840324528
1.41087525910173
0.512353213423036
0.374417739038637
0.577222727912997
1.0862311631788
1.79662557633457
-0.170279905774761
1.41743376613771
1.35871732747414
0.952355517634098
1.35733556919066
-0.222799594681566
1.64481041099907
-0.118243617707953
-0.159572092370327
1.48630088799481
1.19308656706906
1.05832762006566
0.866252701938001
0.780465091632226
-0.157485071856927
0.928345130644617
0.824848665883995
0.83229227500475
-0.0841703040594864
2.05112070003775
-0.197814418391394
0.862339200904831
0.0891247782540584
-0.121626174904913
0.733239895090673
0.857106599933831
0.843380070057025
0.421696771886679
-0.31386466231415
0.969108476822354
-0.254167860012929
1.24946341048716
0.774005261202591
0.816187021246663
1.2081562230797
-0.317368381289851
-0.397364710288359
0.420697126540074
0.293444724665874
1.66461016604456
2.09161386341653
0.266113932397113
0.683646030173959
1.01938048186546
1.27356836945742
1.28526015474847
1.79377648403674
0.802704003023506
0.599418689552398
0.826225995089689
0.945065427425952
0.886177261896198
0.90258120180095
0.0153285795345096
0.86075118968383
0.911057499783242
-0.296388239215879
-0.0518971183678578
-0.283571185827757
0.17752517312727
0.784085176005012
-0.118804480748818
-0.204201724527724
0.298617167787971
0.223277464092698
0.179607085721485
0.807932832031249
0.749948186810505
0.756021584393551
1.46099985447328
0.138351794156668
-0.312344053935952
1.14592776203022
1.13658512573603
1.20925108568609
-0.359107525439457
0.949353426024115
-0.184357405847492
0.675839705838023
0.639370085691149
0.6567477792591
0.185662408139826
1.68892651017946
-0.276738176948781
0.083380279993507
0.957238034272932
0.0237547524722749
1.43482716176651
1.74569510551419
0.399971755619119
1.26008526919037
0.907006753470489
1.92751506253731
0.826932483263069
0.751532041769488
0.656378624449335
-0.217140474295778
0.746603948572012
0.0983496651189973
1.49718050216472
0.186517781668806
1.40054012202999
1.49680815958348
0.850049683569683
0.97909996076783
1.81983255641846
0.956996690979709
0.870870535173961
-0.350563599053691
1.17581231774517
1.06897600753538
0.517714348992718
0.304417467468357
1.17414377512913
0.312289639884788
0.816823763498085
0.319861312912509
0.818888847791048
-0.0527280327294524
0.835698053278377
0.908632724565664
0.658987487615382
0.975134695419625
0.613599567572807
1.02600826548626
0.929999599224899
-0.0145809017804313
0.922607102793389
-0.28237750538131
-0.23393348803085
-0.260020534695052
0.826044032168733
1.40320679537865
0.81453841784529
-0.128265930457601
0.0361483964628775
1.61163135620974
-0.121168046176699
1.42054283539492
0.818776150752221
0.225279081912843
-0.375090266416569
-0.0963272725526556
1.06945902078418
1.05656393200201
1.34989349828832
-0.0140338843430228
1.00820877809985
0.316515886460121
0.732659154187045
1.40619296739985
0.415538731990555
0.0631117919128117
0.369806814364137
1.00966998796441
1.82271083802036
-0.33412639105683
1.81240850492711
0.749356680141619
0.585784173978967
1.62741306565741
1.68831537414269
-0.0982698768828771
1.82777231238051
0.336937169908711
-0.128078677939732
0.647719220956922
1.44183220330068
1.38861798422178
0.916634053503346
0.644771563777217
1.81687097410016
0.935011761104062
0.0606010562268648
0.0354096811241878
0.691103842166412
0.899534609654487
-0.307635532785042
-0.180530805589404
1.59089954860274
0.929127857042614
0.995499142640077
1.03857808993951
1.12590235516635
-0.414123473038145
-0.356015669384367
0.314513067667604
-0.234325940850828
-0.268811316359092
-0.313518254170956
1.27738712695647
-0.127023166759204
0.468116317071418
0.710452836822897
0.694876059162364
1.96186093625129
0.54076030366828
0.817497313786679
1.90955720677534
-0.294003588787208
1.46827051355334
1.30188162098675
0.849960503782317
0.902109072789906
0.729802715358125
-0.119175401240421
-0.139987038380634
0.174765633637965
0.541194756419771
1.41326706335971
1.28970355619006
0.958413845398251
0.082171170058637
-0.304278910940402
0.143844964789376
1.30491379068732
1.4151338934034
0.969124298370953
0.886586011580979
0.786321643698859
0.693550627346503
-0.207246254746491
0.10780132161127
0.297970895308397
0.507135152483435
0.291579278489784
0.292130056467223
0.417446293976311
0.913139227315979
1.1557199826346
1.26904542841828
1.18752316743213
1.04811197874054
0.690694352363619
-0.210464490668867
0.197459126835174
0.976429065793627
0.124067579662444
0.778007254420516
0.492048820190966
0.825916540357744
-0.259323155472286
1.26714135067338
-0.0090214067272584
0.274328180397249
0.837552335467357
1.34204367336412
0.951134700196108
1.06529278203366
0.699245606020807
-0.0147850730934183
0.578071196111888
0.812377965939215
0.288533904186517
0.873879064221306
1.25990491505879
0.373647159459749
0.457617219376991
0.598767731258585
0.180482784065686
-0.153553443392769
0.746938663786945
-0.252878747206628
-0.201118217108845
0.360968047045649
-0.150472838369498
1.19956365272591
0.889900352532834
1.12120915849203
0.771499617843705
1.02900530457586
0.239426974869608
0.817698557355019
-0.234671685678931
0.81110180943075
0.891544027575873
1.3251568831757
1.28052257609151
1.20720858856298
0.38689435101097
-0.0181528827701846
0.234206612644451
0.738213254028062
0.54241138255292
-0.0374142522006072
0.994152000054765
0.853249515536
0.801376261872519
0.855912987372294
0.800273432047707
0.7958712315412
0.494041716751994
0.463475661187629
0.416139470841885
0.319811413477976
0.22404646399494
0.154193350090172
0.425145105649371
0.461777991635548
-0.24796606403287
-0.202961328103606
1.32047661873687
1.24583033478888
0.650890970696396
0.653542917647273
0.919867004804581
0.910047813887001
1.24823222638692
0.162268822410768
0.131846478001273
0.676913383700987
0.696024171517789
0.431190532766846
0.412935202075195
0.420385643066687
1.00056849984552
1.04088633450166
0.960174373861579
-0.0516889560202533
-0.0794074269703958
0.532671133263089
0.553485823379746
0.289550183608522
0.217282906530156
0.271680337205408
-0.179108761137551
1.0472936281104
0.891980656920444
-0.188896647367708
0.313334706121925
1.23043270195685
0.134915293689583
0.782007152528219
0.803159003014186
1.35188602446955
-0.275710113396986
1.23221129970084
0.750348685057765
0.818545255316674
-0.264173361977411
0.404536299807397
1.04211595344917
0.83651105291441
0.056051513508144
-0.00944056608029195
0.826190271112017
-0.0490082478039668
0.711800075393177
0.894582664577446
0.803365489188889
1.32741811018391
1.28540448854509
1.23239220531162
1.29356740285216
1.24267829489886
1.2541116028406
1.05485965906261
1.160526832382
0.787162629757428
1.15117838339704
0.354779530324731
0.606674316287788
0.819159876562269
0.806379982687616
0.865982884239034
0.621519559552608
0.454354353968816
0.671911614773441
0.302867671171212
-0.244390974391462
-0.199009634466805
1.32707211502501
0.39752504305782
0.569759286297305
0.382152939419258
0.943686193109308
0.0902129440808254
0.913704202224088
-0.22943085071127
0.674209738618979
0.433785183319706
0.315156557190516
0.484941758031747
0.0897154750677437
0.0299329874405829
0.893320326081291
0.868717750173302
0.914685465234595
0.805215296048827
0.813516493486598
0.791840769819804
0.421904392204288
1.3559489454146
0.229420391963188
0.765457669475192
0.348493213633717
0.0811279795741041
0.178427491924083
0.167045006748015
0.265649459134641
0.762895035672681
0.245894226512188
