0.858216386250188
0.88082736535832
1.21191827339236
1.21469695780156
-0.0720250991360001
0.952953266547448
1.23843768059284
1.46717131602444
1.70856291867744
0.263980612008434
0.515192076648914
0.608805298425181
0.997036296686792
1.69666846713494
0.733474025010935
2.21304650587298
2.22378706085184
1.84052992136662
1.04415178066915
0.849950822192408
0.844684510413405
0.440031156262218
0.830252323401909
1.068423773152
1.78990379661275
0.946813569916927
0.306636757256304
1.02037586830908
-0.291265335962982
0.519030099546766
0.927685953822894
0.930555025049337
0.915973760420996
1.1677128869173
1.07378852145981
2.12011025525862
2.16221291935229
0.358686087301567
0.85390792292186
0.896491139419651
0.562580208617648
1.19828828416934
1.54601138255969
-0.300711263219001
0.887161777102262
0.758396363376398
0.347739867559728
0.404958730949747
0.218869784219241
0.698985203258897
-0.350946163616683
0.947819032795026
0.913466384134253
0.89611378176998
-0.0326249553578659
1.67705991900237
1.30995394580437
0.946530542766598
-0.15039748599469
1.49643240296427
1.43831521956308
1.00058813608678
0.928238314045135
1.50172707355608
0.276189514081136
0.901623808818599
0.394628713571272
2.18557757856803
1.99092198429863
0.0664355802645821
0.440727125264764
0.459004529845183
1.21478308576513
1.0457160420604
0.237165224048239
0.687576972559346
0.913888069073798
0.87939541078804
0.126485685533796
-0.194618195324838
0.949397515905145
0.653843639860264
0.858105022535557
1.16073694745437
0.987284491792039
1.4418450409462
1.62262894359371
2.02897933727768
0.432609137316597
0.681502619653196
0.673016242833066
2.22286600811533
1.06096852138271
0.899664718363223
0.87090675723974
0.930015176259877
0.844436676236116
0.839332691419145
0.970783316331695
-0.3242223554747
0.972229552581339
0.841524095674572
0.883169861737652
1.17984112323853
1.69494843148301
0.974647660950612
-0.180621494943186
-0.206960245660583
-0.327606897478555
1.64786841788742
0.811935049938396
1.27134311822357
0.297365902140808
1.00620998689047
1.64650093084807
1.21060302906505
0.946818103305427
1.09342948133421
0.816014185320013
1.19783969373334
1.22138594867928
1.40034208597846
1.38356046789648
1.30413199208823
1.1442156526605
1.26847238428635
1.11483102407412
1.15090710132324
1.06039733452716
1.11591426568265
0.0873777610998884
0.365277168233787
0.108561977479318
0.615486211993384
0.402479659843517
0.532918247093608
0.130288226794894
0.60321615497244
1.79946353569124
2.11161587309969
1.07650180392493
1.94825440168579
2.29747112214584
1.94801632539109
1.28371698126674
2.13918920384965
1.0912105695458
2.07749243810525
1.23413350997177
1.11551504644743
1.70808683731302
0.0303695280397037
-0.506682943439936
-0.725847327146399
-0.951916380496685
0.578409589925635
0.234643170529335
0.261185445114181
-0.241052065994488
-0.207357642600635
-0.547315283608628
-0.183872515661548
0.39275133142366
0.425483474363803
0.105760588351989
3.10194943070348
3.21779708603832
2.87184327031424
3.08435571633286
3.08173509914683
3.49485293553661
2.18864237831533
2.67217147656157
2.46305314670389
1.79183200254312
1.74046541193232
1.38152366468494
1.66868148087373
1.05078718437853
0.861886127375113
1.61840793709151
1.78624385320433
2.08120680149262
1.54119473785341
1.50093820301166
1.41187317613925
0.741655338215666
1.1272088115007
-0.230985405147314
-0.89446602424012
-1.68514364152445
-1.69108896083972
-1.22034326380015
-1.51534047214976
-1.162278120635
-1.17821605272848
-0.896763694757701
-0.0862057790477776
0.108423197936326
-0.825163348825112
0.0524013512814826
-1.28292763036101
-0.256525789983786
-1.0358520081423
0.425773205875826
0.725586354266312
-0.389407297824264
-0.609844591651062
-0.180694905471842
-0.468027412716767
0.404058384550508
0.429085987078901
0.84186864489741
0.554751568289493
0.455130336749393
1.7222258045126
1.28979888905092
0.721244813729192
0.0686346459128697
-0.299648191231082
0.0742687953802819
1.19722603325194
1.96164237328317
1.8025409420579
2.33586310162835
2.52158215616284
2.34763126749181
2.54660097852862
2.2570447600083
2.2818076590477
2.49816311370302
2.39380316420773
2.56648395549255
0.171857501647228
-0.0523784679864179
-0.38557976280609
-0.451257657631531
-0.453025235819655
0.435575963769889
-0.198226138929998
-0.381223348510301
-0.318388414507647
-0.337771425872777
0.171989427547694
0.975735378796904
0.925934458707343
0.468414406647214
0.0387604955013699
0.960435251264832
0.817106994337985
-1.00697000301561
-1.00308802483903
-1.16982913132373
1.40982470293165
0.944201249509157
0.954582231116337
1.23647646454594
1.15109041017567
0.874647846395323
0.888182582754399
0.632571939089926
0.134955652920632
-0.847028965174659
-0.637692268420129
-1.3759753145524
-1.181051696308
1.47064357489889
1.40639233040342
1.1705866000597
1.385412545836
1.24016232229562
0.955834996983504
0.201496971490917
2.07312163894005
2.44753866562631
2.43554975401345
1.07199387503995
0.727580967988568
1.48451310237098
1.38869807323916
0.860153019299621
0.706155676688182
0.76018932809218
0.795755632244408
0.750592759212858
0.753577276695647
1.53143138685016
0.92777586217005
2.35932544877685
1.17630564930566
0.956870970700457
0.863057281447525
0.51164183289609
1.86932893175025
-0.275398284750509
-0.947301792649139
0.384630225369909
-1.65233076414627
1.68828713882941
-0.0695309679646471
0.32245415879628
0.761480734783954
0.602684307431558
1.73133023679519
0.651684626062991
0.859189062810658
1.17869559875955
-0.986080479705465
-0.241841848377201
1.28455656600085
-0.539466057696903
0.34247485468923
0.978049629465108
1.15793461022048
1.12034765433797
0.889936505441698
-0.613208651691244
1.86303653818943
0.50247398546304
0.476148212111802
1.1180007547554
2.41334319436409
2.9792292417541
2.44512558121314
2.57325633942515
0.000930149441351982
-0.00389609707603959
1.0986085880255
0.854251032596754
-0.475869781193062
2.31116689106773
-0.388969249094598
-0.137035505497703
0.941498579442031
0.76117588782401
2.36397183407369
-0.307149392263039
2.58446944102644
2.69978925563626
-0.0944192690478492
-0.774119586583541
-0.537842680973674
-0.954650809016365
-0.483011079615535
-1.42788088959271
2.88238816316703
2.64161727895832
0.122140475951867
2.4001596942365
-0.459842962925138
1.40562784913323
-0.473454394625789
1.71169451376121
0.744154552681053
1.19772828078975
1.23468813972653
0.648808038135301
0.646957449402848
0.451852793221405
1.32237303372585
1.18521390280788
1.13910801214637
0.623192366739662
1.70512635951084
2.70806328713818
3.3094930391366
-1.04360512683933
0.411846798649921
1.17360965740603
0.667061253087069
2.43450004026408
0.956251668394916
0.427953803069258
0.423924575689993
0.97666083034692
0.670993647198178
0.359552789500882
0.87179154291641
1.64809840716377
1.69461719293995
1.57891174842236
0.908817379267925
0.587590454368254
2.11836892037092
0.636942536996636
0.119597601744255
-0.0874612818233479
0.71154916270727
0.82805728953084
0.824587709843799
0.884906476863469
0.672675397025404
0.288620972480044
0.807459764882145
0.874996198343251
0.438110569245128
1.20610978789766
0.53861215979806
-0.0946572067193547
3.16920734439074
1.13085469818168
1.14116191590921
1.4875143074683
0.264317587842926
2.06921014462965
1.3377567720449
-0.928459202138791
-0.652403247147099
-0.526690017956395
-0.807941248550115
1.39275645411906
-0.994220863422373
1.11508596086388
1.14702648579214
0.950517736388771
0.540877573238861
0.826156739076138
0.422141344722747
-0.799173614587247
-0.728973469919147
-0.368065558642226
1.4746053542989
0.78168142839362
-0.419714449961935
0.957996884690581
0.905966587383721
0.735972439683569
0.767443244498448
1.00839468488722
1.18340468742547
1.11495654641335
1.1349512861355
1.34124855261525
1.27318765535258
-0.742600800784652
-0.234209912478972
0.325316476283001
1.20210218937676
-0.159856929297581
0.131633295225257
1.52983417046462
2.49379549120514
2.60427647583888
2.55915101106088
1.82725534066787
0.979294401833882
1.05453787639429
0.59387623147305
-1.35788869011274
-1.39792934618885
-1.33695565296285
-0.921420828736609
-0.130353258629353
-0.247257777873879
1.27024624177303
0.213772938824783
0.512189780011486
-0.12807498547368
-1.75096595848897
-1.45323079682354
-1.68414321900683
-1.26279900770254
1.9613956507346
1.95298580825299
1.91123656325978
1.75935587118729
1.77497799605043
1.55812403083403
1.34250285154593
1.1180400938543
1.50312474163888
0.344666260827849
0.400407936937334
-0.138011544476421
-0.768452547794524
0.808835094178712
2.26935632278443
-0.534012292792854
2.46098874783415
2.14811791606925
1.29607206656089
0.345537662598896
-0.849308092401258
0.0137867433305697
0.719592031311552
0.623177493453237
2.15613811579935
0.975101581296841
-0.710829776465475
-0.288056621775351
0.99787243865974
0.647316608628998
0.279344531006022
1.67276544374203
-0.328070070255559
0.36417890364234
0.51986977158864
1.00589875292454
-0.153060361112482
0.815598869828193
0.786306053946425
0.978598533966914
0.844982458145436
-0.530766519299532
1.74750165761926
0.818370029916717
1.00610581829167
1.58178717749455
0.6874474610537
0.034883881011508
2.3794672402392
-0.211003104145736
-0.947494240412235
-0.620064790540359
-0.718843553278516
0.400216921438234
-0.217561642375752
-1.16217079536884
1.52838664420695
1.90385008893823
1.66509800033245
1.49852890112378
0.986218867736477
0.0404691936835152
0.296894364552537
1.3059864601406
0.801401862532739
-0.952479484505649
-0.628033728544675
0.494768297181895
1.7022116994482
1.7025085278381
0.399572582422865
1.42209627994353
2.53771206273289
0.473834644531654
1.17646639120905
-0.375761735889643
0.580916240920716
-0.581691548246045
1.4282071888095
2.64363392626106
1.80057818098701
1.07740932207526
1.09486292305002
1.06912054097194
2.73064241600696
-0.349696706896351
-0.0739960451709564
-0.474373740240643
0.121614725715463
0.294521425782704
2.35915525802561
-0.710550251194455
1.42296918284427
-0.816955452244172
-0.836619472253425
-1.25431114860767
0.44250323117281
-0.482408402883125
-0.0335120007133035
0.392455997739479
1.44613938876435
-0.952829118250311
2.2902869968838
0.102324832306726
0.91848514420792
0.456305849020595
1.74068338122114
-0.159374698297701
0.275406277352474
1.36800289873786
-1.39615281008469
0.806889726417598
0.843803612074989
0.916434394351287
0.837832230229249
-0.983206770949046
1.17293262406771
0.824946464569214
0.425941329216066
0.114016347953218
-0.605420556911605
1.26798460393352
0.664240966772828
-0.144221083631718
0.59929376399331
0.690220891532138
0.202262480457887
1.71485604348217
1.28206305665316
0.372649278644671
2.37555964114113
-0.723047150151733
0.825700038776413
0.541166742293585
0.722577581509312
0.537419452372009
0.273209549160646
-0.595185574019757
1.50220291883822
-0.411934702635144
1.30369362111405
-0.258303332729386
2.30749822205066
2.46820450766222
1.2399594254033
0.803439607491323
0.864707322249175
1.9677644598436
0.800297392872679
0.889661030762693
1.36121538250116
-0.69090465295964
0.942551190562865
-1.01876573802414
2.78055564677022
0.342204582517608
-0.485421335083003
-0.802335090409828
-0.234545305956889
0.156694756743166
1.07654125527292
-1.08064415360072
2.31766590683151
0.756921882168553
-1.1845562872056
-0.187437859346143
-0.494639386837513
-0.864427127998623
1.53273999630879
1.29415483074512
1.03749352536295
0.664899102414151
0.347457160000148
0.50538893603197
2.64065957881379
2.56474177098701
2.91622411407947
1.45254956146262
1.70974376880198
1.6613156356764
0.5708451637218
0.703403279038725
2.24902259320956
-0.44774605529535
0.896458325539621
-0.794606241659574
0.932853086724859
2.45634651201581
0.206624569675531
0.530374619751736
1.48209715676405
-0.773541481040722
-0.805678454117199
-0.445682381517986
-0.0437296666917639
2.02564112207647
1.49934738631814
0.650123863915258
0.605145408309793
-1.43834105812525
0.797969252595037
1.67777119360065
-0.657315872186616
0.28703691882616
0.654697028352364
0.898622290236746
2.0972445458304
1.15102615662742
1.32345570778928
-0.707568746674118
0.92750996960579
2.75133908192218
0.729290991390351
2.07984661985823
1.77171938575825
0.789618610848253
0.086662006261349
-0.0322283689848555
1.85407398357312
2.71440666957687
2.5640519148805
2.54601975524789
2.7375960812784
-0.56142864345414
1.24369173145847
-0.471774143047349
2.36630927052308
0.0998762646541699
0.331928630298281
-0.375028641808482
2.38043320358942
1.0999944084794
2.27628220326041
2.17869120526619
0.882686423794742
-0.502569745586353
-1.08229488702247
0.0341295846142397
0.924276665151863
0.597159742707073
-0.673630756780099
-0.319425585095491
-0.508270562601147
1.26016782474876
0.0712384870883387
1.35340936974358
1.29929986163376
0.626661042853939
0.801125029150548
3.65266389673208
3.51461651735559
0.382968403161083
0.992792708313523
-0.644120950753694
1.68968818022273
1.54602273214513
2.42259770922556
0.820540639397651
-0.654910332229826
-0.546056949576814
1.28531350225723
0.206845275922319
0.318041374655144
-1.61027319188039
0.90383077135999
0.345206306520933
-0.274214846610783
0.474012659481856
-0.315079772565948
1.26328949954844
1.31730874433502
-0.5987506774372
2.58233931569929
0.0531140079784113
1.18489817997506
1.12972394552676
-0.312059108307602
2.29113684329772
0.175511013790894
1.45281298446323
0.181797808476759
2.40761882112078
0.453411220268254
2.17608969373101
1.71582641555228
1.77639528159323
-0.0156373402187097
1.01190027227243
1.05158870401592
1.248191405462
0.637093917226924
2.06403596611325
1.21542822097083
0.234809925965459
1.18739813619223
2.27230577784818
2.2989979922384
2.02776089937426
-0.838145004928267
2.31648338452105
-0.852380674020414
0.0201911247187482
1.80857994008758
0.328206298465286
0.187007364426364
1.29836145388314
-1.33326288991472
0.973901045228503
0.200056522671306
-0.279963848375378
0.083848397159051
3.48445634688774
0.935778612484341
1.05550743695004
1.40220378786575
1.99856854045948
0.766087951172352
0.97193779773073
-0.263897433061605
-0.768055370442823
-0.328067553474578
0.114175754573336
1.93866133014484
-1.29225588254458
-0.425429425226339
0.837360531138039
1.25787681053638
-0.0494577786030733
0.374663286894212
1.72548110976691
2.04050053827495
1.15356076859475
0.405507666548807
1.94050723139697
2.07501722102773
-0.284866403599234
0.0956283930453254
2.46188649447191
-0.340055155128147
1.26608149525985
0.459363063675858
-0.688184498263772
-0.176053457887529
1.16652185214813
1.43484350160047
-0.966996749982265
0.0863346330298265
-0.228035716714645
2.60854874831825
1.53252805885744
1.8355211231434
1.54812168779831
-0.962999339888204
2.4709257815777
2.75162029135838
0.0302691933827737
2.26473536276726
0.521607798311529
2.48379310840003
-0.619437876427482
2.41032407458274
1.5485376418079
1.2494237304036
1.79283215271795
0.731834541158449
2.37120842967853
0.565678431519385
0.385023239789654
0.654458370105302
2.21052333955635
1.91607020380812
-0.536557228074621
1.0324076950301
2.20683947536099
0.8721989740154
0.949633596588484
-0.903306555230982
1.55321372975114
-1.06826496818803
-0.635103782399079
2.46639695761065
0.77755906045867
-0.0760911681687503
1.31508193820356
0.707927916688115
-0.438241107271761
1.54300042057203
0.802571309083706
0.770330599183405
0.120981308464796
2.98116805158785
-0.463859228857355
-0.359146281035112
0.0218591277986412
-1.05792748482108
1.73857443175015
0.665520661661201
0.559181971705489
1.13759738021313
-1.04046217884144
0.799349880672075
-0.716017970624795
0.799865102987476
1.15773766786516
0.935444417009991
1.04451819412286
-0.715027308815602
-0.79147929389928
0.55087340689191
0.347932745619039
2.83404417365613
3.4859133308209
1.03675066209178
1.14413917121715
0.297351565141351
0.794222698306449
1.61347756501152
2.73600200988333
1.25231364532761
1.39213709630725
1.29240071278393
0.880497496609249
0.33092530008569
0.817166949124512
0.256542619493595
1.24112155068022
0.515939227685732
-0.553780795078832
0.0856691129435531
-0.784809632012022
0.789582701817045
1.33975565965184
-0.452413099627912
-0.504149878755636
1.34416607253678
1.2518337672893
1.03136804296933
1.03379189025773
1.19721697164915
1.16299104493891
2.3973866182471
0.318398329314142
-0.731998931921255
0.813551317489671
0.754004135329447
1.00741367130095
-0.771708889640831
0.861501120622032
-0.886371884011165
0.980996506616345
0.643583330751826
0.741191236865546
0.328960922881083
2.2872325713608
-1.00358818483457
0.312739830096711
-0.449331712991186
0.290916370230004
1.17457366533613
1.99971197950393
1.43436258354617
1.69348661663687
1.36334904673915
2.52186652926505
1.11112566087332
0.990014510805943
0.875134853026456
-0.0493775292368058
1.70039309781704
0.329536511187514
2.60451143250027
0.582956408629238
2.16467854486809
1.81796267639711
0.323521894807177
-0.303645509657946
2.39612681486212
0.817841959701631
0.850642827779247
-0.66014442705524
2.36391164922869
0.782554649745373
1.05989272550131
1.1363869176167
0.98983678673907
0.925991011081392
1.05494604506525
1.11282500402165
-0.25292507458806
-0.516371171895278
1.29653403695918
-0.297420860545076
0.771295395244299
1.78092432779355
0.615825087764969
0.154308131227465
0.93125378815774
0.316628263247559
0.102708603309846
-0.612662172656254
-0.342555094117861
-0.48455450326219
1.0846627309027
2.40253156580638
0.448906652519897
0.205242367601017
0.133820351189813
2.32643671982897
-0.304712792273256
2.25012929201542
0.866280040882613
0.704168611805388
-0.950316110148523
-0.597817539660768
0.82581428608303
1.90787302423734
1.53426772582932
0.76357375826531
-0.273789671642574
0.378032396816527
-0.322765912688982
1.06981613468285
1.52428639976728
0.157657378187465
0.543684900138899
0.417510482745189
2.02078270498678
-0.40867409912741
2.22987962128962
1.50581201650453
0.724453604953074
1.65194721367185
2.08303040138899
0.101970140752219
1.9700744474444
0.42437054225312
-1.2340021464276
0.739698572003835
2.49357020074005
2.30740906321271
0.0631176020477131
0.830055372490123
2.56327382217966
1.75494221800641
-0.741719881137786
-0.402964011560375
1.2252860443218
0.929700338218752
-0.443784291621692
-1.52076350322246
2.49323110487235
1.46401116737688
0.706486226165119
0.878508313042377
1.1767772866491
-0.79325137244338
-0.905972992585324
1.41359101874619
-0.20003939220248
-0.430388437493158
-0.329290478443211
0.427203175992632
-1.50083377225323
0.530535484300223
1.11689709444698
1.27956922364879
2.32841679156501
0.987971332163529
1.05106381401438
2.26183886609642
-1.55832755711676
1.41766503346375
0.858917462941943
0.481753171369386
0.396638430027755
1.55948501214795
-0.413381199037636
-0.565636274097399
0.249596983779294
0.986675773948414
2.0800108771356
1.49466436073025
-0.406395245175261
0.295353385472141
-1.14863127667526
0.538554346441784
1.72245744467926
2.43678434391232
0.823668580494108
0.859921832040155
0.971260378573366
0.986093156630663
0.506752886683276
1.32400005881821
1.62067026523097
1.70030856284163
1.17897816064847
0.870349257051822
0.837597713901697
1.02861179542195
1.02938118627936
1.25246584665696
0.977834309194046
0.832684424122171
0.906712464056726
0.268370625190238
0.723632792449321
0.949775403987337
0.68375938391917
1.40910750513678
0.926354700019427
0.928524490937491
0.0167721409592466
1.51717278068664
1.07631392572208
0.742619713181229
1.49405903347381
1.9266488639694
0.880535356953283
0.856487041336944
0.990997668373154
0.400515978885815
0.944410447745086
1.05482533636185
1.70860838694781
0.932847057765461
1.52581394456043
0.643336955768907
1.85176141747424
0.9319603327875
0.668154525127009
0.269607893180094
1.17256126965347
0.0368528985321918
0.639402996076587
0.840056025267996
0.638946043997247
1.10602682969362
1.13880348351494
1.10804215792089
1.0923538467932
1.0299033075142
0.942373073268538
0.958565725556564
0.452870114334207
1.53223410479561
1.15969813935111
1.86219838789609
1.40346537281842
1.1017960086161
0.834658768088838
1.02970733271798
0.926868718261821
0.982655367620445
0.850739697610414
0.971433017753032
1.08822480173078
0.938393457072396
0.870543339951703
0.898990938149793
0.970671199947382
0.93943740330474
0.790839773329087
0.854442874714253
0.819212761420458
1.22571038329717
0.533732752599206
0.653737003469332
0.907251382759999
0.861183881092967
0.0283428646770563
0.353563135897612
1.78045157289169
1.17991709319221
0.940582111300979
0.926961289868766
0.911536215920268
0.872982554150294
1.3098830676709
1.37150097580995
1.42665190994253
1.04743317766483
1.00281502184078
1.96766262839061
1.8936921989223
1.43458896779608
0.856950022555987
0.849019404941114
0.849545160209739
0.604364747416422
0.540622543080152
0.951409990504619
0.912952737728157
0.84493121979202
0.676269077270897
0.788429361940854
0.412023563362518
0.94286004185445
0.952321964552748
0.452040418851781
0.799505022232144
1.27557000578911
0.557015559310693
1.58937961449707
1.60129207974595
2.02340176804808
-0.114284992395201
1.47752799025891
1.30318872112714
0.914316188482007
0.0112646988693038
0.583974208709158
0.850163306333695
0.912057641008545
0.411225284526351
0.373446594548901
1.41680138940159
0.91305213598156
1.03685697931823
0.945645830445311
1.10557210627329
1.92532410577357
1.59195899613886
1.25777583682344
1.56370460392517
1.14919251272791
1.2489384528969
1.01903271657065
1.06724242017281
1.11252036641957
0.963104553711812
0.819535007364096
0.954985685254252
1.04557573820428
1.0185190081169
0.93340645374655
0.922871716943876
0.955121120717176
0.9344878062174
0.519780524892034
-0.0636647343762011
0.04455473898736
1.8352561414997
1.30462214388613
0.898060346637402
0.900982549945739
0.893450824816739
1.15753450496439
1.23543011889609
0.459602567121284
1.08385057900303
0.745465243526263
0.722870049779546
0.85252137282929
0.497871743324982
0.566000246946173
0.918740159563159
0.906852844395342
0.886560664748045
0.938116863733173
0.902837132440466
0.958142881483667
0.863040524611063
1.98118357622982
0.836374908809015
1.1184714574768
1.62948246076709
0.492686473526078
0.798053074836574
0.948049764610316
1.25054004830269
1.50275664303985
0.695889022728509
