0.863676928878592
0.885742640930409
1.21459413701963
1.21820849042402
-0.0836852067527088
0.95869774741498
1.24795422244817
1.4775979595023
1.7138342177214
0.265943200014751
0.518406148820343
0.613019535742823
1.01288881223349
1.70966234889615
0.73286404470489
2.22418844374208
2.23268070735303
1.8419764513919
1.04624642700456
0.85120336144842
0.847682753453844
0.435837576088958
0.82667167246286
1.07297148729458
1.80560962782596
0.951642955302359
0.299936656417475
1.01637896775484
-0.302008330506532
0.521074603860396
0.924558460950671
0.935650388121518
0.927421049086916
1.17011971889371
1.07295283196334
2.13492268505416
2.16684670081597
0.363515064476261
0.853659049638454
0.902707881912851
0.555449743293289
1.20970772839382
1.5581633701005
-0.316319733988923
0.894307836590347
0.765473479542616
0.349929876036662
0.397779396118748
0.209918345646176
0.692468433667692
-0.366211262538686
0.95065046582315
0.916433730032009
0.903884368214541
-0.035074442754443
1.68810526107536
1.31972340131478
0.95956359539092
-0.164011857956687
1.50411864964864
1.43876034683349
1.01567813495485
0.934338475307531
1.51574101680411
0.278001348898347
0.903191794300539
0.388015395859148
2.19870275751317
2.00632877884682
0.0561317915105977
0.434676501150324
0.453884028031945
1.21813961170308
1.04605320736863
0.229690922946232
0.680114369004364
0.924067807106253
0.877088187280369
0.128106060887855
-0.201386212330238
0.954060020102818
0.661429539017932
0.860580102627004
1.16167621424496
0.984753849622846
1.45362917312916
1.63402847312726
2.03214975583447
0.435335820105641
0.687046889375775
0.668173776075973
2.22928827549497
1.06829646651762
0.905108650025281
0.877097962765317
0.935705697616928
0.853692895801416
0.845544702409714
0.984391698699891
-0.339871273236302
0.975013616235009
0.843293797251475
0.887626041122888
1.18678757248479
1.70655621619111
0.989247979335111
-0.193369587872517
-0.221634647910111
-0.341461611137488
1.66028774517839
0.805103965178367
1.2725513984671
0.29944404588391
1.02189250578777
1.64698417753196
1.21183734613881
0.946842144462501
1.09614219263343
0.815930401059356
1.19709123904255
1.22388415048794
1.40232199258264
1.38810324996396
1.30450388900367
1.14334248633358
1.27344608753015
1.11529865048072
1.15368181760233
1.06510025724882
1.11917253987949
0.0859005330078008
0.363971289098306
0.108406097024812
0.614986428582049
0.403507954922846
0.531973403297817
0.128594181686116
0.603415512942404
1.79941649261765
2.11014903398296
1.08039163121515
1.95163575988972
2.298827816929
1.95360414457183
1.28882249656153
2.13915241389863
1.09287508363195
2.07968964809502
1.23058631022917
1.11507491607989
1.70549372826951
0.028460906730932
-0.508025605538764
-0.725205513393051
-0.95373815394127
0.575797244668481
0.234700218868091
0.259960041709431
-0.240305683502241
-0.20837500499218
-0.545544818246025
-0.183981691729666
0.392565962614184
0.423365161075857
0.106093469342747
3.10502636369718
3.21757735142621
2.86921674828585
3.08407483280458
3.08598187469776
3.49883814016918
2.18484790246554
2.67859824308566
2.46982841943984
1.79259673690516
1.73910032767909
1.37996491304412
1.67208410988434
1.05214370018185
0.857774393751216
1.61781554180612
1.787134613309
2.08465700957536
1.54245576884265
1.50150862536678
1.41051901349633
0.737822408319637
1.12486132317052
-0.23069593646583
-0.896594721527687
-1.68669961749505
-1.69445575683031
-1.22570850519432
-1.51665900573643
-1.16234188991377
-1.17657709087813
-0.897914194523411
-0.0897172480429533
0.107988085392095
-0.826202683906589
0.0497527661690101
-1.28183759928362
-0.258920203642281
-1.03846650280816
0.430276945730484
0.723915121254722
-0.393192266978291
-0.609840628525506
-0.177322683550458
-0.467425184609183
0.407619134457341
0.426248728221361
0.841724063237358
0.556975346137818
0.451538152673933
1.72297190804397
1.28898196740702
0.722464225416833
0.0651131719634425
-0.305670131656153
0.0690885059625283
1.19670704877749
1.95945925238765
1.79999950888967
2.33661717571776
2.52509191663013
2.3489100145066
2.55314965851114
2.25550271822092
2.27910503586979
2.49540125265408
2.39353199081374
2.57194362591569
0.171015472960959
-0.0563909031521975
-0.391229300635064
-0.455321437655986
-0.458178721545446
0.440181117388335
-0.202944206856254
-0.384970062637226
-0.320035955970977
-0.338864174168854
0.171891701304773
0.973190931189709
0.926344585776601
0.469048689604497
0.0357930277117859
0.963068283439165
0.816547749655004
-1.01120347552122
-1.00604585681527
-1.17114188889944
1.41019864368266
0.943200498801745
0.9584124016745
1.23657799631031
1.14833985644937
0.871006363526003
0.890977654239067
0.632387568036471
0.136145119487107
-0.844871281058574
-0.637621039387958
-1.37700080154085
-1.18193541011915
1.47535302719642
1.40577716241774
1.16850634418215
1.39708177996022
1.24282895785571
0.959687447694614
0.198309122924848
2.07334201890085
2.44883545143204
2.4379593712823
1.07211224508132
0.729427056455442
1.4814325254487
1.38902585879349
0.860848741792962
0.707225227288615
0.76260616509346
0.796996936231075
0.751478290561349
0.753166085035867
1.53180931090332
0.927104182697444
2.36185371349554
1.17474669489406
0.960253497598343
0.864974148278691
0.509965144411971
1.87302663112003
-0.27812307594514
-0.955507050250571
0.372644919804831
-1.65578205488134
1.68725686542703
-0.0722228912315999
0.32484548943953
0.764197552111335
0.603648198273366
1.73383126471451
0.656354262154652
0.853972402181893
1.18998038996694
-1.00152344915921
-0.245046237133468
1.28707448338382
-0.545961081361111
0.343699152013957
0.976799499602689
1.15950959251631
1.1206924219858
0.889360162744264
-0.615070591658681
1.86236857845588
0.503326872713767
0.47683446915985
1.11856411543622
2.42135102726328
2.98372240519772
2.4526290636747
2.57474001169575
0.00240234945313915
-0.00495509736478195
1.09909873218048
0.854278325123256
-0.475439497655936
2.31305633730304
-0.39031377387707
-0.139245846566147
0.940986124879877
0.761983985635889
2.36936105948684
-0.31244410772049
2.58645755829209
2.70154158883082
-0.0954230646162951
-0.773470909796538
-0.543201420399056
-0.959972206335531
-0.491831932167777
-1.43059367424472
2.88484423794383
2.64288254993657
0.123880859998931
2.39983721669882
-0.461538706990523
1.4071157240077
-0.473094696955442
1.7094947212545
0.734095827635373
1.20097151013054
1.23359499139936
0.643545776153137
0.649896749930217
0.45594623507568
1.32405607055877
1.18356349925031
1.13864864476522
0.627117953883644
1.70352958857267
2.71420230625653
3.31532141984008
-1.04961634001598
0.413826933581825
1.17091152937569
0.666490142385492
2.43926376450501
0.956489717364948
0.430327931989846
0.42486194655391
0.974637876506529
0.667248242227465
0.351902435488017
0.874896917926267
1.6576363460339
1.691683448906
1.57706824402255
0.908764141412489
0.586042377167508
2.11753902238986
0.638677819680608
0.121317529884361
-0.0888901225177168
0.719142862612342
0.831093010913416
0.82911379290773
0.887471878707015
0.66891190513013
0.286128461284717
0.80518359350092
0.873948660288068
0.439938740386969
1.20904384805691
0.539246596736359
-0.0966478456027143
3.17066720562938
1.14666576506027
1.15591066326079
1.49638852168729
0.264596012787347
2.06705870174935
1.3399501248584
-0.942162259569921
-0.664825501062001
-0.543504549454407
-0.815831941819536
1.39468824972602
-0.996704876613661
1.11248150566772
1.14337867852455
0.94944003520484
0.535669918817155
0.823396069137445
0.412946989267741
-0.801254468092187
-0.728184194542573
-0.373985042938659
1.47618680433653
0.777771981022468
-0.420163394559066
0.955414591276629
0.908168342953399
0.735592348187807
0.76812628543784
1.00693570519195
1.18160110767244
1.11538141850806
1.1345009975946
1.34182254718792
1.27437058447241
-0.745686523397951
-0.234202916783307
0.327744865120206
1.20441677530493
-0.16292439250802
0.129878001738401
1.53150023932352
2.49139371062406
2.60083201724259
2.56191341581049
1.82901099931172
0.983418931853232
1.05666254699323
0.588268735995467
-1.35792936778217
-1.3984880090498
-1.33950702882861
-0.923064145646208
-0.131034359141054
-0.247222987879391
1.27115256084618
0.212345679332439
0.509324860201067
-0.132864763284954
-1.75334752696328
-1.46485263194491
-1.68524843230955
-1.27206578968573
1.96542540094407
1.95426388680292
1.91508336631979
1.76475665872728
1.77887581754457
1.55776174178793
1.34401330847191
1.12116666012978
1.502263454307
0.349035645392028
0.400772341872156
-0.133917505370829
-0.776149309705027
0.813700065252716
2.27980268974122
-0.535428804166803
2.45539429292215
2.15026512429232
1.30515104674248
0.343817988198222
-0.851195486605838
0.00691492574879977
0.717596155288601
0.620949513965743
2.16588639000409
0.969546304541108
-0.708986597459134
-0.290518795988493
1.00650218541211
0.651153139189248
0.275428641223789
1.67855443459701
-0.339545342793061
0.359542330645795
0.517828424834241
1.01431882122237
-0.162374429069013
0.816974656842602
0.78677004736417
0.990319040168656
0.842975571448894
-0.54673372325183
1.75323368290703
0.819668891772746
1.00447416610711
1.58541073434159
0.679258076794472
0.0325072776287476
2.37705724840558
-0.21448989764348
-0.962831410380037
-0.631883717834188
-0.72431521092987
0.399013398751662
-0.218926934578406
-1.17194704349321
1.52642470149129
1.90343901445282
1.67475454262685
1.50413190556997
0.998376918934951
0.0314054794535619
0.298095056534081
1.30264880261054
0.808625323594554
-0.950913131161382
-0.627320043645105
0.494742046652044
1.70145586455052
1.70207515606065
0.402107168131239
1.42061213047603
2.54021440534081
0.470833663832109
1.17162129152247
-0.379765286276856
0.582137489555774
-0.583079625291205
1.4398233174022
2.64743219596666
1.81370471419415
1.0941302994826
1.09153725509441
1.06596923167477
2.73680137597997
-0.363795133932255
-0.0744722704890877
-0.489530295535538
0.120072340850926
0.294636010816462
2.36103311356599
-0.71229100398736
1.42422774399313
-0.819902832109919
-0.836156264277891
-1.25219552166123
0.44436216765519
-0.483831822955855
-0.0414819782011498
0.392660572933615
1.45095101262577
-0.957948293541383
2.29084339928519
0.102576486474752
0.919707372801411
0.447701497686405
1.74402608082811
-0.154489525952811
0.273295601229469
1.37116734383633
-1.39949720489525
0.807657663853847
0.850104520474781
0.926737315967565
0.83128685655115
-0.989537058145057
1.17363829459526
0.828721846700508
0.424023898001007
0.116151190794073
-0.609368818816878
1.26698471796104
0.664322287591484
-0.146336924964476
0.598714954924261
0.689579157503266
0.199601156569544
1.71483797677216
1.28814348356663
0.369046945454203
2.37757887502941
-0.722114449053996
0.826305876357531
0.538002480484809
0.720813285012266
0.525949228303727
0.261238891987174
-0.598457170963488
1.50333293342074
-0.41283852200148
1.30297635622655
-0.261795577837548
2.31778295717104
2.47404561773223
1.25534140998104
0.803654153196875
0.856858799867456
1.97346305158237
0.803393841677816
0.887274197913162
1.36145538149627
-0.705472074538992
0.944683347448739
-1.02998179446834
2.77715871343142
0.34334062241574
-0.496352549967412
-0.812184307656122
-0.236471659180478
0.149855370700651
1.07510861604168
-1.08136744996132
2.31754461108513
0.753929510555174
-1.19925499289292
-0.188682680478936
-0.500103060469235
-0.864959443470622
1.53535756482014
1.29074127077673
1.05297880101792
0.669851415959988
0.352233182415682
0.500759382958289
2.64329886835117
2.5690429604246
2.92161577346807
1.46301967742841
1.71813669055926
1.67123274068436
0.564720454199994
0.70450617353206
2.25251740178986
-0.446043935274933
0.902909781259097
-0.800470022681311
0.93026936516862
2.46285253848497
0.200992114076811
0.534501855079636
1.48075978775698
-0.790316001277219
-0.82190115369974
-0.462269740849598
-0.0426349642968423
2.03882301315545
1.50068176332097
0.639631957702045
0.605783646860595
-1.44422932743188
0.797113357498046
1.67551720075867
-0.658184330928435
0.289617401701803
0.651576407859898
0.894646420820461
2.09768684577908
1.15007657746295
1.33557327853973
-0.711914994638771
0.925990909563781
2.75334804270851
0.728644577815141
2.08900995081647
1.77853509696174
0.787165797855599
0.0832800233078289
-0.03779379285992
1.85371516181119
2.71554998201105
2.56719004730645
2.55136523138222
2.73680106859221
-0.565298336257278
1.24396742694977
-0.474526261782109
2.37623506469567
0.0967611133110006
0.332815501561096
-0.3728965499355
2.37879322154499
1.10025051565282
2.28250275296957
2.17817078942681
0.886815863155218
-0.505558906959552
-1.08353594230803
0.0345344469481787
0.925460833342174
0.593853642946992
-0.672213238911629
-0.317774151677038
-0.506272540278248
1.26766118726888
0.0643595822438513
1.35353212125638
1.29941776971156
0.62743621489945
0.803885355543386
3.6586284010965
3.5209057685629
0.377653309462962
0.991289173708412
-0.643424651509331
1.68960071221735
1.54614659631458
2.42147285409479
0.829689950924247
-0.654793805499846
-0.547941889931968
1.29092193472184
0.206374764313302
0.314737786268286
-1.61140014190524
0.903206291239432
0.346817203869073
-0.279783939905042
0.473451049962226
-0.323315433986119
1.26211361226907
1.31592550990064
-0.614176090092415
2.58274225361696
0.0538132616704299
1.19616698523532
1.12676339069761
-0.315415826585714
2.30238898695584
0.172183354437627
1.45075791516025
0.172747816072747
2.4113070448937
0.452716878745949
2.1799421669997
1.72256723399418
1.78182097506111
-0.0160143646130133
1.02591097372187
1.06726161040212
1.2624165448289
0.638044150365569
2.06575260425692
1.21968741873841
0.235178151023317
1.1869759969633
2.27052491779825
2.29519396755263
2.03117440311456
-0.849683069692369
2.31709589854499
-0.854697998649254
0.0204961960871436
1.8086882400333
0.32905370241008
0.186466331200356
1.30759530252771
-1.33278993756678
0.975001135528992
0.19957352874248
-0.277339712469521
0.0852240325306206
3.48813342805638
0.934876801669323
1.05603506244787
1.40230834930976
2.0002131353212
0.767159709025026
0.981976647923823
-0.265362416712664
-0.766707376606159
-0.328288824721525
0.11344674021334
1.93633928313593
-1.29555476076919
-0.438033630954619
0.838461241735473
1.25183174620699
-0.0552593162142328
0.369323213369719
1.72311301063662
2.04352072471151
1.1563833284135
0.400628283786104
1.94369104472906
2.07619730238884
-0.28714368615333
0.0944274848396364
2.46632728420026
-0.343436569120886
1.26466675430877
0.460262356934851
-0.689002138694316
-0.178431418714269
1.17350840465911
1.44099175261904
-0.976966834885425
0.0835950341361267
-0.232070874626328
2.60861688650149
1.53524288438414
1.83472794116612
1.54509095086533
-0.965644022257631
2.47428310042581
2.75675873091923
0.0282449275691341
2.26477650036777
0.520077395854424
2.49143690181235
-0.628631310449423
2.41312128280225
1.54682933881506
1.25007815857295
1.79449047552756
0.726668267719605
2.3776237816061
0.564892250074863
0.386830446791239
0.651876889403517
2.21206014488132
1.91584082135302
-0.537654638478771
1.02973757070689
2.20752031099859
0.876693286700681
0.94804311629766
-0.905698053046309
1.55400817991289
-1.06710555417139
-0.633667536939514
2.46914042052552
0.776916424982741
-0.0784157609146585
1.31576002505802
0.699467192419344
-0.439521961509763
1.54603752336412
0.797475248056743
0.767123875448733
0.113119387311943
2.98171529826238
-0.463952171052508
-0.360455032253377
0.0210689082551915
-1.05767756124324
1.74723556302526
0.664783062444957
0.553726218707085
1.15417140858738
-1.05203543403826
0.801946070174419
-0.717808686585952
0.799840402055685
1.15678377022251
0.930419650535476
1.04435019669303
-0.714051769819046
-0.791219041870419
0.550755670136452
0.347037777373842
2.83493507010309
3.48862457858077
1.04143795579217
1.14206880795547
0.295577264765627
0.79565978212667
1.61278527325818
2.73203125958795
1.25270462562044
1.39233461433124
1.29493224879663
0.88112894932642
0.329964607299206
0.819405883590068
0.259336403616408
1.2443329988902
0.514138434891882
-0.557660793585298
0.0869770299186723
-0.785465081608539
0.793697121847431
1.33631765340758
-0.451994448231654
-0.505832839114964
1.35459665572525
1.25980637490169
1.03876027089228
1.03387529724234
1.19867102273072
1.16332583402342
2.40401032888465
0.320212182762755
-0.732015786532135
0.813074589547773
0.754096200121736
1.00747841600822
-0.772698275799124
0.861784477005407
-0.900894835096386
0.979885306660351
0.638659821818964
0.736702763608591
0.328589165500133
2.28345046302466
-1.01053910405976
0.31126532492244
-0.45565684227664
0.286891915335046
1.17486488913507
1.99738722692912
1.44378459675133
1.70516084999443
1.36544350126038
2.52137908074972
1.11352311849644
0.99230118285378
0.874562036503391
-0.0499779834212612
1.70434565185676
0.332037777005752
2.60856049354061
0.58792229973001
2.1775377531031
1.82236061539117
0.317530787856575
-0.305311618928805
2.39577368232868
0.818996060548415
0.855007820301221
-0.662645845461785
2.3661587788132
0.78427809333249
1.0718338992028
1.13750173481964
0.9931136680374
0.937484370879015
1.05351344160483
1.12697838758104
-0.253707622476903
-0.516163615772989
1.29807414386861
-0.300038551111821
0.769860828621529
1.78180389395057
0.611947373360885
0.154761429472048
0.935059739184158
0.316543749519639
0.103554287701795
-0.629373991877056
-0.357911243770439
-0.498891424740654
1.08160570682718
2.406238974379
0.436440689001845
0.207994850359041
0.134833199734324
2.32648871958616
-0.306696154999536
2.25989354157886
0.858502831589218
0.710941810076422
-0.948701206314566
-0.602524825948702
0.826952684823918
1.91057452517296
1.53687205001499
0.765986586123191
-0.278891069358113
0.374938010479328
-0.326039076734521
1.06843239167071
1.52625548675097
0.158736328445085
0.543427382983215
0.419749549334556
2.02074262071573
-0.41626926955177
2.22681589336781
1.50907914889935
0.725636529230769
1.65098294539946
2.08246164293668
0.0971465583044422
1.97104209995247
0.422058373834793
-1.23579989714854
0.736981938619234
2.49939882451202
2.31208551413923
0.0588847625263958
0.826780797955209
2.5649737321256
1.75819395882546
-0.745425292289259
-0.407769786892087
1.22476826502805
0.933608379871006
-0.459907921192267
-1.5288099855267
2.49445423431896
1.46054370535528
0.712958494590084
0.885254539740744
1.18743866954776
-0.792719983450307
-0.909015413415786
1.41465632376197
-0.210977254427048
-0.440705736664215
-0.342060161822476
0.424498800958095
-1.5038699704599
0.52554920535425
1.12133931525179
1.28435547428042
2.32688292455476
0.985633839975675
1.04699953157932
2.26168497115606
-1.56714495834663
1.41583700410716
0.859045840753161
0.475016231791982
0.398292489024665
1.57086807149987
-0.414153021261469
-0.56663296275466
0.249317429017353
1.00059930886763
2.07855125261129
1.4917525067137
-0.411747496313084
0.298986853196563
-1.15175919494828
0.544385171107973
1.72072241113126
2.43890497672641
0.831769247975966
0.867507004960987
0.97888712544471
0.99421092564569
0.495765989944593
1.34501608229059
1.63011866114445
1.71138098666482
1.18962943936391
0.877960863188463
0.843072328870719
1.04314057242524
1.03854149236066
1.26241340560855
0.977353276656843
0.837740656698983
0.913430802488939
0.265462763418325
0.723320856069827
0.946741978584999
0.686381144918517
1.42357800562634
0.939237387313993
0.934562732643119
0.00202139770535569
1.51881905961863
1.08982373796746
0.747550010394198
1.51222753492837
1.93886637047695
0.889016839984341
0.858753074280729
0.998225907023344
0.390380095936249
0.946598989365216
1.05942424333664
1.72501641247866
0.940406013824677
1.54535944534014
0.636064670138431
1.85999383827111
0.943768851434075
0.672511868843469
0.257632810239784
1.18232918262111
0.0249310952099147
0.638979970226658
0.847585337008248
0.648403730981758
1.10870414309833
1.14299606644068
1.1161338628552
1.09885050421842
1.04141165954341
0.950112040446308
0.968242215463191
0.445320457635927
1.5498443849304
1.17699653388329
1.86870854293829
1.41424065754491
1.10255164912867
0.840613454335928
1.04668531117859
0.932445331365116
0.992327378836615
0.854620975803169
0.985021374857183
1.10007065124222
0.945571540559524
0.876606859827537
0.907022306216098
0.973877135040806
0.946895275391227
0.786077195015322
0.860122768933098
0.820881362188516
1.22975162211344
0.525266247691545
0.647832408601693
0.918408621202885
0.867576461631921
0.0146594278622009
0.341404626918842
1.80035054377909
1.1972963530392
0.949472362248215
0.936551222472529
0.920194758334932
0.882401705646216
1.32775482405061
1.38578665139882
1.44905685299931
1.05300898492478
1.01100712144237
1.97572749173628
1.90094893367982
1.44519215885363
0.862466170943069
0.854495150164117
0.858087238610609
0.597607437521593
0.530683672049127
0.965647578079079
0.924270357576996
0.850971808523255
0.680531555892791
0.793840452038881
0.417089728243957
0.945983601914447
0.948790589336957
0.446787719967767
0.806442165425437
1.27720963133893
0.560248399382405
1.60409942651176
1.61839983998851
2.03173423634889
-0.128433067261775
1.49456174645118
1.31462452845986
0.917103894878926
0.00394631595780422
0.575802590792979
0.852925330694742
0.917840534062269
0.402161562423502
0.363685242046192
1.42755291055152
0.923729023381212
1.04289534353931
0.952402330753754
1.10951018087835
1.92971829447121
1.59580071906049
1.25946457526484
1.57056694695678
1.1512795975925
1.25274262222815
1.02188333733608
1.07638864996525
1.12481229709931
0.964818593469702
0.825014930870977
0.960630948903228
1.05374762979959
1.01973532701475
0.939885824791052
0.933020234294671
0.968962242582778
0.940455950024062
0.513283220661835
-0.0780367098465755
0.0317599188341305
1.85431997417937
1.30987261096406
0.896674920291651
0.911688461428627
0.90144914625984
1.16780417037665
1.25101120904789
0.448948517314041
1.0877301584449
0.739009835192082
0.716896202936434
0.852005357775751
0.488210264305884
0.556154835318488
0.927245916284853
0.915053358524936
0.896091399420778
0.943513693940512
0.910276466200341
0.96466510958093
0.870596028588495
1.99667993512226
0.841394378540558
1.12324804259549
1.64355012997933
0.495110981918782
0.799491241193561
0.950556413568943
1.2587154155772
1.51628801382601
0.700624670339175
