0.647390911120018
0.559656131982973
0.733559500482969
0.74649281565754
0.157162807274714
0.431040545324392
0.698364784622477
0.825824556640186
0.950597190364401
0.256068672877347
0.389781544649221
0.428796045996753
0.725238075713384
0.925465579957212
0.640572763885578
1.37027831803494
1.3542234360385
1.14302448361556
0.872559858965802
0.733630574110154
0.675076639138066
0.660093219423969
0.767019140879512
0.938519513105052
1.23269669385154
0.599926910642471
0.415492264115222
0.653964357291514
0.0232332955312444
0.530577916051534
0.578782836054655
0.57418268094208
0.568790425998626
0.81733744289482
0.636756496289676
1.37866030670224
1.28957011314924
0.204499132311448
0.55927300893024
0.62432851911377
0.742057328420211
0.918759763209371
1.00872358378637
0.0534140179762445
0.854811332092081
0.486392614855704
0.307185001379164
0.572838244085921
0.376763986308478
0.59019291947579
0.0223699433168072
0.722717707755927
0.896833722031601
0.459676020946784
0.108182341357142
0.995412556809584
0.98051831698815
0.79796190352214
0.148849961184229
0.794788668390435
1.01009565957396
0.651070774917582
0.76241571403301
1.08216394355862
0.301920318246495
0.796673591760054
0.525940321925867
1.38740830519426
1.33143126716031
0.259701679542438
0.64032462046948
0.683190473365783
0.774038180317983
0.817250025296771
0.352783264184451
0.76577340056866
0.828863810900041
0.567239528549291
0.138792931480235
0.0484281412262894
0.585787842926906
0.336423111014397
0.557983339347646
0.689328064081947
0.597237067522024
0.999174861543273
1.00607290340604
1.2239668611445
0.350475808265908
0.455296407839374
0.596795838773276
1.33149385298096
0.566356050646042
0.564421060747082
0.636834331819775
0.612034597197416
0.527277540838663
0.352015797287008
0.611225499676797
0.0442966477369599
0.916786645346706
0.703348216203337
0.876900731973614
0.960579960752072
0.96221422766101
0.76455678160673
0.0892009272176665
0.123985335062502
0.0298513926819619
0.865907955362382
0.606720145344274
0.720670910898583
0.276501363556732
0.691024331871372
1.07585058101782
0.936126331399407
0.879350748902721
0.961060719939106
0.887677749206437
0.955770610450729
0.748322966899227
0.845148527690846
0.842561219389581
0.898408930611763
0.909871468895677
0.839689201578249
0.887895412262768
0.762919983849351
0.817263215456899
0.873257399950096
0.594167723355765
0.540104046677568
0.628325421303386
0.592451933341973
0.831039474284474
0.708878266187882
0.744500554588984
0.998500505291132
1.6238658846456
2.02249059758624
1.02667113001427
1.40464578788166
1.54331473666988
1.37162230449982
1.28819987779175
1.78760529507696
1.08682282899604
1.60206951688056
1.03030141910032
1.12331627776695
1.56248205057675
0.292093916256004
0.180830622773728
0.0056195400450631
-0.0177388771589423
0.784730360650616
0.565269484462292
0.563232354726832
0.210397542372087
0.31731307431022
0.200918996592837
0.44769655639658
0.537494975653222
0.591900578850021
0.616082946284976
2.41342083626689
2.32342877034525
1.94926201573314
2.08023255315365
2.13607661035805
2.45408007883168
1.85408794685227
1.80309434217499
1.575971126273
1.3282652643628
1.45079176908095
1.23386730056491
1.19215518139405
0.984602848926478
1.0498771789813
1.01921760399092
1.43067754525815
1.62214255192284
1.27238203547634
1.24745680216312
1.28982547256713
0.919937338648435
1.02969512801605
0.181686033544354
0.0979043293211235
-0.068608038135442
-0.00555771103991969
-0.0509046740095457
-0.130133754090923
-0.145717880807086
-0.144773284703164
-0.069304748429531
0.210167196596426
0.190057592626666
-0.115829372245367
0.225322143388082
-0.220408895531912
0.220433565490019
-0.016587121709133
0.276603701034148
0.895632920025855
0.32154601498018
0.214882774484394
0.364653586944959
0.40658598855576
0.782433753488144
0.961893913556561
1.08630964485936
0.894149751850575
0.674086206203692
1.22485138165115
1.03269988696706
0.830425830124843
0.595338118489088
0.579083197692037
0.776035466138501
0.911843300399757
1.29378477056627
1.41618404715289
1.47334640569249
1.56045041602256
1.58693250349336
1.69639256868481
1.84880203594321
2.10765074595191
2.04943906432076
1.78354583599038
1.5562910398354
0.556295685811872
0.471915311701582
0.243451621632951
0.434234509618972
0.43818293043048
0.558525829156644
0.324941720095349
0.382304793635771
0.46369109754194
0.322333421359346
0.554322850670475
0.833096658950431
0.909372457322121
0.686056339891639
0.709839776676875
0.858060141735273
0.886411708540962
-0.0179355996843374
0.0789968351695338
0.0246814051422914
1.21046333928895
0.975113983067085
0.945107525974874
0.813583447556183
0.894028637014619
0.800082853114914
0.566282324850403
0.641497704548143
0.472388573884108
0.203741034222932
0.192116361500112
0.0686370243792925
0.114989872129659
0.877558827271599
0.695319127700795
0.624208697927724
0.705544957967438
0.541814621242783
0.404172144112032
0.738090010512865
1.96113722168663
2.27566094479587
2.21995366028863
1.10482757758262
0.977940386152034
1.39469773394431
1.31374101087011
0.684208248871377
0.886043408517058
0.710748511664974
0.842128994757594
0.781491165589341
0.921881980134817
1.42811243868204
1.0589405535963
1.79298408445948
0.936494792553786
0.842077957075074
0.759334044143152
0.763694087286349
1.31875021427236
0.268774434391745
-0.0213387174406936
0.586817293734927
-0.0522516501498346
1.52058048120227
0.565905624446663
0.700904201891033
0.549266935706742
1.04800446354822
1.57567833629863
0.992367493954065
0.655160667536626
0.547859785930613
0.162147554055857
0.749816398641597
0.969590872470348
0.0389068106570318
0.511743201562771
0.957866757874262
1.25547871169243
0.880402287054542
1.04237280252237
0.203256358944121
1.28944816427949
0.759386022395898
0.706614264480014
0.866936207132121
1.4589001704893
1.93738751798435
1.53333294388388
1.97325806499063
0.523818378350562
0.416288359504694
0.872338224401956
1.03191905375432
0.395025898473305
1.37198624377684
0.515047160008866
0.384002175060291
1.10508238734892
0.740424807403145
1.7658905649565
0.547959527804757
1.87255529068597
2.15010831395157
0.298724146995187
0.0717860082734796
0.0942154318898465
-0.0338897842470064
0.117785068330806
0.0963350210678836
1.81982659217524
1.67387480402403
0.58614064386267
1.72948726758459
0.345176876719529
0.768031745239555
0.316591534844775
1.62190895166969
0.569654258477123
1.17691055407605
1.12118347066109
0.9017921049506
0.494179461337139
0.338984416086093
0.798025988513993
0.697851895154124
0.899230281029164
0.942394914367586
1.62636767527963
1.81033695758579
2.57344259367965
0.116667478933047
0.82694979034078
0.893849018139029
0.473990104775741
1.43929218444
1.10007787747566
0.62202019359864
0.759436458617957
0.891904409123262
0.780517187724911
0.464079138880142
0.786759105175574
1.16247839715475
1.49885158020382
1.48503150390429
1.15422517569922
1.02623943082377
1.99718766363965
0.57050214685951
0.206706974997115
0.0638405904187844
0.419401996299306
0.998056900390871
0.65718407797624
0.63014712913274
0.941382399171412
0.436624813226788
0.775405460287194
0.462640646805273
0.24289622731881
1.08248004090602
0.916811205429455
0.813444624642371
2.34776589244728
0.635668944311492
0.779668751641404
1.05687513774847
0.805701389520239
1.9261002137674
0.850111962032984
0.0247861385181952
-0.00469745584060604
0.201381507099632
-0.0306739581845518
0.87824092226492
-0.0131795252023359
1.01239552863196
1.01688556705773
1.02146430322049
0.886906025563517
0.937140716691819
0.512309423809997
0.0131975917330812
-0.0107469706082766
0.0999734200722932
1.16871868694028
0.828943788252737
0.300477464013909
0.883399700713741
0.58508319559828
0.89746579506783
0.830115176697675
1.10634576775774
1.04438418324772
0.970537685537996
1.10010286878075
1.34485877179637
1.24537253673424
0.0865772612245203
0.130224522386136
0.214262175400185
1.23398607721113
0.689783209163587
0.82125917555866
1.39316272137886
1.95826542330906
1.8203620539187
1.66326404096931
1.43482415779638
0.788609692549139
0.836346798472371
0.669311376364267
-0.143434495693945
-0.0976151603932948
-0.0437065250005352
0.0038759978616358
0.230678811870654
0.1183849162812
0.866243062164842
0.690706036960648
0.744131504810307
0.475986962149351
-0.043707872233825
0.0187732721031459
-0.0580363585366342
-0.0324240818633882
1.47389081503463
1.37350797082262
1.22109636882567
1.07093010451372
1.32006474798545
1.11836567174511
1.06170831955557
0.981009515852008
1.31171653197183
0.698401388779149
0.843451970862022
0.452639410513788
0.0156488203334215
0.88486272988471
1.46980119929783
0.143505889702298
2.20437973843066
1.84148307076887
0.850894518930724
0.539415187632799
-0.00906604755778196
0.239482335671356
0.53951577136403
0.896580764022956
1.42010585562265
0.60977447297676
0.105146703274622
0.230179157587793
0.81972031852065
0.636173890841749
0.466547297934752
0.86055005066552
0.0917430268108701
0.622619768844093
0.777112615273709
0.876646524421092
0.197266471137203
0.713161522023786
0.898248150540656
0.530352631598896
0.925216583524053
0.0613935955252084
1.00252600987419
0.447378186170445
1.20202543205809
1.48613532936266
0.542539662992523
0.795459707364224
2.1313091997301
0.330005357057241
-0.0176799817575946
-0.034301378255119
0.00785793625689538
0.793909789311602
0.325692233592737
0.162443708635542
1.5692280744749
1.19738190404696
1.0681551557183
0.767006895429355
0.824227390012306
0.56564582329681
0.445069406065763
1.33026398625029
0.389968629098439
-0.107828988122033
0.189918826144455
0.86368153857255
1.65258597814124
1.557464340248
0.72640475837407
1.05702497533174
1.66404231399067
0.511148082334635
0.682367788921513
0.037529239305421
0.35574530819713
0.158940927388965
1.04697094288936
1.66070021217463
1.24004903670105
0.713323155685178
1.00625648434155
0.667664524185836
1.98147933060181
0.110983616062182
0.134979085228338
0.0446587179654568
0.783367491489737
0.457272430555448
1.65924844844426
0.108742354159366
0.820035010626653
-0.0173752640748358
-0.0332991711047649
-0.178348985576695
0.696188593148385
0.10554236744607
0.252440367538336
0.231784039440356
0.645542301101049
-0.0344650169204375
1.81465092074269
0.543937096651286
0.862083376701023
0.502610205651274
1.16093051219006
0.386699104045948
0.332882186036424
1.35306082752202
-0.0763412558189347
0.761172551217457
0.869053585207455
0.835537842206073
0.568408581115882
0.0446085533239783
1.24659906151738
0.674502132798874
0.680985588224306
0.192015878114848
-0.0431487787754464
1.12486504821098
0.59014288307627
0.16325271479632
0.879621505343377
0.901258375157019
0.508426936965564
1.10160305615366
0.949188088611039
0.521750136159073
2.21103526429583
0.163175806471172
1.16514951369301
0.78203826532391
0.925096394027736
0.540781693572427
0.529169383695942
0.267974484169524
1.14963743913562
0.579738690057564
1.33435776232455
0.0486322129602043
1.47567504272067
1.56651708567871
0.718134953626697
0.708118556253488
0.612204897611759
1.5506422769745
0.910865612033299
0.594378444893175
1.3929243258491
0.0642913391781121
0.60623108775296
0.125278349855801
2.35333543001574
0.781867639219871
0.0825587347844289
-0.0183700307643112
0.0151534661487699
0.503038323306717
0.891228892133481
0.118032064823892
2.04061575991461
0.859466490462437
0.000354268407808369
0.536132740893494
0.103120842483469
-0.06523067302609
0.956202626669849
1.14239336360165
0.766639461392959
0.360555792664716
0.199063877503298
0.862818224341606
1.83450169184927
1.53739043551289
2.42926393117883
1.02736572295886
1.02828872565029
1.03927723021879
0.774818890903331
0.825454108637613
1.33176183755636
0.351216081866714
0.772389246971622
0.0365940212591037
0.851613767315768
1.56514604297373
0.347412982377379
0.262638594070251
0.883146155657378
0.161888430981822
0.0334914022791592
0.0993308959697229
0.411049761818235
1.35273373932999
1.28509033748561
0.594968695994901
0.404933986730789
0.0731154270104026
0.85078310772151
1.53323780332175
0.0715873740203474
0.503851014548389
0.862072470801126
0.966263757434473
1.63729923510621
0.943616104053946
0.77907472264886
0.118434307423097
0.77803359826154
2.01464370132464
1.13732406828689
1.38350015399137
1.22738741794677
0.945120500981364
0.315486182917837
0.24414414685636
1.57848768015929
2.37220079264971
1.62438776075148
1.5875234913949
1.79470082833838
0.279101326327306
0.738669263990017
0.233241009056526
1.46627828998533
0.697191992123191
0.518932594809685
0.321574155713697
2.16855360092017
0.945576359151416
1.50179840316692
1.90238903094612
0.568021518820177
0.0837146297491842
-0.0828134497264021
0.429938753498407
0.955703496689077
0.888550828152608
0.0940063651003118
0.388414025524832
0.295495909673998
0.993672082801986
0.387514542493716
1.28036943932803
0.993180082872963
0.541327303778476
0.550242971840491
2.66521256868685
2.63196495089711
0.603045180240803
1.22143602878045
0.327236771189701
1.51011583504651
1.10032553303543
1.91258567387975
0.486884464622659
0.0642480571623607
0.141348289792123
0.982687438092274
0.366285844916143
0.58130486845739
-0.10682290178483
0.706397189761139
0.801150142723158
0.133083835195902
0.65842540424328
0.171893024514379
1.264368084256
1.25018689153489
0.117645159305894
2.3145281440072
0.70519827578956
0.830054780587399
0.953444014589852
0.334873574643004
1.45056594037981
0.519071905813194
1.4175981082598
0.630957789220784
1.74979515612773
0.968412753870764
1.48564176152354
1.11081207269609
1.10627309151605
0.531186209484425
0.593101607606597
0.641554631245965
0.634164517830295
0.777090481836386
1.24772127912911
1.15418198214849
0.398276212936762
1.35009762731386
1.98585126990933
2.03742100828795
1.69959576940576
0.0387740884794649
1.97398076876475
0.106741012987614
0.131418451207089
1.3636825985384
0.541082639011878
0.402132978530994
0.980928079286517
-0.198613087220758
0.940915514035454
0.628766862879668
0.345986891640144
0.636173532267593
2.5130138928485
0.951080218635624
0.981561878037176
1.21938961802487
1.42380990134936
1.08720324332412
0.482415974760225
0.154133343981828
-0.0418721343461973
0.537294486968971
0.432731904860341
1.89966714179511
0.0186232704282631
0.0376414439284448
0.802385731981977
1.29983484692795
0.378109244913659
0.529383619137267
1.62536017043666
1.72406378347161
1.04931549812861
0.579180121288033
1.58830174342508
1.97230624182426
0.731901920374805
0.221150502317902
1.56529327131676
0.45069721763195
1.20032165193857
0.746799488798202
0.21058304421169
0.715777619946911
0.908473448799651
0.854293265051249
0.0536142611253652
0.92011219410068
0.708372970660642
1.71998712077881
0.815172752753384
1.69624608865084
1.4509615073843
-0.0922534062665518
1.4777885612884
1.7549883770656
0.388648792535746
1.37639229113773
0.756878005809707
1.52119118276652
0.0564285813253736
1.78531297977504
1.39828708765887
0.742426432213875
1.13739077437782
0.777050682053759
1.41348120286678
0.809127978548714
0.731939395454387
0.906840645708845
1.53596789051191
1.80627450727317
0.102403667271415
1.18478223826456
1.71952063365285
0.635639674064489
1.09324766588299
-0.0597389369320683
1.43884717831562
0.144373255176713
0.193198618759449
1.61374573237555
0.896189119635095
0.482828881205495
0.781706203803975
0.561528153543016
0.214556338632975
1.22151954340167
0.556895300285957
0.548689758834812
0.313687633473426
2.34145713786876
0.160748797405558
0.312005178746033
0.501131337444437
0.212802866679156
0.936280099366751
0.533182075330269
0.521125466693436
0.689288025449372
-0.0444247444755963
0.659286086695428
0.102374579669863
0.999279409076744
0.893483226818653
0.590164372265864
1.12245737284475
0.0639817290125555
-0.0471265200005013
0.755196582972509
0.64424078303024
1.80017275910733
2.44189477828372
0.654445065408148
1.04017783876892
0.654189936134705
1.02675287293718
1.08976806154259
1.97600188739405
0.899696054213493
1.02639777523811
0.804338894487214
0.626690362057079
0.615385347371594
0.565874696064624
0.186328764682314
1.05836906736255
0.555056073759066
0.0056807480153297
0.295389163618774
0.0766339970588983
0.525851292178902
0.779069870658691
0.331952685657875
0.168286296950875
0.622868434081448
0.535453363634104
0.456178019070038
1.16761412554199
0.846154187119183
0.877922711026015
1.54087502538256
0.497754862878451
0.103755720194914
0.960186938099022
1.00563070591173
1.13509097721653
0.0144700049229882
0.605794402801933
0.14945112249056
0.988033821325476
0.89751167889082
0.916790657387579
0.541571415697678
2.02811554220035
-0.0203870213025246
0.47312991959194
0.351046904239429
0.425799465833565
1.20560085095908
1.81995241890376
0.772394130486432
1.186263597529
1.42546828344624
2.29013243375954
1.08013031108134
1.02019762792348
0.982896056815349
0.143510282071859
0.95801286151501
0.29720257256715
1.60481793613295
0.400549881334085
1.41392797322511
1.59609318480782
0.497085728651579
0.443664822407595
2.16536887908424
0.904297658516436
0.558712969245599
-0.0094808218624248
1.61724729128769
0.760078919336702
0.828996437190103
0.666521904437126
1.20641603284605
0.543902466540514
0.694396267118713
0.585919187964189
0.291392048781621
0.297933692457385
0.985825857150714
0.335313855804457
1.019605404015
1.50797570670641
0.896312610204719
0.64109067271982
0.613398320626939
0.321816402679233
0.768697373186409
0.0582885165951699
0.129213508090067
0.091528974349116
0.646390598999841
1.41898104481979
0.555067384500353
0.235096810855194
0.212715701852865
1.74316669663192
0.0269671765348976
1.46441335342561
0.590686633617741
0.444464326796582
-0.0599306906987776
0.175064081976041
0.725865796351408
1.61487734887574
1.13781347887959
0.351742830507912
0.383481663521304
0.666379873207486
0.583568324434599
1.20093056514403
0.855302056473143
0.355176341875877
0.764500305025529
0.611401010344735
1.94354490811442
-0.001171204195918
1.97097389335907
0.778125975750951
0.900054664525388
1.51665714060573
1.68888586220202
0.284697413379453
1.83972957466079
0.682496259732047
-0.143768602313298
0.908630472342534
1.48753002529392
1.36451419022068
0.617917732878513
0.841574523422556
1.98075707190517
1.33911240498406
0.112307824471911
0.125726568592423
1.05992964867297
0.58014580881432
0.0399062326381456
0.0486484667293323
1.71544602434993
1.46522005244954
0.675808815692054
0.750104389671615
0.911597275931267
-0.0535024869313254
0.00770111555312317
0.678394304799973
0.131882560806492
0.0836622243972669
0.0356665379076834
0.802883570167258
0.104188129610134
0.763592321882588
0.964685053907144
1.01987484145353
2.14956881389442
0.851679814241713
0.640395484013557
2.16824917206419
-0.0959610391950591
1.32608775228444
1.04683626644454
0.524303356402742
0.527407418697508
1.0323808244515
0.106669224013841
0.00541869143355459
0.427608820186986
0.792676379385765
1.40326427771745
1.11985525913715
0.40008682558541
0.265082135740088
-0.0921063504754853
0.349305785896148
1.15787104477218
1.48110339349982
0.590779589267094
0.594332119616385
0.684878744922975
0.715720155408209
0.261350224433071
0.674424519953327
0.924430895933506
1.10172700802729
0.739963881326272
0.621818238387888
0.624328388866259
0.781728725240555
0.794787442392426
0.921419887187886
0.705233084922995
0.613096892609518
0.701969108583247
0.193037539883671
0.569456148276827
0.692699210084842
0.450729565785226
0.935432195230665
0.671367118229402
0.572616941137102
0.128343384875358
0.994521701543864
0.426641476378425
0.516445641714357
0.855490102856497
1.23648579658244
0.612230216041853
0.681205946130511
0.860748214816855
0.40794896266418
0.698954984193997
0.648248493561899
0.84716590059163
0.576601935600804
1.10380711107615
0.723182544682386
1.04906496236641
0.769255176582016
0.473613263543996
0.262639153243542
0.908930493341393
0.135738892270316
0.250836625120567
0.569682081097206
0.264308302662474
0.846498121739717
0.726400110397927
0.834065369243365
0.693129477990366
0.760157560843397
0.621554165205559
0.747619056334123
0.205926399877374
0.92208332651923
0.819963343208074
1.1615555233775
1.00279421037454
0.780587095412646
0.612580194857429
0.498079698969501
0.602501499311602
0.766627777687493
0.642112875008867
0.435429829803584
0.767603733802034
0.573504310468319
0.58050459155941
0.587761957274614
0.58531224973197
0.610811367021552
0.718543581081842
0.641933443421333
0.654705959966014
0.777756086281127
0.614019761563472
0.557063368084446
0.623459705239379
0.631397172249931
0.134557179810412
0.222422956901373
1.21599747084203
0.948267381790377
0.82437926338936
0.737911913108059
0.600123688088612
0.593498763236261
1.01200613457887
0.633412009454561
0.675146014492794
0.684448533353917
0.715891149194387
1.02017007484157
1.04360198962557
0.916060056775105
0.636530546245775
0.629089754457889
0.600712353028895
0.427887516574201
0.374166674649329
0.723216007631397
0.697983630491599
0.593192390338081
0.478769884078817
0.555949701851618
0.221206910067938
0.736521452659141
0.670306270899225
0.239486377516576
0.530782923202321
0.926687286128774
0.408122820232687
0.956328667199901
0.895147367383528
1.2506679652672
0.0993907889570029
1.06943504727827
0.948966954593055
0.568803538407303
0.11747674143712
0.70961083149618
0.673821634901125
0.564575409467239
0.470683621313774
0.421316420193414
0.796708340266829
0.369109138134702
0.900138367997102
0.586640290650499
0.67003663013312
1.17307088370818
1.02353308318259
0.86165888204819
1.0377489302888
0.801908857739043
0.872393560437697
0.758165555484171
0.819353424371134
0.839181253954894
0.719559600464031
0.586338332718103
0.683918419575707
0.709191896462684
0.608719578866383
0.570322306773351
0.81664893701362
0.655970968944699
0.864027235222091
0.666790596144465
0.133379512449072
0.190559669116725
1.25387069575495
0.868508457562882
0.739116389026858
0.592121126528664
0.615935074570094
0.518712772812384
0.805805197241838
0.218279557787144
0.72893730850982
0.729889856640222
0.678532885273371
0.706518958787232
0.505856424583753
0.480490045329695
0.586371666853766
0.580880266999385
0.592624888744691
0.57471093055302
0.572672486146312
0.598362125200912
0.610444876188427
1.2841425058528
0.566505591491875
0.682882442554352
0.869395544377447
0.358895040442618
0.536481341602043
0.563117305247784
0.728923093081061
0.974174091462598
0.479882311064198
