0.903735089309441
0.745798385740931
0.810484874892281
0.794206907214668
0.165358008857627
0.401016867840922
0.606780719530402
0.672602847685715
0.75205844555004
0.264824203928866
0.421934925302688
0.47516005484786
0.78598066177666
0.822020740569888
0.936112861137493
1.39041570559402
1.38655089033947
1.29735911423204
1.14789666629739
1.02270472113795
0.950624035623882
0.56234995138193
0.707650587665398
0.93817352250215
1.27804978779378
0.809060443422582
0.334810818973195
0.783729481598983
0.06002797950033
0.472717347908567
0.744663242087601
0.770176952101102
0.635399774178692
0.791058021734251
0.765352277046191
1.37666658452219
1.36233363943735
0.208089206174537
0.740444964437227
0.855854968588564
0.656271071759585
1.10917207137949
0.915276626041638
0.0932508758499756
0.884034652388479
0.551153707508172
0.329183158591313
0.468943896229379
0.331764152986379
0.840891075021287
0.0633559845830913
0.596426056159654
0.916892507611972
0.423765606416926
0.130730429911764
0.870401659322549
0.939824557491719
0.842187538194736
0.173317105335523
0.783116178261448
1.23014602586633
0.716071280315351
1.01941017785748
1.1959507999313
0.297413942293834
1.08441644467639
0.422261028243882
1.3923285941563
1.33628230943892
0.243927825807888
0.537673844986325
0.593249124829983
0.784434831945015
0.765776217526229
0.290908324170448
0.691023332117123
0.864075099360235
0.742140288583782
0.155267934347523
0.080597473122204
0.787136401036953
0.318701922943582
0.74116935781192
0.793591827464197
0.748235561459804
0.930986636929879
0.893279588189301
1.33328783667026
0.376109615574632
0.511821160031042
0.884744042038697
1.37992106284024
0.516835544806197
0.75594957810732
0.880752963448443
0.831084046355941
0.593951658737445
0.334724416564021
0.677967118325325
0.084946965786097
0.929475305028076
0.98661849924068
0.90152931829118
0.943057810869079
0.843382807477993
0.815597730038755
0.114730810978261
0.154132878199498
0.0679702270733323
0.797903968615758
0.804768469178897
0.777089329088607
0.291486213229734
0.752942816924813
1.26574262678716
1.18902424620656
0.837560216932699
0.916854660649221
0.830943121427329
0.952350994436241
0.811308053396792
0.870320759073175
0.852651290101954
0.865802229927816
0.868109238285216
0.847083028451229
0.884093887833042
0.82481477263406
0.853466303220557
0.87701198958876
0.886034866982286
0.81734699697623
0.934813250019613
0.837709368335688
1.08106802728658
0.956204510239847
1.02968544502701
1.21579627275182
1.67728703989892
1.99370048649803
0.982984887818174
1.20990900083428
1.29870740486677
1.19504094005159
1.24019196348106
1.57634576055157
1.09925479777034
1.41377016540822
1.05250704385186
1.18756399528401
1.46949077772447
0.316274565518166
0.27985963003973
0.181026953973305
0.162122869042226
0.711388197363651
0.519801770623125
0.502250841309278
0.300484571276217
0.446099703885947
0.316566954268815
0.51864860791248
0.518026625082935
0.574121560561585
0.64381415590506
2.15963435958862
2.04398823770525
1.73033696531691
1.79687500227648
1.82055632027208
2.06985809916762
1.64942176404182
1.57265488616716
1.42079586378358
1.34679057762885
1.40792396889809
1.34377848655739
1.20682094141439
1.16544192421081
1.21436930724765
0.855352879276174
1.17184565382229
1.3471536701638
1.13490112550879
1.12017337065902
1.14720813017389
0.888787138459677
0.946895968137984
0.199158944710016
0.194747751997667
0.122741075693769
0.176812116384234
0.0984431103438045
0.0743917972598781
0.0563320321939474
0.0849531515732919
0.0775520702259323
0.221955421019029
0.259153725561893
0.0958220296662534
0.326458253325047
0.054568420499151
0.340694978643606
0.203506045411012
0.3471461043947
0.816804627519042
0.50903107946733
0.468578885581165
0.531611804515924
0.657304967414112
0.847999153701637
1.0870378459234
1.07229217031511
0.895849965794575
0.731130218163428
1.05840549379661
0.962950824749852
0.871665823107681
0.761380113971535
0.824718762385453
0.961264208339965
0.898605246400902
1.37527763985138
1.48994617911706
1.45289810243222
1.50345734818218
1.54709283133688
1.61435758354065
1.79637548015349
2.03654770305767
1.93045962942345
1.700475533368
1.50491883159805
0.927407119052891
0.858051214934122
0.637426138323067
0.794298749858441
0.820442506423738
0.90002441675189
0.737766836923559
0.808493974137224
0.797403661428572
0.704154901730948
0.776493321484791
0.887662531421921
0.915575145500257
0.801016234591493
0.913323023481795
0.815277186280522
0.853319193105556
0.161257060967382
0.23624638935686
0.194643851963875
1.09040982979382
0.906942821627542
0.813518751610982
0.649170204759917
0.759940235670203
0.739675419928851
0.45516845482554
0.593155157940389
0.459527778199657
0.301013894514749
0.243857601048983
0.209270675869897
0.257280819294553
0.671114137109316
0.550121363988401
0.533078732094803
0.641413649949589
0.474952381626821
0.391770987947928
0.924819506974999
1.87788042519875
2.04081932154589
2.07004919638406
1.2206264882134
1.18391584135143
1.48115803299296
1.43748755732572
0.906457278936983
1.10387955219908
0.963660906004944
1.08067787056541
1.0548467725269
1.16636395691798
1.54005475764276
1.28903317918801
1.75443587355901
0.978465352711933
0.92167012396288
0.859187084643353
0.908981697727264
1.09542225376316
0.328918029905729
0.130175911157055
0.797571582993933
0.139717186609197
1.3146358011529
0.758063656891797
0.786790103168132
0.764948781770944
1.1459691849265
1.36895043691032
1.14106865102738
0.79846138995852
0.531825710368823
0.267892903268746
1.02076433217453
0.788253551211219
0.199318015238636
0.462066813737648
1.19848661497828
1.14960077978714
0.827734559758967
0.96055387658014
0.603388325489487
1.02414819217432
0.692101467331257
0.631528829326104
0.894322959784734
1.4450530997283
1.64678887893785
1.4777284533124
1.71004892299154
0.595185039929401
0.501150822043743
0.83464975390727
1.13615912605652
0.486813498836558
1.40190433710996
0.84088282523453
0.716431199076711
1.30439419293624
0.971258902218768
1.56709711585197
0.784654927784227
1.78430613781789
2.03523128912952
0.34692610643062
0.266004632418384
0.14906183170926
0.142391872573013
0.204312612253216
0.237868668549232
1.58211551679525
1.5379808277839
0.597838862047803
1.48084043442804
0.801582469630849
0.566845891683771
0.509666942804087
1.68778158734325
0.764213483739304
1.11223167367309
1.03833892210631
0.884320735330854
0.486567882348603
0.402684503865176
0.844206747230133
0.798301987700083
0.878833859543453
1.15718683907044
1.66365012821969
1.60569604321793
2.19476094525045
0.257506169690758
0.823989675305994
0.914594997768804
0.367439621794172
1.43823939295557
1.21054599513245
0.56241537896841
0.695766317714147
0.857317744402765
0.725431823536242
0.695100328177227
1.01181006358288
1.20767231238569
1.58400314504035
1.53927654419678
1.08059481317724
1.05300236613756
1.82228949643061
0.494324643723412
0.290438292872829
0.191219791857617
0.475164573495454
1.02244642615723
0.899342308060154
0.854224365703953
0.879389230382129
0.382251551850305
0.743324870238873
0.438033863936669
0.296177506147176
0.96320969570499
0.979957719295875
1.0274904080743
1.99789226064362
0.657360185627654
0.764076374298952
0.947914636121464
1.08086656585933
1.91182745057404
0.841746145224326
0.144733636060569
0.0939447747924989
0.257676029295991
0.0683073465371542
0.867098450237143
0.134929292207156
0.944051004717403
0.946187175438416
0.972710273887442
0.879033426971691
0.916939583170364
0.764413035929054
0.178690050911583
0.128510597026183
0.164840844030453
1.04371923338726
0.759403245513651
0.547637594378727
0.831045122977006
0.797202410347459
1.16066619234338
1.1085635052274
1.32253205099652
1.09176276109285
1.03704650667952
1.13772162406184
1.37782168703022
1.24910994415489
0.289746564923117
0.260360128910065
0.247551079275592
1.36294708655454
0.990048869191584
1.03265748866044
1.51151121418433
1.84931973164244
1.68485809820117
1.57608730828975
1.22835830016521
0.854898101637666
0.890532780234076
0.827801065259858
0.0531323955037337
0.120626679665385
0.141548289391414
0.171243718696603
0.311886393754969
0.181059515785806
0.834525875771992
0.832296490712829
0.826137554716557
0.658800161639016
0.154708328094818
0.175509201909594
0.141335729264496
0.111715261943132
1.21587663525099
1.09656203709377
0.996054488034158
0.877623360722508
1.12062210851681
0.977308534928618
0.96856578490765
0.944588152082445
1.10633531155211
0.772025100324942
0.869127057014751
0.634204341858053
0.151834956668046
0.849264043339094
1.40621069661649
0.281190913552772
1.91584625632241
1.69826635944078
0.736958750882255
0.453044233599222
0.17703376177216
0.233396527604462
0.749316344209585
0.837721356758985
1.3532975351869
0.763384162762058
0.33865039600574
0.330926805752318
1.04705313969317
0.942515414612094
0.813736642227185
0.771300313522434
0.145041155106413
0.540371671272413
0.696802035947052
0.805893756508703
0.223650626828243
0.986406624331359
0.895820815623659
0.567279415770763
0.921048640799763
0.130650218069468
0.830770804266312
0.441845661757201
1.38146788355111
1.43470122287291
0.752204898658014
1.03146394516787
1.86783872448917
0.401665794590146
0.083562432467015
0.0368521710640148
0.139493548332993
1.01373454172887
0.420610735509966
0.293619477685704
1.53803603665504
1.32175944304074
0.923779554528496
0.625163128831151
0.820813695897384
0.820586350698224
0.386148728549457
1.18384637419567
0.421798104384173
0.131269211626303
0.322421779122243
1.02646497668615
1.63104465835136
1.33868345861849
0.956070536643485
1.25291264429731
1.58457081503061
0.766153401778242
0.735907361526287
0.0961134960421748
0.387853983717441
0.285597059822509
1.16656033298234
1.49208287277449
1.26884080287366
0.747985143928732
0.902423429927607
0.786207890881112
1.86212159175232
0.163392675847212
0.226445784091555
0.096924049175959
1.00887828629621
0.446225918430227
1.59471180223257
0.281228133212514
0.622806315687806
0.0992363217894736
0.14601640888637
0.0813965007735022
0.636334421193083
0.244746160306122
0.258007653902299
0.286886023963133
0.54739381355294
0.1808233564105
1.79675014241085
0.641195213505968
1.13459178162799
0.769367542655562
0.991295588926988
0.562258492614429
0.342765846174853
1.38121541128024
0.096615482994039
1.04465559780796
0.869124678398835
0.849067833009454
0.751446340193835
0.207189310470815
1.39911729936991
0.932944050495672
0.596179479717707
0.218281542117777
0.144077677524937
1.02161131241966
0.543728827663956
0.247471715696072
0.80495629021249
0.867554363339706
0.806829857095074
0.882594046930334
0.759698997503857
0.432154622641528
2.05258988937265
0.296883924376764
1.24240984848406
0.720262209338856
1.1908551457626
0.766471892694815
0.781940647149162
0.521560560670856
0.966177911381553
0.846212429016817
1.4036701052864
0.185415258014352
1.42799380063136
1.47439450657907
0.699700865543661
0.932193819010011
0.777112202246388
1.38293522548417
0.827559348287082
0.493923399382039
1.2324451399562
0.158802296528822
0.818422284070594
0.248650049282733
2.0185285874236
1.04899044591143
0.164036364015317
0.108952596444201
0.151243488660852
0.788407977678185
0.872229587556087
0.261823436013799
1.97572639495176
0.796303478005976
0.127480974553074
0.824338928099424
0.193838497570929
0.13420601939813
0.735275810977431
1.31796427456028
0.792292585718571
0.353473705630601
0.214452689795711
0.837460896957475
1.55399977471525
1.49269563367684
2.1341521418135
0.941882968257394
0.872304595000824
0.902571231383459
0.701807817821735
1.04716570165206
1.38384076669169
0.683048351267807
1.01200563742764
0.187935863672224
0.792255246421787
1.4499696780778
0.295131470852804
0.316204291215146
0.810501970328852
0.244066701526669
0.129860618961695
0.15043434344701
0.491750902008
1.33566407097159
1.15044460882451
0.784955560440848
0.315367357568083
0.226209295682929
0.801196991762389
1.44499343922136
0.254100441956845
0.456989011101708
1.11187023581878
0.90985260698654
1.64970306772791
0.881452905225584
0.711792930550429
0.293384196097668
0.67919275147933
1.90016936769329
1.19639374890766
1.31757284083324
1.2266395711176
0.918217087744031
0.320526044628656
0.259463484669859
1.3398313073019
2.05516272382592
1.53189022838279
1.52133213339423
1.62818550904555
0.533272136697262
0.812468762990622
0.347507735921444
1.44302758709962
0.923420354904517
0.452973127706199
0.512593062667132
2.10381042533408
1.19140493471345
1.38505704136354
1.71455075810041
0.772957830661904
0.177250163227652
0.170908179344644
0.832110428186569
0.826489548023239
0.866860119614235
0.290499993986201
0.432783727456253
0.343238949537111
0.946978848877535
0.722438584051734
1.22383996953668
0.883994086092171
0.7817486069653
0.751815495173952
2.25018835932629
2.27300366012883
0.509355343054978
1.13883462597641
0.423803073991343
1.32297001240627
0.908950411499677
1.66334731939948
0.544330139471236
0.229433269820784
0.267310490721146
1.10820657554255
0.326493469657219
0.50375086974437
0.0936551928949831
0.819473536226511
0.821079435341354
0.18402590723107
0.643961153210556
0.229521366252388
1.35090597951269
1.34209268747363
0.180366772151857
2.1692375366034
0.854974226518211
0.76569238334214
0.852987260692182
0.765159548878846
1.42548471850995
0.591688624634078
1.23764795816006
0.843591843027106
1.61463868682874
1.21020222108613
1.40581143398435
0.945037643013158
0.910640045268769
0.820194384245293
0.641788695486029
0.688458012392276
0.617400879517573
1.01200679793687
1.34533088477011
1.05795757369172
0.376170287584891
1.2727882697079
1.76531429422319
1.81497966845243
1.54579169281888
0.162076814025796
1.93402947016726
0.260636984513283
0.239570210557951
1.11041405821197
0.483566225625429
0.403469022226161
1.12277421030071
0.0427062182016047
0.934649325698157
0.703077697634663
0.436547471767192
0.682001618538061
2.1636232505055
0.932274573990183
0.936948163572562
1.10877266404364
1.23021593290956
1.29273462256624
0.504901107120921
0.297181856242866
0.153479659395784
0.771655394085585
0.442655711544007
1.91509587976088
0.166398749208191
0.104276747568923
1.08607445104386
1.34464271148872
0.698526749208249
0.720953303102163
1.5556645632143
1.45609022719451
1.04095572950289
0.478027915412059
1.63144559872623
1.92267000443685
0.998464508482146
0.309960476061807
1.50406906023156
0.691387777141785
1.0878796252394
0.681056898919944
0.594317104253081
0.995571882334117
0.770252726538318
0.693660528878599
0.190160787907141
1.13192723776461
0.968556851351953
1.6008049984468
0.62442517391209
1.70435789504682
1.51334838151153
0.136064133689868
1.45623243313337
1.53399979046661
0.78346499666365
1.4018183958877
0.691002159479614
1.48049300315392
0.163652876400796
1.71277649338288
1.51210238501023
0.824187112148441
0.910555908894824
0.715819520054267
1.42258568598532
0.746984718537576
0.669193877378329
0.823755569205614
1.3015902500715
1.77363578807429
0.204918969187063
1.35815317640879
1.51437282724633
0.866357048804509
1.20960187254029
0.0627652412666221
1.54774748460446
0.246722814603725
0.425296572561361
1.54553477038498
1.15726247987327
0.889182054054532
0.842314027642232
0.74607012636902
0.299073749429863
1.12036617849648
0.746875816688238
0.745817932232825
0.286204979183029
2.12342308351954
0.291426609303792
0.719690541960051
0.580215154119244
0.332908882453101
0.802566817042321
0.757332836411589
0.756729691620203
0.708457809547
0.0733403113961753
0.893750753568574
0.262678227661452
1.21541420567248
0.89638727753347
0.753487187537028
1.21440513325611
0.215208442995188
0.116385942775892
0.677065728839652
0.583512260438284
1.60523210159238
2.07502900370606
0.567666196489505
0.952713733651185
0.932557109426056
1.22733765915541
1.27112457298704
1.79956410468985
0.873184802830876
0.843159054264569
0.831378571431454
0.849379011675526
0.812447696890798
0.784125779236495
0.274755970476682
1.02190726299587
0.88147725793351
0.0877725086163061
0.339337670092054
0.273008033493264
0.515824064523867
0.774355438129338
0.433112541876014
0.27119052312959
0.568406103954848
0.487861657621845
0.449684187347519
1.10348905493473
0.810250320295433
0.834122262479529
1.41317789268554
0.456180119895215
0.259412164271835
1.09427614455844
1.12896460486111
1.22708803485913
0.197354443702404
0.827792744660815
0.252363938998539
0.942272192568258
0.889170339766119
0.906894069959261
0.46390036765598
1.78050623158272
0.102923808944225
0.400126328902542
0.769129088725568
0.356895622219293
1.38322517999274
1.6769307143112
0.669309221009326
1.23161452350111
1.28232835274251
2.00865867354181
1.01452698391679
0.943259523747934
0.889419956114831
0.174628488634848
0.815158601447084
0.355516761619794
1.53884312004454
0.460152377996006
1.38296245958108
1.53849761373799
0.770220520713383
0.822349998813768
1.91883419484589
1.00785182328807
0.759817984960244
0.109420012619054
1.36973303810629
1.02096780622268
0.797478011695074
0.501776428487263
1.2784619106821
0.598370230623318
0.800110074650497
0.602613444595491
0.640662766524807
0.538487062168857
0.885448234069063
0.784334570930646
0.925806930263343
1.30613818572298
0.862383169388207
0.940377252778158
0.82973141998273
0.368721856444459
1.00862686411758
0.131409368699424
0.176658812334986
0.161483501502132
0.776624887183849
1.42655396486632
0.78011919226946
0.264148810128515
0.277107288239809
1.67898268420304
0.159899674671326
1.39066634395502
0.764456825854968
0.504255366589696
0.181636205563945
0.419368016085662
1.00749814670356
1.36052459048468
1.1979343490421
0.354165930325941
0.789024355406156
0.590742518548446
0.884592691175462
1.36590681230839
0.638064102544799
0.32305729730805
0.743334961521766
0.942122244887022
1.83795644609662
0.0542262272906012
1.91305246038788
0.752793503901623
0.845785943674147
1.60767555433452
1.7035033771426
0.260375363074784
1.80472545629304
0.599344959588195
0.117570370183146
0.898425015578272
1.46403405101445
1.39926616471606
0.882727726097834
0.784120769042608
1.89538359252428
1.15615457812398
0.285989652344984
0.254313838894186
0.973409452830619
0.783022280020767
0.096071968317948
0.212042031200153
1.62911441256501
1.31355293794685
0.96739241273567
1.01098561256652
1.10035045504491
0.126326199839102
0.181712313709416
0.566424124763269
0.163409944411846
0.156281751426516
0.0857956312431706
1.06929210596083
0.2553797091965
0.680012023880927
0.94340746139828
0.947513727734933
2.09066928854856
0.765606070947163
0.772644015406109
1.96745652792513
0.0789664632670492
1.46244241405999
1.21245540960404
0.818256421387386
0.87466701081894
0.925889533712698
0.234678408730806
0.152597120027056
0.465160925646645
0.818860904402242
1.43838601163791
1.28312954646969
0.794510708305467
0.341266180669429
0.0606491357895457
0.413701415198951
1.30201367896608
1.45403426210093
0.845618234749027
0.776868862112071
0.783522111101728
0.756886788573401
0.146159035398605
0.463466820772163
0.636122677861557
0.838471839435654
0.58899809174435
0.595179732735294
0.711020175074968
0.902926019114999
1.06028649188947
1.17138096893827
1.07613322613513
0.924508937909763
0.870853357694951
0.177450506385602
0.432361345652191
0.927733963632189
0.375830817711603
0.905029239213533
0.774236005272779
0.734745814955259
0.123321806535306
1.22612451050538
0.360505786743772
0.560425853413236
0.845320457108944
1.3163760869904
0.852225803070292
0.980972326476895
0.920366268977996
0.302993531897495
0.668352676289013
0.768197269899177
0.630446011840873
0.765948140037711
1.22181580242124
0.598841491871293
0.763739347885328
0.857547826550805
0.448774679798987
0.202573556062064
0.928547451351505
0.134527329068581
0.173393753465755
0.652349976645259
0.232979482338997
1.14222317503706
0.858213057070143
1.07129294274159
0.769760686709209
0.95147576400803
0.534851756764244
0.895568705006453
0.136348586742937
0.869807964954757
0.894162788379833
1.2950098848531
1.2008977184603
1.11310519116114
0.684610802882787
0.352142024537216
0.522667565798352
0.895574038278695
0.798821722935832
0.336586784834871
0.932496200931453
0.748550540910299
0.724541566474071
0.756072609873121
0.73182454656737
0.741270883229757
0.638799204970836
0.604040746293077
0.576542105628911
0.586882569786871
0.488419677573996
0.413098179746978
0.714657186622444
0.748044717699873
0.128652563125324
0.166035288050878
1.29048770732806
1.14989252367208
0.893641091720333
0.874626937809785
0.818083397261881
0.799527977557619
1.17066954656549
0.513925351741358
0.489043657698954
0.713168153638279
0.754146598441084
0.759852658143104
0.750023123423733
0.721535107672056
0.906398850152028
0.92714616145511
0.848232471304843
0.261044461014769
0.247830231415484
0.809140601344441
0.818146441811062
0.583395176899979
0.493936950013909
0.559702371620281
0.209072138363897
1.00273344869437
0.855522364975747
0.192513235463543
0.601719532660306
1.1874176155988
0.392514766774459
0.873300114758773
0.836977770319615
1.33459688126396
0.114324242239402
1.19965071262792
0.929042449452408
0.733220366678254
0.124535199329002
0.606684932542145
0.960487998346659
0.737534112620812
0.360107153450139
0.334687875035565
0.81926405858885
0.328262712534333
0.930127920325238
0.786339883600843
0.772633948333705
1.30712922399505
1.23796479223235
1.15999231170682
1.23294286658348
1.14085816839129
1.16291354003355
0.99420754174447
1.07614468003619
0.910303079793662
1.05593126759745
0.649453608052009
0.686968568426365
0.804258285497881
0.748020378067844
0.756414329886183
0.876828275423487
0.741942654094994
0.910087313345281
0.550150763584336
0.143178268785912
0.180139592632591
1.30274972099703
0.66685440627494
0.681738640740075
0.672863675866191
0.848586202023668
0.447813468430401
0.88574361520669
0.127331519657673
0.725522511700058
0.620938654395451
0.543372154827939
0.630168255527968
0.378084077965423
0.344865700846304
0.786898545044231
0.763319758166623
0.807614154286877
0.726270424612004
0.727147400264165
0.733090618411007
0.712326962944967
1.33683793826109
0.511600560146569
0.757054962161335
0.68794643285882
0.323529287830349
0.425692890829412
0.430559864154609
0.547610387744042
0.906423297772656
0.527600950837403
