0.756364194502033
0.745668603617698
1.05459734039407
1.09082097090608
0.265810026059695
1.15318903928436
1.36463461372588
1.47196143471709
1.57323915687379
0.145247604436059
0.365702832266634
0.491800198276753
0.987596863658954
1.31268058520436
0.881191267337595
1.70441872991019
1.71542690100001
1.49537881457127
0.998950507878705
0.786216285522209
0.754682774288822
0.66802123287288
0.93861744296919
1.11754045135584
1.55944815449695
0.820368494321206
0.486342685837861
0.843889318205605
0.401787457754583
0.55916634159217
0.719842583010487
0.820609867613022
0.875026752849028
1.14295390234701
0.870914929021678
1.65487469936732
1.68863412181022
0.892872189581186
0.677527362017848
0.775778918969998
0.78644853004416
1.27988042391328
1.38612342643598
0.250375103773278
0.910240079366734
0.690591978432017
0.18942231254511
0.605366273829236
0.450187467433603
0.7360501731415
0.292584602721953
1.00299583426638
0.963903632222219
1.22385278416642
0.643292628661828
1.37532968439056
1.29015343103724
0.944745302281414
0.292877513326958
1.13605508994688
1.25394151376592
0.979750235459582
1.07167506265308
1.44161261474993
0.24713270963502
0.860573896850708
0.581980388699534
1.68197876796078
1.6172343456613
0.343934671461898
0.652446127758361
0.703436564781127
1.12138052170818
1.08366259042264
0.423793473752505
0.857618990059501
0.922833396707978
0.684191475621511
0.749479606792094
0.498354129812384
0.834433742931341
1.08632489627038
0.699903809453663
0.972971218612532
0.778897177592592
1.3565009063856
1.38710473534422
1.60854995240145
0.279398917133478
0.592228785365375
0.783212351792214
1.72244100605251
1.24333857393657
0.782287843557026
0.762226538728636
0.798573498538443
0.792083718552934
1.09352531641541
0.942519357762554
0.275406833251467
1.02940879795228
0.762539521380765
0.921641201606886
1.20912665183889
1.34554627158657
0.969451290419775
0.209638566277657
0.292098905650445
0.350095309088504
1.24912617833423
0.754961796948343
0.987209794888717
0.151470736950653
0.993271511903754
1.38049898022974
1.11429729389807
0.855379829181631
1.01198107831386
0.9132369731665
1.00779242010476
0.947057336011785
1.15848088824094
1.14881556994216
1.23308697066014
1.10105170307279
0.986625540686451
0.833504543512736
0.881026621136538
0.84227516402298
0.834659331225236
0.350806430806019
0.517360931186145
0.382846732711883
0.744193592220639
0.7549451530689
0.783713123228493
0.473581565424058
0.935680283666788
1.46862652665845
1.82983530515476
0.957889493316361
1.6609883874927
1.98173576814589
1.76360608148357
1.16351044749775
1.69437236791834
1.02403930687474
1.80486727473565
1.14521262929796
1.17807113676671
1.65814013099452
0.368755232930541
0.0926218608503958
-0.127202826116127
-0.266954504441319
0.793220702811595
0.364108419245019
0.439204271532064
0.260902778317884
0.418644053871937
0.200779274625718
0.345456958586891
0.672515070631816
0.628516519211845
0.503130594478182
2.63648330402853
2.60672016266439
2.11368136492028
2.41004656919096
2.58031557841709
2.96255255840513
1.79746058213096
2.12846690453919
1.92952002089393
1.37864747952151
1.32081170442951
1.11919547559468
1.4795738256954
1.01640824152603
0.753172418456941
1.3144714289965
1.6305793413874
1.81091897853738
1.28260000159727
1.33507851345365
1.44145763788151
0.734116077846129
1.03474980980202
0.111503235158114
-0.272138827723552
-0.67613096388359
-0.560563089514356
-0.508785926097895
-0.574396167313242
-0.465523442851545
-0.43707698804359
-0.323726363548751
0.204120942073421
0.384397751828705
-0.2722474260208
0.573190368153605
-0.600166017918635
0.154187859643706
-0.505446312046734
0.416134306791029
0.894152985888218
-0.010975873804436
0.104870680637974
0.538958627667906
0.270351147256727
0.727540271892128
0.893327643172856
1.1622194517506
0.821120629938152
0.679563880330892
1.50471519590876
1.2843797018621
0.921955009085121
0.362249602926919
0.13629636087239
0.326116714865224
1.02647097568058
1.51901559400818
1.35849478632553
1.75460633922426
1.9610063699247
1.72122538624001
2.00149508655966
1.80817826255557
1.95426925113743
1.98905747998933
1.75485276496639
1.91818225852888
0.347551017055923
0.287498067532219
-0.0158146999039089
0.0995494123798944
0.115125287630085
0.651323859682264
0.0945324244145632
0.221230719699322
0.0764222188124199
0.222284738593344
0.608464501895599
1.06262921737835
1.07118447328853
0.506060561168057
0.243990792422436
0.884482959373365
0.850589886802832
-0.146459825682032
-0.0978640226125972
-0.210131631020059
1.44262245832755
1.07565152165014
1.00828694605089
1.20224853559147
1.12540958350545
0.905215879974338
0.940918655241783
0.799462388022295
0.586132930561203
0.0262126166599655
-0.00153781759085477
-0.380335357357043
-0.198389969939109
1.49381632999905
1.44691879707445
1.17594128782154
1.32552976616697
1.0733004660028
0.72668465517245
0.463422002676117
1.88592966804026
2.33042438117076
2.19528800364546
1.20156168805485
0.841519911068527
1.45647152139955
1.26933174154467
0.858006982872244
0.927570184251106
0.739461634921069
0.861919834078631
0.700048568680604
0.835606024865009
1.33699780988809
0.861007037283671
2.07921503890223
1.12235235614656
1.00348050320503
0.844409918416215
0.673443717520279
1.57309780703806
0.148661503558888
-0.179743864963966
0.373229418265182
-0.538279676527508
1.52739841024771
0.553140864069271
0.705029150365262
0.705903137481955
1.04798618640048
1.89809757634891
1.10428877018501
0.681638211150012
1.03456588848419
-0.00822417576504491
0.408327342614444
1.25010040594344
-0.144797037369431
0.533331329561738
0.920147396651949
1.40812862006354
1.15705217354211
1.04694661280081
-0.0505521344385184
1.59956409436267
0.835747213821728
0.659740326573928
0.915536398203679
1.82212501525779
2.32532551130398
1.77564174894922
2.21237841031882
0.517232516003902
0.257589192793516
0.890371542957929
1.02702250885272
0.201645459523131
1.784243216687
0.318484609954834
0.26722774539167
1.01926662082584
0.785584377693502
1.96630070744004
0.351038812167372
2.0679319286847
2.40970186730274
0.382598185917208
-0.0811130669522738
-0.0901711431002365
-0.291809055075007
0.00858791333550147
-0.452443496887033
2.10794008048853
1.80386608396327
0.582797926088278
1.93877472808607
-0.0100843980862547
1.2730583511557
-0.00658670986012497
1.44688796689444
0.561491983681691
1.03382426213616
1.16401920753315
0.725572691563595
0.860447936277283
0.384913280994029
1.12439292098737
0.941827552784882
0.892047264603676
0.948250786509809
1.52296123083846
2.10331535017021
2.9309006012472
-0.0896629710678426
0.73992582502952
1.00319422607134
0.719580373102768
1.86767443753274
0.941637680826937
0.698411464573439
0.716393788106227
0.896244581964221
0.801664476532935
0.479263783503416
0.972323279389897
1.56998773516978
1.59170686245022
1.48978571943559
1.12533533593619
0.98083485092037
2.04126535846993
0.790591317001623
0.125323086482631
0.183453636044163
0.643080373669489
0.847524415661989
0.742908884078112
0.771663145320217
0.601190027984598
0.509376559923632
0.800299179010206
0.803345331255848
0.541452525282205
1.17454577244843
0.967445398809133
0.519898674390581
2.78369939498408
1.07735350230784
1.13528240702945
1.4093411848602
0.532468294697801
1.8776179392258
1.21666456703865
-0.0829969666825379
-0.0342107265090549
0.27635761771103
0.105537068299034
1.23568833894891
-0.0715739407339289
0.988975622091406
1.06384335711425
0.890479096225664
0.628253199019461
0.89820607594751
0.393010681469363
-0.233188327789117
-0.191185796161825
0.016749694605849
1.24777193213406
0.92718332936126
0.36675402476664
1.02934194471034
0.835703754451571
0.727136534726836
0.739201765958577
0.86920165206566
1.20487572683044
1.18732599825132
1.14443494893833
1.19786439364643
1.20145365634617
-0.028069811486038
0.382869694818102
0.851667000830684
1.18967246705606
0.272564118162704
0.612830758322045
1.18671938576074
1.90625456982514
1.85955299985534
1.80686272996787
1.42619917873018
0.882720679104815
0.965428204421381
0.574117044686686
-0.552277307410189
-0.508032828600309
-0.354358957755849
-0.0915854155928405
0.570521601499969
0.530598656495981
1.22076490269524
0.64086947302612
0.882063064400251
0.374360095930214
-0.628652809850619
-0.345864821575581
-0.656722658972436
-0.220212533641167
1.65389858841654
1.67957589914048
1.63579506283691
1.42745278161011
1.41140116371186
1.34385286892092
1.28352386878464
1.15979645258513
1.50764206512473
0.595294143340054
0.643972096597569
0.276972497812609
-0.171988539153118
0.848481907451338
1.73441755193695
0.175443412695219
2.08025658895937
1.94033666217431
1.33655462338965
0.559907487026609
-0.0292815612714644
0.251961039182614
0.600062873466377
0.675382724225182
1.76704849056142
0.747401161161899
-0.0659628507751851
-0.0053020076429308
1.14820164506516
0.84785038367674
0.483465889135729
1.26575543847412
0.1130162415166
0.571566048596483
0.779142485840034
1.04214868536225
0.203485964740232
0.732162818920154
0.840266333744091
0.897177400751826
0.919021949638557
0.141797626898753
1.34181876977896
1.12935421415843
1.04849584729735
1.69947578029266
0.533398146422386
0.670693894466576
2.07652474769725
0.0761981701393657
-0.0219767487054335
0.197827022330213
-0.20096996861092
0.67280099014319
0.449043913202852
-0.120921242653019
1.3553223953773
1.51902794382354
1.47222518183369
1.49778960505693
0.991054504520727
0.224926565717533
0.541365560407008
1.37776418361925
0.686411766608617
-0.223587194617372
0.160536901228357
0.64611749947472
1.57188983707283
1.7564727754586
0.629011946536471
1.22472375295496
1.92102557983325
0.49587633044431
0.948146826881127
0.419406256458342
0.876249341105617
0.0234334537381358
1.4355783917142
1.91456141433518
1.606859537408
1.06001236451372
0.912763525772066
0.823079377047969
2.35000341645476
0.197478236344264
-0.0337694642303506
0.271305239676095
0.665343334619874
0.589694811391061
1.83089092519743
-0.0124249198587752
1.5081844768541
0.0985200746618214
-0.210424556558161
-0.577977631649355
0.560465857765825
0.24688845615702
0.257794286462759
0.835934353556812
1.36427566174639
-0.422445859139302
2.00812381926679
0.712843888085824
0.887406424925538
0.543115599147656
1.55017911210414
0.436403197264491
0.47682009472645
1.46473540396225
-0.34512327428046
0.744510003282458
0.870702175182288
0.924278850219792
0.635834540639759
-0.11489979777266
1.27554545042734
0.740320348572215
0.665484700464632
0.773190873841296
-0.125981024012555
1.24328459876004
0.812624591432193
0.0166239394508822
0.931036636811092
0.751330778157071
0.360705018148352
1.37086645924505
1.37403413117997
0.578674775160463
2.2635423807486
0.106769964426353
1.08276819808751
0.726134082487236
0.817891886551817
0.434731409538687
0.297067716210215
-0.0358516378329576
1.34980494556766
0.203546784638916
1.19219572186804
-0.0356933961442298
1.72436567234364
1.76769143935544
1.20648057909705
0.76921978683972
0.660030112882684
1.58121720876564
0.865175473751068
1.04739175793019
1.58918206136167
0.0370204803838554
0.823751647572463
-0.0598102865946919
2.33587111097082
0.62857574150344
0.0406869459333238
-0.136992215091802
0.153239509527992
0.279766565215108
0.8145807937132
-0.16718819479893
2.00499597071139
0.869059714722772
-0.169347441557879
0.362314573821556
-0.031779583736144
-0.275093542154319
1.46035107281892
1.08626458061411
1.02936764958527
1.07762477467909
0.878084367862457
0.557891544769645
2.23314909354208
1.965197495705
2.76123769319068
1.3805302489913
1.39695164924695
1.42561027534823
0.78225736451933
0.849166348136769
1.74925145798145
0.214384427946337
1.06285308196849
-0.215327522261391
1.02989676995527
1.81011193852786
0.401123715141542
0.507965314624388
1.24214288452574
0.121230054066279
0.0096277346973765
0.25728796765143
0.369922046930619
1.66746708332382
1.43105894878357
0.517758236137525
0.670377516265102
-0.33920170381223
0.849975305571034
1.35611303317586
0.0975631978800279
0.663530307932098
0.644767910851618
0.763941656539127
1.55778803438216
1.11082876928221
1.31260048335649
-0.193687658990649
0.986737378880051
2.41207405677208
1.1210259863044
1.77529489243173
1.62221240489764
0.815556197924074
0.369075198560415
0.235817670831813
1.62393175429212
2.50604063902541
1.78697364901491
1.83472082806027
1.89937851738726
0.210812224437759
0.979537612677917
-0.12852496887268
1.77276239048737
0.387682162225021
0.511696285894089
0.297525074831176
2.11658933764731
1.02917296619957
1.85560101183982
2.08292422521635
0.799840075411157
-0.0568149267182165
-0.409112648934166
0.261369349148019
0.871068588350432
0.596877529241332
-0.0627481998391997
0.356572028178
0.212343624144567
1.26758103978234
0.293948450759962
1.22018749399485
1.14186798014148
0.666764665992151
0.691364760373825
3.21599169577334
3.05085544187132
0.593844422153578
1.19303170407599
0.127784230128815
1.57046459587465
1.30403490076229
1.95402282771243
0.756340448034187
0.0122955064640699
0.19472844763432
1.34384482537615
0.459596179418792
0.523436894812142
-0.551069765194432
0.756707473068605
0.690520817700921
0.0685792104488613
0.682568350319143
0.108297871866417
1.30567387419496
1.42509788448501
0.237975414146516
2.25999540363127
0.545250638371953
1.20093142576098
1.04760388615897
0.0525853669066622
1.72401600137756
0.365380531907292
1.49112759205881
0.323602661460237
1.88790504589064
0.749836971146474
1.68655711041978
1.52040337713387
1.50045879562281
0.398344817449698
0.966468279821496
1.02027630600252
1.1634377640384
0.827270663237789
1.62888886076005
1.14964036582151
0.555922565811151
1.52003392103898
1.8743598812822
1.89791183084466
1.80498099529137
-0.0729772747717093
2.04807915705141
-0.0160884226951127
0.145962687415893
1.64776070440639
0.472043435959639
0.508940205993974
1.36691634088938
-0.601275714469426
1.03955849492409
0.668493536434426
0.373910787983126
0.565553397122368
2.91067423421858
1.00474690232992
1.09167824784957
1.37670082450304
1.81180238390017
0.876231187120224
0.851841827757772
0.386201644595596
-0.081191542388344
0.268012618392485
0.274568583280602
1.71216908383119
-0.507423733817194
0.0753415799641093
0.797912914575816
0.93693417939537
0.251909990459034
0.584093895290215
1.66616839523175
2.00405367650802
0.969286708478073
0.610251865092317
1.6008334802662
1.84235492762409
0.275676904756876
0.484476302541138
1.88185886464464
0.430270787213077
1.38253189796708
0.785896533834729
-0.0548320915444414
0.520889936982286
1.2432903623384
1.47765474915875
-0.105711648479893
0.692877368084194
0.296804377122356
1.80095484618715
1.55294834907828
1.67369329045211
1.5219952389967
-0.367871206390665
1.90639702885298
2.08039885167287
0.277989672342206
1.72715153169368
0.732716040788142
1.83935638142768
-0.0614530134599022
1.98636164283168
1.33571837095407
1.03507842067557
1.48112318685792
0.870961366099825
1.81253508194101
0.829041088762229
0.614178986085636
0.65686102176883
1.91526273752967
1.75597338643961
0.298228652255376
1.1036603136925
1.98021953753415
0.76222761955207
0.891169689400759
-0.366515000535297
1.36052447352679
-0.201645070126966
-0.0742916100465164
1.90935642681667
0.729644957409425
0.188116089616155
1.07283895869523
0.662067340769024
0.0821778908834619
1.51133201948182
0.618047563038815
0.611596110410293
0.352614401450369
2.47789329449585
0.148491979784358
0.125824174712827
0.628117047952363
-0.113270427870155
1.32273553838921
0.601719630105604
0.498065943409378
1.1071466175969
-0.0724699792420737
0.740143702632979
-0.0202089800251265
0.984476468103889
0.953330441070777
0.718783453365766
0.942863039541307
-0.0996396896070131
-0.239218847525226
0.765749756880934
0.484686105976625
2.00018837654736
2.87599258268075
1.11081643808171
1.17329969417377
0.543077317822012
1.0229515885109
1.35077986055032
2.04145586915913
1.08180137692546
1.33457578072616
1.15159965490955
0.790673640368772
0.684795928725366
0.781368405699293
0.336316740672065
1.08204721702295
0.702266813644361
0.291333590104968
0.775630737115014
-0.0478055334407071
1.03361413435954
1.11751508613068
0.222817479607405
0.0080250829870625
1.23092488243351
1.07911384291541
0.84431942677359
1.3261037684529
1.17708466303933
1.16579601429807
1.86552354301786
0.542066196903006
-0.0277090691139304
0.882649735217236
0.848967049719104
1.03661387097809
-0.0718599885929133
0.850074048412173
0.0273152512077897
1.00470345502773
0.730875571812939
0.821998456276553
0.531756332558218
1.86149976931199
-0.0295939876495964
0.538127649714045
0.128547052667623
0.48902946020116
1.02781322767159
1.70236276699546
1.42317626281992
1.58135855354461
1.59274489123222
2.3510203734759
1.09997024586743
1.02864579114577
0.999927408064327
0.660240233893635
1.32588178439547
0.246285763041396
1.970022789611
0.503475335710444
1.68440608004626
1.88155405653362
0.376065283752658
0.247115930225061
2.23606611172611
0.969280224991988
0.753205885508274
-0.176089442396416
1.98767386744609
0.744804175301289
1.06954855201135
1.08749938931052
1.35304203475328
0.870066859573092
0.817442865665538
1.03171253180065
0.0767605101864841
0.0890499763955551
1.17608716848542
-0.0109582288925506
1.02560353091583
1.47860296374283
0.678816183882536
0.43211345424692
0.802808738222957
0.87007641831337
0.758171200138098
0.129298682122091
0.253843523896555
0.136199066461132
0.855265637578488
1.85417543888867
0.386835449502389
0.829074109865936
0.076903738231015
1.79936517100207
0.121658317526898
1.76131507679542
0.656633003242556
0.63189438652764
-0.273146052777169
-0.0564440771408673
0.749393675594492
1.91667354047723
1.28536290724337
1.01843914092197
0.184066403597326
0.559402983074631
0.435826300085845
1.21868495874397
1.48808178359131
0.457120751185258
0.763080641292126
0.582047724081495
1.9101627695623
0.359695310902982
1.84046761948134
1.13975518741325
0.780648695138164
1.5646226077332
1.88782811281956
0.321431696420703
1.76413770049282
0.635979163135296
-0.62616003707047
0.808136911076199
1.88844059729351
1.78375857396107
0.317704346196758
0.940445184925769
2.26869782635362
1.5801855414874
-0.288309570898042
-0.0814890716370263
1.039077890446
0.8321478552079
0.197101085711954
-0.392148684969256
1.81243805874395
1.56441986771202
0.90793106120438
1.0431442985141
1.27578375516686
-0.236417674765627
-0.283110199481365
1.36345773552534
0.177175185955047
0.0389948121869081
0.114328698390034
0.53399993246082
-0.408799587436046
0.779522479291469
1.16102976306218
1.26532070146725
2.01620381789607
0.970990471065851
0.812793157937809
2.16694794112093
-0.457979895633047
1.09913210024573
1.01583665968672
0.601096714118676
0.619851159030297
1.41501185087532
0.288075207078521
-0.0487551018169554
0.5236838440063
0.983565579717552
1.55746527753078
1.23538932774963
0.14167468965502
0.282197572000376
-0.168648153823853
0.492097870119558
1.3931609436652
1.86569127514917
0.806465653519777
0.839048002908057
0.979522993952868
1.00639735510099
0.670046157800762
1.38346929963745
1.59594860517231
1.74936781212441
1.20327181284593
0.784000282223299
0.797326881684338
1.02080896421379
1.05280604650505
1.12173791157277
0.972115895961134
0.829687695415158
0.954493192258219
0.805435067025331
0.768108470003998
0.951689568075871
0.433115947368314
1.29434057874258
0.921326240369025
0.787731835270954
0.449963411778126
1.30261596063307
1.26722159165241
0.624379717540948
1.19139746745937
1.53494289066286
0.784834477480445
0.799526598437541
1.03799989973273
0.549881179113841
0.964309634228183
0.931259057664275
1.67283034712832
0.826911314992329
1.38432995408885
0.816822885824257
1.77938146015658
0.937507675707415
0.445631771686018
0.488230689932724
1.18545616875077
0.576872576962216
0.903731979858138
0.793635637786617
1.0446095630117
1.06018650706765
0.975582044706366
1.1604660408069
1.02553471256922
1.00852829159964
0.883207528750712
1.00716298859926
0.737843135631841
1.28995059554917
1.08981442199837
1.49529509050798
1.21242355994056
1.04102899662665
0.773401668214795
1.20739949594286
0.783896435433646
1.02814734814797
0.86347468150141
1.19922621232613
1.03122070867129
0.816898980676053
0.846629144226345
0.845075490211832
0.811447620708678
0.889088663653787
0.890444974993234
0.883413082273202
0.864419659661628
1.0504523086832
0.703183627072353
0.742373539491442
0.888228905423009
0.838981525227936
0.384234790658946
0.627355267571491
1.48225469355692
1.11800852567486
0.965995066503786
0.956169508690657
0.802991886364468
0.823750218009385
1.19698930142467
1.46031496872744
1.48071374220076
1.0075999397804
1.0140692693814
1.83693585028605
1.82314030446932
1.42719785747436
0.776142282716681
0.828094378026026
0.801367314946335
0.688974742440073
0.665801801765992
0.946108771371073
0.915711421401665
0.701373469691128
0.505790419548745
0.632526546414732
0.925811602665038
1.04599895181523
0.870525490333796
0.859317605560913
0.735913851809029
1.16161069189013
0.340425213268441
1.33372728397887
1.26473617687143
1.5946604181303
0.440455976332039
1.3936671622198
1.27132976338964
0.741740893860909
0.618355264273888
0.783714968024247
0.775025822451446
0.770090299068318
0.56927230074624
0.549386372894702
1.10257869133855
1.17738193265835
1.08475418047924
0.830837213533499
0.976195069389119
1.54068613571181
1.3432134918345
1.14685483087586
1.31098935013064
1.06922548113514
1.12393933395022
1.0458133704926
1.09132928037449
1.13540743505782
0.947641371515291
0.738539272042074
0.96742769681135
1.01177694848974
0.846318871015948
0.818193694157219
0.93488102103859
0.942729041284586
0.974511450286822
0.718668544587414
0.363844388280672
0.373576481359413
1.5260891930027
1.21961865947131
0.960862279293619
0.871787450789754
0.78220176012481
1.30473737156428
1.07073480167259
0.650918823133436
1.04960989557453
0.868949663847306
0.831206553396622
0.910285097323158
0.638205320375388
0.691423638725798
0.821840713557804
0.831740889604036
0.809673721140079
0.802081821986283
0.829154433371043
0.863771735933387
0.831663173634401
1.57753329247091
0.636401448486305
1.01556927641848
1.63662610203969
0.281230662146798
0.573154649175845
0.730650629340391
1.15074005124709
1.34772377073168
0.582270648967214
