0.799859611958326
0.833032086832524
1.17498471365249
1.19082131460542
-0.0947180860224148
0.937712708010511
1.19181757005778
1.40494245500083
1.63756084232173
0.12961005158518
0.41768864003039
0.530291279872146
1.02483872416352
1.72382195884631
0.712103393967875
2.15406641912665
2.14606433843998
1.72430403464903
0.982690390513905
0.783587383499819
0.776044339666413
0.460386755444878
0.885200768026489
1.07973475339684
1.7996220633517
0.894070148149145
0.304773580383186
1.04573155060755
-0.310621412804493
0.487611624423858
0.865662219219413
0.879064286307695
0.897042268214942
1.18455255947673
1.01794448984863
2.11280813568109
2.04636789436085
0.381159259780038
0.799594861871526
0.847366239254527
0.609508646885089
1.17086891569702
1.54995517268485
-0.327531426669598
0.932697009771706
0.710028891550511
0.220944469188171
0.421324772979019
0.201700429993933
0.710043270323663
-0.379121888650997
0.946875131122908
0.946293531733827
0.918955882893971
-0.0319201548902612
1.70063289765613
1.30649214319027
0.990178525225334
-0.1719066196419
1.51113336268839
1.35407983633023
1.00794048314597
0.894630772183654
1.49424666878598
0.185769392255458
0.841645138105918
0.404756039668377
2.15450825978941
1.99984199324678
0.0447078014943017
0.459505180101744
0.489975645767065
1.20663112640032
1.08520317109255
0.225533485283577
0.74681525222159
0.960192455580634
0.820664874162425
0.137963697842159
-0.204727256414567
0.895860003170866
0.68335671262941
0.807822835441734
1.11232852620693
0.926549088659457
1.43888352630911
1.63727699645327
1.90725271308983
0.322821731884393
0.619017568428519
0.666674686144962
2.12291635812319
1.02943523003943
0.851278137733731
0.817918013926364
0.879909715839049
0.810988998586983
0.841448388289618
0.965656203943932
-0.352080547607993
0.994944761851246
0.771548031315746
0.924441001598367
1.18192629620291
1.7221618451644
1.01152451622771
-0.202902939388586
-0.230415771195686
-0.353405318274957
1.6687590253197
0.835741772986726
1.28893073624675
0.161936432528436
1.02457215665724
1.5456918754278
1.1418840759038
0.983127569496563
1.08541060818777
0.817041423181377
1.19712038507582
1.17414898849995
1.36774205119771
1.35835873200137
1.32549109530064
1.19857166702539
1.26276536092385
1.15483657807166
1.10895951694085
1.07099213075927
1.15615971678204
0.0717143372229867
0.324072402268209
0.0983202724225678
0.557526811836909
0.400884230025556
0.47917104018218
0.163109881037946
0.66860348363365
1.82866598364737
2.18562370616533
1.12273651366938
1.93247717354721
2.22727289169859
1.88231451634842
1.26712812009546
2.14004346657
1.13440746404649
2.08304288683177
1.24348346800201
1.15102358915147
1.70810211976961
0.0182482786816607
-0.483976310278214
-0.753445341595494
-0.947112760432224
0.566230429492685
0.224435197830092
0.2641128836459
-0.250970982413928
-0.308678505128501
-0.549337924919421
-0.12156961324316
0.317086292412094
0.38606428579947
0.177700710513341
3.09437542250176
3.20936548595505
2.86572975638111
3.056593477887
3.0420112082236
3.43280895315911
2.21699319500099
2.64129893812386
2.51663814624769
1.77745626586781
1.74014016241217
1.37256103355491
1.68545797476605
1.06997655247944
0.860020620554183
1.61326542555689
1.7050780813974
1.99529958881019
1.52741622433284
1.49466080075622
1.38083699130775
0.786777113998974
1.12395293105052
-0.236727856580904
-0.851545195351937
-1.62590375238835
-1.63336810295716
-1.15569616165136
-1.43252029851667
-1.10045387434005
-1.11875700854397
-0.869972903100746
-0.0751331029932416
0.114995611538578
-0.780996533729421
0.0439461118444697
-1.2007655972762
-0.230494421334048
-0.937660230604118
0.367695459100241
0.743081791361419
-0.385751718567129
-0.629381848305046
-0.256777828777486
-0.480589573715945
0.386365900405934
0.413448585331593
0.847184157194625
0.532676907099462
0.440518197376139
1.68930188339246
1.26429644478985
0.728784446970196
0.0806547257149471
-0.281939742705761
0.0726730325723582
1.18964916600006
1.88712961068704
1.84268102248842
2.25977952414401
2.41744288773075
2.32362457733001
2.49379921341569
2.22708959073306
2.30586177438781
2.49845668914072
2.37910762729587
2.49056039018945
0.17965705743742
-0.047597707084614
-0.408502863088557
-0.471761771946407
-0.466593043355493
0.386378027707296
-0.174954027310091
-0.395987993209188
-0.334918719682554
-0.353989780607411
0.153743455653712
0.989902149022427
0.923018044492448
0.433396556504448
0.032825922580234
0.937098967007254
0.781137614419753
-1.00850381818118
-0.97299639387398
-1.14638499859007
1.36810053082913
0.939357333621633
1.01085596753342
1.20766214550972
1.12658946263827
0.849337796067907
0.845753306740583
0.626169823795613
0.174569384333548
-0.787549405245236
-0.604706857781252
-1.30782193043443
-1.15328715082025
1.47200270059984
1.43881947163802
1.2040631279225
1.41574237418338
1.25482260020449
0.927501138909128
0.265511068152994
2.1624890620387
2.54706261127933
2.52029035051916
1.06998429429103
0.753969849990301
1.50476979064099
1.3920183907422
0.779302527553348
0.62916760911699
0.66665557435066
0.691839046110015
0.687407277055969
0.70598134410027
1.57318271931653
0.932655651841963
2.37181333561117
1.17968048087939
0.952690275988986
0.85056461183732
0.530556692259444
1.80837912704367
-0.265025502979777
-0.928032325657499
0.355460958786328
-1.59949575965764
1.67076128384194
-0.0630840487798614
0.262072092421943
0.714294956109492
0.592821950797967
1.70397860500796
0.609219405226727
0.803197861186634
1.17593136888566
-0.974739910722578
-0.24493732813046
1.28471047386984
-0.545878559439039
0.355870199413515
0.977653349090238
1.17306482844866
1.16662553167779
0.944799651134616
-0.648183196478905
1.80921710251224
0.480936348577658
0.459794366458841
1.12744409302426
2.33951530755666
2.96330901416224
2.42207516394955
2.58613655830878
0.00127045315420624
-0.0357355950769662
1.07479971944452
0.880556112936473
-0.399430202407076
2.17366279222024
-0.425905836892475
-0.0849720696724378
0.934586177829486
0.695216197060079
2.32944551410777
-0.2909310030183
2.58498751313677
2.69735205513587
-0.0940394316650585
-0.747341545437389
-0.513253864012565
-0.914349920971841
-0.465224777201255
-1.36404436697575
2.90848518675953
2.65365245431913
0.171400200904373
2.35880009575992
-0.430587961547607
1.34908654537817
-0.483933846924844
1.7457399615979
0.681766946641536
1.26187071874319
1.19506093853678
0.703599891614486
0.612342249931177
0.380727273540343
1.28861722628114
1.13154351956276
1.18544246931479
0.59594853416895
1.77009534720701
2.74114718033104
3.32441759088798
-1.03054975875528
0.468617739582735
1.16931775284611
0.635505365992025
2.32115162571739
0.988589427890531
0.384126806209516
0.419855765419971
1.04832201344809
0.733601730008308
0.426660304457179
0.836733198367513
1.65181534925883
1.72284968070389
1.57494951771371
0.967052220170197
0.606122321833227
2.18379927797124
0.625009276736859
0.0391168971008756
-0.141137551886683
0.667337778802287
0.83165591616678
0.766906913043891
0.829858007128698
0.714755973269545
0.279773172663074
0.778759522374998
0.876572087342776
0.370321384933977
1.230698586997
0.546645978528907
-0.0674619936077535
3.13942886809522
1.14200644178248
1.1885406306845
1.43008042758689
0.300220450171833
2.11573293315749
1.32851866114157
-0.925948591434902
-0.648733874537895
-0.538629314685602
-0.801856894818472
1.37832199737636
-0.9453748104012
1.1195094954922
1.13973584863252
0.959237876906353
0.602040394516799
0.844514090777469
0.37456104737321
-0.785045689688402
-0.716982611982641
-0.370650024725393
1.43402941075616
0.741164507572223
-0.471841404730641
1.03315182660644
0.844002333899463
0.719598206691786
0.741917454705584
1.07002697972099
1.20002820729585
1.11507664922548
1.16271537358889
1.32698518037066
1.27975178252245
-0.704977103309853
-0.227998855713623
0.359633499788147
1.21991530463587
-0.168380840644727
0.127642190214139
1.61641116608028
2.49175646423551
2.6012178674114
2.53102977469946
1.76651555364595
0.977265873059189
1.05489301976329
0.563816167677168
-1.29924673533714
-1.31554657417248
-1.25807694291045
-0.865204736161931
-0.104188224419787
-0.225334399552865
1.28661246930296
0.232961404896781
0.50389496345606
-0.143927158862598
-1.69726997083247
-1.41841733550272
-1.59849749302568
-1.24011124402224
1.89177862128
1.86621634775265
1.84095172558588
1.76592426333504
1.71685925532405
1.47957618658358
1.27656735070601
1.10646502366332
1.44334537887923
0.296345982998692
0.421200097472382
-0.179850202143962
-0.731887910148938
0.880086932137411
2.29052408165607
-0.617594884948884
2.54308039406294
2.07162266736906
1.33865312730734
0.356882289234021
-0.872723735954073
-0.00330340803297505
0.669637311355122
0.691498340064906
2.19500428399234
0.911002833199487
-0.72263149567163
-0.292191030468793
0.951344543049809
0.609215149255592
0.283128333762206
1.67055087663994
-0.334378985703225
0.378540751992078
0.545331760942888
1.07134855194828
-0.163896289605703
0.729881301794048
0.839425539388579
0.96098141832535
0.876546831970118
-0.545272225509508
1.77629172672093
0.829192857216976
1.06193409285652
1.50804516730177
0.630324266017905
-0.008075607986411
2.45321450205137
-0.138447150207702
-0.950776670832216
-0.631186855429825
-0.688741048544831
0.424530375398667
-0.32706038915088
-1.12937419710693
1.54519211358919
1.79354133228042
1.63813721239245
1.52277714205498
1.04324536897831
0.0494508215457271
0.306396900963775
1.31297160991933
0.761525047093513
-0.908027746921949
-0.664547261650003
0.558461834048618
1.6845882449724
1.71593227248966
0.352399892541999
1.36641809747974
2.48447838609809
0.428789742502487
1.18283718918995
-0.370906163262493
0.570707227721207
-0.568895675439161
1.41124576647475
2.68163005818284
1.81338216681619
1.10671400234753
1.09663399034924
1.01002778393423
2.68885037405018
-0.362121368684546
-0.203157786694793
-0.495330236053599
0.0786751712036892
0.252284960950232
2.31115937727712
-0.700014389369674
1.41190556231388
-0.79318903720723
-0.84707339384235
-1.15085092803456
0.40711213882896
-0.598820028769316
-0.0486667186510915
0.381276263304508
1.47698600724028
-0.893126557280511
2.28996517487405
0.0393530585824594
0.876555344732538
0.49392494080286
1.6360040951487
-0.212916301573601
0.294394264916499
1.29718268241849
-1.34876475518502
0.745596555574736
0.90330366521951
0.971639768959162
0.774911042431397
-0.971547796872799
1.1806131924619
0.752169264902356
0.43865937572981
0.137889628824345
-0.593087077924951
1.23557707308115
0.647898690895267
-0.219573841542537
0.632686758378326
0.760826023922115
0.163132569437247
1.71708328281201
1.30494275412245
0.378614462387777
2.47042756256205
-0.69702444175926
0.799134338378976
0.581902095836337
0.735449952346795
0.484698918554032
0.239098005036578
-0.605977943329753
1.45136723671381
-0.390584761919232
1.29706853760627
-0.315688590329805
2.30641013774683
2.47796955540463
1.27225370344448
0.745004051103699
0.801768491376648
1.90551394271002
0.8764979772147
0.915631140007881
1.35197479224587
-0.693274055867549
0.881786503935019
-1.00556313397488
2.85033694316186
0.344794253204356
-0.476754710210121
-0.783668416468927
-0.257015527092694
0.123081060474763
1.1235667958894
-1.04078636172691
2.31337607941516
0.772606561881266
-1.17286693085514
-0.220532792039141
-0.480278146463198
-0.791665383073431
1.49816692360151
1.33142864859651
1.08026055726808
0.698097185068186
0.379481312926084
0.568970109844038
2.5974693476869
2.45901298333479
2.97083046241065
1.42724919846003
1.72716177524858
1.6622103872216
0.623358719990854
0.62820555290447
2.11875330081661
-0.491211259898122
0.837598705174766
-0.755050472431198
0.996983911714779
2.48756610641618
0.196468701010723
0.470866728625613
1.4536161283358
-0.776515710437342
-0.812837156622037
-0.466350901484917
-0.0782261951897847
2.04732633911773
1.47521144459727
0.596162123711254
0.552879625835036
-1.38396030169801
0.852796480218379
1.70998109845442
-0.726044618963002
0.280877449377646
0.638340390839527
0.927514792803756
2.15789922260672
1.12216472099907
1.36553512062184
-0.632105222419477
0.905976593861186
2.72470671243294
0.720378209803988
2.12458154012055
1.79168796991749
0.804857842463329
0.0645158847228839
-0.0498741805572862
1.82524577272614
2.79046349424243
2.55013669094161
2.50333878704238
2.74023738966558
-0.575119086669984
1.19602820611633
-0.387888935754496
2.32209407964244
0.154951276192141
0.339239363627801
-0.431078131387005
2.4036263770371
1.05987971994159
2.33112511878518
2.19538117992686
0.830205353587015
-0.495079896939712
-1.01410170381458
0.0209254846148262
0.952487933602452
0.651606964524167
-0.671001253429011
-0.263965181600911
-0.447934646117266
1.24532790729723
0.122538535808885
1.38200672880358
1.26840917881359
0.578346253564277
0.753840528650371
3.61157525103336
3.49829733108869
0.399434932348214
1.00746608966424
-0.583790506525144
1.65417913326262
1.52490408319856
2.4325229110179
0.785222829729076
-0.697992216118116
-0.630393580280116
1.2584571877677
0.197140217395388
0.330254507021727
-1.53388887591329
0.860846602115843
0.389279228975496
-0.282938204196247
0.490475066953841
-0.31141140012134
1.26270809705049
1.32048530385302
-0.610075563057426
2.64121595476464
0.0610153118535906
1.23877026669674
1.10132615553099
-0.29480289578157
2.27022706119989
0.15581223568632
1.47255245517981
0.197919630287986
2.37481915788005
0.524175543492577
2.18598088557423
1.65279741748133
1.74573833031122
-0.0482913963736819
1.00698830486722
1.06024103883848
1.2626196392532
0.561363358746763
1.9364771276392
1.26846741538751
0.240949936787485
1.18300791633464
2.28207198200658
2.32742748042265
1.95639854569283
-0.828374370669114
2.33495459200302
-0.859621413386513
-0.0417673858786766
1.72494931026756
0.319044352599328
0.182880819035874
1.26764328222911
-1.2441538779717
0.989839793024162
0.159722466417041
-0.302537143864086
0.117778692478346
3.46134958969574
0.946461954891945
1.03931797261649
1.37590513741623
1.95645479939308
0.819594762309476
0.948762311040468
-0.262784040017453
-0.742771689085681
-0.323010020785718
0.152310362903001
2.00518729795651
-1.22907749752822
-0.431902644426045
0.788126712426332
1.29621606884153
0.0256761335406789
0.443896135679799
1.71055089632952
2.00454977867141
1.19079966483976
0.41934728903557
1.99334905602328
2.16178699189145
-0.276740156780357
0.092479371895382
2.38716464739103
-0.357134962645005
1.24682447645675
0.445927883734259
-0.723026102077047
-0.202799571426979
1.21230088389705
1.46018445946746
-0.957175757277783
0.0821365139726841
-0.242154762650103
2.5988712105805
1.53886976533055
1.87811742450007
1.57555550366546
-0.907877483288498
2.34532037834235
2.78887098535137
0.0290808271302516
2.14291709442884
0.489772464019395
2.42687732677109
-0.596221823589153
2.35239100088194
1.57767150612844
1.20402692255749
1.77032758052397
0.798207892966988
2.27557874467626
0.567176287868841
0.37987380728642
0.707951579482027
2.1701922131595
1.93277107496212
-0.504366282433745
1.09899207601357
2.20976438188553
0.821060833453605
0.937583473235193
-0.875327606427791
1.56058166051122
-1.00309681817158
-0.631391869734942
2.3962695529629
0.78615198197323
-0.03796730877994
1.272940300291
0.748388415041291
-0.415512237311952
1.51190560057781
0.743605967369633
0.716075470630016
0.104667450851403
2.97145833350067
-0.457789891527117
-0.347535359167222
-0.044739068548179
-1.0080461658106
1.75854083709221
0.618659448586559
0.510475723667308
1.16207688398118
-1.03323636015184
0.744890570870949
-0.687863028104585
0.743907378263102
1.166216818159
0.871585982636533
1.053216996892
-0.71007225417545
-0.787539274834628
0.533009808323631
0.335119593126001
2.85833879172546
3.44475757623589
0.982503945639992
1.11071431261514
0.269336377072681
0.772989697910939
1.52610017121988
2.74122010352436
1.28165960270885
1.38032128426404
1.27111459554029
0.814417668404036
0.363717034288994
0.76163942416146
0.194684624261893
1.24751176206035
0.498650796034746
-0.5419783901307
0.11634912272576
-0.769742405746231
0.763741679559481
1.32426603736588
-0.396603277612498
-0.489920280446915
1.36310970663136
1.25823811984211
1.01017619132526
1.03040758656647
1.22026301120476
1.20593861288804
2.44346043000568
0.295917027997999
-0.75519508236051
0.837848225837394
0.810383586756823
1.05276250309069
-0.790320493475638
0.789218499941138
-0.881479804313719
0.973139845486283
0.690114321079173
0.780714452949141
0.339591566094216
2.34669790310159
-0.9854747474869
0.316164517773144
-0.460075112344765
0.287357296458092
1.20076876601511
2.00984082575548
1.46844955381582
1.69936702539243
1.38997582511255
2.60968694766966
1.13029487165228
1.03302141923119
0.919372033579912
-0.0376162919303686
1.70729638680631
0.240156848723836
2.52510280438424
0.517086155812275
2.17539808906122
1.70573843114109
0.280285893842585
-0.328367021723983
2.47713675893539
0.824493043871339
0.802327535059933
-0.646370947393204
2.32241481036027
0.685704539632728
1.11775642321743
1.0832241619272
0.945524975296342
0.905737101577953
0.999357800198077
1.11253589200218
-0.290759559713887
-0.531669760786478
1.2822874711927
-0.290843862532287
0.810987878117258
1.74686262411097
0.679908996314277
0.133854449679331
0.876828521635785
0.333612249917742
0.0582154833976588
-0.627421882561069
-0.359829831885955
-0.491903038711951
1.02455272460418
2.27253298281408
0.404168640918703
0.237195026371093
0.0145889478108393
2.28319807004592
-0.292312188018923
2.28213199155723
0.801749492423297
0.653024711248593
-0.924955175142411
-0.612661245940429
0.752352687804363
1.85258456787983
1.54114357367152
0.763226153049782
-0.28309169536011
0.385084548208867
-0.353211198506802
1.1150765861947
1.50235623716095
0.137727026518798
0.56931038065677
0.388195348779815
2.08146664247722
-0.415050517466136
2.22764185475849
1.50557783482362
0.799517619087506
1.67680713362126
2.09712692737842
0.0877590978393962
2.05225490002678
0.432373825251111
-1.14591220322976
0.790592485625159
2.40139078663962
2.18907662329411
0.0771805674004858
0.90181753724262
2.55233989729491
1.74688320277433
-0.67653515123056
-0.421940059166674
1.21175213465765
0.873992142665877
-0.465807959748577
-1.47175093167819
2.4682516563971
1.45626437067151
0.653520072428885
0.837030855577775
1.14313152887461
-0.811182395446416
-0.879022554458559
1.44576605026871
-0.214369268846456
-0.425042687971699
-0.344203868063888
0.401489560332028
-1.43738748428743
0.571056272196797
1.11688949938582
1.23824833685298
2.37250795325994
0.960009898574437
0.989844104146828
2.36292696195281
-1.5248364893502
1.52078128751887
0.871401089563586
0.496138381473665
0.367045419425101
1.54825626336528
-0.387066859372523
-0.52971399784189
0.245441047368905
1.03381822271528
2.03862975599546
1.46571644050469
-0.425047913547607
0.230196165343116
-1.11281030266016
0.482961822001009
1.64487163006208
2.32122297052741
0.791368623531007
0.826647322936656
0.946707527248901
0.974343255154872
0.471840194924039
1.3011027486987
1.57223620920863
1.64015228472828
1.11608057597361
0.816004490359973
0.793425341426802
1.05053452709789
1.02720174731693
1.2216829265859
0.913747805467636
0.791598705157152
0.896818600505966
0.253712895780099
0.727733916549164
0.947436456177258
0.556142067648668
1.43146648258382
0.927738531633561
0.880901807200649
-0.0223647183415823
1.42012302705611
1.06860440085801
0.670870880848721
1.52827915350631
1.87313433223724
0.835956362710366
0.79251036805911
1.0128913613321
0.393891132459796
0.963194970450115
1.01140064777118
1.65710056319085
0.886951019428208
1.52554321944114
0.669265872068271
1.77057964242962
0.95434518303397
0.558227862601181
0.239004134332978
1.18771327204814
0.00139583812460603
0.593390676559208
0.802753170615524
0.645597300617311
1.0289546197575
1.15675941248861
1.09302595600512
1.06795114789041
1.0466878543226
0.882559891546454
0.966298820081668
0.409319370680978
1.56765053647463
1.19051859467717
1.77553213556145
1.36666050806525
1.03253153872419
0.785287797339766
1.00681742674219
0.850373861999936
0.989287245417646
0.819079383933855
0.948891502092712
1.10643753115132
0.892153422468047
0.835599451676359
0.860982299831844
0.918548770387116
0.904249283478186
0.828679315496387
0.854132788899399
0.830869466857847
1.14629174052689
0.548207993490726
0.658354859647154
0.894042266087924
0.831488812532275
-0.00724095933800461
0.30919872185938
1.76620340481777
1.17832545666524
0.967529519227016
0.930262688504548
0.866857726497307
0.836754272048945
1.30726548865182
1.33256310473584
1.40176333776609
1.04147845978947
0.994316296484037
1.89948906260627
1.82650646311215
1.3640670469461
0.80439448761865
0.804042852594173
0.811643525238986
0.594405810311538
0.520337018733405
0.970750992952355
0.913688563286876
0.773836897475885
0.584369734878299
0.709413875744773
0.420649453036413
0.921705866610504
0.967802750460502
0.411700972282359
0.752959715400183
1.19279915479093
0.435425381615224
1.61942246663957
1.6340382125065
1.94324006524894
-0.14802056639527
1.47487249604617
1.31277854842499
0.861291893547213
-0.00775015047513282
0.620817645027421
0.785148897032202
0.864187040539232
0.415753332220066
0.35936327743642
1.44152426528532
0.919458859381762
1.05568406207691
0.896714771003468
1.06569215938262
1.81672470733838
1.50246987119234
1.17593068743213
1.49942840920219
1.09304149436584
1.19272686221844
1.01554849104288
1.06173397829682
1.13036462750968
0.895173407262263
0.76354808869955
0.955952388722631
1.01891123107328
0.964130396802387
0.885510307382018
0.957981621701839
0.957928308046427
0.965055526437107
0.539951551620629
-0.0950891507802999
0.0152349004642973
1.83524656355852
1.26548241670623
0.936804539387618
0.881368841855679
0.846974820252493
1.13128889319327
1.26611321297618
0.419801959843202
1.08955055843538
0.77498557285184
0.739107713125711
0.873050361149185
0.502169832489598
0.557816095693192
0.874704623376895
0.865641880579004
0.846532900285771
0.889929311954619
0.862937582086691
0.91642556739388
0.832794837806825
1.94510454850294
0.747491546575145
1.09054785070015
1.57547119503027
0.356634949669097
0.683170717812021
0.844796803142881
1.17008980172562
1.51919435325763
0.623571686952434
