0.898760743464055
0.60697643911279
1.20630509420141
1.27181306555116
-0.187532943873917
0.297172456852838
0.719979882820881
0.98111699250391
1.20249624160121
0.326987284389668
0.859329526434463
1.03775368480705
1.85499107741576
1.31857581663661
0.878665092803656
1.57234201227507
1.57232708716468
1.50400686628145
1.30843404627197
1.10849092630826
0.982137424103739
0.811825933164461
1.25278875093671
2.14581030674851
1.37708278384597
0.700909819046303
0.101241461957099
0.930853468591575
-0.292098564072558
0.523941033818809
0.792705765166954
0.627796462894989
1.55033946549473
1.36334997922283
1.00008481078568
1.55512327735576
1.56871926534554
-0.0831468379459674
0.654422381680539
0.797302836999028
1.0675325231867
1.07221065509266
1.82599262787785
-0.26592525125157
2.05283563817922
1.30544732362705
0.563710624147406
0.477218600824515
-0.0544571699416992
0.844674690090562
-0.297331494620934
0.863256262733379
2.12358584426245
0.147315949459835
-0.205315300855282
1.54136204853784
2.05894861001372
1.96574158485589
-0.203064473311397
1.12069988680095
1.42886176350407
1.73179096062114
0.954107678150506
1.22246308626031
0.289348791665617
1.21063166772789
0.296696715319972
1.57909212726137
1.48594473276313
-0.135092255149322
0.664870730893475
0.935559896946998
1.33080568114671
1.33971990828468
-0.0219711703781087
1.17653662532445
2.00996371336578
0.714675863950028
-0.156726581143549
-0.263783967840922
0.65677016669315
0.0323251669317978
0.618613915863438
1.11351602655698
0.886807830953077
1.95629571099921
1.67443573680661
1.54330720462029
0.718365142743134
1.17331678269081
0.847395617598087
1.57743154091675
0.494433210437479
0.608534524343316
0.851092249172504
0.74560594861471
1.43732574139162
0.153206651698806
1.65268334256974
-0.277678217272008
2.14416578492547
1.04656654980639
2.09078740839552
2.12478097900185
1.4163550256161
1.91310548550512
-0.231875148208609
-0.221301919613378
-0.294625795285817
1.22082904989836
0.870991651865549
1.0189126866263
0.438154017143819
1.79907849146658
1.47182503731208
1.37116480764389
1.2816865347508
1.04118859813424
0.956710748739077
1.12771092509639
1.11298214617895
1.31989532072699
1.29165264597018
1.41514034717442
1.42965210644934
1.20280743883709
1.3246370372804
1.06951849986219
1.08057855538771
1.25646552457726
0.628870944468144
0.535502643340927
0.629432517044981
0.590160909294076
0.79106575208067
0.682806916792442
0.69781831284544
0.947526338369982
1.72714194607604
2.35859028360782
0.94983094078025
1.14087140662029
1.26043649352641
0.963734287208694
0.757794995026061
1.75030607628435
1.16874160796596
1.49611744012524
1.2393409954098
1.41093733307813
1.57622491470591
-0.427732859674218
-0.623371213739291
-0.771085632670008
-0.724732532651141
0.99297315653702
0.54353268399596
0.503221669407028
-0.216897983200788
-0.0465885781793814
-0.244331109579485
0.128159782948217
0.175669374643138
0.161173985465663
0.43553077180134
2.84845878511422
2.85454756740241
2.51789011306686
2.64115503703499
2.51559988448855
2.86827535724921
2.09707037436961
2.15846744167722
1.81913623224415
1.42087098681114
1.64371670195521
1.26309082898743
1.28006251533734
0.988620486259632
1.00152461855111
1.08356549061764
1.49261810385841
1.7714147574708
1.98908595039678
1.86002160934
1.39006472848306
2.08519347362042
1.94174324746699
0.130280827126164
-0.356218768855312
-0.872021751658429
-0.941506807735301
-0.477894986651281
-0.745057405528743
-0.359127529342782
-0.669941860526214
-0.117117065225785
0.363174310777497
0.378928763010389
-0.262066604646882
-0.392399265969625
-0.54729142556848
-0.129506051827302
-0.305731276548902
0.857702003406477
0.440888223026197
-0.234008922130724
-0.423901672259218
-0.349609577651097
-0.688784552020639
-0.0698549248600591
-0.0462641497377258
0.259242598952555
0.257663093090643
0.013853758850385
0.719773499202581
0.435857712522686
0.081271831586547
-0.304033408282802
-0.434154551122252
-0.0159161449655837
1.1882886922844
1.73500349785855
1.88955929937321
1.89192869922155
1.91563067873269
2.04011856261355
2.11085797094047
2.23257043357528
2.33594549728732
2.46860721681616
2.18362670061708
1.83756473808963
0.646603367858953
0.517597100457264
0.235778456336065
0.0469191071537884
0.164389591376303
0.714457907595756
0.518230958461342
0.307916909656535
0.25176882460443
0.249073062813773
0.360444992136825
0.883279975880792
0.746162907069044
0.444359616527986
0.388990578567218
0.656079183340181
0.591735773232906
-0.657185106710063
-0.625463468558549
-0.658686482185788
1.5563666686281
1.08195010815759
2.06196277233531
1.74051679716004
1.82073755927021
1.18366451630404
1.21503258144247
0.86387912907281
0.419732665107459
-0.53480031690383
-0.162705211575814
-0.812890677565142
-0.761910557095039
1.86715731382046
1.53829964232231
1.28842321533959
1.84804075944592
1.4584304852279
1.20600012488128
1.04552433099083
2.50244638669401
2.81069677866681
2.70455902484396
1.275574310629
0.984805274029149
1.42204347622682
1.29301123923897
0.729620120424892
1.01223657605543
0.981802215049708
1.08720848319758
1.17795577584274
1.26515180443762
1.77407061784308
1.47953189681277
2.17299593010261
1.23743075565249
1.18763394386367
1.06357792142434
1.11773485628693
2.05390085866169
-0.52031304811349
-0.581139466042556
0.704987815186939
-0.934999062169854
1.6312834540737
-0.367294258749854
-0.187085786027612
0.543957251738936
0.216556907048046
0.994343356421628
0.60594966316828
0.901092062504876
1.59950814283807
-0.660567482242455
-0.197278980890537
2.03562806346646
0.0135439390456302
0.131843983248365
1.45966951461851
0.595540670254373
1.4096044886648
0.784370776099848
0.00238382603998194
1.35083832541098
0.454965128684861
0.830816676861497
1.1941425930494
1.69637508520426
2.40350894559424
1.78985085943892
2.08625317130921
0.141965921995882
-0.00616447974235257
1.18771447413179
1.46254684150847
-0.172742480258545
1.7156790506482
-0.0884682623063891
0.44519873307041
1.36468211735788
0.909071888467706
2.11764965226235
-0.602502514464291
2.27915478518187
2.29466664837342
-0.3304695712554
-0.529395103477832
-0.0797271157038804
-0.649248576662563
-0.469988176630778
-0.715588998906424
2.26519941211372
2.04026640694409
0.350442844958195
1.64722592273584
0.418094346446541
1.58237438671215
-0.150079235380436
1.77400136886889
0.707122434866264
1.09612386143658
2.35322102321729
2.2308952310673
0.453339744203863
0.907887182706645
1.29702847975695
1.10517936772075
1.40957898048356
0.979099486721859
2.02052439632374
2.00553790149456
2.98530682633218
-0.614833425497568
0.64456708285373
1.18040034032562
0.836948451589178
1.71678888428346
1.45172967371154
0.379994597214375
0.769219820956932
1.39105256769408
1.20333722005819
0.693016198619669
0.839758906072745
1.27169099215685
1.58686557546272
1.78913396986074
0.939634681772199
0.48015655255892
2.31977093342369
1.00872620337849
0.550654190159161
0.300569903137736
1.22057644349902
0.271465928729947
0.861649145583273
0.752391723401612
2.14815584196131
-0.114988448726714
0.205993202534003
0.989051471918181
0.628240688090416
0.686560340739234
-0.0348536413384748
-0.352388825956153
2.69242640062259
1.7482061738179
1.95343496293933
2.257591368832
0.778641801000346
2.10890434708192
1.42063382529894
-0.594869414473263
-0.472881394855137
-0.408449447110133
-0.622847485073928
1.40546259846568
-0.723021146705668
1.9913514719364
1.88485194646707
2.2097397429482
2.2339813687319
2.31320870724729
0.502535035664989
-0.749562734961061
-0.76168969233799
-0.491314631630898
2.15044863297575
1.03539510833011
-0.594153872189473
1.38768864842248
0.620318936494454
1.33361987308123
1.29325070571239
1.59822479707212
1.32269602233721
1.34412787242103
1.2916509083166
1.50699569155999
1.33601445559574
-0.595710887052084
-0.571335749303764
-0.277685155341983
1.2135605645076
0.282471458139202
0.220908067851354
1.85696805678327
2.40017415689621
2.30420938544601
2.0163506007215
1.95169658382854
1.07983137947569
1.15321228010505
0.911657761592579
-0.497839795354813
-0.674747891215376
-0.78792897214614
-0.653378582912368
-0.452566640629837
-0.418577564837268
1.4258271521682
-0.243987298404281
0.0193258139378189
-0.241722477864467
-0.957285819663613
-0.895444575442489
-0.847131729976004
-0.818680507119603
1.86102791395329
1.61368681191209
1.94597005265301
1.55869424503311
2.03951575346788
2.25537467809939
2.38657451855401
2.28743668580835
1.07320375405074
-0.108493623548203
0.345011534079315
-0.559448060988453
-0.574431684987269
2.09933120509812
1.67351529656501
-0.522651144515294
2.38123206830994
1.64239146878482
1.97748884348486
0.262434522106865
-0.562827619768872
-0.278301201700595
0.551115487736099
2.14590269816144
1.59747449516658
0.891435640579575
-0.372991986813109
0.0917731792157473
0.953571998815733
0.827433921874315
0.697839414169244
1.16477102953782
-0.343714962174481
0.665866592339124
1.01674261372316
2.04744809307368
-0.294593014575461
1.04585115692131
2.16497805218647
1.5259065186965
2.24026052179612
-0.397373726259208
1.3413475083852
-0.0596381280427522
1.10691943063757
1.10352592828715
0.594147558370483
0.164335431065999
2.27642923734687
0.232440251338038
-0.656517247247272
-0.493071881326592
-0.660002679107025
0.99533960813503
-0.0664106928860987
-0.756167731932468
1.49636193415132
1.59924635698265
1.94747735286864
1.82834990159143
2.00972839112842
0.570444957845121
-0.0196923398827636
1.06367668110255
1.20911715161688
-0.717193062784978
-0.525771062858347
1.22136112946988
1.93857438300147
1.21158168332253
0.561775855598686
1.51834704624844
2.01092413089318
0.491276189779066
0.951301963136514
-0.409632452042048
0.0292428698520055
-0.707852357067181
1.16747024744749
1.98943351579532
1.37470403200429
1.85910062190583
2.09330825240325
0.998786623334807
2.26278888669753
-0.309333765775649
0.264652750862019
-0.384749393232476
-0.0838791170508953
0.121724338910662
2.0874748100044
-0.695538691314412
1.5342320312338
-0.661091657839912
-0.816621372108469
-0.56842461824092
0.81137854421763
-0.307697191523851
-0.265872381117334
-0.396659932732134
1.70751997807285
-0.236259628655711
1.97641026195898
-0.0913988283810939
1.31504266727421
0.750781982586663
2.3253935095922
-0.534696077970596
0.623774455804633
1.10672038380195
-0.866681956104271
1.15906704024321
2.08602203267644
2.02920159652557
0.72028858463987
-0.556573873819903
1.35574760078647
0.940849543647453
0.873880634811223
-0.228558767406159
-0.0565336891481434
1.69582042687774
0.671449281349274
0.136017215337673
0.721892879941504
2.16639435512091
0.512139134459499
1.23710960744606
1.99264969923383
0.15114133263885
2.79211983590301
-0.474916342940487
0.598386313246315
1.08825414993925
0.928543094165345
0.589647993272534
0.528041937180551
-0.301151084602254
0.95922036411676
-0.566733855980911
1.64478369041157
0.210480321256282
1.68998739989882
1.83795667381248
1.87748342786383
0.807078575283449
0.84039816203105
1.30085009608699
2.09455619036095
1.08864647915329
0.887997662552306
-0.475725246811184
0.682677513902085
-0.647515919251475
2.61744142692103
0.823824205368117
-0.418176260298629
-0.545139708949932
0.137920371675425
0.48781809012678
1.32524276460156
-0.67044482807619
2.18627793984578
1.15938810843931
-0.77724976435407
-0.0820266733550397
-0.540802093996781
-0.271536744709397
1.91962293939464
1.647273434428
1.93240178924147
-0.0612074048247321
-0.161483534327461
2.17299311785079
1.76959963202721
1.8387945529051
2.97518297762369
2.112662716411
1.57465083910645
1.76306438739161
1.11572313924962
0.878765595062402
1.6394439183842
0.025533384063554
0.871564985354455
-0.645754641118177
1.34342833182593
1.82411611573957
-0.0893234903934877
0.864790274160544
1.09134403441417
-0.547179956116075
-0.546989114421713
-0.354962840646751
-0.00154757200543426
1.51182401964784
1.6764270919082
0.75154642968063
0.836798450817699
-0.879374238993304
1.2680807847838
1.75057526344462
-0.323952261780426
0.59440185228285
0.865795407620178
2.08777067859614
2.11789858341792
0.341002910442952
1.93748285636224
-0.260219996969821
1.4011078699934
2.28272001097224
0.188645889464298
1.53898723648806
1.3379743604263
2.28057638423786
-0.37040289361842
-0.383808209296825
1.67963030352875
2.7421456508901
1.95073004976129
1.88370036384976
2.25158944712089
-0.467337178285212
1.14889632121043
0.0893844833299649
1.69077673660126
0.89359800245144
0.238398198781148
-0.233080994797753
2.28727330192605
1.41309062904714
1.66092733093561
2.0036635120869
0.588570668062238
-0.617599402743437
-0.587013772207916
0.587844382365967
2.08863992018271
2.14500826330055
-0.363028993597072
-0.0605378731905634
-0.165958360257777
2.19614925155143
0.616652981690691
1.29389254968049
0.453274791599851
0.534771895456495
0.56209952404752
3.03131235599881
3.06902978283403
0.497677551891434
0.800269296657591
-0.365205998510536
1.67377037340305
0.993288623912761
1.97108059771362
1.37656862341755
-0.653907833663949
-0.399070736184774
1.05566134245397
-0.178417410081952
0.498688220707909
-0.895644349927249
0.985269356999042
0.475880539466302
-0.478110096039453
0.727655476851321
-0.400771940848378
1.5214081529813
1.39117972254585
-0.463521673872176
2.63387079365805
-0.339057261497599
1.99531928993467
1.80358178052293
0.445353358824659
1.66181956224429
-0.0285194639056924
1.15963658406408
0.780348568836605
1.88237084213515
0.854756751621947
1.61352281249621
2.09694439181785
1.78706516834474
0.325251891483567
1.64410312989686
1.73672437606557
1.75612923154759
0.785843708463035
1.59952031875271
0.925625764345516
-0.195653143570373
0.583505908991111
1.94167803962005
2.06572528731028
1.50707095307826
-0.539549698070475
2.08877396876741
-0.607784117521183
0.457723796153573
1.26045024715465
0.341272532644877
-0.074026040854258
1.08240238276291
-0.580585055281075
2.22370449056382
0.00439152082454064
-0.010074205432626
0.305141057108645
2.96136154066274
2.2952921420483
2.34423674438964
1.81534782356699
0.902556804145501
0.983606395075831
1.43964264994935
-0.57770596843066
-0.647332434758079
-0.586001094319769
0.381817805043336
2.15110537084858
-0.606944247807696
-0.370779188902629
1.23080666572034
1.38772248181821
0.55108289721198
0.676307934907668
1.77040036435543
1.48054991671
1.09384916895456
0.352179826448991
2.06641506134071
2.45466987558147
-0.342211456397905
-0.145000476399087
1.97950516194844
-0.604946734108121
1.26590220066311
0.575816583879831
-0.147045017169014
-0.109934177898661
2.0143327654821
1.92655995554024
-0.587140077596118
-0.169946817460545
-0.144058709104938
2.14154564941587
1.75255896763312
2.09557641678823
1.67499362070157
-0.279478196345815
1.80846726111882
2.08190075695201
0.601067899492862
1.77009896669708
0.897303039468588
1.77653773335274
-0.49717000516616
2.17007490189799
1.42514179216299
1.1903646926994
1.48562082312589
1.23310710398424
1.66051786010103
0.843268271395651
0.65647465584565
2.12103870599963
1.12694737117878
2.1921701966173
-0.570593967754756
1.15396337037473
1.75654736337508
0.7961773308851
1.00177098575343
-0.146220101519094
1.4050143084848
-0.542994814524681
-0.298071286106104
2.00254202906001
1.39007130466719
0.591693031346321
1.23694621038735
0.815598404120631
-0.615349791270599
0.595963490512559
0.657549209329272
0.601581510539601
-0.159980323955074
2.76366783243623
-0.403317763391378
0.333827458938205
0.0415892758464355
-0.680754417819824
1.27366027343839
0.523151543225927
0.509445043921882
1.83133520023499
-0.72102250242801
0.828065181300757
-0.655380326151652
1.20572580250177
1.2363182318638
0.829596802197238
1.45483171272122
-0.774205204641936
-0.804694623974295
0.939859536115268
0.689616408610676
2.21498121388588
2.83283938792628
0.79242400721254
1.36089504819016
0.627109943532281
1.16731328863804
1.51502868678468
2.51452143132226
1.3668346246417
2.00526257636174
1.33454392027152
0.716546234052638
0.566765085700966
0.572993866499898
0.647812748287171
1.07410486917619
0.787385886904245
-0.52514593244321
-0.322991385421106
-0.577775683428884
0.348057085171897
1.00964124303786
-0.16909235301409
-0.650485676104282
1.72762792022167
1.5771622318223
1.39003394283851
0.448264652837717
1.40172655494416
1.42052960360447
1.77930550023403
0.231566673730587
-0.66352320725908
1.3033162505464
1.40175139660153
1.46878708292368
-0.704268264355143
0.630956911897987
-0.589275159013212
2.34000871635458
2.2640640142302
2.26332324940519
0.30135746389706
2.08815991053118
-0.717532152800121
0.0474633055464408
0.221861539590648
-0.0089256007766714
1.58876016356118
1.8219809046255
1.89946085449295
1.30564718305391
0.711586962141499
2.58839650473927
0.964264664162182
0.780127452414709
0.562093562841121
-0.257807506425061
1.19018432076441
0.725164060660444
1.91449417150527
1.06127215998918
1.5956906406794
1.26690704856043
0.481092391161512
0.277609391712498
2.36222846050066
1.32907509534366
0.575623302137396
-0.680824503075951
1.41538033493124
1.08473761437096
2.00803525743627
1.2385962939127
0.755513299056567
1.52227736401651
1.00448715194965
1.66103152587337
0.2361505321014
-0.295526832249383
0.880990927184759
0.482081175112909
0.658100316333578
1.89769264840718
2.18912188236698
0.660330152385737
0.722706835205455
-0.343568088882941
0.262714393957492
-0.445423358032687
-0.29553883915202
-0.37578363563492
1.00046305142082
1.72566993908508
0.620544671408082
-0.247674829355652
0.457542224115808
2.18068539900442
0.0667376355201494
1.66441352035518
0.800800969927844
1.2235164642078
-0.539353760100649
-0.397421627856392
1.0859042527095
1.35615043528828
1.22922174833564
0.0377315746514992
0.348284997213432
0.679317137294347
-0.0427479722189364
1.22508941976203
1.72339143807997
0.465483188234593
0.773007922628755
0.685432774887346
2.4239699697354
-0.3951830922418
2.24898415704012
1.08587021111058
2.1272956148489
1.69379703896549
1.91267816245463
-0.230473986540349
2.36448279627852
0.792736465580214
-0.450140527893775
2.21606745411034
1.74914426734976
1.64092586249075
0.691396841779799
1.30778332125838
2.17288473762283
0.885338265205439
-0.102925216859878
0.0350810497685822
2.07227391436367
0.62517236109377
-0.34882761886127
-0.910856109311163
2.07892385361545
1.22014481405459
0.827686393612309
0.918893962663988
1.04938133688393
-0.824438973020912
-0.704908666294177
1.56391872019118
-0.284841702261876
-0.419020925186352
-0.319382590721748
0.680173239234931
-0.847479252017195
1.04710694749484
2.20880206818212
2.32291450688123
2.37602455046823
1.50511029563799
0.976537027966445
2.59635796573553
-0.941965803394189
1.80882826410054
1.1363377899173
0.768200733043792
0.728636340454933
1.93727918223429
-0.558467673184919
-0.0429164186128057
0.313382606743366
1.96464461277973
1.8568046537726
1.60617531977613
0.186035054880175
0.753096540775011
-0.792450981951442
1.01802844238532
1.60260749116035
1.85204768125708
0.862638005981759
0.801595475795793
1.02176827490745
1.08739300669266
0.405901647633289
0.883884269191676
1.11956625389276
1.25968226120721
1.03645018836575
1.06153171927151
1.28998481380131
1.23094024510925
1.06701829828034
1.16269726655083
1.09182575449648
0.943418606695212
1.51341207420871
0.0298971026864583
0.803630460424255
0.956485613305492
0.624339197369598
1.66716957567227
1.70977036269893
0.725993885076238
-0.0625164887304482
1.35946014000362
0.442798433339658
1.17607653398302
1.22349914611208
1.42001189720965
0.833181003600575
1.02872411275654
1.96599565372866
0.281301327192265
1.19109217230367
1.01760730064637
1.02475466428364
0.691963850772997
1.25296492378825
0.906911495590369
1.19109389209653
1.86757216146178
0.834348717235886
0.0991786759044181
1.89410827519773
-0.0497755700017087
0.471299357088279
1.44571995474133
0.178620619927111
1.25934093272087
1.02215020936411
1.06407970806507
1.15815921532274
1.07810775386573
0.980297777852141
1.39953316274952
0.302805743864349
1.41555390067136
1.26606884560026
1.41210848084384
1.21373136100389
1.14662531441338
1.28858454095757
0.68802986045664
0.952808227140209
1.59300422102832
1.43586436828322
0.584386042619292
1.08337361364155
0.67468914437284
0.838674062724162
0.77540365625395
0.865607109404563
0.911107490560343
1.13138037102806
1.00163391822406
0.999165696569345
0.877392545777447
0.661146926656447
0.731870692952028
1.61031576660882
1.48481845264012
-0.0663591995070453
0.203727001027183
1.36210034638508
1.12952905287726
1.95089640395109
1.69160141500585
0.767964811546426
0.795908651001262
1.16830091087723
0.743412921343551
0.857651791409929
1.19967739330096
1.11460096580781
1.22902478378538
1.21207278764479
1.11662499148637
0.919328939924986
0.948827215433331
0.853649093805718
0.563017952402007
0.454174011703391
1.81708726280026
1.70450996404739
1.08509372179498
0.993316496763886
1.08455318398564
0.0312680495218945
0.978465646600259
0.93716927477523
0.26113115174945
1.3635952790949
1.33843107515582
0.703582335028077
1.49888852899936
1.2924422834889
1.47406157739777
-0.146979426176971
1.22791146059969
1.90441775678805
0.726814664240169
-0.114064883239802
0.99516406242192
1.00026915641517
0.666808196658854
0.317068317193829
0.14202900201936
1.12183164383583
0.26118834020831
2.03574566637735
0.695581640916403
1.10259367793027
1.46188078757948
1.33592993503904
1.22741773716038
1.28686538294083
1.14721369267178
1.17927967908295
1.02100046921651
1.07313235183497
1.60744730964091
1.09898052362566
1.2881601222193
1.12492503254418
1.05720656705268
0.940349212041395
0.649806502720856
1.96709629667004
1.71129993253778
2.02970162700924
0.777512700759198
-0.128679051253421
-0.083796244796125
1.39868965704495
0.966032164232948
1.22537431971257
1.56403286650339
0.80909147742627
0.523631219165231
1.14518080529207
0.353068206006589
1.26867732109001
1.02330116352968
0.877270734625041
1.07799306725016
0.503552868868422
0.470742569697992
0.734800803809825
0.741215089333258
0.785272547709151
0.800013680432734
0.792716494668528
0.903902574488578
1.49296338393469
1.45633130706704
0.939101773625532
1.18058426975259
0.990434264233494
0.495459911444795
0.585035245999589
0.768721378235368
0.954834964642886
1.71728081875212
1.14355201814758
