0.74581267738349
0.78895110389394
1.01593572752214
1.05754905181753
0.268824863225319
1.12494716279635
1.33524501537334
1.47895789688977
1.62187077155042
0.130877351188722
0.258237619388131
0.370282413108648
0.896162540212988
1.29154106534638
0.834275215708968
1.71494785700938
1.74812175194181
1.58697633527535
1.02747805922467
0.796727367900887
0.754282249934484
0.688082246343882
0.956388472095778
1.04147593729495
1.56504680945097
0.823580542321833
0.510128558938822
0.861481162864696
0.376396581496331
0.564193079096281
0.72143684694213
0.853594195788399
0.7414352687897
1.14983810833569
0.844967619901212
1.62995100061731
1.76930166532601
0.852621008635968
0.70827283205604
0.7592612697275
0.794034470784262
1.28447898666236
1.30548514734657
0.248397826551984
0.860513906241819
0.555066712829941
0.116005613813199
0.615217107026559
0.46366162014553
0.704747156495403
0.282932716307132
1.02552032676424
0.907102007415557
1.19589331101729
0.600778275700295
1.30990647459861
1.20424010854764
0.881794373916899
0.291889202830813
1.1658487516616
1.3196741951095
0.862753311362774
1.04950822013945
1.45648346404968
0.263423892109996
0.877465955383938
0.598374782579551
1.66571656812293
1.60603937255292
0.351750886645995
0.663307704524258
0.720434207848178
1.10538276596512
1.10670564833378
0.447517015287682
0.868833137739536
0.868406126899326
0.700986189622929
0.705355700469414
0.464222179062065
0.854665514182125
1.05139319176276
0.740521442309418
0.937729552780579
0.765551376320791
1.27134999469236
1.31160777614433
1.70054047466025
0.184938312820519
0.462476371761162
0.737045162098759
1.78252670878365
1.20763147829498
0.823443423025325
0.746342615502772
0.789046959553775
0.655128530338986
1.06736446545432
0.814895059344342
0.270174185862431
0.962956835872527
0.76905436802581
0.870871262742579
1.12452510638623
1.2983799561678
0.893260629514851
0.211290370826337
0.291112458232743
0.332980282600719
1.26013559256984
0.746986826446896
1.0198991078538
0.103470741583448
0.888718497020608
1.46252513087543
1.15867682503362
0.851279702235544
1.01836491627855
0.907618602343829
1.02592500543874
0.964875343610531
1.15533828180293
1.183566268034
1.27867317829869
1.1306171585411
1.01367449304876
0.818381665725056
0.885029325834067
0.810475142681217
0.811573951335609
0.341643057175642
0.555172726807102
0.33638062327756
0.809983208183153
0.738212656685434
0.817459899485921
0.424797830573741
0.952631495876602
1.45111165181616
1.80202075424517
0.947139306474867
1.70177856067074
2.00056846884323
1.82127786700748
1.11369765703555
1.63324018698095
1.03594458211455
1.81980200162626
1.16428228029009
1.20767288375937
1.66740709312619
0.379696269027192
0.0288508881003795
-0.127371081965519
-0.294047931799678
0.833593385089638
0.288197854307999
0.404439425933996
0.28779676785756
0.398560698523305
0.205006627704032
0.345384151535051
0.718631445468126
0.660845253758766
0.477490086627898
2.65944189327242
2.65775741127397
2.12531799495108
2.42072866484107
2.62232768292388
2.99497687306574
1.80808670571281
2.15666298769878
1.96068857928625
1.38296990566641
1.29186640852066
1.12871527845841
1.51152466657872
1.02274831875057
0.731888320361081
1.32601822257812
1.62241270617191
1.81691143948702
1.29134924763515
1.35783956829543
1.46862305722694
0.724869040998883
1.03394648909174
0.128256377627148
-0.273791272912339
-0.681422269629245
-0.534747669493722
-0.501163373970379
-0.545953093901679
-0.490410530380595
-0.452254045685936
-0.36172974957344
0.181708303380922
0.42815055212844
-0.258833175333868
0.582398987001675
-0.59723162983727
0.0990268270500076
-0.556492558814465
0.331573637185465
0.885647582921774
-0.0544073925667449
0.0680411470170823
0.588612114122514
0.274309317346025
0.725063475489476
0.897348105961372
1.15481679114241
0.804593033188832
0.666490305312971
1.50515107939819
1.28680425056377
0.945738777333693
0.335897312906262
0.103370298364278
0.266600611203661
1.07471428900723
1.61378675225328
1.35408508969299
1.82259992859235
2.0254473506329
1.71632829983561
2.0324856336232
1.78319384196496
1.91662311341612
1.95233572667789
1.72409604185974
1.95383525563124
0.309291818662408
0.317848113176345
-0.0117327514810641
0.106465682828653
0.129679327005291
0.61422072678506
0.0277261610731358
0.235605789832319
0.060562151802613
0.234522097868707
0.627661285774461
1.09554145754399
1.07259927060773
0.498391385334976
0.185770244142661
0.902972860416166
0.869635348720396
-0.108593170401348
-0.100389615089413
-0.233346558439266
1.46697973835827
1.0866118899547
0.987686884574741
1.22111230879576
1.13196108349955
0.89412324648414
0.968220324825144
0.811848063135138
0.596122181616377
0.0555558001114322
-0.0226716228519079
-0.38469861804752
-0.161533647641795
1.50463782160945
1.48025876845395
1.18403857805791
1.26638168575114
1.06240101792899
0.665778781707071
0.376362402259831
1.86650797047162
2.32355810828184
2.16821403510525
1.22777999081522
0.848186401217608
1.48419590623881
1.29742158614675
0.885784117131097
0.926450986631693
0.742632673692146
0.883195295576997
0.709325242363441
0.836744019824857
1.31413119945399
0.846969714464493
2.10198206379432
1.1454236243283
1.02209322606716
0.838648506275338
0.626508098730762
1.56595214979451
0.102098080427778
-0.155501682289352
0.314646741195134
-0.533879831584298
1.51131683806343
0.561857242705849
0.708133437372003
0.773326946659086
1.05208180336498
1.95141457189161
1.10568627137643
0.6612889228515
0.941472161694284
0.0504250638248286
0.39336228857879
1.29034292563365
-0.136545692152819
0.511688662885819
0.946378368528299
1.43406916738018
1.19108707558787
1.03996133160793
-0.0663296017629227
1.58364785288549
0.842012856063226
0.68507074026686
0.899273305495636
1.84836387549718
2.33229007823995
1.74291692733295
2.24010592470613
0.503239776525372
0.252138722615306
0.910122774019599
1.04016518935388
0.169129634450277
1.89525721086903
0.287159456623993
0.255975205385866
1.01389294612077
0.763640208841642
1.99322118465204
0.35296191923713
2.05879106548234
2.43457949377681
0.391914017027937
-0.108360338236777
-0.0591435727779317
-0.306070200712456
0.0098845593178451
-0.49411771579891
2.12261240622578
1.75233831885534
0.586910009646137
1.9343453129213
-0.0393663223727023
1.25840677507402
-0.0442319992090186
1.43738054383999
0.556580866662325
1.00163405216956
1.16496706810107
0.727311691967984
0.831729106527122
0.260081782209247
1.09675866356837
0.917145192612075
0.871923202219827
0.938866538019222
1.50731744844041
2.09192729343747
2.96471619229806
-0.0603670499072728
0.723229462976687
1.01973330792268
0.70283609514968
1.94547908197104
0.907808663497078
0.720897959904192
0.689163583355728
0.87418155798481
0.792849824090903
0.476565875193181
0.999752751322071
1.63173063972176
1.62722590360549
1.47573244030859
1.12271248839406
0.978402296344987
2.04284338191908
0.7795076831701
0.0204150804453818
0.217145362685038
0.516521115672595
0.805279182445933
0.717182324614991
0.757593111704811
0.56006199678026
0.536528666206317
0.821456603554922
0.813230873180874
0.564978555161992
1.18264227644404
0.990545398016612
0.507296071276596
2.83217148923181
0.962314158456235
1.0604578502698
1.36830862399059
0.528622326936491
1.91287648110775
1.2189629524447
-0.0405087154113116
-0.0195196302196624
0.298431297298051
0.106328965529613
1.25936184278781
-0.0654954482385211
1.00318482540317
1.07657829094983
0.863862429949781
0.626761035135132
0.876165479441687
0.405621939469266
-0.225239844839969
-0.197223691649461
0.00658290843161315
1.27867149971802
0.955094639907917
0.39474577956616
1.04778215824254
0.887050856277391
0.717521156255395
0.746633898503227
0.857748375447228
1.24055421951011
1.22480884066283
1.17539208224918
1.18726667576157
1.22372244469901
-0.00478385253684395
0.399518367497519
0.862945772753856
1.1772387881009
0.254484180992463
0.619103683558578
1.16570105328547
1.88618607536598
1.87038846846796
1.79231600422748
1.408590609005
0.869623110033515
0.959890595188268
0.523727420124452
-0.564103800634721
-0.52417189623707
-0.346125700304938
-0.100668865513897
0.589866563499157
0.515261355624092
1.25103041581559
0.635553479287506
0.92482142892525
0.370260844383549
-0.619740847691518
-0.28917607768471
-0.67820213772272
-0.198589316402013
1.63223978472741
1.69239644299387
1.63304460773571
1.37051612468703
1.3926979546906
1.38143539169745
1.26833194459549
1.10463308867333
1.52521152794922
0.572893329791703
0.576908789669683
0.264802229010077
-0.171665941718076
0.822809943270356
1.72440843101051
0.181614287552093
2.04746157978765
1.96879952286924
1.30098191289366
0.560406589907137
-0.0312700728084071
0.264628278017284
0.649488207582866
0.673970325406376
1.80138735247114
0.731998888127111
-0.08545271065732
0.0212006800856121
1.16277820165469
0.810168899509898
0.419996508474841
1.3050666787307
0.115086580089055
0.572505338330042
0.792019121263431
0.998889012637113
0.203886624605774
0.743045952219145
0.814781270509932
0.769856218767097
0.883711823471667
0.157217907457717
1.2947218954982
1.1323327125395
1.04667090130749
1.73759037502562
0.557026752310165
0.662187680336375
2.07496573963512
0.0373046648296163
0.00555977338350101
0.193170982452036
-0.19639844978664
0.70255922936408
0.456644763591079
-0.0474792220259094
1.32814401741532
1.62644659678408
1.41926853238351
1.4967502364822
0.936152251051081
0.159575193152476
0.550122318100903
1.38348113909108
0.598045586265169
-0.186565810797285
0.166378027803648
0.62913701431451
1.55777859996764
1.77872081422649
0.650907129558842
1.29526414757899
1.94842940511499
0.543352131574269
1.00272568953598
0.394412544323308
0.862241162934657
0.00909855812016699
1.47407793634485
1.92298670812953
1.64100734883455
0.961687770139084
0.887098119440854
0.809697899693459
2.37633764494296
0.203222131387639
-0.0860350506840485
0.269309353483809
0.673180373528922
0.617280927342059
1.84189587895537
-0.0154354187172699
1.55358393375004
0.097329160585078
-0.215052724532787
-0.620398731941147
0.546828250420409
0.258315206651587
0.26060989215151
0.888746911572486
1.35396881055205
-0.438813404766805
2.03114866113183
0.738182860949026
0.909270205577371
0.515389880857164
1.56741839650273
0.454357853654349
0.454886641686123
1.48844098568139
-0.342817477536711
0.757176688391156
0.835909770944792
0.876576751909882
0.643954048781691
-0.0780934278052035
1.29045909220475
0.732657876245885
0.692537546534656
0.743077484012253
-0.0851444383606819
1.22159452801428
0.830200592291902
0.0256437654199999
0.9390385639331
0.746482649020293
0.367379943048608
1.32299208822077
1.41224765000605
0.594009956024513
2.25375032537021
0.133187319336717
1.06359451437497
0.701000257548854
0.847416341836621
0.430040657698222
0.266212083932702
-0.0494633540171893
1.3766083247385
0.185307948364733
1.14880335331321
-0.0534670758139006
1.69292327743675
1.7276146326087
1.11849217677999
0.733520820021962
0.641799295101
1.56605503396236
0.838770753867083
1.05084425256931
1.61104558756286
0.0643901401787169
0.837846424801566
-0.00607123031514784
2.28771112678238
0.66102760472534
0.0452933049243656
-0.120420130145989
0.194708831601882
0.266449581482121
0.80220925898059
-0.192331849680793
1.97920758759779
0.870443775162795
-0.124703001377077
0.368217864460425
-0.0358786524599766
-0.298304056284366
1.48493884266823
1.1140231361287
0.9515607355878
1.0653781063305
0.853876874007362
0.569519664007904
2.27462183130121
2.03573612921433
2.83456985632823
1.31267626267559
1.33156619435283
1.35780024499189
0.775112092511522
0.823545441420769
1.84854955624319
0.19007451412652
1.09134687068144
-0.220930561351215
1.0519354378675
1.80319581296347
0.425747206648996
0.465776810425352
1.29754728404541
0.162474608790125
0.0461822314957134
0.265151005688804
0.385331244112813
1.67910696281907
1.44023896384931
0.486503466358807
0.675096499882709
-0.285905346434884
0.835700282394489
1.33062021139519
0.0910144773467096
0.665288532471337
0.65927817818079
0.73902008093395
1.52852508698055
1.09590744071986
1.2543642605081
-0.235038515159297
0.989331796392134
2.44718635460469
1.08543399528993
1.82817999080987
1.68291402393637
0.801910020976942
0.389815449087283
0.241404432852294
1.61396325541454
2.53430970993609
1.74689057088582
1.82275024806057
1.88273734519566
0.206536982763463
0.970501237914467
-0.153191137169278
1.76343837553328
0.343351311771828
0.510212916348864
0.298152451460416
2.13316146869523
1.06810671372995
1.8790942551547
2.09457133321411
0.855311051522346
-0.0790446851177027
-0.407881933899787
0.186913545445333
0.874349943850515
0.587936025343006
-0.0617808864285078
0.378245785152538
0.2195774937532
1.19522500216368
0.244511362992599
1.19177072343004
1.15286917173963
0.736025044312023
0.747549871677964
3.26379880628133
3.09449131254616
0.591793370591611
1.18819712903961
0.107662765569169
1.56048844890478
1.2979889100467
1.92504045146315
0.621303149386034
0.010092545150019
0.197035475289919
1.40405000895151
0.476880934942476
0.507432725283543
-0.55701519876852
0.738865297759235
0.665899626855813
0.0554689602422447
0.682349226550115
0.105886838649099
1.31460218974926
1.47213888886478
0.25110692028517
2.23455862047681
0.535044896371244
1.14609221716175
1.04737774960155
0.0270917599749326
1.69765393029279
0.354240354973712
1.47341254390595
0.228151445900442
1.88542451706966
0.750242923201473
1.68546797686013
1.49964589396293
1.46508231388472
0.410090467127886
0.837043870514826
0.900161453156531
1.06684852096383
0.823195213368967
1.7352253438596
1.16037984749139
0.597093620057182
1.53338627227494
1.84593402835468
1.87444164561918
1.83084180225344
-0.0432223795151185
2.06448122086806
-0.0102603581451758
0.100822262518702
1.67663558937158
0.460713582926994
0.529664700073366
1.41710996860264
-0.637123164999172
0.982867759397492
0.670417289123047
0.374249881795781
0.549798114568334
2.93167877135126
0.964828732257864
1.05778958765376
1.38833317804202
1.82267771765483
0.870391537112877
0.741137165192172
0.416971635877589
-0.0604310207746502
0.250481422357939
0.256863830950583
1.69445698760823
-0.520020691793318
0.0800208631901366
0.812190025676044
0.88315584856241
0.220591998117744
0.590098871207188
1.67500034472172
2.04950802759483
0.97169225211025
0.617599581395599
1.60073313051093
1.81387622314852
0.244216804992421
0.455333819659099
1.93289224259738
0.462989236069902
1.42871503074717
0.792702219786741
-0.0768882181569815
0.522277961091075
1.22189221975194
1.46979765963857
-0.0692082141861085
0.700065184528818
0.263129501349213
1.78380285566448
1.5765412257409
1.67619703402961
1.53638670360076
-0.360665753847604
1.99599939549573
2.08625691321048
0.200626860251903
1.83618622602893
0.736659403796554
1.84358499642762
-0.0580070006446604
2.00209255549651
1.35567345326365
1.00263962995327
1.44110161172233
0.880194772365942
1.86824884908703
0.814774891593344
0.563299687511084
0.650761512537264
1.93931502163104
1.75041160348999
0.303552510306295
1.10502086192957
1.99683723392603
0.739987812958039
0.872091168169276
-0.393715213410196
1.38678281594104
-0.225701641454561
-0.0907601590371231
1.94688828233157
0.729839170292271
0.169092763334784
1.05061124420761
0.671899242654104
0.0173741968758272
1.55166494575076
0.640630063936867
0.648233657528769
0.366439627537973
2.48059192356319
0.157326522102363
0.132163259209668
0.64566281145813
-0.101699244563778
1.31291102072765
0.659103078878317
0.53843083767991
1.0031717973131
-0.0511978799644703
0.708672968555362
-0.0565520858765139
0.985764630439954
0.971183979156751
0.711935932510296
0.91485074172616
-0.110044988095096
-0.222539334755863
0.813687758254671
0.443562539781498
1.99691860892035
2.88189049316261
1.12192253103952
1.17217738545678
0.540680866009729
1.02084565364581
1.43553660115047
2.06425394522954
1.11332917124388
1.34116812833821
1.12771542364814
0.794107659544644
0.686196521365786
0.851202295380968
0.301603551609078
1.08701142641633
0.646875385299408
0.279174661317697
0.775496151517895
-0.0602542533755093
1.00208355222798
1.18182633773739
0.228415507790143
-0.0204279089830569
1.16925297109168
1.02504631767759
0.759206032169323
1.33126455151848
1.19911772409313
1.20701729856888
1.89325858912831
0.546266609937804
-0.0394824005193784
0.871439631383347
0.822231902975144
1.02794017444996
-0.0669807616490416
0.918034882979567
0.0780958570679227
0.98557790270893
0.724047755726192
0.806429425221214
0.525657747929272
1.80653114253368
-0.0209997905570796
0.549886023057801
0.146866551012017
0.513975626754474
1.00288006127119
1.71612034260519
1.3884130838397
1.63196023777791
1.60433520605676
2.38239182392693
1.09852312906796
1.02657828429869
0.980213302498066
0.62506863655062
1.33849569889155
0.131789325277067
2.01783371831295
0.373875917243299
1.66822658024441
1.9479012865928
0.393490177997778
0.264657723697314
2.27550572785108
0.979776268318316
0.809139961710158
-0.183512965396628
2.02778483244324
0.761325720666937
1.01288015588752
1.07938224738749
1.36144032857899
0.735736051017965
0.814457745888872
0.914104176008098
0.0817970505353221
0.0673516400529601
1.18658463069568
-0.0523746321598946
1.01208434416302
1.46445566437978
0.686446585549019
0.41957133236735
0.799599441776399
0.911611499822145
0.757849283307177
0.150545459141269
0.259721942920189
0.148960139531743
0.831105413230854
1.95025077305568
0.356113164787443
0.815206686925755
-0.00580059723369303
1.78857306822968
0.153797785046791
1.77172759154556
0.646354696228277
0.498567820488765
-0.30652200813156
-0.063996043740228
0.760466365407107
1.95958188490773
1.30546535503118
1.00902554663848
0.202154961952188
0.539878955016282
0.411127568209541
1.2400331859188
1.49541257120939
0.465759592359481
0.762051462763982
0.558239311480049
1.90506645707422
0.337879296899525
1.7879541488005
1.19204174023808
0.767250170839636
1.57011667071451
1.91148219002104
0.34277480066492
1.74988723165817
0.652864585639101
-0.672664523964738
0.793683256356879
1.94139192486665
1.86730389005788
0.284103237646525
0.949182249460984
2.30304938087626
1.61739873287037
-0.295610924842432
-0.0598054759275943
1.0509238500398
0.870393369545272
0.202725925760512
-0.335840102867483
1.80144788467723
1.59251547202166
0.892754682971413
1.03074712364061
1.29404436973646
-0.2267453251298
-0.306273207630674
1.37524016894979
0.178696793293333
0.0408262281275822
0.116693257915298
0.528405717119243
-0.402563927299792
0.786379244582232
1.09126062769287
1.22401440131227
2.00969294332775
0.953806589258047
0.793055836037102
2.15990246745239
-0.428506026836574
1.06269800272517
1.03362677080289
0.557047565981579
0.563520134551127
1.34283321961441
0.298865591521235
-0.0381857540984987
0.485844478179767
0.917317203074672
1.61305193964789
1.30311636031241
0.146908904405759
0.169253933751783
-0.16586867041269
0.374552444102088
1.48646795321209
1.95230396643848
0.79111178968336
0.817068245181974
0.932243026098826
0.963923997425879
0.650735490840052
1.29848336988722
1.5245876449443
1.64500470695399
1.10979806930675
0.743435576888406
0.736595449740583
0.93475965717761
0.981969347666959
1.08540374359598
0.939737610010724
0.808565315496438
0.852880099075835
0.749453929242779
0.771113875448401
0.912643256123563
0.396949866477154
1.19740148940372
0.81752437940534
0.799896684987324
0.434145070929282
1.35611370839234
1.21330321453226
0.516747171831463
1.17199572313689
1.54161836275145
0.773195052724829
0.798824414546504
0.946734253885312
0.571354133638848
0.96077973240952
0.896333080657226
1.65320796147769
0.831191566886001
1.35333489503274
0.832426455413361
1.80582039589302
0.859644908723847
0.379100628469514
0.497061402950544
1.08228122276313
0.538868625591276
0.824885355605345
0.670315112420163
0.981416254142971
1.08174636006443
0.962150640994978
1.11935290239746
0.979066124669317
0.939655370551488
0.822433021553092
0.90311340391875
0.690418057098862
1.22601873694072
1.01104685268955
1.5359806574948
1.19046981416046
1.02752364083199
0.705181437382308
1.11765020660783
0.742219171277278
0.917362092590543
0.782580049306527
1.11672214407749
0.972702667990014
0.832672432703403
0.81647036656944
0.827333073611924
0.799086699858066
0.856593216623063
0.904518805248751
0.863452119682917
0.857627353421932
1.03637244617659
0.722904680480804
0.752274659758815
0.770304014724085
0.749808080891804
0.378369352733607
0.60628505227684
1.45610743189809
1.05770519675768
0.889726668759408
0.859993109017975
0.792233786276894
0.807739365572718
1.14944884839783
1.41695856871702
1.4099795045904
0.978430160852233
0.972291753257233
1.85923768640799
1.79024926324915
1.35042780137645
0.769994696355728
0.81304815614401
0.788951152063119
0.690570792656802
0.668255823195829
0.857576862806681
0.824441395242006
0.650677651798956
0.412668367083395
0.560652943524074
0.869604854477809
1.00142892771396
0.852528488454268
0.7924484268411
0.606878109300252
1.20451592240876
0.274361532154427
1.26386308992834
1.24073622019671
1.62980560304423
0.419095170545477
1.37751630553036
1.17269983103573
0.757559776547037
0.575683980560827
0.798282898073028
0.775002022760722
0.795136824043635
0.59187989755227
0.570133318759455
1.11267381936729
1.13321749855132
0.997075531049222
0.833639326093442
0.935880527899559
1.60929857479224
1.37703487022585
1.15685296486009
1.31696128657946
1.03886029446561
1.10388237202165
0.992026499156734
1.02528543070463
1.01898155538869
0.934187294036395
0.652605310338634
0.9397537928189
0.966923657309923
0.823223762094107
0.839781107307834
0.870037659434187
0.830630826624371
0.903728442706858
0.737388464094938
0.35739920891279
0.374630385307058
1.50074534110987
1.21798118430555
0.977233318075454
0.743469436209754
0.768058956236945
1.26404495946457
1.0294104936603
0.629307819567063
1.03809162727176
0.883021359062105
0.843323305872939
0.910226775100736
0.659639137027157
0.705226803551002
0.815130338916362
0.821922384205114
0.797008835982354
0.798816237353791
0.814256983340013
0.838169053176732
0.728257887802422
1.56698837079406
0.591716340505451
0.973775653949851
1.621395005525
0.248483515334407
0.554914189942613
0.701604859348109
1.11199042281915
1.25852904492805
0.464037029549998
