0.664497861562574
0.513118003744279
0.802423583312816
0.808447162223215
0.147051041928832
0.472251921478421
0.739699592913848
0.835824601240682
0.936114112531636
0.206343874370043
0.452679681332999
0.53700994513255
0.945487528776229
0.91629885228857
0.793657837373335
1.37645186193413
1.36364252990772
1.20092747689204
0.951502184225858
0.78536289494151
0.70849461077009
0.632014660004717
0.76488937029158
1.0770417241691
1.27486015300844
0.570457029239957
0.379007279580498
0.687929290526419
-0.0157532750656214
0.481698621956218
0.600839297007475
0.527134658424429
0.782158550369399
0.843826873787752
0.691885795987667
1.38918230760794
1.3162338751575
0.197337263949162
0.539525254008591
0.620033605228731
0.721036902891424
1.03377762127577
1.09331931296622
0.0290074827119834
1.00737770429482
0.659030705077932
0.305699318959924
0.540214901449321
0.356389408517544
0.692372778638874
-0.0140248335924956
0.690095126972182
1.03671002596307
0.475332303566731
0.0817340603916825
1.02639226535553
1.1053072573594
0.985143459390858
0.137020385360897
0.786858649420957
1.08534365803823
0.880640996769607
0.904905703529624
1.15963017019611
0.242057330588771
0.861457478578936
0.487044421045565
1.39531399550338
1.34723297244564
0.246169546006263
0.612506394955976
0.657738452958276
0.819171279854648
0.826143361135388
0.32006572008295
0.752927471535117
0.996786279982947
0.567827461530113
0.121412646111488
0.0137270036362207
0.544830317160177
0.341283770921671
0.520863526883332
0.75585351133497
0.637625589934175
1.10732793952172
1.0646001460579
1.26448320922507
0.381731883676493
0.597183158750509
0.732985554684332
1.34849551174447
0.616039845314133
0.515114530025577
0.643843692150974
0.594590966252027
0.724083204081844
0.381550046472936
0.837464391044663
0.0143664568946557
1.0561108576786
0.745462011329193
1.01995263252108
1.09590478431312
0.970812853577
0.967957718471423
0.0773460554752428
0.106192952626816
-0.00901812951956508
0.849920207749779
0.674601156327757
0.728632257128996
0.248496902315714
0.917267205291011
1.14581491168614
1.01629609463869
0.88435795117916
0.963371481507807
0.880247087599721
0.966741673502485
0.782686850208954
0.892624287749977
0.876261499085291
0.921318626026735
0.924568631144036
0.859432304212003
0.900349407706758
0.785856126193641
0.83033732578424
0.887484700121477
0.588932930165977
0.503568829960207
0.615560463870748
0.550243640122273
0.827663707155449
0.683917226085626
0.734332102042174
1.00459034240498
1.62485314209646
2.06757370921751
1.03075114680562
1.38256418325158
1.513286500557
1.34413405901416
1.26627180210794
1.73591437031516
1.10930732997102
1.59621358853808
1.04495748034914
1.13386303472128
1.57464919283867
0.276320426820993
0.176086689955046
-0.0231125958181923
-0.0678359217389976
0.772963252494339
0.544697892970613
0.542068770957485
0.189058389319065
0.287098697035974
0.180118940287566
0.43883236743422
0.487816661560812
0.540231327087309
0.616461447031281
2.44458355091694
2.34827077566644
1.96630776346275
2.08871434666361
2.12417115421801
2.44689552214047
1.81974001193947
1.79235793737255
1.57803293980162
1.33188668995017
1.43604475674043
1.23040840444632
1.22096986901541
1.02283153534933
1.02993183228857
0.960100198430549
1.40466647805294
1.60830641029309
1.28290825479444
1.25847313841813
1.2891214132631
0.95087003648489
1.06068781043698
0.123044638630265
0.0123008472528118
-0.185186096626525
-0.133386584702798
-0.150462006286411
-0.249310172346798
-0.21539696432045
-0.238916888066138
-0.121804549193361
0.174436110888532
0.181871772038058
-0.161120498577338
0.224482952297612
-0.269132213939553
0.233194088436505
-0.0415431129196819
0.368075173248526
0.852043678487916
0.316241459112157
0.234944820570984
0.359876312852668
0.439244131829196
0.773811921596641
0.983143925707448
1.0867008225518
0.879739148850084
0.660471685101228
1.1877241750239
1.0146122886632
0.834132528210304
0.613186201514644
0.607198501364891
0.787963152266946
0.918448220906966
1.32885722084237
1.44707402871334
1.48686822975924
1.57609779319826
1.60110137415824
1.71891892942861
1.91803357745121
2.17121171425024
2.11092751851627
1.83519911319184
1.57455711635395
0.639703439077773
0.482071776518835
0.230923129672738
0.459155459005581
0.450546013592851
0.696527463590474
0.426886949643498
0.403332287011941
0.469395935284877
0.342517814352913
0.553650553000043
0.818434588146989
0.87352403731951
0.651978223799855
0.705326377096368
0.793049917677779
0.835855795941559
-0.0762432069741539
0.0314186278744624
-0.0501990574236632
1.22692055973551
0.982361918611002
1.00056038926682
0.842163055568582
0.932905143161939
0.821867901614698
0.569434554175368
0.649576423129438
0.457172160900773
0.137133463394724
0.129773651086226
-0.0394450788486573
0.00823179304900985
0.942113174767544
0.773188904395872
0.685442095537853
0.883236521034038
0.638825862276987
0.49696269855288
0.737580545755465
1.96814249618937
2.24493643252123
2.2468599374718
1.08518561944865
0.961069439182045
1.38979950320606
1.30215636648964
0.659164491367357
0.905615142468084
0.727772355012877
0.864220352940245
0.816612026180807
0.954564484837913
1.45571488849511
1.09972565033477
1.80119999470097
0.948266487161309
0.850587509292658
0.771156828197147
0.770180253999732
1.33643114797108
0.261142538040069
-0.0930178465498682
0.600636801432362
-0.189465610091798
1.51108045442394
0.603100206905869
0.691471838402579
0.492827157556217
1.07106568351193
1.55963108510313
0.997186352213371
0.686573835511149
0.715836052933324
0.037462760215114
0.788602214356685
1.00208064734582
0.0103546195036464
0.478981313669915
1.0194240418262
1.24016258965621
0.89325929527354
1.02657831318548
0.216825182631412
1.24881653282205
0.719574836038848
0.69086417575825
0.877987360671176
1.47103495913226
1.92755108063361
1.55017216153378
1.94071211769388
0.511949611915875
0.382546199797182
0.872309376391954
1.03089572397646
0.377944063937785
1.39539452789489
0.557784064728452
0.425729609343437
1.14121026377948
0.748339289571804
1.74780601168919
0.586954413981716
1.88640020595341
2.17348734925409
0.28710388345885
0.0713947543886741
0.018008030096303
-0.0909306364370573
0.0843275150332573
-0.00403166056361526
1.81552252609962
1.68763906819867
0.579896929554786
1.69039674739743
0.399680243890263
0.784522544666135
0.313007229407565
1.63090842570363
0.590713129435512
1.18674295002336
1.18213051777322
0.974994010670229
0.52257953540034
0.435645679613699
0.859169957434002
0.757807410081168
0.914326954225353
0.959657734455275
1.64929030902293
1.81046048609807
2.54487127215243
0.0204645905760888
0.827530512622523
0.903831561853238
0.448835832055839
1.45557573912921
1.09637196971929
0.585958611896465
0.743091564642252
0.903837162061171
0.778805747296817
0.505876455518749
0.872550168993557
1.21970708772482
1.50897015786704
1.49622936012393
1.15376370648727
1.01668493052468
1.97716988195609
0.575811374807193
0.244090357691794
0.0808447285440239
0.571786349287243
0.99084906273187
0.663315626763411
0.614556676834418
0.972283051215506
0.404541452578693
0.728190156554933
0.507852571268256
0.276329434311915
1.05178163314778
0.920333374247494
0.839887182331628
2.33151703209125
0.851646139978693
0.969936573166346
1.14452414982971
0.791661512833387
1.95020095164805
0.88996718161798
-0.0688405954824735
-0.0553665172692464
0.120101434029962
-0.131075131036525
0.913071858017874
-0.132231524498212
1.03310834248729
1.03942365894746
1.06559498805814
0.943691074362525
1.02625630854215
0.49945743377772
-0.0318327356189645
-0.0363171354738727
0.0807045538242307
1.19585569772079
0.819207024230279
0.335102521932501
0.892128501987776
0.537475103173798
0.938688527944218
0.883142431173334
1.15624807115753
1.05762054528845
0.978103771675699
1.11820123281148
1.36079316322642
1.26700401579575
0.0696924233809134
0.0641665678740177
0.171851606991693
1.21657094896023
0.707253825953226
0.848671188529943
1.42344671718113
2.01893849125896
1.85836860913315
1.69306400803449
1.43521238460144
0.799932467742294
0.846255494889975
0.686484574515576
-0.234711811036638
-0.205970789217074
-0.172292161093239
-0.105114666700514
0.150647564334721
0.0498512187160402
0.891515352217125
0.717488486782728
0.753853933673841
0.493550765265359
-0.177528603969945
-0.123327037438109
-0.182708065631337
-0.164720484892685
1.47001067381963
1.34620897623989
1.24054887485673
1.08001478535409
1.33304955966288
1.16064973663503
1.1410887358143
1.09554382996068
1.27236944088855
0.684840307192864
0.83514573480181
0.451829744430328
-0.0341633164490983
0.987625182270149
1.48079529841276
0.105639058911198
2.14826828728179
1.80722266121153
0.985335447213741
0.506689924314225
-0.0369092080280039
0.214397734740832
0.500385909481559
0.943471287068205
1.4394569359396
0.654912800954347
0.101921220878739
0.182988649742183
0.9448170099664
0.784858773243653
0.597553565074442
0.825186133565366
0.0690792486729239
0.601977861468867
0.762773375057716
0.997353171702803
0.179970092490396
0.744540041540854
1.00667664658874
0.724427668945533
1.03548566783768
0.00641752965296569
0.98062639460969
0.441863022168859
1.19434214412054
1.46593682477454
0.532680721320974
0.826007145453414
2.07941028801735
0.312492291304532
-0.130259002041511
-0.111818671659455
-0.0329269088704777
0.783193645737084
0.298453219582982
0.0349365872682749
1.54410088389112
1.24767763477649
1.13370031681949
0.892111124194119
0.98923152801085
0.567035976922
0.413070859612469
1.31665185996363
0.520985089746984
-0.167623150594646
0.152816616159937
0.848465769695036
1.66258609732247
1.53987645767084
0.717987328954594
1.12238749365222
1.69263809744683
0.47150799367409
0.673418534886424
-0.0251986773441764
0.385241167566695
0.151635527702727
1.13267949806993
1.66137509036023
1.28713621249617
0.932901588081827
1.04298961132132
0.71446570233654
2.01238257255125
0.0795169446327255
0.118716933589248
-0.0165823725587831
0.823384074203444
0.418376610611423
1.7019312142284
0.102953052785765
0.857760297573189
-0.122384277033737
-0.077385437025221
-0.247281440665909
0.681039470465374
0.0681296280716683
0.234528286733415
0.191881928737466
0.78057879509732
-0.0739850504693606
1.81928372442165
0.526118388694605
0.927825059331836
0.585308194210935
1.21095693168213
0.387946169597533
0.335645846136117
1.33287416354474
-0.209817022969467
0.807392476449403
0.997988244995523
0.993231506669098
0.581972018556379
-0.0285970216217455
1.27081258622354
0.693233757560665
0.657900251156087
0.156115986545618
-0.0647413587374292
1.15633256791746
0.584773316145222
0.120390076130264
0.858453903497888
0.976170691453993
0.489475041067373
1.0597676563715
1.00699919100606
0.484884834169111
2.21904703581666
0.134469232129006
1.16639292205679
0.775483534993853
0.948988167135552
0.546232708290945
0.533109089176866
0.284597239718252
1.09073692182268
0.613192896707051
1.34453614051781
0.0493937815368903
1.48646512758139
1.57847463457528
0.920780897009711
0.701040375508627
0.650155110253611
1.50916098401408
0.981878743407172
0.618781787139219
1.37076765225891
-0.00555659795342814
0.571897476361041
0.0140441021154941
2.3124073776158
0.771857378007106
0.0474435110169869
-0.0783464764249408
0.0041498694668946
0.495918085146394
0.899009102739209
0.049574164823259
2.09729626499752
0.858016198930753
-0.132037489288891
0.573569418226066
0.0757176738982072
-0.120673028853763
0.987781191712473
1.19433617479323
0.967683817623305
0.348566990128417
0.178304328909425
0.903971543246951
1.8096308926342
1.55297247546519
2.40425683841679
1.13002837586663
1.05287070097073
1.09601919980808
0.762708620414031
0.828458949293492
1.35792789877665
0.373797798998999
0.888502428452523
-0.0111259157895074
0.85668430225538
1.57118688865258
0.313315650761006
0.342372072635586
0.837952010692895
0.055273550912653
-0.0563137336302004
0.0425717483522551
0.382343331569112
1.3769451987299
1.29740345647297
0.621495712075507
0.38255237706149
-0.0548629437023211
0.855945036521774
1.50719892623894
0.0438134307149993
0.48251557155454
0.85028830772283
0.998450252390606
1.65955276931952
0.914225134934779
0.954500515841344
0.111338826243939
0.804197522986807
2.02536394601498
1.1579942486409
1.40573206007784
1.26560052512307
1.00879419253058
0.296409998345675
0.224429313034054
1.56410441940185
2.32078601898038
1.64579313489133
1.60975224835163
1.81376241488817
0.310950939869889
0.788050571969448
0.201052123268334
1.47808054838595
0.691674340669271
0.488487223477991
0.314332496782855
2.21693923399906
1.01667134425363
1.51220619315028
1.89112723467124
0.513726056070843
0.0673139417026745
-0.118510370230181
0.550624172924591
0.981017379415315
0.926377444350395
0.0910071261829603
0.355091580524702
0.244789113097644
1.1142349614393
0.476317398367874
1.29519879766547
0.947506399275948
0.489960225625968
0.498991561803516
2.65553503414024
2.634298615741
0.576096665670027
1.21306504982259
0.289866505406216
1.50889034868265
1.03573942673333
1.87122703545763
0.668787532532147
0.0298751849836774
0.108539157712528
1.05667501916159
0.335347286913538
0.558337050683053
-0.24075272374046
0.729470714668196
0.797942101882348
0.116696354263758
0.66535763188869
0.148694554431225
1.2594020570982
1.23923569942639
0.0308999609049965
2.36001594418722
0.707777028461587
0.987826690788314
0.987418869007245
0.412626402754083
1.46240288761255
0.487091458890074
1.3999961789636
0.637993480530797
1.74873826142362
0.961373724977531
1.49175405304094
1.16538017521448
1.13170133468108
0.532771428189578
0.811356370014189
0.86714885701051
0.8293346966622
0.766522417681246
1.28906637667436
1.14752328969141
0.374041036761724
1.34944568670246
1.93724363095943
1.99590012558489
1.65806296028046
-0.0365942242868094
1.98411361128315
0.0610302257557992
0.166501024442683
1.31926865786306
0.510224190790295
0.375055715308861
1.07224485141137
-0.284563937706549
1.06491074434672
0.616714401998389
0.328515213380434
0.629510401264586
2.52337177461616
1.05874694539301
1.07761765291265
1.24631988627562
1.39763674880387
1.06987203564071
0.650579997634646
0.121072214672375
-0.124375352936226
0.560043425688449
0.39245655037194
1.92876803231682
-0.0852890880533681
0.00919440129618649
0.859457314858322
1.27667798958443
0.437995088018304
0.547876707642475
1.6316580745311
1.7080376955343
1.0668362377844
0.544651029156458
1.60867605555417
2.00360379640976
0.765866892239768
0.241738579200994
1.580569082998
0.491984701987801
1.2043278622219
0.721682382838951
0.238482850953476
0.76137723134543
1.00145734886895
0.965262411772871
-0.035111888234714
0.955698360599713
0.739694317700479
1.74911072083333
0.894115451878187
1.71510266321157
1.45847432967395
-0.131026543126403
1.49336433401684
1.74941510308963
0.517592969677065
1.39887289697916
0.743584558185039
1.53730245706981
0.0140562199832196
1.8357241010117
1.39743024944793
0.808466567922448
1.12513537367748
0.772735197389297
1.42697875925357
0.796441641955977
0.713183883209045
0.935107945637299
1.50600596318083
1.81876027254845
0.0051509762773929
1.18814629176162
1.70739883880376
0.630096706518333
1.07123937839238
-0.126285216126095
1.43212316521937
0.06282021647269
0.197051135068394
1.64098650301979
0.945360828482421
0.535035739708385
0.840283867174133
0.602296769861444
0.208001990426801
1.20648724945903
0.551450942753952
0.524220344824485
0.289850397422958
2.38736301138919
0.15688416196544
0.356432161436182
0.481311527490907
0.12100599595562
0.907389374029828
0.485872579993494
0.488764659235166
0.907183190150307
-0.163057536649495
0.659468279222374
0.104119461938364
1.02769938073674
0.903638726950334
0.623460265478681
1.12859682923232
0.042248929359173
-0.0823825930373581
0.739449105458114
0.628815831437553
1.80903841943832
2.44302751000448
0.661838390606623
1.06074980336042
0.629706745868319
1.05522530486257
1.15611001685112
2.01165240686809
0.916838753258249
1.06513684718556
0.860068046249833
0.603033989003744
0.627056637911751
0.510885550972995
0.248066044986501
1.0688689826886
0.704993335967821
-0.0768977112269542
0.233121440857023
0.0687390511902638
0.565508220944507
0.750846904394919
0.316114744586404
0.156609980650824
0.787872995802759
0.672922397856766
0.590392591653134
1.16378388308171
0.868282767551012
0.893987072518383
1.54797639091513
0.463847692310803
0.0610156746229582
0.94541712500964
0.99777131061213
1.13870450108749
-0.00786824796955532
0.561796517215466
0.0412993688736084
1.06639802529028
0.973182455696604
1.00740214841338
0.511466744175617
1.97289934989686
-0.137200849842826
0.438400531028167
0.3608929653158
0.389659491238914
1.2397502045157
1.78632147613748
0.929654631944961
1.24301056690049
1.41243602521577
2.23948277900567
1.07824948700778
1.00694432627603
0.950564081135595
0.103959295664599
0.913624444280795
0.352580986921944
1.6265392951762
0.524233011012908
1.42588990541293
1.57478397535922
0.476409055085784
0.453814773574362
2.12437460956437
0.90850749970248
0.504427775486251
-0.0359310012128695
1.59125144825944
0.785832504394007
0.989671193934874
0.663617382045215
1.20663511570043
0.747656155922398
0.730307008177059
0.788525821569058
0.282005375027793
0.311197233260687
0.927529319699741
0.417562481749854
0.990094234904191
1.50514045146448
0.954039397037675
0.631664203548327
0.58973655376709
0.265815486630121
0.794612750119704
-0.012248902578181
0.0925103943072336
0.0450479286592283
0.703493514016866
1.43704953550513
0.568101383121007
0.193297145996984
0.218359265858273
1.79934567584096
-0.00232326072637204
1.47828710090864
0.624674643146079
0.599493737646079
-0.0652891392977204
0.18567889360699
0.767106115886648
1.59633891086841
1.15944616157218
0.37002921887905
0.385982108494624
0.649883442402949
0.624979220344719
1.2162947276191
0.898829669994028
0.319919493443881
0.768818270979089
0.714120016828373
1.94162453395808
-0.0589758895024033
2.04075362319058
0.754676295543802
0.972463798519303
1.54103675840523
1.69869450500216
0.254373788661754
1.86050120836026
0.663093153955803
-0.180541490197338
1.00152749363545
1.50179470560798
1.38433239226079
0.61474609960297
0.844571414819142
1.98800909465802
1.30658334659324
0.0749911292984494
0.0844679572578816
1.08403880833052
0.53217232913854
-0.00412924604587564
-0.0879606490541281
1.75289632243768
1.46194471289794
0.815615466734695
0.889176405591451
1.02601524848596
-0.0928351116794828
-0.0423003641927963
0.776880173845113
0.115798653070288
0.0546460114134579
0.0162334692049681
0.79027711219318
-0.0123722474563952
0.746062409597485
1.09202629006768
1.11782234262615
2.20591457309371
0.881420924482248
0.692772921323918
2.14159267440938
-0.238700281426117
1.36537026896662
1.03160489473092
0.636081644516363
0.674098462523129
1.1182611807539
0.0202390572149067
-0.0369725100770157
0.442867587996108
0.979936182727253
1.42696109510951
1.17392305938643
0.407840523196003
0.339363168421633
-0.214144453305064
0.468716110335473
1.21166529074098
1.49452994134887
0.617920810648567
0.585851233171617
0.734770575478197
0.763459415594334
0.280559517140774
0.704224142277989
0.920275239293927
1.14351338779691
0.79943185562002
0.695756786782797
0.787589810164133
0.878573344600193
0.911359739377081
0.966907733983357
0.835956499716906
0.682141065993922
0.924862267747966
0.207303556647071
0.519975227386105
0.812458108603358
0.412338899656319
1.03724683372118
0.906382336687275
0.555786685645442
0.134406926725435
1.07389292789717
0.484826995373675
0.64668505495975
0.871721313740258
1.23869899258683
0.61920644654693
0.738177292307294
1.03709160241311
0.375683125410593
0.710860416251565
0.7027702831239
0.862248710795423
0.544184055741063
1.14476099656357
0.686584839724423
1.04775390445894
0.976337820413268
0.494338124170826
0.26030634638596
1.05923150414224
0.143477802207435
0.340651940319681
0.771380390241349
0.30213490272149
0.941721941057121
0.787363121511582
0.967078956741767
0.760052249133312
0.856257889422895
0.67348777461611
0.916344839852454
0.257901400100382
0.96138435266853
0.896646598966857
1.19172072438816
1.02217486932696
0.889457506696614
0.770098233365507
0.559906299878499
0.639815797246394
0.964898286068754
0.863802964682327
0.517970442540393
0.856047085374689
0.537185860765155
0.585936525434307
0.574090448460811
0.612650855448103
0.638489077488422
0.699294239888531
0.647563791343487
0.634888616071568
0.746034145672527
0.576688301034324
0.510586375362717
0.849853002866198
0.844583979192489
0.141837801557264
0.259392078716644
1.22073701261242
0.972643606007493
1.00959539263263
0.959840874088231
0.588572331709272
0.588005488541163
1.02118323971871
0.68646374260493
0.717693699676714
0.730757111565823
0.764691359519559
1.02247669815686
1.05273981362099
0.966031429214588
0.666352075959337
0.687026388606086
0.619092393651912
0.382696821438737
0.364570128493274
0.946255606009455
0.928003974922832
0.672881265954794
0.555423262907883
0.641174872490987
0.234911166872048
0.886178547319661
0.746397743511866
0.299840619863735
0.714606391831588
1.01335089487839
0.411183751418792
0.998225583626175
0.901064938192233
1.26636529591001
0.0906672180165009
1.14001640720725
1.07922922438527
0.560464350310547
0.108591025378598
0.678371717602809
0.717993348320382
0.531929949786889
0.431213109026408
0.395378119823584
0.807729668016996
0.410086799368239
1.0571428513937
0.555187239443139
0.735616007688989
1.21417676271429
1.09067157221603
0.962823468760467
1.07689763773463
0.918206005181857
0.955200473516187
0.882271073532481
0.935253923126577
0.994636334065985
0.821667428704591
0.742575502444176
0.714663320018325
0.760663280123796
0.655534958750119
0.527994122910352
0.998854144196741
0.890106298771314
1.02739772871266
0.633153448356623
0.132056087952809
0.189038840133031
1.26650649641125
0.843704096037264
0.736152276517063
0.812304756815052
0.615020143770916
0.572488132045398
0.854097427823496
0.253134232131788
0.761794811761266
0.698082141866083
0.635938536492655
0.689703497766136
0.466195469729483
0.451726266225368
0.564795088000164
0.55934029859446
0.585724464998216
0.579993703332544
0.569479653979131
0.628488531059954
0.823505510758322
1.2879877191069
0.595936282697851
0.748983869339295
0.891902598233723
0.315362802824248
0.479001101626502
0.539448630582973
0.740918824881096
1.06247291545461
0.608387484740689
