1178
121
940
346
860
-500
944
-500
1240
800
440
-500
-500
-500
482
800
22
373
-500
118
-500
114
-500
813
580
440
970
350
180
1024
593
55
575
1110
14
-500
-500
-500
-500
-500
-500
160
1200
-500
29
683
730
-500
242
740
-500
895
420
-500
16
1284
308
-500
40
270
182
351
1056
1250
310
915
1110
-500
990
67
364
366
280
-500
265
436
800
597
300
1680
120
-500
-500
639
870
379
181
359
1070
93
440
-500
-500
299
261
940
367
-500
20
-500
-500
140
-500
-500
677
222
57
169
305
9
400
1020
-500
101
835
-500
21
231
531
-500
430
408
1480
260
519
-500
960
372
844
329
-500
388
447
-500
-500
1440
-500
-500
380
23
255
-500
180
-500
574
454
980
520
426
462
267
720
319
-500
521
1230
-500
200
680
331
420
-500
59
-500
-500
920
950
-500
589
493
707
82
690
314
1
1596
-500
59
650
316
268
-500
-500
1120
900
350
-500
134
39
-500
107
40
724
876
-500
254
340
-500
220
1268
185
1100
296
115
1019
1100
160
216
-500
-500
70
56
650
170
-500
1040
239
302
810
272
1260
-500
280
-500
780
91
179
292
640
-500
420
262
760
75
-500
339
677
238
206
59
389
72
750
-500
64
49
50
415
340
1257
118
1240
180
-500
887
-500
265
483
-500
-500
813
-500
571
-500
339
203
465
71
-500
645
318
1240
400
413
180
447
940
636
-500
96
620
-500
-500
-500
785
-500
332
220
-500
599
758
490
725
-500
680
-500
166
113
451
26
-500
-500
170
262
-500
-500
-500
19
250
648
1
100
204
67
-500
70
79
-500
251
175
-500
1400
60
14
-500
-500
-500
1020
492
374
-500
99
750
-500
-500
1200
-500
46
427
418
-500
1140
318
-500
-500
520
7
404
79
-500
267
61
50
650
63
520
-500
1140
320
-500
75
-500
-500
126
57
135
173
-500
-500
1090
398
1
1
322
-500
1140
18
279
-500
-500
248
-500
364
291
237
-500
-500
934
540
-500
-500
217
250
167
680
-500
310
-500
940
20
-500
250
1160
222
180
24
-500
480
-500
170
300
-500
364
-500
-500
-500
-500
-500
67
288
857
423
-500
236
-500
121
460
-500
201
457
1408
207
-500
1030
613
69
84
-500
286
44
5
431
-500
1
165
-500
51
150
1090
50
84
-500
275
-500
-500
293
378
42
685
-500
1000
252
893
68
133
340
873
269
18
230
235
-500
123
660
-500
579
447
197
968
152
825
-500
780
433
800
-500
206
225
375
25
700
-500
123
24
1200
-500
860
297
-500
175
150
32
1200
138
-500
-500
533
836
117
840
-500
988
18
67
164
-500
36
-500
1360
1280
535
750
1238
-500
860
960
1260
670
1080
920
-500
780
-500
-500
41
-500
-500
-500
857
146
-500
80
310
-500
421
100
60
420
1
-500
100
-500
96
142
-500
1020
-500
36
-500
-500
1070
1000
30
-500
680
620
733
346
113
297
-500
60
309
168
780
420
220
-500
502
1320
87
1030
90
242
-500
680
-500
209
655
60
-500
700
840
-500
456
-500
-500
22
577
300
-500
226
640
465
86
-500
-500
1150
1500
740
-500
519
-500
68
-500
-500
48
127
-500
78
168
180
807
579
378
41
783
775
1400
436
-500
367
423
770
500
413
-500
1280
283
-500
747
20
-500
-500
440
-500
80
64
375
220
-500
-500
940
-500
-500
245
877
1080
420
191
-500
42
270
-500
280
-500
31
600
1080
366
26
-500
440
-500
-500
520
196
-500
1480
33
160
261
484
-500
200
890
-500
600
1560
690
600
86
-500
266
840
65
1820
750
3
620
483
70
-500
544
-500
-500
730
378
662
575
-500
460
-500
3
560
270
660
605
399
344
324
900
1
-500
200
-500
899
400
27
-500
-500
41
470
-500
860
1080
-500
1605
154
1160
980
-500
393
1110
160
163
-500
183
81
-500
340
-500
604
-500
-500
440
-500
775
350
40
103
727
496
-500
7
275
80
328
900
419
1
355
73
-500
808
20
640
-500
-500
218
1400
313
-500
1290
-500
1620
225
-500
715
49
329
260
452
-500
890
-500
560
224
370
-500
110
302
-500
80
460
1220
-500
288
26
-500
125
530
-500
-500
-500
329
164
-500
3
-500
182
140
1125
-500
780
-500
-500
1190
-500
1020
1040
41
337
66
1
-500
807
514
93
-500
-500
40
75
425
1231
111
1
-500
595
202
100
239
-500
423
-500
509
630
275
360
-500
-500
14
-500
315
190
-500
943
960
3
-500
120
322
63
475
1163
175
320
322
220
1210
71
40
825
-500
513
340
-500
267
-500
580
220
-500
35
-500
327
250
88
643
931
76
1
1280
-500
17
-500
71
60
380
66
-500
415
534
135
340
-500
-500
260
810
-500
-500
-500
613
-500
6
606
490
315
1000
525
76
1700
-500
506
246
-500
631
113
5
-500
419
-500
940
1310
1
422
328
226
450
20
-500
163
-500
-500
337
92
429
281
-500
-500
-500
900
944
860
655
786
271
793
720
31
88
-500
880
98
530
1200
960
350
-500
-500
628
425
-500
41
456
23
-500
1020
55
285
-500
229
-500
-500
160
70
290
430
157
200
258
