92.6057266117545 6720.46822675962
320.926389474935 6500.82238782048
51.2001541645352 6789.57213053993
444.362078418216 7114.98294256288
321.473707613702 6863.72001346827
704.698880079413 6877.2180018116
371.415815659956 6898.32218109762
342.45246434814 7219.28578395255
54.8845295129392 6749.45206598132
155.436695092806 6614.47973538404
234.503551635826 6764.17866776916
40.4264056148582 7224.10720865117
689.303814298812 7012.04269411901
211.230255581131 6498.38920192983
137.474576621627 6556.52762978875
401.299037073845 6941.20448927095
148.02038928816 6947.7655727242
528.963914374071 7007.05691563275
657.174677712985 6793.19374526371
639.875371939308 6955.8672340758
224.322204829712 6533.95813256673
460.93819531016 6561.21441463088
81.1788346048932 7166.95877213946
370.866257608754 6957.34437457241
45.1537512571932 6899.99092128677
377.842071619227 7185.13173172334
215.434330321036 6856.27478345372
493.298107661325 7126.39298106887
206.187327934948 6693.92390205038
103.429717784223 6885.98768319282
355.598496557931 6799.06727576111
619.805480288481 6556.88573399619
366.811313161002 7061.29265934407
43.5798523720702 6599.73352806449
620.930062048445 6861.9720722766
377.358112794889 7245.96218586227
104.300799781707 7163.9646613498
-67.947246930664 6549.48423618245
636.286963254864 6829.55592563173
199.840201109574 7134.3756875866
272.028053455477 6520.7705087437
277.434621671187 6622.7047513867
78.8152381573304 6793.30638118138
99.7745224723465 7190.67306155679
617.687654670602 6903.19128575651
24.6773561560822 6637.39822659937
262.441467045419 6790.0642252608
132.970205047927 7103.23772227555
581.227948897241 6892.10285684726
156.684427960364 6718.83688324356
252.394579200004 7038.24980913303
164.643894861878 6687.11759892046
349.332164077014 6750.36730728434
165.283550018544 6499.74375545229
610.300902221222 6808.06210877735
138.860178854303 6773.63697252373
536.23259703036 6970.44909638009
-2.91689494121439 6955.72946639778
327.677018571904 7164.48894437405
642.038305669932 7034.05478342142
543.940578380729 6877.93128640955
587.875934149383 7146.9385463258
190.996211786047 6972.99498071498
60.3963339064007 6716.72427068845
228.284965006775 6689.61500351496
223.091349958828 6780.13235474023
37.2486792707661 6620.03479175873
-76.0253492079099 6632.68446723632
28.8537327353708 6571.50914921713
570.551160248352 6462.1785770011
583.390479291638 7231.38194943537
590.126525779724 6990.03898039024
319.566847550025 6637.63270215872
-65.4957803711536 7243.50029785098
641.843210626767 7198.87261506157
326.358346594634 6798.32598672702
317.612461256092 6887.46596073972
520.554787236129 7213.65580712544
519.727418678176 7095.23451637618
116.973918462251 6902.89785772342
-49.4267745248312 6630.25920243514
-61.7461006511961 7005.98051051687
187.261376473051 7168.81563405085
358.04611100001 6812.77986648105
343.579152461722 6936.32206738653
493.733692736376 7033.1321294539
731.52348548517 7081.26182596315
464.800924493601 6973.96275571969
169.142966069419 6756.09992455079
580.50867482769 6790.65121589909
256.902266946014 6785.07180719971
199.647142315899 7048.28528822817
722.422086716551 6599.16646137678
577.306748880021 6756.36273136425
505.759106824298 6908.5100592741
137.36460490042 6707.19788364813
599.79292811617 6963.4051626189
-76.6118135686571 6702.27290954187
221.050496015508 6557.33061145339
655.164066767182 6864.93358302078
734.917808891894 6978.73181507174
-34.7081275323887 6614.9269427491
192.364607159589 6458.1587260928
8.9231208915543 7204.43354800032
171.905145340521 6801.68882452124
590.250791903948 6892.38809352679
580.740835577053 6635.70673065942
498.442763619 6677.34515733381
560.58238151225 7049.87131864783
314.10512809256 7203.1629062506
485.990303480988 6889.74238020832
238.9560091067 6818.47089200839
-22.6089722593944 6464.8287573295
512.759023546462 6503.96155613928
414.001407034951 7078.27591791248
728.138123438041 6694.89452714667
672.524103805354 6635.03391586867
689.135224126187 7159.96095200139
372.616424873545 6757.33259923582
681.524460675002 6791.32674564938
203.729086352763 6856.22568218059
191.189967441369 6654.37688451898
69.6897100792479 6754.20384243032
263.111033487378 7068.53256592455
603.284862689146 7234.07245249355
129.802112417129 7117.33771771215
276.307559288945 6817.70749059388
559.928580520126 6913.63832199464
93.4317318438689 6817.5844985969
575.046225261363 7118.82841583494
655.068083194638 6973.50078611213
501.945403985497 6865.9843679225
474.079428711793 6875.77887317484
626.914711196913 6494.86456441824
227.240717639783 6458.33334450298
145.151418819521 6865.88189210534
60.0117249827173 7123.78760037243
-52.5273612484277 6955.22702138365
429.832871782449 7242.58277068866
634.765465211809 6546.53373459357
668.648733270473 7002.94012409496
126.720382374515 6469.79151073412
342.125304333809 7222.157277718
33.2116450032548 7010.31528422553
431.229068477968 6846.64683516394
377.207971787371 6860.89391735008
223.909552354335 6832.93963554059
244.856513921231 6761.04059413189
649.673014146012 7074.98039771343
432.872794685902 6782.85256053077
343.266006623875 6613.65087201355
183.986016164616 6772.00610943568
639.358142910945 7215.48253533778
722.956499425991 6873.83801736625
475.394850251248 6854.95987345452
58.1927931661203 6788.11839140426
-60.8793126741402 6663.95975302044
227.930293776174 6700.87926216997
103.758850403372 6543.09071478299
479.077754742819 7071.13454144282
478.847519102251 6853.8997840397
670.362924197845 6822.77712336578
576.496299165321 6803.68268774025
158.389461654542 7202.85950756316
-59.308183567082 7059.43489947652
427.461426902097 7114.24631707745
62.1279896913032 6781.71386028955
250.734601562928 7123.15218412122
462.983137901105 7154.27483042337
395.863608754817 6769.54230587168
268.898341980724 6924.26179457955
570.454625721944 6458.01116694104
34.2949880564585 6565.76577812774
575.682656957954 6772.85914483037
611.715045953895 6486.59066775857
111.82324057884 6741.12267148739
-46.716739237305 6969.54282829268
393.099106168264 6546.169849945
370.032200280905 6858.25063099564
697.707547028471 7090.47283963855
540.238265684359 7065.68429508602
716.949611879718 6881.07273685473
-45.9150388599548 7205.02534665164
171.339907332325 6831.63316009531
448.687894963726 7132.07967565155
487.651382835808 6976.78782304254
615.149946732757 6835.33529186587
582.783764146648 6695.5776970835
616.704494218325 6669.9651059459
-72.5275293077576 6832.59415740681
479.628494495067 6506.46617032692
579.479346341424 6531.94222266686
339.325337986915 6843.33688999256
281.907160460495 6879.35860741742
691.760110443903 6490.78759707751
562.228789155646 6763.98351656762
76.6546549098828 6956.05212644084
149.933877516808 6485.12778499905
310.449054294246 6613.53617999838
200.345590709346 6812.32987304416
629.01511698349 7001.12697739956
457.430019947152 7229.99352387173
705.558902532999 7197.25423264958
519.876354236636 6523.60957548493
525.982601942704 7244.74254656661
163.245708272989 6940.45585009893
299.356867519894 6619.05065663111
606.738954331008 6988.87612249659
-56.8648564959886 6960.95959124189
-67.1039979825009 6798.47532947243
578.465209743022 6516.66590279391
591.007459592238 6632.43443469381
429.820455372172 6832.07863836749
683.885046254689 7036.18491106779
321.136394089604 7210.31698027953
324.042504738205 7025.87751494505
504.118311880905 6885.33784663546
550.893017698548 7014.60526035532
95.8601202758916 6645.26711778039
560.221548907589 7135.41717133485
96.4541653818436 6702.85660437682
9.42966369475923 7125.96214241245
1.86617132519639 6656.75139827889
-26.3226384050506 6706.54911918808
419.791316790473 7142.85040651411
494.90368981336 6480.68032964434
528.645834459393 6731.56066240861
529.144169759876 6780.95829261397
143.435843668061 6627.0748839623
-44.467679638675 7094.25739486291
247.82903806851 6723.17839563631
627.873730180744 7205.78805411459
-0.496099983330694 6740.70287110313
441.568187762556 6589.32736217688
170.211538429489 7151.51316130648
623.811139063308 7236.47612211167
170.620884421744 6803.02908652361
680.942841668516 7170.24213736054
484.203434709502 6762.11947063365
575.391068994897 6639.95449146425
654.306897874645 7068.41085525558
109.656575370682 6608.72447454132
386.857601758299 6814.97066934806
278.843486125935 6478.5082750418
617.135681921602 6565.37635968234
593.65401131574 6643.27352202578
528.97882318564 6508.6573899755
436.21391019814 6792.72572588417
372.012667400886 7152.88481575169
99.6068345341705 6705.79841495953
516.686243779562 6494.09217429645
190.632524100465 6844.99088287094
559.063631399088 6718.38138466907
5.48813955943665 6979.38991950772
75.1378707520965 6833.1514503522
239.509565373099 7154.21999313097
426.06592079875 6661.34904132757
458.639206562489 6850.33167768546
-68.2057290259343 6623.56029176365
62.210701355208 7148.39375642229
505.843049015161 7238.82990206197
738.114546374034 6750.84257638601
409.267810536049 7085.52237018462
57.8117266858004 7126.59952909043
653.34308122256 7076.17555347194
518.621473787601 6712.16658603563
566.099813044507 7144.58884478748
562.22905399347 6551.56656142846
76.0163664987691 7212.96493578203
533.809702368301 7193.54267355254
477.144942852292 7075.47274328716
93.4800831750334 6851.27379925295
447.573271789852 6911.10934036394
478.175290983175 6927.23143993677
461.321588715628 6476.67123255897
540.361583787969 7234.05020684755
271.783120645619 6840.80411626556
470.665493817293 7199.05148434507
-61.5266549671014 6905.83000692498
328.224850237669 7200.87873852715
5.59037246867469 6753.46887697858
113.721575676378 7182.83396064532
669.539519088002 6450.98404200088
246.623383067443 7105.97270486701
367.737222857334 6931.11593370619
-73.5274664951875 6458.25237166553
472.404748585873 6992.91786908876
20.4138315943765 6496.71931050526
-57.2118992953777 7111.03935260193
495.065812547554 7149.28612009437
27.587066243274 6848.3390412937
158.069236059539 6578.8802602392
443.474333296066 6843.27240681067
268.83020209661 7160.48205046359
436.750909730965 6941.00979442002
683.354265851088 6466.58846023504
483.325489916693 6579.09144586556
569.028634961315 6641.55040742747
258.509306086044 6670.33785555514
539.604161292885 6576.83747399444
-52.7597370597815 6523.86262927383
88.2420836637453 7003.41378206432
130.281390983382 6544.61264315284
703.922443026567 7134.89687862545
-54.7449461826777 6640.84937579689
-73.8280870618737 6477.51554148467
114.162761102468 7180.96907685536
215.666532106962 6622.13317513366
627.428966594282 7048.82015056091
441.799525310852 7132.24088612602
135.298293088887 7020.74148418513
527.054021404364 6467.77985562714
397.575982104389 6708.79056950756
386.804449909119 6488.01460691908
127.752295974309 7223.19915734341
541.481829351037 6466.564071141
569.05098203002 6464.63261447528
717.682448153599 6477.52611874004
-6.45797896852261 6789.44869917716
393.141576921855 6722.10731330443
196.255405162607 7108.49104708906
29.0230060907873 6713.05910145129
-15.7074028918358 6571.05064619443
609.701758892184 6798.58366169583
-3.58076680002563 6484.82409141018
-31.1080730131415 7174.39657586433
209.387443144245 7125.70745677348
208.087887746194 6950.30696298542
587.038878492607 7120.18300538018
500.502589563646 6876.12398828124
-66.1559864869263 6978.57549286828
706.840824177663 7052.55486837847
476.237373460183 7238.5893726244
-65.8124779615847 6606.74384101065
166.575667919395 6997.65939192737
46.5600009608947 6614.49287529543
701.788014888947 6731.25948126786
643.707709937641 6942.88467387496
661.370630253025 7126.46410625199
479.996302745602 7050.99731778351
-46.4915427347714 7071.64817217981
32.7533541695346 6621.03601996994
594.930226408258 6926.06141295226
290.21513436879 7245.25198746368
303.140570160847 6476.43039366156
93.390710288925 6525.95855806105
674.862433888668 6549.05448455507
437.27292939817 6730.00866305292
684.261436846557 7008.12091249139
-76.8245322960525 7247.46153280912
130.665512407887 6559.16661842161
359.545163372617 6524.69825447258
304.577975545639 6459.29435693284
15.0467107254307 6740.26631397221
389.068181789124 6469.98099553552
26.9886883601393 6868.77481960465
640.939173418881 6793.26724272345
132.409322045052 6928.17794079034
304.439491202017 6739.48692759419
254.438660783048 7127.20070262057
420.501236233359 6594.38114287756
122.925212673789 6457.70594658406
-20.0739193492237 6573.38387543531
83.8633090528286 6774.09072110093
576.135886045533 6478.59957540166
569.735328474334 6807.72504634619
547.714405838607 6811.60771825944
107.359039431356 7123.43380919159
131.872591339717 7156.36399215623
201.601876850671 6890.66248421179
431.282760451918 7149.39875246576
728.996176516538 6612.13584844316
159.607956350441 6988.84433772288
664.074623856469 7232.63551023352
200.69451587111 6471.61194821387
154.167370723274 6775.22044028737
716.953216827847 6637.96759053182
104.59220365018 6576.68089328563
714.660461268222 6887.81796683373
223.723945116682 7215.90487859353
596.210682325658 7059.41192236301
89.8062475740539 7026.6684664982
525.79035400113 7102.63832468655
533.86199833915 7065.87193302061
617.130084610309 6941.2567790257
-54.4496998859619 6582.18291406628
694.924362166331 6675.38135950126
41.093405181762 6932.5718114371
431.804126953819 7211.18465473004
-53.7460276899445 6826.91151603884
40.4513826333369 7132.499230969
697.376970720213 7152.70173516392
438.328472079317 6654.67159910618
485.112436391673 6596.32067816238
289.597561822974 6809.47224916444
68.4088422763381 7170.10642111386
261.831024222576 6757.76049167773
138.747128250915 7140.65802107169
328.257783599901 6964.56256408969
592.488989352151 6486.67562251179
64.2825057968002 7103.42639143189
494.066414534975 6709.4917777057
84.419728949434 6793.86057430222
680.784853748081 7193.9763111594
-40.8510841545323 6803.71507407553
526.000763281913 6564.21633377556
736.272213646979 6596.81463337525
416.451061906168 7069.40203684732
641.620733746498 6917.40251670233
296.992918841827 6548.42122444387
343.273561531244 7096.75053103932
-50.3065669129259 6465.95081747811
518.658328611458 6900.53343481819
28.5404073625575 7135.93479537305
261.189915497629 6467.22664240026
25.3713915990604 7210.4596099114
670.28057198384 6472.73056212209
-11.7620684355813 6484.54432160572
597.947063204891 6507.98184473355
635.064086005951 7194.58441337975
401.205414623586 7028.86754862926
339.932818767793 6756.24052048274
5.82263865920795 7181.9615244701
451.033571351876 6616.77896566415
-8.16904883724507 6942.41109952323
463.369422294488 6510.52038807619
90.0798478433611 6954.80253001369
702.949250659584 6837.93164820555
538.593707346106 7003.98598992901
205.399023905817 6602.98179105753
103.01686487563 6895.58418621881
683.438817700899 7016.46026102813
89.1337329589683 7155.49192591431
453.483913965503 7230.88751827401
375.21205060148 7046.40348773553
584.836357396944 6676.9920860484
570.049411123735 6559.56720859139
-60.8018800981761 6869.64678449754
631.806524357094 7200.02719107811
593.337931173605 6578.09556078281
277.938435542907 6536.71076276844
374.516031344622 6721.98858057986
36.3571262974773 7190.31052636219
678.021321030314 6580.37678378492
464.261789159624 6596.06069512334
734.246610486592 6854.10211777064
493.191781164875 6557.56115773129
316.304359993653 6497.11753082483
170.280420961415 6942.51922904856
284.925177818271 6553.32562637637
548.043136451419 6613.7445353177
123.359672663053 7220.19346439378
492.930428599972 6661.40943601857
-34.2870097458783 6901.37421444582
162.656541198561 7139.36429414016
515.116675961765 6745.82067938167
661.998605947703 7175.5443004623
607.569324447617 6636.78190036232
47.0299575777475 6859.92849521075
62.9088767415163 7227.47395799543
414.83808671321 7088.49215272699
127.951181010108 6989.67406246682
410.770248235176 6882.97375372118
416.519526473094 6601.66229496796
13.1731455637114 6498.08704126841
357.168652566475 7202.53907365253
249.380181419132 6856.65925744753
551.512185160808 7059.60075371513
297.674155626537 6463.23373484293
564.128688582192 7098.67448265054
566.137839120286 6759.71366130042
-28.4063504795234 7053.55233547669
286.774659836661 6734.68770990575
288.706391477645 6899.61951329234
145.456624652247 7154.70913249165
429.010356368105 6935.8647471425
460.569256274314 6944.25941470618
525.301688510917 6708.97772664086
68.7719453808721 6581.69693985641
330.281774555291 6603.45447622549
482.842768268757 7174.74937613907
-62.9537540949175 6972.10471644237
2.13590180855107 6845.22990980443
491.490974616725 7123.32855663492
104.018701144035 6932.23630115798
89.6672641422249 7153.87534464074
624.519739636634 6953.60344982654
382.909643241777 6656.61742027077
478.916015586504 6958.86385040766
671.474612117511 6644.59574744666
170.036776053711 6659.13227201721
341.164209773782 7248.39345097411
474.764650222831 6530.13947927232
585.978968647157 6573.38077953034
253.275889940955 6850.43455292606
60.3120926805781 6975.05928188481
402.14920581256 7234.84730392232
545.3132558057 7087.92491432452
683.913726063104 6763.43892603429
394.10123083252 6615.26728306554
177.354992312163 6553.40708486793
592.181296817656 6536.90050626184
100.171188736374 6727.07818191085
558.379754975416 6645.29730318052
189.181480897674 7164.29715803504
713.596395900747 6867.4771426739
463.099152826267 6944.72675506586
322.255157396793 6969.01164774819
487.825172873007 6460.09329434179
246.123587169267 6902.31479375353
217.430792771603 6505.7026768957
244.40419960705 6948.70445709534
700.322266347549 6615.54196675374
395.92772705569 6633.45457000563
347.90151300663 6604.96470335493
-56.1853681348694 7166.68782492692
354.60907935958 6524.87593425814
39.7313275391879 7171.50283589294
85.592431969828 6625.13110620325
163.898489240528 6943.10865542327
349.466438753144 6783.02154669712
341.973742815242 6908.23964213752
91.1158075343447 6707.99332348891
99.0932566200705 7242.82995463276
54.0824358685203 6758.97915555894
158.884051418669 6690.104848026
182.970150710984 6949.48065331192
356.581934576966 7048.49312243054
315.540149746961 6868.30253964617
314.077691540037 6900.65217967478
-75.9243563248348 7230.15316371617
192.099246500314 6776.13402808933
721.337246208741 6474.55495501381
695.734235469298 6529.2759780502
432.902877336846 6565.48583679517
36.013457805531 7146.47190999659
673.988070295978 6731.48253667639
340.939516539106 7237.78297644928
48.0339832228189 6558.67822639338
539.530600592698 6642.9042996615
-67.8212572707647 7053.55803398002
587.876467814695 6657.53930581478
616.894878035997 7083.93172119809
266.959406522971 7214.35279319382
583.875778643724 7192.66789552408
265.777560328207 6606.38904809821
460.703984062502 6534.87181145217
259.201776060111 6742.83060463524
-30.29242495374 6610.82508834155
670.034846940322 6895.07371727299
-24.728127385943 6809.4102231833
686.670265846444 6522.05029449056
471.802722248252 6496.35972003199
511.561826257165 6458.64241071044
-35.9112232577636 7188.93034665288
168.201685710194 6833.32934552778
636.129901696858 6764.82687490285
507.738235316373 6576.92447420631
167.120253706963 7168.9281445421
117.527953488561 6958.26311083056
154.342359750073 6814.13845959304
151.135799900436 6731.6285552482
613.307032844367 6530.39306201731
271.510400192638 6464.54032582237
427.612063388125 7213.12247958662
152.546925165869 6679.00907849779
482.672254507209 7188.83950133712
277.281381453191 7119.22770601207
512.471250273971 6615.16290289447
181.202159138762 6620.36532007032
262.136440177706 6564.21965944234
177.660310045518 6963.65049652321
521.185834593593 7106.14047521826
305.819042631374 6625.7321604663
48.3645509817921 6670.73420325069
12.553025521218 6729.18047160972
207.714914398173 6603.72377143013
73.0105624582765 7117.06860299464
442.554645958688 6799.28335395135
63.5041936009744 6691.64351093158
616.202979914044 6657.22924496829
195.773237318296 6699.4453374234
495.843657952468 6521.45985387895
339.558662198852 6618.03740540099
85.5618109039696 6986.27422947607
193.170696169444 6629.30061976901
-51.6315507316563 7121.72308101287
589.39046148615 6947.70524970545
-5.42957038522557 6577.96722547073
97.4372101338094 6465.81042667063
-67.5709693793296 7067.02843112249
161.119949679401 6965.52235062554
0.239033768164305 6745.1419938129
131.194633870404 7110.70146463344
414.683845279053 6704.44201848983
126.220028303079 7241.81234558089
8.72463178260153 6975.42955973487
705.395286143881 6623.97095393682
176.73208881275 6734.43917314804
350.471188237603 7189.03013868047
23.3791980910214 7180.50150057454
479.478850675916 6701.2702495656
10.021446660138 6611.75260444958
39.4195792243152 6913.81533526566
529.744137049918 6614.72327374932
22.4362302930984 7009.87636527019
-55.5023187119457 6720.89679206205
397.582658145352 6980.79686208086
116.805919330134 6865.21053427692
1.41721535979464 6580.02227961457
661.417282556462 6913.90290344272
42.9869114536559 6940.40161940755
714.135224790385 6675.39125587031
346.62825634638 6468.72292237234
-72.3195704417817 6550.75324589545
670.985334308573 6780.96319283036
552.894785834829 6527.886818406
596.394601934629 6812.38899443295
-42.4571940823724 7189.3341615137
400.418889795468 6645.71538287099
277.78287200946 6758.95608138927
272.758057256543 6635.27866444965
450.83521770158 7140.79951794615
460.350932446278 7112.35595865759
468.554294084577 7090.64923492311
654.681461389509 6653.14800640977
424.801012609416 6948.61509636559
367.549737056988 6893.72305962226
103.861829950088 6854.322753681
385.089982554895 7120.50348893877
41.3213526539353 7244.37181497899
557.708727555796 6900.43368030655
550.567239438513 6940.63750377445
23.902403258956 6873.72521962609
461.120633423188 6889.2438876198
341.591385393023 6761.94593589287
-23.604560710978 7008.85637890225
137.135929029241 6839.30129060183
430.499749759535 6647.33069009577
117.311380363924 7114.08015356565
440.795667231749 7088.29591598958
76.5048921606903 6976.87486935608
-69.6316969884716 7205.29837889189
246.807309135873 6488.65349348807
369.466703704361 6790.09050601681
162.09893409137 7002.21054675348
64.243758161443 6460.14803196498
583.080300055375 6666.132284878
451.054785735429 6889.67608898208
127.470044019475 6532.12205355297
235.348728352562 6465.33382174018
-9.27800820539417 7043.54847634643
234.077745991866 6856.19094036687
192.261789479318 6539.65345133614
74.1110130089355 6460.27799128799
657.342676655118 7013.15856637725
230.738961584427 6906.75687368995
123.146071839522 6727.95310981642
121.60581818702 6992.47453071835
645.079696580457 7043.4505763541
23.9961795963291 6983.50147598535
708.912697773464 7035.12498459533
241.231990780933 6727.32594893852
181.63700384581 7115.99807518941
170.787932303517 6600.70608140545
-62.0767254053966 7118.0891489287
670.353304733358 6975.31842706785
103.034436124252 6620.87095953877
125.662918384254 6726.55183830958
612.931381100629 6973.33513998434
619.663497767789 6693.57562515281
152.959730388455 7061.60419693742
423.526173191703 6798.83794977782
22.6282320152909 7229.17332444367
46.8132689427836 7067.29067445026
137.542304240263 6604.35486046961
292.320968570804 6604.75473335702
238.197957764274 6538.19288896551
157.179338037668 6768.05852804
603.089475070482 6624.71551451021
526.23376661072 6625.53283081027
684.657755629682 7203.16573450454
443.955440269212 6877.8621047761
705.406660871386 6717.87921589171
298.12943141273 6726.79367651218
256.938111434474 6861.23481573946
67.9198298751753 7218.14256201399
0.582932710813154 6802.60394189101
128.082233176084 6916.72028485065
102.496274078774 6572.85631919194
384.511620445683 7188.3713619439
639.951937047912 7002.94267069938
-49.8628205012874 6775.91659484573
584.748083758787 7091.03595744692
24.7311493915534 6561.25956478491
443.353978944278 6494.84576799898
79.7169056936476 6866.65778800775
401.963314358707 7156.6117061763
140.086920759598 7021.04167012692
1.87935641110592 6634.48133742643
486.560580437234 6898.99960437633
525.005583676094 6605.72936612628
-61.305515194866 6478.44062185629
560.975051840888 7202.20270442635
711.690295013499 6809.77715670193
690.650083935114 6877.21536020413
359.212255199625 6809.38470543806
525.466996708368 7173.51136336505
337.180971781487 6900.01133779738
469.520002218273 6910.52663867485
-48.0262070553116 6929.07569350591
197.469429152873 6637.52068441416
-75.4980675513316 6767.8954986957
624.966505085464 6580.16659037119
357.463117268639 7143.53495166212
484.176180921675 6724.77696869866
209.130548746025 6741.281123887
458.703940031848 6815.06358214676
501.566198969302 6831.56968349782
504.905800308333 6762.978734421
435.920293964926 6704.44013410709
236.849282359425 6890.82388749206
616.65500374255 6582.51047675213
676.174350791593 6869.24279698873
31.4349215722191 6475.20933323969
-27.5946607386608 7196.99945200755
43.9406342509786 6541.1309249967
363.876735486168 6694.91843170648
-31.725270910329 6608.89146806997
86.2597199325821 7109.95688016931
-74.3376815795346 6727.54400744779
600.843765841299 6720.65666820726
292.187442052024 7119.1995628976
123.634488450575 7077.56199517026
462.66776032014 7243.75150869265
122.584323079144 6727.56012623682
96.711040591671 7024.71893536176
80.6740119176495 6766.48080432143
316.625242553644 6523.64389379781
55.3212123160689 6784.79908703236
321.88917147366 6992.79777067199
697.373752199725 6482.61987631459
537.810977450209 7048.85717282118
63.568036804883 6755.45305231264
481.135698705057 6579.76902331426
540.525806416323 6707.77985107001
47.1427838099237 7194.56522071003
665.942232256994 7035.53145562204
372.660006084149 6465.11714105514
713.244806972041 6838.9698660139
106.480800733159 6497.08787568732
-75.3811826890163 7073.67544698316
365.101653544188 7025.55831327441
180.704666037754 7072.27255165204
-41.2135857694337 7004.8096285049
555.425380958285 7037.29584447382
246.330678947851 7209.06451360298
425.828625349356 6978.46563499665
497.346222940937 6713.67205256025
-19.9499222424723 6584.38129366004
560.713778119383 6696.81840092631
48.5380906199594 6644.24454038617
454.753149042512 6961.73651649958
160.713314760126 7181.46733520256
545.744771421519 6556.26575583434
536.290287219508 7021.2978532305
434.075070819908 6505.48824250091
693.457970528784 7242.83471710405
295.433052751628 6978.76700502362
671.868890281513 7156.32469000934
633.978723801827 6543.64388806752
391.535440016274 7127.2925170048
201.821592882127 6580.34799543361
691.124348631218 6868.86301304739
278.919392939664 6881.94618353393
-37.3379671153292 6791.32822015648
274.136320783746 6693.83767436825
169.42905133326 7175.61805325441
731.819577591059 6891.18492671521
7.17621394375107 6602.51388646557
357.511090721447 6993.31056915238
396.464798022532 6697.48702681037
609.659863030452 6495.76437584435
53.0259607454544 6599.54361733585
724.116797245169 6649.03331203171
152.21038525699 6823.62440463649
499.837933830474 6648.50669779306
276.893089687901 7197.03308756765
15.0148429839662 6602.19183022383
674.701530282387 6558.28859367783
532.467999189613 7122.45862338884
123.548015481634 6553.06842623617
294.81724705786 7007.43270851266
-14.3296724599923 6463.87181304607
156.221526022767 6652.47466770238
644.780399252966 6463.60231887629
376.924275953445 7215.7604496897
29.945231045671 6509.76410293158
413.964829967835 6736.22081951895
233.193967167587 6467.34362755395
529.281416737112 6623.07124721937
520.853438997678 7052.33469609794
239.222634490069 7206.88798116501
287.069819690615 6563.57269332101
193.98101194536 6614.30350546825
298.064132550715 6897.03759853652
90.1847587683479 6987.40488954736
132.997405070256 6544.20916182926
526.196045649392 6588.73993795884
611.51835067473 6458.61691442954
326.084594338054 6595.59490934209
610.000472778531 7173.47461752819
302.504625393481 7172.30698391136
58.2077021676728 6983.95158700953
732.374531190449 6755.72078192671
418.57878360537 6683.37479539123
127.140205799412 6519.63769850509
166.701693106319 7231.81425606626
32.6187475911974 6913.48491670219
-60.1103266073646 6861.47683218944
545.289449279207 6669.26174552733
339.412938701421 6659.73690186666
378.196315005655 7005.25168610725
265.418317890389 6490.13325711415
138.930004277273 6630.85781330928
229.577229765328 7178.76976234944
272.028745757505 6500.38180117895
107.327004123923 6698.64246028079
712.709242389057 6595.17694667895
288.692383380653 6976.99701285822
174.901753391066 6724.71025789116
369.859181959084 6540.04409082274
598.96730760184 7153.01307061914
590.649084811764 6696.33580240447
-20.3068926605442 6718.79615623753
-71.2962283542273 6539.72830926199
196.264001752748 6838.34046463179
38.181481019972 6531.98357624508
556.921431392268 6687.65498322028
683.832131695639 6878.46854658946
193.45137999559 7164.71241469768
-49.6520426513671 6726.05446709304
295.145352433028 6455.66036418856
529.884240057996 7134.75887633282
91.634198885378 6700.81309804998
496.970079328387 6507.94752063463
64.152080768309 6887.97719978887
-45.7875977215991 6683.44179792716
421.295484864702 7014.60422390748
556.800635707436 6716.09758165282
502.582362507973 6480.24458666532
342.822536829073 6597.54689357307
253.090355467209 6477.50074601911
542.781516218079 7149.10276812263
-62.3966637444544 7146.53433820087
421.285757489252 7032.73718160686
245.350091070152 6971.21553079971
497.746179919407 6691.59769687605
352.862170511936 7138.63955243538
678.902128883376 6865.98551673151
-59.5287226096212 6503.46775546969
279.113934559171 6565.18734037723
-57.4835117611393 6704.66594087121
631.888385462223 7034.90105474809
342.638582832982 6520.80630921619
682.792112804564 6725.4386638394
285.962223268336 6932.08981559671
340.554355901622 7005.70562823684
-26.633760912327 6771.44459716022
-72.5043597979221 7104.76131478532
333.451231461848 7094.30129112597
464.644310918082 6997.55744674612
294.552675782485 6484.28424673662
441.061879589704 6685.12404870758
36.5392560663257 6616.06395365314
587.211521785832 6889.61244888228
356.569927582405 6682.41362916468
380.365328987131 6745.66694484486
521.312741116716 6830.12279111455
356.900331765076 6971.71517984975
373.352840447703 6596.52128765325
248.80611807995 7061.28756706847
393.075750664003 7046.58656925654
-37.9033434319434 6495.91486646555
446.694892883395 7173.6006417837
43.8786395922768 6481.28270200475
127.319143265577 7103.98796754043
311.273898153611 6652.82948189251
-55.5222115661613 6480.92723716502
355.247169997255 7072.79929075717
142.300865218693 6533.59143571582
-25.1100311261526 7231.29447028867
329.116974303136 7196.91619891019
690.8351772658 6596.58418340693
568.023382208999 6976.74357345772
313.930997033917 6548.86769007586
477.416429928553 6478.16137802157
435.122046548433 6938.19970248993
354.013205846735 6959.46039977155
538.220528625282 6491.77496249556
639.064894296947 6593.6624470252
230.568712280734 6865.27644213131
177.756934244418 7148.76056395456
273.752322278947 6575.64694053574
217.103167296249 6505.77826572913
65.7485528032054 6458.02403845481
63.7642119076057 6952.10087706877
308.87033969238 6715.50139979583
349.033232468899 6462.00539483549
203.49775260415 7249.49335264062
448.911528657126 7042.03460793103
521.777057865839 7211.93652419249
450.029012231477 6468.22646833655
-15.1364788497761 6642.9803704161
-37.4934014595945 7196.33774342826
-26.5282707258463 7169.41159286531
545.742441076657 7072.76757578924
63.852636013163 6546.93538584853
708.291563785876 6695.11465425875
-31.3609215101571 6879.72015599879
669.465005807582 6721.75186302313
291.396136464237 6843.99571899014
177.788147680672 7082.12038105386
592.402872223412 6526.20679039837
411.296064354476 6922.36552543931
419.095899023247 7025.48178262291
498.552896826684 6792.87969260919
249.911696111245 6862.85423814558
486.255450028192 6813.28889190309
567.041908815451 6454.78740484329
131.289780373043 6843.39212894816
703.742193340285 6563.1935232599
479.598758565089 6908.21567822413
83.1024603846449 6481.1456447032
642.774134003264 6761.17350078928
467.91087553305 6815.66108602068
537.74274542381 6629.29403058873
600.224504716882 6526.6981209886
663.554214494419 6814.90796658683
560.195109011608 6901.82382133788
706.077155575614 6969.81121527562
353.722828652291 6960.50466473883
134.280184303107 6939.28814480985
311.139039086417 7203.25784808305
433.131222635707 6742.77716849788
527.125747618166 7048.94734434319
609.373144169668 7048.44719358744
636.361331197454 7186.15789870244
311.765492248588 7209.84815365401
699.402211960907 6709.18521312086
334.467457885252 6546.97196799643
10.944683470291 7054.03307630623
-21.7490807048471 6586.14170451563
680.354467207716 7144.7900356821
457.953644030007 6591.16255387333
559.920442551582 7013.76558511485
483.729677460906 6646.18730092197
6.00998140153327 7133.43363881124
249.885728325731 6486.51066660263
30.6793428727397 6933.85430710404
324.912772083906 6936.8030023284
43.6952517487768 6792.72607491307
255.548199982643 6904.0864739496
429.638169436401 6873.14960453012
391.704761817634 6899.80599177908
571.865323713155 6956.78304782354
4.53751977227465 6681.14419445767
74.5277666708882 6577.92997792817
636.771571444826 6657.52948279779
480.391889520024 6500.19786593699
-10.090988698172 7139.40922909081
152.408583690284 6615.11417958044
532.918165923628 6545.5663674114
499.896882664227 7121.19760251799
37.9065062157653 6704.66740940562
230.390837205607 6821.96809883508
463.578511755791 6687.02618750596
103.643716624425 6449.5564044406
169.206153258261 7083.37281133435
54.7437393324034 6523.01546988326
480.436074690054 6919.20216867141
-72.1780814997587 6470.65766009633
427.531801189107 6553.50438199217
529.478710656148 7162.80570194094
555.079212275699 6572.16285103621
159.089297501807 7094.55699753448
235.780747046254 6815.87312518135
599.398470417201 6793.28321536829
637.863499309156 7073.45035171537
738.001285458258 6912.75744211983
718.838538965063 7139.57688036162
102.899590925896 7228.37683173016
293.734514993494 7186.19923324272
306.194165269419 6560.76581059029
262.413210711543 6579.70298350081
679.304754948343 7183.98484218166
263.874799931233 7092.15484087264
310.835145473808 6513.58854842585
266.620626891642 6653.13875770396
651.713544356441 7232.08531806639
