0.923765980620402
0.671027353728759
0.907281522549188
0.89900064805791
-0.0520666208034443
0.584922250898406
0.922859678314528
1.03133576627272
1.12231981372723
0.0412148840303757
0.248486298628204
0.335380797975935
0.873409437994606
1.0021928219254
1.07873488854832
1.71807007955109
1.70776302583948
1.53231611732972
1.26499545375968
1.08038100608305
0.984782292683961
0.440867324779055
0.725013521650779
1.07817263789081
1.56187925817852
0.786997796061
0.154849656815653
0.922799725506535
-0.145930648080319
0.46910292708422
0.718558734188897
0.713985808394331
0.61805364510708
0.884840403060652
0.801180269652109
1.70670704618673
1.65616912917455
0.176715272307126
0.674490047532257
0.86203170393061
0.597418847340495
1.31424607222283
1.08948803245593
-0.153550078746315
1.01032207492976
0.466027079436866
0.106473806791302
0.317894278324242
0.160918317729435
0.969596092884744
-0.177122620559723
0.794266174222079
1.04919261125864
0.535323782610595
0.00294745811630227
1.056185175747
1.09449775698751
0.95657135265776
-0.0484863211670425
0.945732545258739
1.4058325867249
0.759063387719329
1.18907042272106
1.44045327050792
0.132114305353116
1.16735275967405
0.262007012538959
1.7258163326067
1.64792640643966
0.0483923239154865
0.406395411866413
0.492358562013376
0.888254164972508
0.831625454468085
0.103590643042592
0.672112050769748
0.985656904865666
0.692944170841924
0.0694082117334494
-0.0936768691341028
0.746364177132488
0.361292619966374
0.666365910334876
0.864915085094697
0.749719602433025
1.09619746043193
1.07544780198842
1.60050692251722
0.176899169081433
0.397143508579358
1.01679439275592
1.69157338068055
0.769677679918222
0.686644708411346
0.895886023302095
0.824519044995567
0.543518248894238
0.456525304364234
0.693584451620152
-0.158144675146132
1.06506504109791
1.03245572107519
1.03132256568475
1.08975264334366
1.0279365806074
0.918203032860265
-0.122287026527968
-0.0757628047098723
-0.156421701342665
0.97072498971062
0.936261934308324
0.92766507892407
0.0620659434974757
0.820375625440978
1.47162229011198
1.33327519103009
0.824288846246027
0.877843181899408
0.753704923052638
0.94246251434345
0.842938967232833
0.974081127992348
0.933158272913674
0.953877802588985
0.93398354838861
0.88785422920314
0.920921731114092
0.830755378983888
0.85338176157266
0.911796060340086
0.783517610242614
0.716124825461073
0.86693046064792
0.770101928255617
1.10040044675543
0.924647428081236
1.0087899721183
1.33976238145254
2.00721477674802
2.36854037232263
0.925116536999952
1.23788841053002
1.44197271318866
1.34976865899621
1.43174508748105
1.78047911508602
1.06474862029479
1.47269241690656
1.06136437005356
1.18754388721701
1.49193277957647
0.101942635245071
0.0512482000870586
-0.0674977391400533
-0.166527341571288
0.596310587538948
0.322527861341299
0.319810777255605
0.0293715013467617
0.346436155579592
0.090254447684622
0.361094229805776
0.28368074964105
0.358219435393384
0.529221337756666
2.67120439974507
2.55114950370449
2.15404786704362
2.2273001497998
2.23789031538223
2.55584501439137
1.95485745293612
1.93990806975051
1.7555348548904
1.69797977521035
1.75379274528208
1.69855396134917
1.47817705540325
1.43043697051625
1.53997000354139
1.07360518369888
1.37850170240857
1.54304045693412
1.20216274180661
1.19031857813877
1.23127173870431
0.914247257476334
1.02564873789614
-0.0694498671477959
-0.153733743665702
-0.337110143568383
-0.284153503072988
-0.339562551727934
-0.444264730174607
-0.477479863537409
-0.424711911828872
-0.379010655213099
-0.044233777939021
-0.124972528662427
-0.444322873709551
0.254785445620216
-0.439479477335358
0.323863569515127
-0.0690831008772287
0.0829151013386193
0.687625284809526
0.281016768917135
0.333032529978872
0.496057474764774
0.721392228254576
0.887085682305663
1.25277713419809
1.19743292162717
0.924084706782517
0.674661472541882
1.09164425903418
1.05478253801815
0.998468508231817
0.878380233432753
0.963879442065981
1.10919065310327
0.905373648093499
1.62719326704037
1.74762338570472
1.7667979093879
1.8572798324993
1.8604229795699
1.95080254213469
2.1948862771593
2.47897060939213
2.38218468583623
2.09393058784376
1.87850961117525
1.09904383919836
1.0879009138377
0.836289363072235
1.04732224654583
1.08089777150773
1.0341251648523
0.853406108086066
1.04369592781498
1.04507633987105
0.903080338608178
1.00789412614602
1.12208386734293
1.17671007104355
1.04209105128903
1.18093117289354
1.04604525034975
1.09497839538406
-0.224570822996905
-0.120079639928754
-0.219596753417104
1.19734227450387
0.92816058018576
0.888831502431329
0.6587884220293
0.799444906529838
0.717206053103533
0.366626648566274
0.491742113072738
0.273765500630952
-0.0484919047271495
-0.0579238401315808
-0.208244797517439
-0.159544177127558
0.713609881435701
0.518372779930197
0.420653500559485
0.655656341614891
0.351300550224069
0.184912918766148
0.828995041096174
2.13624932706423
2.34232083615509
2.48295529914809
1.30647586242344
1.26365529250349
1.70740040211613
1.66436811813901
0.91213353738164
1.25897432376662
1.03602926537697
1.20504215544832
1.14724601193918
1.3190931237072
1.84529070017517
1.47398258890453
2.11643171019692
0.981433397347335
0.897772180331272
0.819816408971377
0.839941555548182
1.22517662602643
0.128163636952863
-0.256161045142547
0.696895899060368
-0.324454597515209
1.42744414202449
0.820027536250571
0.828391457462788
0.675361226289151
1.4249522922246
1.61526570578702
1.40058334853401
0.763707036335647
0.454628343430051
-0.111061767187078
1.20041972685558
0.843386654586984
-0.178973314404705
0.267070287762186
1.3297254249725
1.24785916538016
0.904315240107885
0.889443824664483
0.802315872155752
1.25497130273287
0.519514283991363
0.482787339056104
0.910210636984005
1.79802074862236
2.02911742374708
1.85059738476032
1.8823182869367
0.520121232617314
0.248917040206211
0.804334251202949
1.12186272153133
0.253118534176537
1.70943193060568
1.0566499463936
0.885866544319854
1.53361718608375
1.05181805792942
1.91194040200801
0.913745351882155
2.14701679906473
2.47709908323775
0.126901423185768
0.0162760812836515
-0.176765398785257
-0.215170709605779
-0.0650238988523631
-0.158542799424778
1.9683631287241
1.93193785967534
0.441957260106395
1.68094629725839
0.988576598412286
0.567040589837048
0.261911380986933
1.9913307079319
0.701630998845613
1.06202301546963
1.114669992612
0.970722798574292
0.672479687521848
0.194132246221516
0.955461222639424
0.854975870010451
0.931321402284137
1.29303159442906
1.91570926162631
1.99124823649409
2.6601477313881
-0.138629154051005
0.797695481332766
0.917456694837849
0.253362219022441
1.77877354824542
1.23181521115972
0.356648125144412
0.544186421727119
0.888984076237968
0.693535483986571
0.823190256441124
1.19898445182747
1.46226222855875
1.90012351716359
1.71640549200192
1.13006013595719
1.32842931715991
1.99321472378568
0.386764560586358
-0.00591469910290972
-0.224306162328205
0.324601623305814
1.17408814851903
0.935958450241654
0.865111782917985
0.949774952769517
0.192905245415116
0.613975289905552
0.208363809945194
-0.0589749346970019
0.899720431877105
1.0632839940018
1.17820344462976
2.43080770049622
0.664984110434034
0.841048409591278
1.06804753423827
1.0994336693917
2.28063875005053
0.958532101919234
-0.242059099126035
-0.235726890666384
-0.0259006114417759
-0.26407262213816
0.976167493736105
-0.262957323065238
0.963875859819329
0.995630476835875
1.01472670567728
0.931786811635702
0.994798735750628
0.645266755791749
-0.105913981043215
-0.145355785677681
-0.0868683592385501
1.09627955079272
0.66843553379357
0.533994125615886
0.874710072846662
0.751861152446092
1.28750134305938
1.20225851685518
1.48377745516677
1.09503440227604
1.03098138383966
1.11842767100868
1.38258660171074
1.22311263864311
0.0671082725141894
-0.0105616927771953
0.140812814914012
1.53829578700134
1.29572687667638
1.32793747993389
1.7675650996977
2.28557379618842
2.09154285935973
1.96562111327144
1.33219965656035
0.833343654818612
0.880790620157834
0.758791952292326
-0.468164423972553
-0.406995253213902
-0.328814519993809
-0.240425969258068
0.0765099530292967
-0.0317367870531018
0.931755982940704
0.958324958189264
0.900272155247112
0.590703238524322
-0.313157649768962
-0.273250696698364
-0.319891621889893
-0.306584425007884
1.39340830162996
1.31234226169603
1.15362719066688
1.05997776277847
1.21938743692409
1.04078856431009
1.05495123122006
1.05827612480688
1.37702599161142
0.792455581921489
0.871258836596411
0.653847918226685
-0.173932045934367
0.952079347793842
1.75175016671697
0.0546948355793971
2.21042047330603
2.01332777981209
0.801593396791861
0.274854812345614
-0.058244408659207
0.0137046875922733
0.653244920889351
0.916432088383388
1.67169192866061
0.758351504282762
0.126765309313128
0.11274214219268
1.23110702287596
1.08750052754572
0.929536537349657
0.952441173064919
-0.114395937704603
0.385677316398331
0.604470540586188
0.89593821672023
-5.34136441666905e-05
1.04641092025737
1.00962856968169
0.500788803758867
1.03174893140112
-0.168766528338304
1.01962441124628
0.483259639144043
1.57508080111587
1.69774017588265
0.663788776873836
1.2272993367099
2.09405418561843
0.38811601977795
-0.287461193315025
-0.255617419761866
-0.1532280114971
0.98136218090865
0.287014818266642
-0.118937863608733
1.88355073472177
1.56388670423802
1.08134656389808
0.647394989001458
0.922617643870397
0.69162005997487
0.179713899415909
1.2613031770537
0.23177068786614
-0.282466982611471
0.0661712575020708
0.988968976665556
1.74207933938504
1.4891730412286
1.21673331105138
1.43270695581317
1.96786823561805
0.648609915379866
0.894142019567698
-0.129372146360652
0.474962003680117
0.058781552773731
1.3998474320706
1.86755285349543
1.54900580819529
0.813941512724035
0.975895756824348
0.798330348673299
2.26021051325315
-0.0987941871453293
-0.0915042086572075
-0.167968751581379
1.22993544434835
0.208364279578882
1.94894387978567
0.0456426023611811
0.644226080960433
-0.244055612710654
-0.143805610525619
-0.479121375223718
0.468269542819082
0.0490936068808831
0.0488434625893812
0.164704968028307
0.511117217620938
-0.202817506434119
2.17952014205885
0.630573904710535
1.24030609503458
0.890453054218054
1.09908790698865
0.577977470192766
0.0756445041332277
1.6891561462284
-0.348846195256068
1.11747517490732
0.9841646939104
0.961907560044398
0.700274117513848
-0.182937872820688
1.65961898376893
0.975644887455162
0.465383145428147
0.107253459841295
-0.31940256715867
1.12158972507633
0.724642279416493
-0.0331856182232852
0.684169930961785
0.964608267481349
0.686925796552974
1.08504434383105
0.81741040386502
0.259845191322839
2.41035585418093
0.00736354230618303
1.45910301629802
0.643857704334986
1.48862711315426
0.668468909821516
0.659617592151831
0.313956174916433
1.21574320320853
0.979506938627678
1.47627066640912
-0.201461732951924
1.78287213765607
1.84849523025228
0.741767776593713
0.978717252516169
0.745374448766079
1.58742020144618
0.915290701736073
0.396981753046969
1.51022042646998
-0.178194367763998
0.800150560777152
-0.145850209097553
2.39919632631042
1.03213682685298
-0.12124539615263
-0.246317042233876
-0.320141102410495
0.655820745468809
0.885980406994971
-0.120455041737235
2.39991483382325
0.741343035034586
-0.285720578788019
1.0515309284217
-0.0648495462445819
-0.401456317875611
0.789283038857776
1.49979158940345
0.882825127030078
0.365223061014764
0.156180241630484
0.895859944202566
1.71915559720746
1.85545734020632
2.52885083086526
1.08786234125775
1.05576811780318
1.07766344477498
0.645557432101708
1.1329369199468
1.68650814124499
0.868335991707859
1.18768393741505
-0.116131475328608
0.833106977232021
1.81325018593877
0.0958868832125994
0.0257321534383624
1.02430976211558
-0.094245560128152
-0.229031756564033
-0.119435578019353
0.246103286965396
1.64797574168657
1.252983705306
0.71669743310454
0.174449838953011
-0.215948388951666
0.785498971749585
1.75577507980083
0.0588960151739996
0.296585431569623
1.41374677704669
0.976180164390015
1.95969535595387
0.884117486898147
0.76572373420809
0.150667296869523
0.655408118710201
2.30119152907462
1.42536529708782
1.61720072914817
1.49243236558684
0.968884936616127
0.113340515850381
0.0407519664028412
1.47578740717538
2.38999541588206
1.92091195565144
1.90372662242221
2.03729012963147
0.435825013203714
0.869336913732629
0.203771515034013
1.79962019116417
0.825848849837275
0.262344055102982
0.392693753632139
2.54688632663712
1.3288329485837
1.70526570589723
1.83918447134051
0.70614194968727
-0.0740916697935202
-0.193977954891869
0.95406335244341
0.890820841415546
0.913327037352168
0.0090385978219903
0.180021233102459
0.0577056785656916
1.08244804472411
0.835052984155558
1.18651473510363
0.819308977978213
0.688009272897299
0.663928889841577
2.78613741066208
2.80810075688568
0.353686293173382
1.21248102953278
0.132146687622817
1.44870617753513
1.13822823884549
1.86415164641418
0.453299959845116
-0.00374536011206856
0.0340612611236999
1.32655419231761
0.108605338644121
0.333734317045908
-0.388731322213332
0.788105151694423
0.798590804149594
-0.0577092907858062
0.55265932596714
-0.0105426963496264
1.46305918318595
1.49638677235154
-0.111629276920334
2.64606219281033
0.921789919877178
0.843644277667702
0.909250033434494
0.919770120889238
1.77706258488317
0.394985647596394
1.33636558221974
0.733550652160781
2.02582450620147
1.29867447088481
1.75018584916501
1.08108869715497
1.07255094247826
1.07294780612941
0.632520132650503
0.714188247945225
0.605074790412027
1.03043256205678
1.61438025365696
1.0079229201376
0.168663975601519
1.54849033774451
2.0318411605694
2.12556499799417
1.79055212058557
-0.203838244704482
2.33818742114832
-0.0575104072372071
-0.113268192842851
1.37712623092596
0.286438958911892
0.185345360415698
1.33991463506647
-0.526294714297814
1.057287827319
0.689862453590668
0.2883138960592
0.60663827539109
2.6977562289178
1.03444128714504
1.02434634887191
1.22530245349929
1.3634968862027
1.42861619861631
0.390703622560954
0.0992876452589224
-0.252033219184014
0.849461840894205
0.414684997193759
2.25770351820594
-0.240129085281178
-0.177739238013825
1.17076923315863
1.677770404281
0.832597065670019
0.885097705310191
1.60856464144953
1.67496585400332
1.01356261115785
0.320071169421547
1.9480895159447
2.25904431843602
1.17574243784609
0.321715738848096
1.83607740131445
0.760374488971319
1.15956308395835
0.511193650950436
0.778280914004667
1.20558845077893
0.839735612823801
0.744348951929587
-0.200330876895923
1.32772822222152
1.12891874143598
1.99802931722656
0.651741387588838
1.94110313962208
1.72144054926989
-0.333399920057028
1.79636780562445
1.89815399093273
0.891712775914977
1.69791811996255
0.55106037987662
1.84993911774368
-0.140855450517965
2.0845639266626
1.79051607485904
0.912533337433187
1.10002464618805
0.707408806747276
1.76000985842257
0.624557314047074
0.503187038229793
0.891241687608165
1.40695794789209
1.98193144638638
-0.095271323480437
1.56287182607109
1.60241383684721
0.884524254710252
1.51080801054372
-0.356829174921029
1.829272746156
-0.112131980696385
0.191467592541613
1.90333158239767
1.2694358719126
1.08040608655698
0.935298455396157
0.877268382886998
0.0838409793790106
1.27774057201875
0.679280561239671
0.663231242551107
0.0910523799355814
2.63778721001873
0.0354108170045136
0.89869855847467
0.519487238699442
-0.0415762828046022
0.986240726461874
0.654550190371454
0.644900512956606
0.751210090835569
-0.310935716301284
0.933149762708762
0.0183337844077581
1.40275758328713
0.921756294841717
0.734729056951853
1.20459836971585
-0.0340950316868959
-0.165988598231333
0.550480615946119
0.411806746240972
2.01293403934996
2.57737051922721
0.827065833725649
1.01036954012354
0.872379568050906
1.43107085914199
1.47332113238127
2.23371416919742
0.938916696940659
0.916645235790798
0.946904481771641
0.850132493067139
1.03198542696551
0.713829203176646
-0.0563222355550378
1.00695556752923
1.01054960855945
-0.188930396755537
0.182787429419766
0.0484081026518647
0.707633848529389
0.963583976293892
0.210219548920157
0.0461444008672335
0.532671878239238
0.392241633785482
0.301045929554612
1.26878690494475
0.90277675489138
0.908526956956819
1.75488402092744
0.234542714204369
-0.0105527167983075
1.10743040492759
1.1171228429175
1.23534099734368
-0.0463765984000926
0.791649641017421
-0.11492356324819
1.01048038510953
0.958757329396031
0.999091278234991
0.281819589828813
2.01434843647004
-0.270756271348991
0.207610660987374
1.00939267758653
0.167673164992695
1.62399072599261
2.00193501557546
0.706795036960659
1.49502222886603
1.43435484758538
2.28370146054145
0.978743606338314
0.864914114653577
0.79006570370259
0.0336598056563019
1.01379047715844
0.118190535805037
1.91755433296409
0.29989205181982
1.71765645577975
1.84641865920556
0.643533009500995
1.07288765979428
2.12982702134045
0.975604019684292
0.681513156673384
-0.171771948709191
1.47254516626782
1.11104949656782
0.88865015675999
0.461910894052136
1.53075149529138
0.553118990740317
0.800268943065117
0.570334343485337
0.83627376850905
0.37272539885433
1.12784289330285
0.928846765003543
0.833520671101827
1.4195125908078
0.944916369198993
0.868074422545458
0.822760762389291
0.226224845076366
1.23695178251677
-0.182641472786841
-0.0795145730278549
-0.129253601393206
0.807467447141228
1.75540554061633
0.679062646453839
0.154386329845781
-0.00187996275615877
2.05330110473296
-0.320613460972996
1.72792134415411
0.730382776113782
0.379382511786234
-0.0797580250611718
0.216676728315718
1.0665537232684
1.60561385149038
1.47962429640224
0.437494263096147
1.02139341712647
0.437829634409581
1.06744661619591
1.58969621712845
0.670898359065906
0.125245798863894
0.693479099668204
1.10027719592976
2.04006582007173
-0.179921543633759
2.33312786544681
0.919745779269029
0.938417460082028
1.93988786544094
2.06100566675899
0.0429224090883111
2.07814700444502
0.457295354444429
-0.282069267097687
1.00064397782318
1.82142403578953
1.71717881218472
0.773110482500803
0.79793291261291
2.29717236301862
1.17632518764237
0.0157205158044723
-0.0478564686781457
1.00126264603911
0.732949596601062
-0.180050669720901
-0.238497015097407
2.02087488832162
1.43546124405794
1.12198389953925
1.17927311759464
1.30406983478858
-0.155516136304523
-0.133042478062123
0.510401512977644
-0.0745547781444858
-0.115931712268062
-0.179677090377766
1.38329261222201
-0.164740262496037
0.605444134664472
1.07447020461993
1.05231256924607
2.52305618299243
0.777579037836288
0.787835722884734
2.2076036059173
-0.388590167229666
1.688491809693
1.28650339219445
0.940065477691753
1.00084862429189
1.08974986912034
-0.0780823676080143
-0.327480829637818
0.577141744938734
0.921719391627815
1.71415858577211
1.47567072516022
1.05184662390339
0.0774074903765496
-0.351957017675942
0.208793215731553
1.51950432918884
1.78509147355052
0.797270833759475
0.722408856892562
0.844805100618797
0.840426368262931
0.111461745123034
0.932350179593804
1.21738654016711
1.43327406898556
0.905545213801606
0.674716980297939
0.782036051187781
1.05803557686584
1.20937729509957
1.32610530414339
1.14114031959494
0.904405859805654
1.02626932356386
0.147483328285863
0.415361487954702
1.0684072453698
0.280302141061635
1.08838029569985
0.856601690083914
0.689786046802921
-0.0438280501113257
1.40982907634734
0.604562211364117
0.499324331944092
1.01190451784556
1.59664851739085
0.839636769164033
1.01155453651572
1.07699412508271
0.158512528095866
0.721116594863909
0.819427382795032
1.0844851516965
0.716723835953494
1.46888768193968
0.546628905858814
1.17779268508822
0.985356358115003
0.340563041354962
0.0505237135585264
1.09781853658947
0.0144860652614497
0.334877497943774
0.650478917714888
0.326623015057608
1.25796315525685
1.00167500761564
1.25296552742485
0.860919043648164
1.08888881500053
0.687998004947937
1.06203334544241
0.145914252283372
1.05182683476577
1.05664691623502
1.5469659690891
1.38467254484373
1.20999837575806
0.73407427412107
0.691435336077234
0.604149536111383
1.06516472294369
0.91104277053984
0.616363486855324
1.07541604791024
0.690864645978954
0.699901589532395
0.711286602888406
0.731162731384981
0.755038147105093
0.64595351235118
0.644480590748137
0.598942187108542
0.745303993503068
0.385740751011347
0.366704805083718
0.756865804610275
0.822587470326522
-0.0561143751707019
0.0882687132359274
1.56852989547125
1.31865567698309
1.03588591660882
1.02505601462473
0.796467345124523
0.75384074943003
1.3634967828993
0.870582404499894
0.933637136323743
0.794010192805559
0.841144514653688
1.23331299826314
1.32711928809143
1.08349772642159
0.909108529496074
0.916808984127687
0.815332149882776
0.213539690952329
0.178205114113961
0.911139587390464
0.930087500535357
0.602698870531764
0.391985711991855
0.531245095563552
0.219154252808981
1.16262969552537
0.991456845581424
0.234451468267093
0.560102318022935
1.33492853524623
0.238903954674951
1.05875208284582
1.01226088452857
1.61974252320915
-0.0645109632916445
1.44158130853732
1.09893582518652
0.68878026610922
0.00992865392707752
0.54903966946702
0.988926771594943
0.676536170027631
0.208442716941978
0.187596051451555
0.977015550710334
0.48915357749704
1.08254480695937
0.74911601457434
0.845208197110273
1.56203565158273
1.43890377343081
1.29412262876184
1.43711215462544
1.25938644241273
1.3030201850864
1.14714405797356
1.23730156136953
1.09031515591099
1.11465133848173
0.665097687489305
0.75444809056247
0.876627395911443
0.770373137952051
0.697620039223808
1.00850074930524
0.802548046717877
1.05257934783171
0.450247794862836
-0.0555499838796079
-0.00908070913303907
1.59371407141589
0.900334817654878
0.716865052864487
0.684306892767812
0.843698611148087
0.721220317455755
1.0381310960053
0.0849821603884523
0.807723496311308
0.607964889805988
0.516994818366119
0.658209688655219
0.262022362375502
0.261006236420128
0.74802181035347
0.714774018029972
0.771692215090919
0.703684509754379
0.693854658909769
0.745823170969396
0.758563465231711
1.63694532298858
0.505404644385689
0.845008764787599
1.10550715408822
0.158387411907599
0.386848207542695
0.480126294244027
0.781124458659828
1.08857726717199
0.433394446516097
