0.955258291079277
0.679865732453338
0.865170097378326
0.855055932447519
-0.0665867989423066
0.440711064032252
0.752129673572608
0.854842338208252
0.954273783026443
0.200243543978777
0.490895713294417
0.589829859417228
1.03887739185359
1.07225423011087
1.09957055803616
1.67924024860665
1.67330589434752
1.53566791423914
1.30071343504283
1.12069856948332
1.02112485426599
0.461228846803145
0.717387677463626
1.1429051475192
1.53485600363134
0.803306010532237
0.173445065032982
0.958852075690764
-0.253766945752033
0.486509289787188
0.711213689632059
0.725991544573078
0.862809082897644
0.85100392260568
0.777000474248824
1.66301419938296
1.6373007031339
0.0393387258136589
0.678229743589666
0.886111545528933
0.609437069183634
1.31568227915423
1.17461329268052
-0.20955313718668
1.08901155762283
0.726940094138548
0.316383440292355
0.336737801216895
0.15977265669898
0.996844650060801
-0.259338627107678
0.705556867371664
1.11049112012376
0.38913013113024
-0.127248089986997
1.13815292852293
1.17135580174869
1.07349984049973
-0.0850067661978628
0.998594908336096
1.42852538309256
0.969269148529408
1.20147750427896
1.42801961091355
0.233272254849535
1.20765923241064
0.280174904463849
1.68267267833741
1.61027030806769
0.0418937442865295
0.423702228521825
0.512175643528361
0.847044851647757
0.808926648744532
0.116655827586973
0.674708236111796
1.08177064104289
0.691892622697688
-0.0654854278120481
-0.212833401533459
0.759831163299655
0.218536653277587
0.673297426705078
0.830286580924364
0.735022405709208
1.1790013581056
1.16017596585053
1.59254294875236
0.405620040586237
0.657361108834239
1.04133448921098
1.66388874244447
0.612660516180496
0.697537962121872
0.923956628112447
0.844250575090452
0.799054595645089
0.320998014606118
0.922879728280735
-0.227449821979467
1.12564675564579
1.07126911695239
1.09809679451002
1.16013295576345
1.10451014363373
1.05852124908829
-0.143075834152254
-0.123146355467266
-0.252922731145599
1.03253789950511
0.966774272529463
0.971401157886377
0.248890810721656
1.00818336577487
1.48521918599614
1.36379463857072
0.834892271839676
0.881740029264645
0.772184527469443
0.929081974804285
0.843578324972449
0.944175811813268
0.921547545538609
0.941352763897405
0.929640546210603
0.902000664684982
0.912824518169495
0.844405827091819
0.871881247189555
0.917539105152156
0.818698508196467
0.763619443728434
0.918031373284626
0.816504411783456
1.17663012099052
0.987179303183435
1.08036015074864
1.38934881345124
1.99132865971701
2.36217156442643
0.948460908379458
1.3214405134641
1.53610830729979
1.44654667421152
1.49884263694444
1.83212481727256
1.0800896175657
1.55248004396996
1.03955233200302
1.16285735880428
1.55911810508372
0.141787227698074
0.0957485392408574
-0.0400880198146928
-0.126164310273872
0.636161331141024
0.355812586722294
0.341415823205536
0.0991732970829787
0.364425826306496
0.149941732062901
0.407527803294138
0.355753456751817
0.430081484214354
0.55969428559969
2.62780966013852
2.50431524135541
2.11396811749928
2.19591990659693
2.20104897313049
2.52012559547257
1.92485897166627
1.89647598697375
1.72445818436484
1.61297916897993
1.661443489791
1.58866643428259
1.45275856505462
1.38185076260878
1.41323432190276
1.13623645244764
1.44539766961252
1.60795143259998
1.22075207241905
1.19596942611912
1.26970260637066
0.898720432564353
0.9843775384755
-0.101487069170362
-0.221700195758036
-0.433561221184562
-0.372165914607274
-0.394195640052289
-0.506460821324673
-0.420810405473799
-0.433413062308644
-0.322659861488533
-0.0157142517427995
0.0482071648632544
-0.302075099415885
0.205783939194102
-0.37646995759216
0.263171358488144
-0.0554570282631411
0.359853780357838
0.733122881739383
0.380599166965631
0.396364556624954
0.52900643161546
0.73696660497575
0.956110054515013
1.27545572231611
1.25971257764346
1.00405773842116
0.743797734698346
1.17319030202014
1.12377145624997
1.04487059241653
0.90130943356326
0.960134962973793
1.13914219084291
0.888003401966478
1.65074807604874
1.7808013717318
1.77911396217755
1.8508187718697
1.89349882545738
1.98928763549203
2.18953422491439
2.46670005357771
2.35199433113303
2.07663004949546
1.84310639178407
1.07205343590803
0.979450983483234
0.712093764938137
0.946053203505419
0.958461573220846
1.04691817461391
0.848085361814549
0.932764956684617
0.950255968654016
0.834802383434675
0.968455760441889
1.12706767721313
1.18065513824292
1.01747108040981
1.12297771407455
1.06869117268623
1.11184930799949
-0.170372295672042
-0.0683181259100452
-0.186742941597403
1.17926393009698
0.944177393574312
0.953932123269278
0.68391604983347
0.801005029030851
0.717839299020248
0.383305408323603
0.510705698594477
0.29304570927046
-0.0284896465884932
-0.0865881941379045
-0.241520761560846
-0.170948810816813
0.835366541022646
0.684461783244847
0.603235427029457
0.879377867574425
0.592751570857922
0.460279381197639
0.847820824517537
2.0929275887528
2.30806061635048
2.45652674355197
1.28329589971443
1.26912964483341
1.67612917767959
1.64286435998537
0.947978176873862
1.27054454511025
1.07080445638161
1.23185133120044
1.18746808178497
1.34525288104616
1.85040404388952
1.49697449703621
2.15197858270738
0.959744457594519
0.89626004376942
0.83033776163066
0.848426062301649
1.31824537073634
0.152524811842068
-0.250310381352093
0.718104399104876
-0.45316677463325
1.48815279061409
0.849554653709727
0.869160897682278
0.697685183330975
1.40503416944466
1.65652290786527
1.37816905824371
0.773266795106824
0.724515104409715
-0.195777462428886
1.19724240519634
0.895302229498347
-0.0433877069644354
0.29782685379463
1.37729646421017
1.32917733577396
0.88492183002924
0.906993139587196
0.694966616456525
1.34600299750632
0.568148208514466
0.516131112920903
0.896758144180505
1.75889792901134
2.00215914754737
1.80071027724288
1.94107293776926
0.57053884009472
0.337136953898078
0.811127516171944
1.09998268335322
0.297060818039293
1.70322160549354
1.01178509471384
0.857759182557112
1.5413111623928
1.07983976049297
1.86398556028607
0.906104435847591
2.19518936896553
2.50428674886023
0.173474059132754
0.0638075119054036
-0.209978978604301
-0.187685992681598
-0.0660388038154388
-0.226476141066343
1.92635722716591
1.87557718541575
0.467818768952174
1.74320783154165
0.919426062590512
0.626911460652947
0.339566209452489
1.96790671105382
0.709292927659543
1.11987928181882
1.14436592742307
0.987878138851462
0.548168409680304
0.458480175635366
0.913307807892231
0.83079520087535
0.930087813807237
1.33435037883347
1.893788186055
1.94860048191264
2.61454896901932
-0.152723123953813
0.830830204368238
0.897076864483843
0.264503073812926
1.75292394463565
1.19326947908802
0.40905407159863
0.587825144746159
0.888143787862442
0.705343760123715
0.83932697454216
1.19398973441508
1.45077164066173
1.90087545759282
1.65974540640425
1.19089157663648
1.32556131292913
2.00576064722335
0.403829727697004
0.231810968627384
0.00852976562740959
0.604828640580433
1.23607276381627
0.966166167145073
0.890178360170879
0.931857735760922
0.219962403404567
0.687562560338946
0.429256474068247
0.201724720480222
0.954767227602372
1.12976085214602
1.18496965303645
2.39726289781603
0.902562540813803
1.00780905271647
1.15542440836829
1.13981247244681
2.29851882618456
0.918611293211945
-0.279193710822153
-0.255690511699778
-0.115480069886422
-0.382442563999322
0.946390297923733
-0.372543079008733
0.966133828017918
0.969727537572414
1.01548858767568
0.923845729209817
1.02431991475164
0.670239158903635
-0.0848695572872635
-0.112293569014227
-0.0688924167755941
1.13516378974089
0.705602063109328
0.572671076038378
0.86895026800408
0.772327972007062
1.32397944386926
1.24927700766563
1.53118452617789
1.07119018960465
1.0121415420117
1.11598031744376
1.39385309183302
1.25607137665192
0.0565699231519288
-0.0560416990336169
0.0306104018235662
1.51435940561386
1.18977198296444
1.26921372003553
1.79580439190683
2.25592708561273
2.05931183605812
1.92827782366977
1.3874434006887
0.84518111376953
0.875208869342321
0.77369105336288
-0.468715950717145
-0.439214329970305
-0.423100630984888
-0.313904437648506
-0.0263047805027437
-0.157732883087604
0.905399623682488
0.975564482170984
0.933346288777151
0.654738279275606
-0.432249521968579
-0.37270059370799
-0.444167856716022
-0.427745306107037
1.46980825499975
1.39951568394378
1.26121635490836
1.15556343773227
1.29032663350077
1.11625052887789
1.12249649675424
1.11898652558757
1.42624944946121
0.85505456508269
0.941600167335982
0.703765404450014
-0.167050027856263
1.01849035184072
1.70559369702591
0.0898922153922124
2.21287306855672
2.0049249636524
0.953680680366687
0.29901767813171
-0.0275202223903225
0.0355348816760259
0.668982396361722
0.935645120890518
1.63882597152713
0.749831827826866
0.166878627732056
0.170079108261007
1.23813084399872
1.10428758809145
0.947623487468975
1.01224149703943
-0.126851522469853
0.407750484967385
0.628769810270088
1.00194857230796
-0.00239249675091376
1.08534464495455
1.0565367928707
0.770004634073878
1.07293758799038
-0.22306967015576
1.10248161280119
0.380592960767523
1.58041366415401
1.72816949322839
0.676363500285337
1.23548434384033
2.11451149614464
0.342284788539863
-0.386599875576418
-0.361784150312809
-0.136061927083816
0.996377289357232
0.322196137753608
-0.176803663164098
1.79862344187772
1.57620385436159
1.1779679545351
0.831688157424589
1.04226377145878
0.7237719071591
0.216154075703025
1.34634633590869
0.52116319086994
-0.273391989597641
0.111682906755724
0.975016449427941
1.73519842272351
1.56614725178863
1.12440040572144
1.46494672015895
1.94805421623388
0.67895680358321
0.931129707107901
-0.253282193532425
0.374035186191133
0.100246287902309
1.39339381352915
1.81598823689864
1.52664902654783
1.00270425779316
0.963478596057938
0.79321322551753
2.30111516411069
-0.138102598160465
0.0935469955415755
-0.263226987011903
1.21040975490507
0.270347790143454
1.95795404261841
0.094195891070814
0.727230956286258
-0.364647679930573
-0.108262857254283
-0.412279447631419
0.51239667195985
0.0788263965458244
0.0568322637491804
0.0963701034097939
0.742782302560281
-0.132036247909815
2.18599926304552
0.657145610865954
1.28315710019295
0.912466501179985
1.19488519594897
0.611059568180937
0.197052785662
1.64244700200001
-0.475214757637567
1.16012294317161
1.05672468267174
1.06065792626404
0.701791440336988
-0.15912575510779
1.670081832501
1.00989464677393
0.492978449731226
-0.0253390159994762
-0.159424739879703
1.07885491077209
0.614625568580185
0.0965797347794205
0.717230944910401
0.998606676614074
0.724733596111569
1.17536941338059
0.919503923714118
0.282658760700576
2.3696991005427
0.0685981784129225
1.49997952223111
0.668457314527019
1.39457841273224
0.686283116040217
0.686879056260356
0.398233677040553
1.27663847193933
0.968994822537367
1.44225342432978
-0.00268101408250198
1.7336261201405
1.79482727444455
0.951136344919476
1.0073331415036
0.748279040989245
1.64976609060169
0.974734804662319
0.489924677349677
1.54189230195791
-0.217480745111498
0.819833484383228
-0.192726984948245
2.37505318490156
1.05734412894664
-0.134386146099684
-0.251186301089559
-0.108741856319294
0.689438781380907
0.88219248780904
-0.0898572430072401
2.41193152234233
0.766038456364643
-0.388446002709618
1.00391805136981
-0.0535734375512951
-0.290888047685931
0.850384322657539
1.5440927053142
1.03682914819333
0.240936632269018
0.0285931693840195
0.887073456103485
1.79485702939645
1.83174407441659
2.49179075921715
1.17247270689329
1.14451452970331
1.16851891361954
0.660706088382754
1.16687544287716
1.67263395945506
0.816701812385276
1.19404202678572
-0.100453325852255
0.823279568828736
1.76299632625961
0.117681527568972
0.308542313302889
1.06345121901722
-0.18239571924295
-0.287244963767652
-0.197050878321384
0.320022951264573
1.61296859430881
1.24541670666816
0.730053574183742
0.18327255277781
-0.271530025413358
0.79674846425502
1.68532383588653
0.0887813004836253
0.288188757774845
1.28923396084814
0.941570093130957
1.9932157576503
0.95732295195077
0.953935588647231
0.128323742977276
0.663774257389213
2.34813250070784
1.43579126751254
1.59414609380145
1.47764548268063
0.979209283791232
0.145462855830688
0.0679885485891027
1.54223178688546
2.36866633490678
1.87060595205535
1.86012579007005
1.98829433923055
0.507941696951148
0.852856572388089
0.207671778132442
1.75454076891674
0.850210904720255
0.286603133079269
0.426544349867334
2.55157951283757
1.36819702897097
1.67892102285477
1.89054170955596
0.723241688226854
-0.0465270584299886
-0.174103679992431
0.955886474673106
0.915236352551924
0.891159034841354
0.0790826531220466
0.207349719242732
0.0572700445771893
1.15549155029842
0.845443204257077
1.25374610922557
0.889148118420983
0.722821201119748
0.67897810866169
2.72475729561971
2.75116976433773
0.372755072003158
1.28580660753885
0.169780947131316
1.47652147747209
1.20844029854364
1.91184607201426
0.722893184612883
0.0249736766734
0.0837001824597464
1.32178379712354
0.148741431346439
0.35433739667959
-0.507675253382054
0.801325002798459
0.852405059017806
-0.0324612231896092
0.573874301077647
-0.0108336863920624
1.4139419232397
1.46075081162963
-0.214493169302151
2.61625336565254
0.97086999852858
0.993702567109926
0.884140611364914
0.885317779791736
1.729775963396
0.483404646218734
1.42049199848327
0.757273288762876
1.94355408011452
1.33994455600722
1.69891157104043
1.18195752704652
1.17579455239402
0.996353423987435
0.87796616117037
0.939019244881041
0.852343230195955
1.09021751931628
1.61304419870461
1.05978803201933
0.210138650181514
1.5615502879275
2.05411139139409
2.11436157896317
1.82905409986243
-0.222697931626655
2.3443424132882
-0.00797154989835409
0.127900303538003
1.44734367856716
0.315532018234298
0.232530883565122
1.33829259296416
-0.487678263249309
1.11078343147969
0.73405968731026
0.339043261389965
0.648279589499982
2.64801004070571
1.07901949674182
1.0752536883253
1.18374360984035
1.44516706505106
1.43562454739347
0.672115144051135
0.0673871152918426
-0.277459425765789
0.873532089084185
0.405490628405375
2.24129390835386
-0.330255955531382
-0.197813529652381
1.21429595323156
1.56456838448743
0.828334974528853
0.889732532852028
1.6514489354103
1.73358338141999
1.01840852405241
0.339373226526125
1.97369494295096
2.23509579992226
1.15913812686341
0.249429343332256
1.85259520486259
0.774647401121717
1.19171564239378
0.557082156831473
0.705849276362869
1.18619255746697
0.952350534821161
0.897948579674552
-0.215493682739596
1.32361749848326
1.1383211371017
1.95664400604006
0.793896819546955
1.89614170546401
1.68222789160906
-0.231206202035385
1.78385767122032
1.862924432916
0.90220710243336
1.7044931249715
0.595391260744132
1.80703785862668
-0.143617083416237
2.10309884856956
1.78140787354786
0.87597652806453
1.19881260368886
0.710117650559833
1.72773435468735
0.661247657647615
0.542223447220276
0.900369416940425
1.49067322827802
1.94011409759576
-0.211378841051387
1.58126467648688
1.68073780649514
0.910205091323677
1.41456540941524
-0.344729502951864
1.80433676218199
-0.142479182957073
0.248336275885793
1.90303215827501
1.31794072619586
1.01893828905791
0.902005015337783
0.904282716411658
0.11967502179452
1.35116898643309
0.684636687772791
0.67317320208136
0.101450703361495
2.59229435695037
0.0958007122706132
0.844888498448339
0.552878503367151
-0.0471044590973414
1.058714692927
0.676397832011657
0.667381821402855
0.962359669368041
-0.422340875482896
0.96226099466663
0.0698916737756394
1.41651810110221
0.902490182938396
0.727434716059338
1.18883091074646
0.00378830770663119
-0.13785781651892
0.586599348922428
0.442048482925066
1.95704723482801
2.53278792958133
0.684823428875351
0.992861336962559
0.931301087551352
1.44482480095192
1.49435324930601
2.19911637937718
0.942123279076614
0.940065382999881
0.902557911455129
0.878160594974243
1.0106409932361
0.738836244239499
0.211255520305832
1.00286386204627
1.03130079987945
-0.310539888242304
0.058745981354291
0.0799397465602714
0.577398538310844
0.998846847657916
0.263183240218505
0.076223875377706
0.781642707258372
0.654381455000185
0.582336858950017
1.3202933676622
0.873504976837496
0.895585123376672
1.71607930486944
0.282239253901612
0.0252224999324105
1.08075358146488
1.08796054864086
1.20170014236066
-0.0109276767261158
0.820503966102608
-0.179347345470216
1.04519965244334
0.970220238320296
1.02553070071627
0.304910435728399
2.04348563740273
-0.392611751248517
0.238225251551882
0.880285750542447
0.192038206344902
1.63655913051799
1.95694607127359
0.901924476042502
1.47987524029538
1.50434651891988
2.27563867656421
0.984759722396389
0.898527564279822
0.831165762964445
-0.0988374895769708
1.0797115470084
0.364803695656163
1.89000485800203
0.565825982988574
1.6736519719805
1.84215394592988
0.674649024962444
0.966659022316531
2.1464372797122
0.966206975475627
0.696992252251189
-0.144889758561039
1.55854239008245
1.14737459789106
1.02032812778777
0.493614740119914
1.54929737164088
0.811679278794303
0.804366738239256
0.828505338358283
0.729308866903059
0.42626824231007
1.16434411257107
0.894125924306165
0.859604333290227
1.45970757214351
0.959110636523945
0.905624038714981
0.84286846104158
0.130468312465781
1.21605377428473
-0.24833800933725
-0.134079510796457
-0.169866983167977
0.787976639559599
1.73843806627847
0.699517848253821
0.0277462946145177
0.210411135356084
2.05355579127057
-0.144843495408903
1.68624543250867
0.730346864537117
0.649465180116719
-0.039771917337314
0.310956860228426
1.10687668846153
1.65640456462189
1.43477641671204
0.325499416013824
0.897068199744323
0.457586143110142
1.05824323850297
1.61269844295243
0.769676694019258
0.110437665960346
0.715632177538057
1.09618082622322
2.01626180094922
-0.295681436171767
2.32558611221438
0.970675743063273
0.983111691643356
1.93820601147856
2.07280279605436
0.0712635658310264
2.04558841800347
0.482658549489714
-0.241021082651716
1.03344311170819
1.78777338444879
1.69469550741552
0.805588781021496
0.797826670844918
2.32812552147085
1.24390831882109
0.0548094932671593
0.05292518345874
1.01951107356919
0.74809095640388
-0.242548505596506
-0.324217288509851
1.99482559461686
1.49246560116667
1.13488303664938
1.19104326418949
1.30621906641118
-0.126864314152936
-0.10648859518784
0.71755867714696
-0.083317946955554
-0.121623724086471
-0.198370730286841
1.2416803971172
-0.230324352171093
0.623125074765744
1.13860185467929
1.12315825258414
2.51442923427015
0.767219849752473
0.776528927981994
2.19000001676686
-0.504549858706434
1.72585026834103
1.27885138620717
0.962775788272252
1.01801784503503
1.17861392630865
-0.149866101270197
-0.207139700411264
0.480100391530983
1.05295570555237
1.73924533717853
1.51200234414623
0.91486696006669
0.338976132920795
-0.470645706955244
0.486512304777182
1.54403526936086
1.78355979868481
0.827170368226423
0.734925568231542
0.814305543955269
0.806175175370049
0.0518002284115531
0.68274273125588
0.966328428610871
1.22739425327685
0.881665031803946
0.825078214772392
0.960888233629044
1.10608170714819
1.21674859887142
1.3219212730733
1.16308087633759
0.938696961657208
1.12860686354773
0.00951391736604488
0.404486311601806
1.0954451475445
0.436137775912702
1.16444089763252
1.03284729254585
0.686351405499768
-0.10956505722102
1.41858460164814
0.422536316125923
0.736066014278021
1.06825541385649
1.56615063057738
0.864996445953851
1.04900442716692
1.15429256613505
0.16232901950983
0.695575069123964
0.787514207603445
0.869077680681607
0.725804894903227
1.44767266186695
0.548801856616795
1.06463236057929
1.10196297027452
0.547947330609566
0.0281294111376374
1.17223615881431
-0.0892426892566851
0.167751954786946
0.880585472277496
0.165183664430865
1.28606198553484
1.04108408578817
1.25910261926175
0.818404183884459
1.1170410260844
0.772495389148775
1.13033596744996
0.0373776750125028
1.11969228993248
1.10855654637252
1.52894635843925
1.37464310180129
1.22727219054742
0.925775292386489
0.468249959711907
0.727324107752972
1.15192268113295
1.06077881506155
0.409268100022781
1.10830898037816
0.694586614873741
0.692922053960249
0.714512370607324
0.714079169297072
0.734688775989273
0.636032894767201
0.623843619922943
0.582583841047165
0.765587439889323
0.394717352035857
0.360387960375401
0.964954370310124
1.00455743742102
-0.0965148058248915
0.0202932089651635
1.53604045139704
1.31162876656618
1.12607378767866
1.13374278824902
0.815231957525395
0.770965854801097
1.3522170750232
0.673474340088392
0.694043493041939
0.756806358447005
0.804584924378642
1.03811930632401
1.09582377172705
1.03830875445138
0.941837065718523
0.950155060083212
0.842406047175251
0.189818679188407
0.151130851215514
1.06278025945593
1.07584351936853
0.787091041561908
0.622841149598244
0.739852374180656
0.0709937983693478
1.17877492856742
1.02448840119659
0.0942745340629421
0.805148930879534
1.35886521629009
0.44360176978581
1.13343719065747
1.07575817848737
1.59285788351955
-0.149973328655641
1.42608331631524
1.17603889064131
0.684801776720549
-0.112019900471183
0.556677101207431
1.02578395639874
0.679101748866245
0.221708103547706
0.184398133975392
1.02713346344548
0.328618472322684
1.15288386779982
0.761443948651779
0.80792551266082
1.54939879305741
1.43550788450681
1.30674011154391
1.42579793736721
1.26669773385599
1.30577567522229
1.16620256564024
1.24187059073284
1.16388973029292
1.1430578604454
0.87389921676939
0.723362019158885
0.840353548526759
0.74765820077497
0.705696988798745
1.1043124150708
0.99844124087902
1.12692181090519
0.462227566543604
-0.10369913842507
-0.0374564613783689
1.55927635118109
0.854154427191019
0.700063497080746
0.912974577893599
0.867405082517296
0.54690680763381
1.08283175618628
0.0203009799319965
0.772666904367219
0.601766702331768
0.510679993769259
0.640554313028075
0.268119869457484
0.247488046845056
0.761303805147816
0.722829834227502
0.790414377558532
0.692860390915331
0.688379087218623
0.724700242074862
0.960225890784642
1.60069758796661
0.677451099027226
0.80386414128334
0.904958804363428
0.325228181506312
0.489294353948862
0.572922153800612
0.783036139590688
1.16901883035017
0.681464813000246
