1.00671907294871
0.710215467055479
1.1392614624681
1.15468246892633
0.148213021428095
1.31654535086757
1.54334424281998
1.62036848363003
1.67513003412472
0.202631450222969
0.553186327152263
0.711763124489631
1.07314254483339
1.18310424030713
1.07166792569944
2.01124262939678
2.04586928683358
1.92411602495196
1.40706730737964
1.14864062946144
1.06516101878807
0.43486463175203
0.855022369734913
1.09963830962279
1.7535644056855
0.848457570372207
0.190314926609541
0.887597614515148
0.344154479688561
0.557051688158035
0.760655378985531
0.782526770417725
1.10814797494938
1.12952848213383
0.949750887587225
1.89096547820359
2.0741918937832
0.911478629147402
0.678700422695968
0.923714393134824
0.632641322660605
1.4815389279846
1.28955442742269
0.179046720776335
0.912096857003288
0.940706268388902
0.309166547330909
0.292207383468342
0.261512998392158
0.885242980111011
0.226558453407508
1.06762561635955
0.967694157577515
1.31917637959602
0.610262210219964
1.24775597571791
1.23216352880959
0.964091478374755
0.209792102355818
1.06401898977504
1.68233852940314
1.14792384271775
1.27588684866242
1.6366658374647
0.259857407899147
1.24901346796452
0.259802724618161
1.95093076944132
1.82644888819597
0.195443306850442
0.379558737619813
0.507252092564681
1.15301483552581
1.03103176426852
0.174035044639922
0.740961425522624
0.927723233824124
0.705046991167419
0.738049188742448
0.449295739997087
0.816570570449129
1.14117989838713
0.681530582469869
1.0624578029705
0.839775399050087
1.27794760054469
1.27386894688704
2.02049568958699
0.436492786838388
0.8317358004479
0.959626983900191
2.08083215496933
1.42842783280644
0.74083588230747
0.969665883429944
0.881199748820173
1.04066668505803
1.22713593257102
1.14744953947708
0.208311654985933
1.02612848819293
1.10362810036948
0.925491152328592
1.17199446356889
1.21371722422541
1.01597382143758
0.110572544288583
0.216661993492798
0.287272531204092
1.13632876595798
0.858466505937549
0.968931210996858
0.238295682138937
1.11771437697761
1.81383079797666
1.53313454705523
0.858106423149648
0.976517419426815
0.840536761002124
1.02343788604311
1.04335312837714
1.26265259879393
1.25672197476647
1.25222881072192
1.10369556042155
1.10017493293859
0.950531460123282
0.951091874558547
0.914741460897604
0.959053492147238
0.586172868329302
0.630615132789063
0.682251437817726
0.783374714329654
1.06165746383305
0.922050227670751
0.826443878206212
1.39129707294533
1.79490374530026
2.24935055735894
0.890608364420071
1.55265642205874
2.02412508878521
1.87922310789911
1.35415757827586
1.81937409559956
1.04616360782184
1.74812056235543
1.19588940089574
1.16670661143788
1.63916015849846
0.231527133846037
0.0873795535494942
-0.0697131353439523
-0.25742818143711
0.62592707219686
0.139031864352229
0.186740723049127
0.182103266733962
0.368272353663889
0.119187525605694
0.311263134059349
0.503980812410624
0.41196315259435
0.427389957553752
2.89497755850629
2.74241973159681
2.20823557968958
2.38103407137115
2.51580005224703
2.90590959557371
1.82041848121392
2.13659296672757
1.96508412392243
1.75306972446055
1.57713066347142
1.59769052572653
1.62962637498984
1.38136539780946
1.10849808871361
1.31223414433051
1.68402936894889
1.78684524934215
1.1320317087594
1.19461548943251
1.45736064622152
0.721845507588344
0.939437677208957
-0.144813082393143
-0.604439370230084
-0.98779604716332
-0.770231487356204
-0.87161341162246
-0.989999543446056
-0.780348125778523
-0.729262545637879
-0.549906863339699
0.0517107813351767
0.333395237532858
-0.566254720799534
0.781127572809195
-0.840544249170044
0.389057756125228
-0.477622208339974
0.634155294113864
0.653678535832967
0.0633781444102615
0.284317674790492
0.751427384107209
0.66644450220748
0.936235810104556
1.15340792234658
1.25991247497367
0.991004521375158
0.813079244373425
1.46432739069787
1.45271080149865
1.20637626080428
0.726828118111685
0.532304406733356
0.689904473766317
1.07442759165213
1.93056669533377
1.66313921059263
2.10140116446355
2.24253098264876
1.96073717068576
2.15943750644529
2.17160797088401
2.43157643531656
2.3352135305297
2.04007885823557
2.19521074055267
0.853911093307905
0.896004560520085
0.442129820854879
0.633575589324221
0.607498241922626
0.982247693340978
0.53404772974932
0.820796612587456
0.571899274830297
0.768380920400374
1.03478212080705
1.24755840102697
1.2997613790517
0.905822781700996
0.688835864878876
1.12593580150881
1.14958290155686
-0.186140128383669
-0.15527748585393
-0.333333699733536
1.3895374155314
1.06737896941088
0.845764655743069
1.0867082588491
0.997363254828542
0.781151118918197
0.7984144192035
0.65428956190127
0.414678540586788
-0.136903723108636
-0.289802467036967
-0.605784528565255
-0.332923285053222
1.43666196057108
1.58785253507286
1.35389945584247
1.51335660167348
1.35571785672803
0.995656702418236
0.431519112812882
2.01394379329221
2.2897802782542
2.51843296783699
1.37942317757166
1.25965616161219
1.77197614645529
1.67926404607178
0.943901219784711
1.33525495372941
1.11712440027452
1.28742564080682
1.11346368181344
1.26258061597319
1.8079630240078
1.27382554165888
2.42107976335171
1.17374554625571
1.02478873412366
0.865526024419444
0.653714723150405
1.57061312048858
0.0937816454575912
-0.218080078600585
0.387068363380587
-0.838497503879595
1.45601514385104
1.00921323053944
0.981918011397248
0.680024778462533
1.47061440051422
1.93833450884409
1.5371843713431
0.730466193759473
1.33851421711271
-0.118295307471382
0.847694135171874
1.15533809352515
-0.241266632696486
0.327978979394589
1.3123719428922
1.44855184579267
1.11188773896096
0.859948004578862
0.447748629594283
1.68717992083391
0.678631908659506
0.443091702715169
0.99946766709413
2.12127684292918
2.19589971541197
2.00684532850939
2.21248640176218
0.597743746486306
0.131087952146328
0.886777119556977
1.00167304610429
0.150812712645786
2.18647094322681
0.844511214264648
0.714082411158834
1.49971860140433
1.10532415298682
2.01709629432079
0.737778752372991
2.29780754574508
2.70620321385185
0.291123399953043
-0.00635503476268014
-0.367484930078306
-0.282304522186097
-0.0184009871781195
-0.757231807718936
2.07935813277829
1.94715509590635
0.447329491806095
2.00260630362025
0.648032880932225
1.16923001709908
0.0050744274096458
1.75958054296239
0.600061638083808
0.975373379471693
1.11836770251552
0.750902829716852
1.07393658037609
0.602561089292246
1.21539556356066
1.04141143171634
0.982972498338933
1.3692020886044
1.80192470253324
2.09973516691457
2.92164145324182
-0.170725021833256
0.778659425078112
1.05167859546438
0.609985175838876
2.21089385966022
0.925716087637918
0.545680045833537
0.570657940829241
0.909438273463222
0.717429864723875
0.68123712538484
1.25955475918396
1.72751457622501
2.0498013081957
1.66867406288295
1.23169764782783
1.33357135592032
2.01843513703753
0.645548170499015
0.253202134327735
0.206082746027986
0.918821857748707
1.09569991861626
0.991301067557109
0.886107993867499
0.565154377412888
0.185257714569148
0.692702563812469
0.960375642335851
0.651714586943216
0.97028340568175
1.15216289127088
0.888910528067157
2.74220888767327
1.29752988065243
1.1765618280133
1.34918306131843
0.984674432422531
2.24767225089031
1.24892809262345
-0.153206399788062
-0.0856446664399813
0.194423976553848
-0.0401708521912287
1.28836162142194
-0.341893504250853
0.880029897154606
0.948316282131001
0.835033705539708
0.690805118788202
0.916605611992778
0.452435725770083
-0.184540400975169
-0.150495029332221
-0.0571622581025994
1.11961914672348
0.823738493506659
0.721966010952766
0.9842008779435
0.813381249487384
1.13065133552086
1.13532480218131
1.22658837431686
1.23171614563144
1.22093707981506
1.15604559609444
1.22862587715873
1.20147937483136
0.163894232655448
0.379248348032356
0.866873301027676
1.56483984218617
0.771922094659822
1.12875066639224
1.55596099678114
2.22516571426503
2.0955492254093
2.06340374533617
1.31927897514097
0.924921164489848
1.01649037613877
0.586150162845025
-0.905459793756531
-0.928078543089639
-0.753742078513349
-0.340474932453857
0.488669594770136
0.442081853538423
1.21534360510544
1.04401506487816
1.2359521570344
0.645683510408523
-0.898639375431364
-0.510951521007917
-1.056400077775
-0.434992830073353
1.66758347677962
1.79912535122195
1.63651455777575
1.34762588442498
1.33949927663339
1.27473451305318
1.24356347841795
1.13822669594009
1.69979319014514
0.828564638578358
0.819440326283673
0.630848694018505
-0.174145403138144
0.781759613121452
1.90319061458362
0.124639056559947
2.11499178343511
2.1459917819399
1.31269055510511
0.212942512964334
-0.0475242565565436
0.0495665551826238
0.600977689523901
0.617029779813372
1.89207544832785
0.814806337017158
-0.0197539278940373
-0.0468873315579525
1.37919634613136
1.09561164099597
0.763013831538431
1.18790609643822
0.0396153411200373
0.312469937256392
0.604901102649571
0.945056845717217
0.102000215972462
1.1042958543233
0.842901208159735
1.17992791349297
0.932849514084621
0.0741049765935735
1.23090033564997
1.24992035758552
1.52692233346492
1.98406094639457
0.55572252521357
1.11791294415675
2.06982283885055
0.198949632841733
-0.150208966983405
0.101335599758196
-0.180205034801085
0.877340525132923
0.383620307284295
-0.224582927680298
1.54590149785143
1.95476353094916
1.39655132593576
1.58646257426356
0.973377653986089
0.281097605821153
0.224240881279394
1.44131273513431
0.974336164309329
-0.289531604506885
0.126921189716924
0.661889279058731
1.66014155599934
1.69540217975911
1.06687215692287
1.64864584138776
2.19943614971931
0.554161652025109
0.970552377099234
0.334425813840277
1.07793019993846
0.103450321319955
1.625759933949
1.9920809869102
1.77674470241707
1.17294209542664
0.841878743612298
0.90661149993707
2.56214778110309
0.131178686160591
0.00221698216447142
0.19373679200894
1.09006637713127
0.442843560841973
2.05692862728162
0.0977555618094307
1.47765966426984
-0.0869009124725658
-0.208962891037735
-0.931063890633956
0.352453043604914
0.156797679400109
0.112317677986031
0.945010338322609
1.6169063198297
-0.566739070574932
2.35433185261922
0.865501762493588
1.28974119595571
0.734946672459477
1.49221081722619
0.789138158868548
0.452715995487474
1.79523334197362
-0.656410754843239
1.13338969993725
0.847984222799076
0.911603647719697
0.668820425415562
-0.170433363923279
1.78831666845867
1.05086905246127
0.450737122685155
0.744508570850418
-0.291851359080826
1.1243413280688
0.985748525657411
0.00193516700138319
0.784601982461143
0.724687848596996
0.546415841918023
1.33906890053799
1.27815589073784
0.227308584556124
2.43992580059507
0.0672495642654212
1.43625143716066
0.606969012736549
1.39090033867318
0.471270728428737
0.353057736495217
0.103682499361981
1.52330474999271
0.605706853736516
1.25349984864293
-0.0317137678762761
1.93229049391528
1.93958194900766
1.35033145566554
0.946125851559724
0.714621760448108
1.71973100214813
0.734898489458712
1.07124807855407
1.77423815892861
-0.0237279596331002
0.844984267762041
-0.143673373489097
2.30641991790834
0.990144472310606
-0.00557724045185106
-0.17165175425256
0.0542290558978552
0.409244536594414
0.872849224633802
-0.293731665373898
2.38799630035204
0.788412176039989
-0.323714393584837
0.906149998557347
-0.051028928729811
-0.584787016623938
1.37619716364752
1.44852433689074
1.0756833698946
1.13801071154516
0.892408610940434
0.59902055754361
2.25072254362784
2.26924572081008
2.81697188062152
1.31293719690272
1.28605314419983
1.32698144565706
0.65032074564251
1.11703002805866
2.1441924561798
0.719889999704017
1.32371769146035
-0.186431551344156
0.961827459511697
1.93886993276873
0.124469407111622
0.720665605604607
1.3007696244848
0.0230497359597118
-0.0691565440605221
0.185490279932679
0.277098543924267
1.8399116137419
1.34059960733521
0.55231755962473
0.516067178918684
-0.487400567126421
0.815215816170873
1.46447356092722
0.0365140010170342
0.453848056682455
1.14060148128666
0.714638775740612
1.83848070825426
1.18553349584897
1.39089874754551
-0.0165458748607501
0.856430272457605
2.68186954516601
1.37268778305346
1.87858256464217
1.75177801160348
0.828334686298366
0.151722545491326
0.0555289157167438
1.51664483216794
2.46232557468054
1.99795337497579
2.08682920174519
2.0538189162982
0.501560116729835
1.08417196010511
-0.113690810426161
2.04017965475345
0.440055002221435
0.247414090700866
0.345637485644261
2.55494052779443
1.44080743215199
1.90991459246121
2.06746106555605
0.756583553546659
-0.0798499482285576
-0.419121683057546
0.703750800403269
0.766089648722783
0.632155277580978
-0.0203847331308996
0.197207501630006
-0.014259245905877
1.22296743201861
0.593976620212998
1.17146165206923
1.01367884671684
0.676142265847292
0.665010081878033
3.19330881671223
3.15043323209216
0.285362343511391
1.34317783518004
0.0418107922246146
1.50772425022427
1.36240417852779
2.00606625634571
1.02688994869803
0.0168307794956435
0.114706464913792
1.54664819845949
0.106266634471562
0.238523352238729
-0.946576687201751
0.797951791624967
0.802529105872052
-0.0430108975331432
0.575368144128678
0.0511591550633431
1.39560864944122
1.63947725134201
0.14141033595229
2.67727780101005
0.838833874070445
1.1852768223523
0.919781774627779
0.601265294932815
1.96618876240586
0.309347777804028
1.46701428962934
0.31618291981598
2.1001544329586
1.21741592000532
1.84670364430468
1.46507285449671
1.4528714879817
0.883335357538555
1.20290198123881
1.21357300603406
1.41248704982315
1.01623867111362
2.05144999652827
1.02648513197753
0.352353242664893
1.73838553525624
2.0238628583154
1.97646235254386
2.01365952725133
-0.123332379226831
2.37231974314116
-0.0526104839391546
0.246026538344444
1.81614841001445
0.242520954703914
0.359704871780455
1.56776045177513
-0.971822622823106
1.03684933786767
0.838048655739296
0.342199956058365
0.594499618860275
2.98908776807253
1.00935654793606
1.07949496872033
1.27851227427579
1.86378922951194
1.38254655445462
1.15538654542832
0.524282381119883
-0.209427305130679
0.643586106047849
0.293524448321963
2.04676655413982
-0.88141694669286
0.00891082337179415
1.19201336668188
1.20075655371088
0.59599427044786
0.816057733145142
1.69444848783724
1.96191537816284
0.984994539919037
0.274154597545341
1.98059159110685
2.16506322945242
0.705328758435256
0.715109754843447
2.12461499136318
0.847720030235605
1.41683404108427
0.648887431962786
0.485555852913612
0.995055079748702
1.13234988400411
1.4639925861773
-0.167155476763063
1.06533618931376
0.720842898365962
2.02142391167837
1.55999957668254
1.91837388444731
1.77808456079594
-0.622525694571476
2.25172731785299
2.03651933786836
0.651477125776131
2.13382106194534
0.565798707034575
2.1091750955152
-0.0859710532871355
2.23957975102305
1.73923026455819
1.1351934973545
1.46866841734727
0.779135937146212
2.14507620129042
0.712756893753398
0.440623986455581
0.56718922486678
1.86617747638284
1.90668719611614
0.13492831066248
1.57395357099484
1.96110743546963
0.92629068057995
1.21398874804475
-0.622096472315405
1.76232682045577
-0.475008435241698
-0.00575553731965703
2.15855315130299
1.11468822517008
0.817623718384288
1.17992173172356
0.781639482084679
0.0732660366565829
1.6905189739793
0.637006506861194
0.616600876237827
0.154560583546082
2.75355109247528
0.145614265174085
0.691214979437475
0.676685464672668
-0.277435410244152
1.21015184012351
0.606332880877954
0.531407182944068
1.26366437540919
-0.235056738221563
0.965465020141043
0.0608642318119873
1.42952558484823
1.03768077706511
0.771776933504309
0.943832108438126
-0.026843351687273
-0.185042142586235
0.568340763938922
0.254880262494656
2.0771362935085
2.78329335172992
1.28174506410101
1.09184048065377
0.748926504854196
1.50383885734627
1.7842286414759
2.25648483443144
1.16085731562529
1.23262370158732
1.21281080446886
0.868774567023589
1.02874359926938
0.753168273442136
0.496199769662539
1.0571236654227
0.9372142892651
0.172095106835341
0.722044233160007
0.0301938663284852
1.2450296932177
1.15726127356744
0.17609225471305
0.0349637410047829
1.5014039622898
1.38717244850789
1.14909463367733
1.42183817959797
1.15591084875883
1.14064745131248
1.95040451453477
0.357372527335871
-0.0398363450369388
0.927167965200006
0.820115818596693
1.00690754637731
-0.0156476817126616
0.855702088296612
-0.0586004941199126
0.996755550693604
0.773757388285461
0.849291081227366
0.2259912074477
1.94536431685017
-0.224439039960046
0.170650211113513
0.644719357403189
0.164626162512299
1.47727308837973
1.80647932664145
1.52426673378931
1.74654233367539
1.58306477780346
2.28316147165114
0.995929953759698
0.843573421662895
0.748923567614717
0.614384525002171
1.26494230475654
0.418695490400649
2.24727542491249
0.740787704595346
1.88174713853512
2.18647043799329
0.475961560381636
0.78573230461609
2.17661958330996
0.961216686579222
0.713379655061628
-0.172385059062458
1.94820523164192
1.15819532462718
1.03910773807688
0.98921325635841
1.74711182880199
1.12900329415269
0.891998955848018
1.29961406729314
0.524783015655461
0.204035543236914
1.30065521136448
0.584774131289836
0.824404731088432
1.35810310110398
0.680471075186378
0.738703304446102
0.865921197119313
0.895750214734164
1.23976170674331
0.054494973480281
0.187766771249798
0.0757585102253634
0.940256247681671
2.22334307558903
0.419880510875467
0.808905780360487
0.174739090080364
2.08191285093561
-0.0397971281433708
1.90354880745181
0.707753847238508
0.891150035846685
-0.213158473982934
0.133578616687917
1.11803696167875
1.9534957667109
1.54730544362207
1.17087764230268
0.736595323118661
0.319596297643584
0.927631500301347
1.71701282189195
1.42164526470665
0.238595008243199
0.718300487152642
0.980076102133053
1.96589789522394
0.283189038076393
2.25181127601524
1.08479972277952
0.704632421415429
2.04518382114982
2.282413044356
0.0595730754584962
2.00856479120442
0.404776438649745
-0.733745044527143
0.823109203611951
2.19618522577052
2.15374156188871
0.454715368087481
0.872622397681199
2.56202902850142
1.44158124496598
-0.33572499708515
-0.144435526647719
0.918445732084475
0.798379835423126
0.12756409305866
-0.55049782375405
2.0925917834924
1.66200403591669
1.17748487243909
1.27057846507869
1.48433812085093
-0.196057072396737
-0.248402890504281
1.59368061801549
0.0796953432318835
-0.0132332255129381
0.0328197665731725
0.94796976098514
-0.628362565568485
0.615382160369148
1.13674647732303
1.2263899799754
2.49906777600664
0.833805372466038
0.895295247775193
2.12884582057873
-0.68885524392801
1.41714168282029
1.2987871494031
0.808761439607552
0.913031585254671
1.33077196365814
0.180742868550662
-0.262422729853758
0.742796847778543
1.00177218227612
1.91097765549215
1.63977973990478
0.620072074899795
0.472069978450119
-0.427171386786397
0.73938066197356
1.82055033385111
2.21492439608763
0.944341498671802
0.894026089212446
1.04291929644211
1.05121747335763
0.612252904066575
1.54567340799053
1.74063449355494
1.87257933844434
1.27147656609723
0.897255272286836
0.927876492653528
1.0374075512456
1.2245141030842
1.43262295773096
1.27590946417948
1.03583605318034
1.00800608734701
0.81211477310032
0.690886728519903
1.06128081532826
0.519834749983636
1.19945872044953
1.04420590930036
0.784049270937141
0.376039391947919
1.71677545038247
1.40432916976134
0.829379868980455
1.09492511004357
1.86537218773448
0.942087344526839
1.1133488796634
1.04002705197203
0.31733262316874
0.931903362368527
1.00000122358141
1.78505697905123
0.818592570045254
1.6173576778998
0.631584413022727
1.74800707602074
0.983769378620954
0.594202932481041
0.336365949650216
1.14447809642349
0.539798688022783
0.976387042466288
0.999830526132223
1.11665761489804
1.46006519352198
0.99537572282558
1.33594147773008
1.0905952343152
1.08028524694018
0.972083871268953
1.02945857119203
0.727337988101905
1.16608768042773
1.06552451421911
1.86995940734377
1.538275898691
1.37918473269639
0.918241459774157
1.34492326428596
0.879298013488378
1.04736532973816
0.967494865801822
1.31878580105169
1.0776887283653
0.786372659817068
0.886142128286206
0.867312377064361
0.856786651579943
0.936652217754092
0.794189606763999
0.87291815044423
0.815486030415776
1.0684714273497
0.460333901892528
0.613788172224495
1.05994043723614
0.976475163003828
0.282266059982337
0.554771845434218
1.76025348397147
1.36946609474432
0.985704544805198
1.00850621792704
0.890310659004141
0.898575726891883
1.45014603913108
1.60805006334068
1.63431824673293
1.03449707633863
1.05510344259521
1.88105879940872
1.91978044375707
1.4777503651962
1.01321171422874
1.04901378510594
0.948386922252469
0.59563843580785
0.542856922828774
1.02599668941125
1.00426198971588
0.840038934744093
0.691911922370032
0.797329762872381
0.95702567118273
1.21188174400369
0.94922411014451
0.879543891704863
0.963159536493479
1.57771684871657
0.474508474840466
1.20516926463768
1.14265502594345
1.94883301642096
0.384028912630149
1.60206989651382
1.20619945059681
0.750720760834511
0.591451283961475
0.616464715503493
1.08022620134219
0.747688332224754
0.285730258457861
0.333505763435511
1.04027236261275
1.29362950810474
1.07308448841278
0.835995806698236
1.0531205871082
1.93990662634537
1.73207155381693
1.5215312452237
1.66773264663775
1.39352679882742
1.45998903788823
1.17438232494833
1.273130759312
1.10747842922129
1.2714974161872
0.907242596929233
0.974655464531
1.0741454097616
0.910705876642737
0.782660011182162
0.953571905861082
1.09050147448914
0.98254415847045
0.482792498071298
0.279130065949968
0.259088615914186
1.7688134698588
1.2225502679479
0.892439282346341
1.07743229995479
0.928099793691724
1.46403372326951
1.05342298259221
0.592138153472158
1.05126519473245
0.74012060928465
0.693145105573928
0.847291537652217
0.405402223091438
0.519216844484283
0.856948878240021
0.848409926528511
0.89478024352368
0.824495957511846
0.848635720272761
0.911341751581905
0.995422829922363
1.87589053309462
0.760864388295749
1.08415466486964
1.77152056626141
0.363745574052687
0.614688265040935
0.784188060625167
1.17810720666375
1.24333810759586
0.80158308711976
