1.06193116859092
0.884887144040646
0.860806488434028
0.827678716817861
0.277083652965207
0.566167348576194
0.780870059772217
0.840422643559968
0.910084044777212
0.242012678465879
0.393153460623147
0.429666940390243
0.658147330986592
0.911947480610806
1.01544616409619
1.39256931434295
1.397003947268
1.37791157145607
1.27106715485478
1.17987457598932
1.11150242126461
0.528454836822366
0.685580764135513
0.876762396216166
1.28340048381919
0.966702295085112
0.37288873991971
0.916774922095833
0.185227240785632
0.50607221236372
0.847690068234969
0.919082958016986
0.533666210442621
0.797701029849549
0.840029487771538
1.36902588021717
1.40711680794248
0.353028186085254
0.865922628547896
1.01766045238479
0.621622880349312
1.15016695172321
0.919335133142063
0.214977003950383
0.777398999911695
0.476989478366027
0.310541838161286
0.460537585476468
0.428397907620756
0.956430994180896
0.185131243847083
0.692899562858443
0.831306135206232
0.596258799119501
0.264248406066671
0.918988991718357
0.905777217962069
0.718395831230182
0.298565483036278
0.904741265029989
1.33644532707538
0.595105396488236
1.08042512056376
1.21718881221957
0.274575858260972
1.228218196016
0.43836819188404
1.38767345191892
1.33376485073356
0.350732223992747
0.516742427662051
0.552733101007165
0.803470618617149
0.758618686026278
0.355250349571934
0.660879905776323
0.748275634875737
0.856895008760016
0.293203702602483
0.208367370911316
0.939367901564688
0.478148964567615
0.875191007095328
0.856346692956083
0.836350548906103
0.914716407446912
0.919115858894476
1.39693490072025
0.356755851096892
0.452152537100395
0.981792225063307
1.40555012762937
0.689399257093768
0.899573709269163
1.04221627225571
0.990463193841302
0.505548715095009
0.494038969259454
0.564974756175385
0.206988378634179
0.855404501899322
1.14737611660789
0.804879873462338
0.894185043075079
0.91381994683252
0.689006951414273
0.227669756241986
0.281177803393898
0.192542514478907
0.906680011921344
0.932140767029189
0.907859331963428
0.273927539835568
0.627858197809414
1.35987232829325
1.30388923670326
0.796985600594155
0.856494065594096
0.755874918876734
0.913463118652765
0.853392734930539
0.91565846440085
0.888493118848474
0.883326788612835
0.870973077806921
0.868162744787823
0.874760036916074
0.857295260530535
0.864545041930015
0.880259122722234
1.03220199383652
0.994565581239548
1.1282991109699
1.02746344261625
1.32737513769695
1.17296103659183
1.25750170362378
1.48667009581569
1.95057015219304
2.21130814154365
0.918648064036563
1.20898975273897
1.38743718854451
1.33733581086397
1.46769273906565
1.7313650768444
1.0675287186555
1.42824380762341
1.0424399395418
1.20637237968542
1.48760174697352
0.293171918352973
0.270852283207413
0.187111810098693
0.127773831561215
0.631106668903428
0.417379108199455
0.418057956619923
0.249659081345265
0.514696586985702
0.29218213057029
0.500599924540191
0.440413812329337
0.498334801757129
0.61472402441408
2.35158379609568
2.21693388447519
1.84926975675965
1.92730556487566
1.98144042351584
2.2363689689365
1.81147470271738
1.72792420795281
1.50574113693312
1.57709539392815
1.61876357769793
1.62014364525984
1.35961788652425
1.39816093111986
1.50980633276921
1.02673252634538
1.31415803541634
1.46837226600284
1.12694120170833
1.11452689816983
1.20722968989829
0.809124999266774
0.90420011285063
0.0206971622868009
0.000537596948157421
-0.0748053348219037
0.0234827200846481
-0.110105171562309
-0.128846333497019
-0.118099828665081
-0.039073866378704
-0.0922048594898636
0.073736966265491
0.166969790418891
-0.0262612073907505
0.427502494093542
-0.0498194374927377
0.432819998107476
0.179831001009578
0.309242615030588
0.748007961307755
0.522568343635712
0.564354795168888
0.659806616415545
0.884181264429103
1.048724943385
1.38898783554403
1.30925969216084
1.05600739510725
0.789220950682626
1.09202197147973
1.07768991105574
1.05109050236009
0.982473152819857
1.09485169764489
1.24305197065722
0.863600719661544
1.5428441158461
1.71470783186928
1.62238100926133
1.63762170794556
1.76065527583098
1.81673974592639
1.99239549198032
2.26500368044322
2.12302758948194
1.84788241851194
1.56966280476564
1.16164126731191
1.17597603355545
0.959539287256238
1.16690425118843
1.19595089330125
1.03818736107941
0.950422175146541
1.16108657653457
1.15039829457799
1.02587607727355
1.07389906984563
1.12649467650302
1.17286698969447
1.08666556648785
1.25064497884244
1.05748927179598
1.11491632283011
0.107455336161467
0.159279621858039
0.124887015622604
1.11421930643265
0.92137656524962
0.712669320958909
0.572624725688342
0.699839384253418
0.694926428808463
0.340523915184322
0.517278151587981
0.354098282387845
0.183919559508868
0.0777183958352643
0.0755955738017663
0.177993220131797
0.597850907948053
0.492523573359301
0.483331994736142
0.542908023649499
0.425765606632409
0.343402784478482
0.99909322899948
2.00196964438288
2.16911438454839
2.25348586348805
1.36494296000999
1.38365800297185
1.67430265189872
1.664289520955
1.1136074388037
1.35993330187639
1.17400547784359
1.31941757770422
1.26815880754691
1.4163273008278
1.85062269170447
1.54913585011852
2.06645547405416
0.977944167383487
0.94849748550321
0.893695165488173
0.962704486640312
1.1488107544658
0.354445545109128
0.146813691921749
0.881690797883303
0.0172117966253167
1.40152774693739
0.941337331482874
0.956686210312739
0.922356299840086
1.48011996501794
1.59043253973914
1.45358029723207
0.862303676254238
0.455180750181492
0.295289884958808
1.36211056499336
0.719517554324877
0.134023822522855
0.392174782967685
1.37566134763233
1.33103936451621
0.825418612090387
0.891083067055285
0.939619514260088
1.17525712426189
0.607878531319375
0.555024381416427
0.8889264038871
1.47258618436686
1.77239973600428
1.50330122479117
1.79809605733482
0.658839842312791
0.453330699877253
0.780725080347033
1.1926627376693
0.429928188999779
1.51093909766964
1.19402925567724
0.984028690274782
1.58897458063059
1.19311289602698
1.73330525095216
1.02753106985736
2.05878987447069
2.33009070014406
0.311871361829114
0.256998378147351
-0.0415735038345465
0.139673531169718
0.281891638745028
0.0675892418253621
1.67833575296481
1.59786205304324
0.53278314897156
1.60653141510723
1.10876993987276
0.481450688960842
0.505842720135516
1.91854463224203
0.86606322874198
1.06912342088962
0.998059379419916
0.791370922875895
0.630023965791071
0.366577162250279
0.888970946591462
0.859638652634954
0.879550417665295
1.42625439344296
1.82936771139647
1.75781376069782
2.35658355533172
0.244985972745699
0.856402709471024
0.894073622565404
0.242639848220302
1.50141736526136
1.27627048535956
0.473262106054335
0.601820972328401
0.840776942616539
0.681971636821282
0.880417433696681
1.16552305590155
1.28390122216632
1.8926495768702
1.66419986715935
1.17230803762816
1.36158659098336
1.91057852916721
0.389244257210748
0.258946638619224
0.129620048058086
0.416364328734644
1.24278936340737
1.08618663985334
1.03884220216019
0.793936737613036
0.38882950824731
0.720068361570735
0.390222086594684
0.244157099592724
0.913150815980989
1.22477702810565
1.33885270467134
2.16537096006384
0.544420231873652
0.635558872140116
0.935972019120407
1.29736855553327
2.17791965526787
0.8649748887452
0.184508407251942
0.170930106920121
0.361007307396811
0.124176346666476
0.896653366153863
0.093496286942705
0.886705829455919
0.900180227834486
0.907367428961977
0.788471199525217
0.847137180105799
0.894415308969892
0.189042739396612
0.150956620701903
0.221726196362887
1.01875131375324
0.680947370743527
0.712048141217733
0.816858724975056
0.968075008346877
1.38896277203279
1.29676813431074
1.55113843602863
1.09845201016917
1.06261339377371
1.12826720002956
1.40399565360955
1.24082856098967
0.315707323587487
0.278216295950615
0.353746402429849
1.56472490530536
1.37295926299001
1.39685027243933
1.7865648896505
2.01963408783881
1.80728191962008
1.66662072769206
1.27237650311508
0.873006324374511
0.896614760848879
0.8865123289856
-0.142545767132776
-0.0529774292538227
0.0144170140382729
0.105812504896834
0.364131861997402
0.27052487006926
0.84662712754527
1.03471958515713
0.966813494679696
0.761905450279025
-0.00330161768707669
0.115441365780652
-0.0579187190441249
0.091493245951142
1.31256960362724
1.23119015134269
1.05900356342379
0.944013353783132
1.15200444362127
0.96518651592105
0.940351225074729
0.896305918832806
1.32533944692702
0.944546745044847
0.993572742049153
0.845817610978879
0.196059230511257
0.734008307879651
1.42416449375401
0.279385761682913
2.06943513643663
1.92613521860168
0.630828974780834
0.416633570324175
0.177813078357882
0.277881098162561
0.889751776233557
0.730673395904362
1.39643930458859
0.846304677746111
0.362591011940112
0.307296054290628
1.12949083414499
1.04227849196128
0.956678072453391
0.912667951377828
0.24373548879259
0.485386925481918
0.640863857395803
0.685419965269715
0.318692438088126
1.17545305392383
0.800738051340954
0.48000580713688
0.844662361136957
0.229885035557153
0.928332356820802
0.59080778227078
1.64636635798641
1.69043245479687
0.876781277317526
1.36290635394327
1.99597098696867
0.460823515889941
0.135632325682273
0.128652963559436
0.179281195063261
1.15421836468894
0.454830639320959
0.258058266778757
1.77963373446975
1.44158124070701
0.939560234521238
0.545628997021487
0.694877193731843
0.922870840836963
0.332716786654977
1.30464703058145
0.370709494116936
0.071563650887472
0.299139856476423
1.10883388901911
1.70681094335454
1.49615868509901
1.25718742428454
1.39531208079006
1.70973066723687
0.91770224438842
0.903501887495161
0.197526551732153
0.532913687438477
0.304562436730174
1.21820986482066
1.55510316639691
1.29827218708358
0.619811573775375
0.844655973705831
0.848337845817069
2.11369852429676
0.276268388111811
0.189072710098094
0.207583298125029
1.35172055683359
0.375147447859807
1.75466461934025
0.29038159174105
0.553663995940918
0.123499366545395
0.128970457064173
-0.0514878045769847
0.538952867380284
0.257198037453933
0.336486406977592
0.379895144330829
0.47631382787387
0.11293720792243
2.10589741484123
0.763688110433441
1.29097557228844
0.920912207924344
1.00416430635616
0.736532219249183
0.247038276710291
1.65241549926284
0.0207515965003448
1.22582710359166
0.758407349981113
0.72906811390921
0.860544145007973
0.187542520460729
1.7005942840588
1.11429200445374
0.536412471786357
0.343147179131583
0.0529656041821522
1.00996301277158
0.661759989360747
0.204642217550743
0.720810529927725
0.763376859794393
0.962018457425058
1.01234920169157
0.681533933672546
0.43354406453582
2.20715606684389
0.24221550782923
1.53378652710479
0.659889491693706
1.49097230594378
0.87918076034193
0.8922501072968
0.571807177253591
1.17886310095546
1.12827421283792
1.47720398185377
0.130893590590275
1.43779771374398
1.50562540169158
0.581066101753831
1.14646945575636
0.857851301024154
1.5582760177553
0.714248332654957
0.415463501832029
1.48282301381281
0.235121767325653
0.99059334536654
0.259949766307125
2.18116210635137
1.23278910593237
0.251939764501424
0.159117696696836
0.0609949175644665
0.918261478568089
0.846450858754286
0.169549787561404
2.22613406012705
0.737350941555507
0.132298617182916
1.17378090577797
0.256081507419939
-0.00357774020735909
0.67388311667677
1.5156582209962
0.662626755002202
0.499207249367986
0.344786265499486
0.736885603522703
1.62335631033038
1.5858835880045
2.28383113582323
0.924961232740872
0.925283092435315
0.927854408037303
0.656770979206387
1.29068733959707
1.458388886962
1.00456426127701
1.12728810502603
0.213964587671856
0.775648031407511
1.48843447502774
0.33268743665436
0.272267777131248
1.00143444822758
0.313255261303777
0.196620845928598
0.26402103779585
0.452427329042174
1.35108028444234
1.16687015184484
0.869068442247006
0.178605091952597
0.121855997786434
0.761042602878186
1.63221016901952
0.278632382024177
0.330253266583635
1.4206564173292
0.84209549251672
1.9148425473209
0.934731731853038
0.598496416276254
0.331454928454436
0.608875804535421
2.19861605978279
1.50426272000125
1.38985815767397
1.33353009867052
0.844341224497329
0.316862659291408
0.281502946477864
1.44155035942891
2.19559442722136
1.58788118497777
1.57773408380694
1.72187401642376
0.656530499784915
0.864048240387292
0.354306483502632
1.45737707612099
1.02618767129702
0.379557353224247
0.591108945854175
2.37291498884447
1.33773769494094
1.50917273921872
1.78070208793653
0.931188310965527
0.211286903119865
0.125407360551976
1.02274824450894
0.741327335820485
0.777201467780619
0.265803693335085
0.333488494473091
0.209437556667977
0.909655711379561
0.904083525496597
1.20249806542355
0.863626259647694
0.951061451038026
0.898299011143045
2.42430873671264
2.45003260250823
0.475902461898286
1.27596919672868
0.340085421556965
1.38525832433966
1.09647807111161
1.7855115568475
0.467047837674858
0.231079566177221
0.253474028474265
1.22185747008004
0.296264429804339
0.443055943850795
-0.054346087597128
0.865581779878458
0.895162347788534
0.221799850298753
0.600711199096953
0.315802238880867
1.46824918581371
1.49686495087161
0.276232960756816
2.38643872845493
1.10764186377326
0.645909389407919
0.806300852720111
1.0331383388028
1.43085575963858
0.572643488767757
1.36744769553471
0.923910337275533
1.82609849558591
1.46310329517787
1.58883383674181
0.965125474497691
0.961228631620729
1.15527828793082
0.534124275781432
0.569789169179408
0.517801139437973
1.24566156354076
1.43850257633634
1.00664405245204
0.331871160484399
1.55454960542997
1.94660949389673
2.00102187301488
1.74743115826989
0.207070403903431
2.23287202376443
0.21083235569192
0.194474788580903
1.3043585767657
0.39335614970267
0.349979712085688
1.2019879197529
-0.122512303495375
0.869306976054052
0.819967794157371
0.454745952327318
0.718026901470173
2.34469995702023
0.869336313146066
0.886532237689387
1.10394639266419
1.32792307859534
1.53142419087443
0.434692167249888
0.345823182339474
0.0949735730028947
1.02961978612812
0.479015410237275
2.1406213722802
-0.0374200138730622
0.202034088412932
1.25331457305509
1.5870866208368
0.919436653279319
0.941768807863467
1.59985252123006
1.62240790309087
0.995511788218216
0.467631987805957
1.93204787745757
2.09900203140131
1.31982231803961
0.424752082059054
1.66996605199533
0.901424535987188
1.14326956564563
0.591460572846485
0.933955704682505
1.34987409216828
0.669568622110344
0.609948546074129
0.207167939530163
1.46959771301466
1.28735879789801
1.69481435684935
0.555064955782021
1.84411606940722
1.66909767146661
0.0391989362730651
1.56797292464812
1.64037497085999
0.953808286199331
1.54537762140968
0.598735200098422
1.51656280989734
0.23108287186144
1.91223017625561
1.79321581763024
0.881360220002669
1.00808754096163
0.683387876931193
1.45735149046674
0.657791718768008
0.578095253219082
0.723533358159602
1.35496650115827
1.88841328615199
0.235229026117133
1.63642300123725
1.55323150322577
1.04451650941409
1.48052498635021
-0.125358917530413
1.81057846004731
0.0949296805639986
0.435797476816593
1.69025242272539
1.36345800603162
1.17122851912401
0.89525640538407
0.90332925125793
0.307191792934341
1.28201014258679
0.866972781131744
0.876574648042114
0.357961950568994
2.32261962144152
0.261713359962465
1.01906755362818
0.658090088717681
0.235286905252928
0.913548875551405
0.906353487164123
0.897449987710355
0.585106770514724
0.100883616876041
1.09029078075641
0.255218680523367
1.48448728199516
0.879132651914932
0.848010075296053
1.24795095188492
0.234926498619302
0.128006511788271
0.602808341415619
0.496065329963164
1.68970157955177
2.24444243894566
0.712355345555522
0.948120372281745
1.13748516678255
1.50681788569366
1.39013421951257
1.94239348219419
0.887926704843225
0.790670468780805
0.865124774559016
1.04023004247308
1.08352368979866
0.95342384117761
0.230263876546052
0.973254031616171
0.991255438680792
0.161604884666748
0.437367130844268
0.278799803587484
0.67663594952442
0.961992086791879
0.390949915174172
0.300779990659407
0.484703628170414
0.42384253192693
0.392686419011399
1.33642206157577
0.815942671069119
0.835899109993693
1.47122369506717
0.368902364479158
0.242375405074996
1.1838120435992
1.19125857843146
1.27172771681374
0.19896241810013
1.01434023042205
0.295940474988585
0.885148609390075
0.80312380394323
0.825539154522809
0.404396503966999
1.92944476450793
0.118406478662197
0.377920170727699
1.12821685010148
0.37430687091045
1.66765761403971
1.88111502907653
0.572902567929704
1.28275689538862
1.48564139112866
2.13803864346257
0.956320156389024
0.870410211139284
0.817402357286891
0.298876412672315
0.95828325127475
0.329028617895285
1.63597284563495
0.412095979570311
1.38746007807925
1.80198605711711
0.910482618882123
1.18279309124117
2.02936550130335
1.0519274178935
0.910812605640645
0.14410986693771
1.4088712070321
1.23811034305646
0.670914917077372
0.401124575699722
1.57851658070628
0.504144201345807
0.853301201815886
0.504615653860976
0.946179605377135
0.600909076458292
1.1046909090774
1.04214358627143
0.858888246394437
1.35735352394532
0.761852185544272
1.11558622706261
0.998719510775475
0.460200196251992
1.34489847944888
0.224368488570356
0.294544949439826
0.261538325516073
0.850132647101925
1.51351643591245
0.879904860648794
0.380757392559677
0.250571808268628
1.84754459666725
0.0539462301282414
1.4203683724038
0.856411469035862
0.441014884817347
0.174099905206438
0.47369918254161
1.18261250221481
1.54497335979171
1.39202458418529
0.503180893709246
1.12898341816838
0.522379519404246
1.22571690354553
1.6582080054834
0.57052476555046
0.172350136915423
0.731338242988047
1.1291592338013
1.93842819767915
0.160217757705431
2.12873337910159
0.898654412374603
0.734949130153726
1.92625666159292
2.0180286330625
0.280595884657769
1.94994725341563
0.536949093394451
0.0443144214720041
0.808681482124544
1.5150835385954
1.45331016453996
1.00488338668045
0.75776931766834
2.19606455596076
1.15516022976326
0.251129925132406
0.208347512672713
0.925685789408569
0.940909032887881
0.206007952374726
0.113057199934206
1.75086953721468
1.4325003779313
1.07471312615363
1.08883791304638
1.1588169984911
0.124109957279749
0.177252057863427
0.516073235064711
0.265471134655704
0.243423489778486
0.188999493902832
1.40181785768149
0.118552111193571
0.635618437370554
0.891289914025442
0.914176881705417
2.3289249689561
0.712761294731887
0.842494229982781
2.07984429339462
0.00566000557934149
1.70753226568919
1.3863616562257
0.950767662686377
1.00268519908539
0.926975649403406
0.233999899094898
0.019540242991129
0.582844295169637
0.691815738701521
1.62876837273458
1.44744409359688
1.16120071235315
0.310078878478448
0.0280257104318793
0.37045089148516
1.44390608354781
1.59477829514986
0.905419166737713
0.860689828938053
0.822197566358699
0.78232672960995
0.335479162400512
0.666208997481591
0.817501937502479
1.02476812643043
0.703478471333107
0.599714332265964
0.643824527960848
0.897260014778599
1.01252637682144
1.08710052068742
1.03360650635321
0.96945882874368
0.770552761594752
0.337962499711627
0.521836808975218
0.989796123251411
0.379307327385256
0.899133609279016
0.654085304902308
0.851058588179965
0.267684340304413
1.27952484557179
0.535301451820517
0.501224523255397
0.918539232253435
1.30219167394529
0.980568646594251
1.10826624212188
0.834202347454864
0.379153807567941
0.667704286828333
0.84013797542335
0.80283601341126
0.895254273084191
1.20143171957839
0.610838193711738
0.900102966458533
0.739784599916761
0.433948584904055
0.327286110688649
0.876892046810664
0.284433977923771
0.380167034777196
0.556841678451541
0.408793884251111
1.22197517073582
0.943666866312504
1.07787040618644
0.811787560975433
0.944023282163728
0.602629146450021
0.846639521761016
0.308228890527816
0.915250959885968
0.908099809224893
1.29824810933364
1.15708031180625
1.10784215632141
0.612263167920645
0.586383485462574
0.539493929221078
0.814107979358801
0.704987789140748
0.541269031835557
0.952499458044609
0.876219320247262
0.800015088741311
0.856807975536231
0.82421035510458
0.819029547986007
0.633555590967371
0.636517114801116
0.609002615714771
0.643341590412444
0.512724427552781
0.485852833948621
0.602032792460503
0.642449738303175
0.262757329728745
0.321756060111656
1.26192455403254
1.07060557229546
0.789563967404112
0.771157221791009
0.953192000783935
0.899868462959961
1.12995099602677
0.685731089750212
0.673510084245099
0.729732492516607
0.780932912757462
0.922494492627559
0.920675160288446
0.838402787686875
1.03380972142931
1.00229464596444
0.945103717307792
0.415298705143789
0.372204733412627
0.684379040927457
0.701463157508071
0.551393176822293
0.455882364762708
0.521195304324722
0.368390426651851
1.04318900259453
0.955674240108162
0.362740765503288
0.518401390021547
1.27575775153672
0.379933974648387
0.914594022016021
0.914542053569897
1.33731703980691
0.251334508821697
1.19471109939127
0.895819754435502
0.849061950383531
0.269746007041645
0.590818538002103
1.10109139167816
0.864841670587844
0.403551277274723
0.430823891502651
0.91955144597681
0.50008757851267
0.858286798687387
0.926167670688141
0.83057172030295
1.3370607116186
1.2464662779496
1.17421513263766
1.2079445796074
1.05671410688762
1.11180572973558
1.01638287407221
1.04638080127373
0.865439186708868
1.09368617657888
0.573720062670751
0.701168031988714
0.868279419222797
0.830532904493905
0.892588602125298
0.76485407158318
0.620649092306694
0.816906575087465
0.546364893181257
0.27700057134486
0.306760708227224
1.28441505702502
0.75128849319915
0.670700158614281
0.566527039539299
0.991929896245913
0.619096576856829
0.934394022990603
0.29005941202074
0.732404889851052
0.630925134553069
0.587607281709006
0.647245350598448
0.431176774849198
0.446712960273805
0.911815917714954
0.875760701218084
0.921842726478851
0.828706680275574
0.825404062227994
0.815586333401446
0.606878401355273
1.31830244301777
0.506451857498001
0.796022192232428
0.866519426903506
0.315365938181477
0.430559525038536
0.452463273979
0.617230139090166
0.90978718667635
0.470584746091178
