1.06938395168512
0.664840419476212
1.1425881655636
1.08784737378284
0.411957183279266
1.29969542703465
1.61700155229592
1.7064544374232
1.76538019579602
0.0788400624861101
0.457542505210514
0.637397345837319
0.823994440850532
1.01130858497973
1.02215499465533
1.88527544616262
1.91992092459065
1.86191392923322
1.40463725601294
1.12037410829059
1.09721062705513
0.43967960539061
0.73495685032571
1.13197653830379
1.59255830819027
0.946037845054592
0.325256613286264
0.833603961989007
0.537402461641917
0.666742666613449
0.865419467154246
0.807284629805705
0.944550004603103
0.991450129171081
1.06093319018417
1.77065408254396
1.96900476378011
0.890412172817929
0.682867934551122
0.988985888188
0.558536939079749
1.32828506109417
1.11123923623096
0.444798567873188
0.877601134432422
0.851251898654199
0.131213573665778
0.371440740339291
0.471791237265057
0.866414694211687
0.467342058223068
1.06887934445492
0.999629781243276
1.23244013605244
0.709566098043904
1.02646458912287
1.18066590508074
0.808635193707264
0.482327955941284
0.948378484098956
1.66988367436461
0.906524547006258
1.17195810745556
1.4707517211682
0.296931938885299
1.22972082278012
0.362385062798903
1.83536688294048
1.68529803485083
0.440871073539918
0.430129312834669
0.46554960482482
1.03908780308762
0.888423454009556
0.34694099094226
0.638842986583956
0.835155867240791
0.759935810858122
0.781688590862333
0.602647382466116
0.889605298564074
1.06720368263166
0.64722251960497
1.13408375364798
0.960161671511422
1.15740852105011
1.05682158829046
1.92966168681352
0.312868306046164
0.756984372748142
0.936453865883422
1.96373163119035
1.46565820938796
0.715278033618168
1.03209899020964
0.970987298184137
0.919419092038921
1.17083705317191
0.93734582020056
0.461858387169808
1.07026169147679
1.10072603626944
0.93327520897162
1.17549293413853
1.02333988120837
0.806138755672853
0.383330133556488
0.486847954714011
0.509243497719711
0.991032638801245
0.831181791231225
0.881906984588097
0.0494232069405037
0.863276780402682
1.77889712178246
1.53304679841761
0.902506726517162
0.937819104320298
0.772541528073678
1.0702302630479
1.10280382187307
1.29138605698153
1.27415885170405
1.29087614941709
1.2206567081604
1.12329976380857
1.03615462579406
0.940953065941923
0.806604151449243
0.981441151925297
0.609595290959928
0.607432290456242
0.726384308758073
0.787790679257014
0.945533796844891
0.923430272990375
0.699688431502387
1.31282691165745
1.99002824473023
2.26177314483575
0.888167781696159
1.58513879307579
2.05614706268776
2.00467365671661
1.42274982535855
1.75914934646004
1.05881976591265
1.82575563818334
1.27255591945154
1.19792852561912
1.71462218163814
0.222351373142074
0.0494455262916299
-0.0659837714782258
-0.263080758443566
0.666333289865367
0.0454217616928735
0.215550549320575
0.330242713692448
0.311159729445718
0.0706600105578967
0.266449151827245
0.482526697136217
0.383541833313066
0.376534510792177
2.83571518404373
2.78847075260365
2.16499072677252
2.46723125318635
2.59826538232461
3.02781489138371
1.78394177478236
2.15408221659634
1.82314692342712
1.8133337515253
1.63131581055121
1.70292903942348
1.55193552450053
1.36933330798103
1.10349825392994
1.25288469887457
1.6490181263136
1.88839748798077
1.16600629142957
1.18648922191282
1.45415173654116
0.766047311498862
0.915760399666829
-0.188607912426626
-0.671022603485373
-1.02874472741965
-0.780968619654404
-0.883896339101248
-0.946904488464292
-0.795330149453549
-0.672061937685348
-0.60193746158205
-0.0256542551891021
0.343520457797116
-0.541358571999915
0.751429716322104
-0.851711449672017
0.407273170131319
-0.384766991774163
0.525268805155949
0.59362909991457
0.129322381789012
0.329728133339446
0.755484638324105
0.640984951290708
0.891060615701952
1.09631980732344
1.26924259704705
0.959574253587509
0.793452569786944
1.45747171044409
1.46453596658772
1.12928724617195
0.708800884886134
0.527439637576105
0.660323161839048
1.04206347729262
1.87477217623292
1.65535320522989
2.017781999099
2.25807748075814
1.93397920299233
2.19672272837813
2.16437137729109
2.35007662348438
2.22413395780971
2.10025078197041
2.24541616641338
0.860656366146006
0.951631241709185
0.404555971615408
0.679126723059454
0.6537040084334
0.926110365373516
0.523448726834415
0.795786535142602
0.572800177515278
0.78575836618127
0.963430870579892
1.33959279316927
1.23667690150124
0.906467182919055
0.709650843562118
1.07320518802398
1.19746277663394
-0.148275232290814
-0.219237491800455
-0.339056045702222
1.43769089354155
1.04003785422967
0.827279048745925
1.12626324514879
1.09776378962319
0.82389277098084
0.928585281211899
0.7081374547763
0.441960164606946
-0.136719543175268
-0.27475381899949
-0.603046285517193
-0.38611215282361
1.43876162122403
1.72013152565047
1.49058819222179
1.3931043720411
1.44091390228961
0.942106295560655
0.409567422162186
2.08446097931969
2.3200847908779
2.60404371262001
1.40719173327606
1.22163895289368
1.71212796061378
1.66069064306309
1.0159751835057
1.35061349244204
1.16342443240258
1.27976688483077
1.06899980190573
1.22783920704636
1.83592175470836
1.24836524846881
2.39139056109411
1.20917924691532
1.05706404963517
0.982133337010786
0.670933582815794
1.60404760100135
0.184928277466768
-0.0720458986032572
0.451603254617579
-0.722245863598245
1.50655810704119
1.03410790731123
1.00321918906712
0.621930746583893
1.46554470193603
1.99249953381216
1.53349505195615
0.857152117212899
1.30530761599801
0.0315984530920648
0.753347164525242
1.1745217806752
-0.219048882449847
0.326698853165681
1.29578642519513
1.51210663726668
1.03257153382091
0.814761955350382
0.490237301647649
1.69836464661364
0.604065570106551
0.462086951448139
0.959230951396257
2.06886068580201
2.25314104040335
1.98253806618731
2.17376029656823
0.635023060674155
0.070737898399396
0.909086452152351
0.981908364765141
0.178430408500033
2.12117390016618
0.851105025895779
0.758838123818104
1.49569928336591
1.140444802793
1.99333473840131
0.803878791154217
2.31056537872466
2.59696854954952
0.289736584144845
-0.00290763354581116
-0.44983805791095
-0.168650943355945
0.200215056847087
-0.787536989359606
2.05583396838143
1.84315451745047
0.459308149062615
2.10151558661372
0.724582993905815
1.18297049914928
-0.0190232665795664
1.84809487485571
0.688241013730213
0.998757208690119
1.08899257178986
0.803325758387727
1.18105504195474
0.532349445373197
1.20993083290342
1.15219355762661
1.08316559599611
1.28093037916723
1.84824344990866
2.01766196126194
2.85226409289244
-0.124983964484778
0.806094887144708
1.08334304159909
0.590356553676934
2.17084283043927
0.93827121117313
0.50690495257466
0.545026199011084
0.983147967423103
0.659649680674555
0.684806978935015
1.21987452168777
1.61609101026351
2.1442924949084
1.66860261580393
1.23145308635076
1.33675861083697
1.95125713806888
0.723480973677177
0.13089952768958
0.0558335339213152
0.856045419389017
1.20440515840057
1.03889599170426
0.954550918901075
0.519644430206433
0.19105363643084
0.683359502780914
0.994585575344337
0.507019064144036
0.983869159929209
1.20780855825263
0.815046718034718
2.82497015820033
1.10116885553058
0.877952357720148
1.40081797267883
0.96960711654166
2.33241445842618
1.16182148269084
0.00578394266914684
0.14995776383761
0.422735027733283
0.205193975715843
1.26358457061148
-0.149752414114637
0.916867514934552
0.908889248235133
0.784998501416778
0.705359292128435
0.942578613397721
0.380736462398171
-0.140417911536208
-0.083903429309018
0.136282333670248
1.07399349667064
0.7622084831878
0.702899431631872
0.991009007027412
0.888068938835696
1.0533661490863
1.04694405993176
1.15961107330774
1.31900415823658
1.27641476221965
1.18580078129095
1.20452125343566
1.1527371581782
0.00983053887415837
0.271659940787942
0.811592052080301
1.4110340692212
0.791338178163809
1.1215366676393
1.62015106068648
2.21200538370829
2.08603206324171
2.15198984142463
1.3630443529129
0.924337417442341
0.999313780692441
0.710946960271825
-0.919291813313196
-0.876609006794494
-0.635940158998994
-0.251214597624877
0.620078489687203
0.584673165461131
1.15184933844014
0.987742000692248
1.31854682194823
0.675076669324704
-0.890327930282839
-0.393676241508203
-0.976716391766659
-0.204728015561052
1.64409837487835
1.78229974900431
1.56542912721314
1.10873633654095
1.35762324987723
1.35291601921196
1.33479746789516
1.21140029033674
1.60219676593269
0.748373937763558
0.871491001749406
0.576219121198245
0.0110014498132832
0.694438202627269
1.79823527573886
0.115287153097177
2.17162461894791
2.16632333315941
1.16337568933348
0.2128179828706
-0.0655188464252145
0.196690687561843
0.53191323003679
0.627384722064469
1.76008782425969
0.951511713047578
-0.0224790215848872
-0.0475693609503288
1.26749802992386
1.03532173565311
0.760522107348376
1.13440739903526
0.298546762040089
0.382117456850072
0.557121325821709
0.699050652973052
0.340067397736975
1.12028568771838
0.872965962004177
1.08250620126224
0.994331584965153
0.319324454685376
1.04719499365702
1.14517728969207
1.43784047644099
1.93585416137061
0.546541166053073
1.05499390994357
2.00170334999089
0.172517673450086
0.0911276662748173
0.329393894078638
-0.0288912223792745
0.921327777545715
0.331673523200749
-0.183683156377913
1.62315540099606
1.90773438176198
1.28811609035637
1.55507752799842
0.749798574822006
0.233289669759332
0.126175952317568
1.48313360416208
0.899057554596069
-0.235457712901161
0.0722167203455839
0.591753849708425
1.72277705053243
1.75673743150835
1.11197686597221
1.64566056302963
2.32267195330479
0.468507621656632
0.949146327285915
0.50388714169014
1.08085317362808
0.134827974566722
1.47857511849697
1.86723274130773
1.62686994221093
0.89007048344598
0.833030467624574
1.02883680328317
2.54537718290427
0.393748831258015
-0.218287808576071
0.428214225526981
1.064403256013
0.530962688776388
2.11522652307169
0.0987482970543445
1.47068898014375
0.157517863053303
-0.179889434325181
-0.93012372213815
0.397416264465524
0.127232459785158
0.31539298814636
0.993733507491422
1.6495008128762
-0.505854819525004
2.45302529469342
0.958789071877487
1.26793451024431
0.737771524929726
1.58482471639792
0.792215110370002
0.436570789007181
1.75207791349063
-0.441495908683623
1.08008859195625
0.795405595088169
0.777735940938266
0.749362531377271
-0.0205781905233945
1.82454698269022
1.11128588624244
0.424709711466936
0.778139885702491
-0.303334005600392
1.14492851212699
1.02267634729409
0.041115461020488
0.702572813114385
0.751671451208723
0.505183764749522
1.1171529166512
1.25900888555604
0.270030164096109
2.43625537882609
0.0577066161835439
1.4527959022024
0.544420778685868
1.51006904586222
0.477182663082959
0.318706113682852
0.178038451379065
1.51635946516005
0.551195127588475
1.35548307438903
-0.139875134709272
1.85668183867287
1.87182291529464
1.11936491381348
0.9481885501373
0.851525095327813
1.65570470122092
0.610639970383083
1.1551753483494
1.78969937980238
0.188686427943799
0.965202949818178
-0.0502229199339802
2.27382963791956
1.07351069501538
0.237655669264188
0.023908158877067
-0.0281282624073149
0.337457580006453
0.920834280473236
-0.334329954893599
2.28798377390923
0.817576055680183
-0.120707786570772
0.932253581970227
0.133248238723207
-0.63164983520041
1.39654552144325
1.4529614269698
0.806531402039816
1.04129808847104
0.845883471496893
0.654479323355433
2.24710647413271
2.31904203046676
2.83148896314788
1.27604653580049
1.05573866328628
1.123724166754
0.581153853645209
1.04760856879668
2.06846010789553
0.786573681579792
1.24646712936403
-0.0582613740133859
0.87694490437201
1.82895990300759
0.246616067005046
0.578388913042883
1.51526628902411
0.226926866760675
0.136470240880123
0.430213096275555
0.337804057299602
1.70249144880412
1.30687457747184
0.663910349131869
0.533968066135683
-0.474663489606768
0.84427364338637
1.38883715054555
-0.0112941587616509
0.464141441783157
1.1606569908812
0.685446091136864
1.86135713482871
1.14676860474347
1.18868645690548
-0.0417336512515466
0.886510794568552
2.62227316821861
1.31891655027261
1.75197239222505
1.64430203908555
0.790829990788075
0.13920483833036
0.155040779279178
1.54448190940843
2.51237826420397
1.98751012012466
2.12787026135029
1.99614076050087
0.534279322783693
1.17490089891759
-0.0179391426301562
1.98306057433885
0.378616824653424
0.190261010518093
0.307581380453206
2.55735875081735
1.43947199850194
1.77857467536485
1.99967848009736
0.755797161815735
0.0518576980579977
-0.41542502506962
0.663257316914937
0.815337356139788
0.661898938109857
0.0261227460930472
0.198493676288154
0.0315785474328778
1.25094704974808
0.603658180088551
1.20020393538652
1.03181683745773
0.637071440226928
0.598070513389157
3.24198701681541
3.15229170535807
0.348386419240214
1.37493813604139
0.0343537859005561
1.49500332804504
1.16913877015056
2.00521924439754
0.940227564811723
0.0331273089478176
0.0897239720865574
1.498989777811
0.00428341852887506
0.308844831458708
-0.798061313948655
0.905989770918908
0.840217185931589
0.114574423498967
0.590071466870342
0.276824950737352
1.48450306327045
1.54748547225727
0.376742268333702
2.69697310440845
0.803626080445361
0.932393838271873
0.975003611334917
0.656429019432472
1.89077060512117
0.315691987403324
1.49898905251912
0.340462952445431
2.09799192527055
1.07148652334831
1.81539663421898
1.4412717715787
1.35705886352757
0.913753486441342
1.02504739696154
0.981442854810571
1.29004896870388
0.946653770692636
1.98382601803097
0.998082458726421
0.261890422704054
1.80781016282364
2.0419214242124
2.00426615954649
1.95450493060739
0.0446006893700959
2.45443063123853
-0.110623824282507
0.111667663496098
1.74910097768479
0.149540500489965
0.43376068285456
1.44861938816565
-0.971606343977635
1.09902699112748
0.901954567018006
0.238382955183604
0.597938736016224
3.03245134513873
1.07514593083317
1.14757105648584
1.30365238110663
1.88311432894853
1.25609945947951
1.1050776737081
0.37393764563924
-0.150334565452257
0.577908163765572
0.393551538996378
2.07966917840903
-0.897831372281616
0.27242192259513
1.13734375783749
1.25076750265364
0.618193778306627
0.836305860984775
1.73189162232505
2.001513236116
1.02887290838984
0.333412857359228
2.00273937386723
2.18306969759978
0.615898390215368
0.764035209987674
2.11515728030785
0.872669778870685
1.44938762974498
0.569895151896647
0.527534166747101
0.987389498714769
1.03243131856189
1.42225391011278
-0.056267050465157
0.956965870752825
0.622963337172269
2.02404849182614
1.56586710290833
1.92760212464312
1.72830408310099
-0.565046001202236
2.23044828588002
1.9566237181773
0.634844630748672
2.05240875993501
0.593177112275787
2.10438532364081
0.130806759904025
2.31322603813235
1.83669591915105
1.19873169058952
1.35092569570554
0.693188918814666
2.07066807155823
0.649903811582375
0.399702259179228
0.563562475666375
1.91017994375226
1.91587511089077
0.340163219471963
1.5832040728237
1.99834033821658
0.978287269769189
1.27673646904499
-0.730464448393263
1.75896667163425
-0.426132701906936
-0.00724182991965755
2.21859539330454
1.02165393695916
0.916600568684975
1.24483754779305
0.764497903597786
0.128393937512714
1.76749352896996
0.664431844042087
0.590221015414796
0.336964140261058
2.59523356525778
0.242772984789691
0.704325844647663
0.667680877031941
-0.326640081654933
1.08270724113412
0.523691790942655
0.444327053346154
1.00681855139704
0.0105025262629209
0.991398462864058
0.0249306485266149
1.40604902046489
1.05515764557217
0.894833840507478
0.941284159212331
-0.0521366215873806
-0.143131465930391
0.577865996306213
0.254171260596344
2.00320417988243
2.97875162301198
1.38230769336021
1.11307764528554
0.74000011600613
1.50184550137836
1.76286962465702
2.25129865203848
1.20128521354561
1.30015986155427
1.14704756092721
0.965400914056211
1.03996913945076
0.75503533874315
0.345102561362179
1.07948646100202
0.91637349507288
0.373783358926128
0.819245250749519
0.0354218781370265
1.30599070295905
1.20886729724546
0.15858381317837
0.10880720060031
1.46294080212799
1.41968576455465
1.12773270463424
1.45129432288834
1.04359564762954
1.14760875600616
1.82335027972324
0.337773273093516
-0.0650417040477846
0.91770493884166
0.781175620666943
1.01453063518328
-0.0138849226489654
0.948305610456306
0.0914728056239338
0.996392894728252
0.796037950197964
0.89456703012297
0.217114876019385
1.91624232058181
0.0288807844503451
0.132682860419883
0.649279880620599
0.235676699696529
1.48117011246919
1.83738287104401
1.41303079734068
1.6076989799448
1.62793429556349
2.28255621539273
0.948733538072223
0.806197719809702
0.704312626490056
0.704907062749143
1.22352021727386
0.32394168194286
2.36449138248334
0.675793339823985
1.77021420370812
2.15672293210921
0.389205614857199
0.780231133685945
2.05921003784916
0.937729391405211
0.67107299509602
-0.0359631192615019
1.97401715065557
1.18150388597186
0.761949213449724
0.992087315626864
1.75311344794711
0.998367933434973
0.982447985301836
1.17654695715704
0.539287685049645
0.20784856943595
1.19527784017331
0.654625466853093
0.769925163345174
1.42434441858736
0.735487988820752
0.808458699641179
0.963452553612667
0.988864580066848
1.21883033666992
0.290087067510196
0.445327048271842
0.322114379277781
1.07352520517128
2.17721788769354
0.452150626331897
0.811876081764301
-0.00516319635002228
2.13766734284425
-0.085662228673163
1.7822810503625
0.832209175712412
0.819628974692927
-0.183043196359698
0.194551958317029
1.09965882974335
2.03214846602982
1.52189065844724
1.110032175603
0.733190639868672
0.412707712827837
0.904096756284825
1.73963924806761
1.41700452011412
0.203238420766895
0.71593065643332
0.944597861723344
1.97077727211369
0.466244150601646
2.10335542182453
1.01862007426733
0.659365778848271
2.11072490527728
2.30651072086253
0.147472974012413
2.04984919987348
0.435039657693113
-0.724784588284084
0.868524353272284
2.18170959942542
2.07329303167289
0.438762405856551
0.824202815574293
2.49054037837376
1.46854159841733
-0.300539184314264
-0.111230042665391
0.907588312121687
0.852240126360289
0.381210452926939
-0.512399458035936
2.18370608472047
1.70248722028271
1.09971185620505
1.17120578852346
1.3448711820598
-0.141787311603881
-0.226325012653028
1.70982531201829
0.338490058191985
0.230466842317856
0.303399350969651
0.894829885023381
-0.669956470160204
0.549719779879693
1.18386943526605
1.30319820840106
2.53466850191747
0.875230849175523
1.03009746847974
2.10460810082766
-0.514056594907368
1.42570066025774
1.30822943781992
0.805209167068925
0.881551361865199
1.19947321245829
0.213482602213462
-0.296098965050049
0.80509064932598
0.783087870186049
1.85416854680306
1.63212700973889
0.67629857364092
0.386117802187898
-0.187283224808619
0.66547921498193
1.79123385898328
2.16345324332129
0.982232787247036
0.925947140515902
0.997283445710037
0.954054781679346
0.779438666310832
1.43089615420653
1.70594794277366
2.01677484811912
1.46691986041721
0.783786003175126
0.835150239144441
0.917628440866216
1.04643286378747
1.19259851486652
1.23136598267498
1.07717277274049
0.908674180696074
0.900870228164707
0.742800139728482
0.999776909221595
0.394899990577594
1.0063907765146
0.840506635517919
0.803399807110179
0.632359479595755
1.65427516525742
1.34876895933903
0.738408504041653
0.923378334962413
1.66586757444087
1.00628136840998
1.11523195725384
1.02339377096808
0.512093978174341
0.784614594646623
1.05630980933788
1.83162013178833
0.856889083458027
1.41270820309191
0.637086916320152
1.96716781113487
0.889997337250543
0.448656618907297
0.59068675910747
1.05087924574983
0.739395141806259
0.994893587789763
0.851774595881008
1.08979235458104
1.46699668690257
0.910515798201393
1.19264914865227
1.02744463455253
0.967834042132707
0.903301223537226
0.905571148870042
0.855457712717281
0.955417725914951
0.91723484706544
1.69990976730847
1.29903428554072
1.31979707272915
0.808466108880021
1.25477361812213
0.763804341986789
0.930599178829064
0.883234300878786
1.27657235583749
0.964723178925454
0.777095886637823
0.924308342725231
0.895779167715653
0.949956399684847
0.972416072275369
0.681963707292812
0.809799756390054
0.761264950361258
1.10366240654092
0.548933978865752
0.708614209305321
0.858487554065749
0.839974735177598
0.555794456072835
0.775552053289488
1.54884358961893
1.12447318405521
0.949298402947894
0.928526609103735
0.965889131657528
0.949565229371916
1.20936840995757
1.62151878879968
1.56631733397441
0.909633638386531
0.949215111741543
2.01459552012315
2.01274397052622
1.68139719821675
1.05633729361965
1.06871091340641
0.996218341235
0.747112232096687
0.729969226126313
0.833918899236741
0.870882478363745
0.717718042673318
0.587897052554317
0.691903390933797
0.960538505387308
1.11433139128605
0.898558526485378
0.981612579219589
0.845911277798748
1.57689269537777
0.322401464017299
0.993332126341674
0.958323107800043
1.78491741337683
0.615526553746564
1.41898045540926
1.08979001776145
0.794648882374153
0.735479941526869
0.567719525551658
1.09446386729337
0.736247732465372
0.438365014828477
0.543092452749475
0.902797946805178
1.22834915538365
1.07428650856206
0.915527720873545
1.07793970602528
1.81041237652877
1.60685963435342
1.45549693729356
1.47121874519325
1.23569821663914
1.29364372655033
1.06604584290943
1.0937157870214
0.955666411544665
1.27832757289743
0.790485382159554
0.855106904632103
1.05688878552465
1.01779028690325
0.786804115326437
0.891936225284871
0.856589090714774
0.985556677191406
0.520307856437513
0.549520724659802
0.528780507791285
1.58874843790353
1.2659353893858
0.747797441437866
0.893729587578321
0.994610947135935
1.45866752060563
0.924803060959594
0.764426014928776
0.904973152317826
0.687517071117708
0.722636162974302
0.757180733345696
0.551843243018781
0.6974605989954
0.921040094028043
0.88353093249277
0.958950721980692
0.886927163861695
0.885226324626748
0.972709699482787
0.833395121901382
1.69618883884767
0.61414999172187
1.03729457332515
1.83926002919218
0.210222526918433
0.640626374013691
0.755042470272255
1.28075082700888
1.03934645218081
0.720211009938913
