0.944098461499879
0.687978086616299
1.11317487662808
1.08075412551075
0.355149561297958
1.23512535198143
1.48346329566412
1.52955432645133
1.58319729480075
0.197942844961186
0.815461097517377
0.945097864678728
1.0372135457429
1.10580614263052
0.945676663595241
1.52768541828
1.54227676787746
1.51742175918591
1.22721661854769
1.00464327527973
0.963553414203251
0.403490708002294
0.777504245079062
1.17175562787681
1.34227868565815
0.832667111463135
0.284672096090991
0.900120292201613
0.48332460306626
0.432506324668914
0.869954908416866
0.731221063755932
1.12986415996314
1.01207434905086
1.01302776015258
1.48701354479279
1.57436143903807
0.867302834948078
0.73979590491996
0.911968034395914
0.582565411456465
1.11990975616582
1.25472000003961
0.387132053799523
0.995224800145292
1.0796898276566
0.513490310557449
0.328039490865827
0.424774611139098
0.884544232864564
0.409266527323865
0.973751453326611
1.06463781460853
1.21867066448366
0.67149977683656
1.20034273113106
1.24729053719828
0.991517578304256
0.428402233317472
0.999946450939984
1.40780397875245
1.1016800585316
1.02396647580071
1.23298804671159
0.0935030815693468
1.10141871908307
0.325906520752198
1.51875356682029
1.42681888904374
0.387807387033906
0.383767082055365
0.456797342587572
1.04735071715914
0.923136031036545
0.299403759514666
0.685634665325365
0.987309644197636
0.798168554382797
0.748655517824495
0.553941383669604
0.77464333809885
1.0548552802214
0.700995317413144
1.08622344170018
0.934740740690381
1.26310285897576
1.23273498238385
1.55502587414143
0.683785132852474
1.0222375885813
0.908814503858147
1.56852197396937
1.37446085430152
0.695380284335426
0.934187991918914
0.876688251202791
1.11808242565703
1.13113676383462
1.12387693533176
0.404219723777707
1.11855601107711
0.979630148444739
1.02164815117809
1.22036114574055
1.15540740315577
1.01019992866694
0.324033310714709
0.432819451028036
0.453346754608405
1.05285456435061
0.881126909921243
0.943158002519741
0.356270017861496
1.0704249329844
1.47293095104347
1.31720181204906
0.891804640222039
0.984710886281055
0.893610303355928
0.980564970813543
1.00366181096372
1.20131448391049
1.14539729892278
1.14131519565137
1.0653827689077
1.01631774797017
0.960912773185775
0.924910869002087
0.892456029423801
0.955069714018807
0.637365149128875
0.622185189355804
0.730094418546025
0.718909919091569
1.01962771366126
0.863417808803117
0.821463790037743
1.29857412157202
1.89450888080412
2.29732088295598
0.881043554527049
1.46696063120465
1.9413067404187
1.74926749477003
1.41136900264345
1.87452321500678
0.981786823141208
1.71599261803426
1.09049465764447
1.12695330108185
1.60324244216957
0.218183992077862
0.086845572737013
-0.109902287440451
-0.203569754146457
0.528553397536143
0.190248330970234
0.175610372420764
0.0955271577940217
0.447103237230753
0.0821309665484372
0.389480065373061
0.409996297503982
0.346334261596677
0.574670430246897
2.81921630471774
2.67107797999767
2.24305796887604
2.40131017413455
2.46176862316815
2.82273847159004
1.92367737979902
2.12844345165628
1.8391972076866
1.74389558378327
1.62261305003548
1.59919680744881
1.56131929900649
1.38743375391337
1.18324056366422
1.27958417951173
1.48028495639017
1.63023748589428
1.11999896361296
1.08830989098597
1.30284485238239
0.689512385218239
0.946015439265543
-0.0849174706040779
-0.504522429599262
-0.976249777962202
-0.841050715646607
-0.804752095586051
-1.00657122098556
-0.824108701995282
-0.749458525071252
-0.561278485568482
0.0852581558644218
0.202582980096674
-0.622245260886093
0.705204688854251
-0.854323283320227
0.535344051404776
-0.32273271008
0.802421843011191
0.687109820678554
0.0896365113937581
0.397550950132198
0.719205963205207
0.66432529022056
0.960622618997949
1.20878807191462
1.26296487847937
1.00790238729207
0.758964654723048
1.34619087831557
1.40759742845424
1.17510851253073
0.779724589049447
0.591716470532364
0.768412000619962
1.02155489538023
1.67762071059924
1.67321499802001
1.84312242326131
1.92347207401527
1.88676408194229
2.02577032023085
2.19109613558031
2.46386572386526
2.40311331899409
2.07880220745809
1.8569180232631
0.903331076762283
0.888976999900563
0.463235305603166
0.749937053196434
0.69618814084835
0.876166702089337
0.674300773916768
0.793542946188341
0.678245159739064
0.724268663900121
0.966098859437564
1.22977953303898
1.27551721691555
0.973327895053912
0.842222115049885
1.11577062891344
1.09353152364224
-0.245535018980569
-0.141476070429455
-0.335226738823111
1.26257054819349
1.04206586177674
0.890117872492103
1.02289017894329
0.978673847992701
0.831340652063494
0.774817267499187
0.645096043034454
0.395517830168195
-0.159496988121842
-0.186137496240112
-0.574018788945815
-0.397139908484355
1.31446147921561
1.41138366529222
1.24743579646553
1.34133921215277
1.26023719394791
1.04786439608761
0.656486673044178
2.06788123956968
2.31577329688069
2.4650505252585
1.25131035125118
1.17874695748825
1.68558114967634
1.59424942413921
0.935805859741569
1.30934024701348
1.06292392708189
1.24665422102587
1.06093272451833
1.27892940696291
1.83740075630611
1.34244308091634
2.27377034573956
1.04810673083639
0.944579941213562
0.854863228002399
0.813584864746849
1.50203530882984
0.142230639915212
-0.145430562497886
0.635590177981602
-0.797908783018581
1.4736295295307
0.967758643770609
0.921411481207901
0.635985545931092
1.40185023653826
1.71993437347259
1.48287796945031
0.839872491662761
1.28562771469001
-0.0708354425406511
0.923518208812432
1.04783577928894
-0.226536405994073
0.356156738653779
1.24949944442658
1.41349892660004
1.02365197892225
0.933734825288613
0.499181844671698
1.65632488390315
0.642528278501326
0.36732857080598
0.961822695962785
1.69311494242134
2.26504904345612
1.75688642581512
2.17365889964112
0.637517016296646
0.110072522196182
0.932287329910944
1.04076672539688
0.212562774057098
1.75161890929438
0.947190929417403
0.799397023546257
1.53274138028704
1.10143539510482
1.96713742424838
0.743790443566691
2.24239929052048
2.59641124005505
0.230116151727721
-0.0180539356115729
-0.343010751042167
-0.163254472395176
0.14693516136173
-0.683698881932716
2.10478207309734
1.94242762204405
0.497685809861376
1.99632596746505
0.719090123949858
1.16309919481515
0.0584811979316301
1.82150417095414
0.761327876921042
1.03194065681393
1.07177065243359
0.816535320182138
1.12920250409866
0.85862734168625
1.17143823287564
1.07385673399454
1.01436221441271
1.2918487521844
1.81013501312292
2.12208650384505
2.82060012600746
-0.185743020627952
0.878033335884653
0.986655179147411
0.656701168287357
1.74711251881724
1.04516995399268
0.477870160869798
0.581357732045924
0.963626994783179
0.700710832998688
0.77805672767309
1.08781825392299
1.38702908348706
1.95497412894023
1.68942397699951
1.1636952571653
1.28995714559578
2.03913826397707
0.631888187028604
0.505381319574106
0.184703157841355
1.07359070728743
1.17059539652368
0.978557297971766
0.911618737425533
0.677799402158567
0.189302484557478
0.589030378769408
0.925367634637881
0.574604126919255
0.908624397872174
1.13663556314852
0.94376334134038
2.67514735557839
1.21413697053017
1.08714840016726
1.35219317607544
0.939638268405495
2.27083188539913
1.15064151903059
-0.076118850864849
0.0843019673231799
0.358875391133729
0.091941401962458
1.18726425204391
-0.29675054629632
0.821247329488742
0.848948558646432
0.85110877661512
0.702136602788603
0.952971710849086
0.555916409019783
-0.110636542766789
-0.121128820772819
0.0599638006336277
1.0761561105707
0.751779021971936
0.699062520849776
0.960701428866982
0.762679170908872
1.13965622152612
1.04595513039926
1.2551043501991
1.11959816912461
1.09171321001067
1.06682594533556
1.2545371313163
1.15666434971394
0.104151809630741
0.213922994147858
0.753201399080059
1.48986672621563
0.92168262216971
1.16396214993608
1.6438635321733
2.28398899450095
2.11834849849068
1.97570811101812
1.34848848216186
0.875710826555882
0.930387070586362
0.76006026234198
-0.909365980188346
-0.925238893762976
-0.727638593963477
-0.361350232541621
0.409736018116323
0.483918170604468
1.10875972244429
1.02255103017716
1.13477007436993
0.674238770101431
-0.914410606884438
-0.529416264031497
-0.974489675925205
-0.338997220423654
1.55928138035401
1.72004908103646
1.60161846198437
1.30839658035278
1.30975162258428
1.18258585858982
1.22953566264643
1.19145841585188
1.54856041837262
0.847237478623507
0.886677214429202
0.611103951052383
-0.0267101476346511
0.861915907204214
1.6307072784918
0.0940474288499107
2.2248362425555
2.1552740974104
1.189308923463
0.186617049713137
-0.0695947248723391
0.129989694702158
0.630916424295201
0.70998342342386
1.60976053816062
0.922452022656505
0.0460866136144292
-0.120614957868784
1.07968579350854
0.943898728188039
0.80501303296095
1.10939522613209
0.236820921886975
0.277068701380593
0.534533095469499
0.95210405776652
0.277743198422429
1.0148666770339
0.941773339283434
1.20368145889942
1.02207799154249
0.256497800781527
1.22630882997924
1.13638983172511
1.47177028674139
1.9271136038556
0.670302261405579
1.15126790298984
2.07735063509088
0.360128887418164
-0.0126237266778002
0.254165365009574
-0.0589374570507647
0.862286939774368
0.37029446480073
-0.309995894767514
1.6218098601329
1.6062903868004
1.36104147576809
1.40721052760946
0.972333822183972
0.488263678371081
0.20612563556811
1.37233436238786
1.06829006469263
-0.370472096398141
0.112665985212614
0.738808489383176
1.72992810573112
1.63990412444753
0.975350484272862
1.4478575256415
1.99642679933987
0.567054367091349
0.955781188441193
0.435398002943435
1.06894231808846
0.0498145130406604
1.24046148158636
1.9132184332493
1.38943821665992
1.09458317684078
0.913905209748077
0.96114898174554
2.35663885181762
0.336986534818877
0.147297703799544
0.366075908349062
1.1634628336913
0.365372747390664
1.97475036992287
0.023695745310142
1.39794665507031
-0.000355694285503157
-0.184680401130808
-0.962917227679257
0.329373852293776
0.0922505337034435
0.250273869739143
0.721112302387392
1.40157687582851
-0.521482680863923
2.30201058015512
0.838122160640899
1.16936629815731
0.814385698918004
1.44519400436681
0.710549746837414
0.463864818942553
1.68761078122643
-0.572430826386216
1.01648013578831
0.930787153372094
0.956659616543096
0.796329530249138
-0.159559180540292
1.69475262477292
0.99087570606956
0.368399113895813
0.743790610246065
-0.327964745984527
1.16250327911094
0.989881179776041
-0.042874802847776
0.814283176217006
0.815700976733697
0.585784846865941
1.31287829628746
1.12600536105226
0.250096365756146
2.40547137567899
0.0412241781536165
1.46683652372207
0.601505437891201
1.39761638164613
0.637257799010893
0.538477829491942
0.146379016066979
1.45798377356063
0.646139543434338
1.36861639579282
0.0668628093531219
1.63848781029696
1.78222751428591
1.21909130733383
1.00772370947594
0.851397029935552
1.70793033748396
0.821329186090865
1.0339617465482
1.55209776902752
0.121045193858325
0.839643238597939
-0.141691541171015
2.44034199134172
0.943843520846073
0.178906668777826
-0.0390290856047742
-0.0585689329491032
0.502510961734739
0.962346196995759
-0.258347720092756
2.3896756797255
0.747540087817925
-0.24367934439312
0.958510755624024
0.0792843588032796
-0.648289324094924
1.23955167466805
1.43103138869672
1.03079134191008
1.0352040815882
0.827114424188344
0.629034724945524
2.16188475242358
1.87626853264926
2.64281376234637
1.31234665123582
1.25575829672572
1.28864345389998
0.616083977600519
1.13621370432573
1.66875052791853
0.758174044363815
1.05633326376134
-0.0492665834854285
0.901724523463257
1.77482632235121
0.198897606301814
0.783905587391526
1.22968146534374
0.142351398607112
0.0571164794649551
0.371559414817868
0.232796630391251
1.48405143816154
1.22203704435934
0.744163252056154
0.561357523001892
-0.580863115192107
0.81097854742786
1.57014227857687
0.0724382508659327
0.477780257001284
1.17328193671238
0.758972341979835
1.90337599529264
1.0778795550549
1.24031733115988
0.123085429357916
0.82224098700721
2.46966489815498
1.41989128197058
1.61585671647377
1.51572074599093
0.826346998974274
0.11844043522081
0.0831253691428708
1.53471407169746
2.43868335274931
1.90069840725698
1.87335115624232
2.08441531339406
0.559068243235575
1.07409399151472
-0.00609742606040984
1.66336019800624
0.573316014263122
0.22990805659261
0.411037094370345
2.55666126943578
1.29602365588781
1.82040459193695
2.04625510397524
0.696516074579714
-0.00878717132022039
-0.38912181457429
0.752969801362528
0.816484998122293
0.639588894092981
-0.0426593283748311
0.203148340828804
0.0175183890944166
1.26200238192676
0.722252978043551
1.20800153606199
0.867820417407536
0.629095177781676
0.645784420947041
3.07355675432024
3.01577833606222
0.277777989517559
1.29003860602726
0.0773006780745604
1.42753222988254
1.32651104033712
2.04091601232881
1.12959037057825
-0.0192527142000167
0.0865786713602726
1.2479874750878
0.0907542237512704
0.210283061770331
-0.888129161203492
0.850956719918347
0.853616361886695
0.0327980817257722
0.662767194553694
0.215597851948766
1.38412300824892
1.48867818069128
0.304734609628023
2.66326299924997
0.856336906887181
1.09991393029982
0.93615562959383
0.717702894455497
1.61379038163004
0.267845620400397
1.46016306750783
0.598328710673532
2.10007724101939
1.15229196788492
1.85260328287814
1.4378091337197
1.41447416718331
0.896872835621597
1.1758580258364
1.15008934724268
1.29882441262661
0.995736297599941
1.62479154818356
0.988448082645806
0.330599609343989
1.59028224245041
2.11102440609652
2.10778865357948
1.99370730097315
-0.0255602959002455
2.38175126381766
-0.0482695917569639
0.382303715964913
1.72193705037265
0.247243976379161
0.30769553929879
1.21025054997716
-1.00473884292078
1.11955499588768
0.819911400554204
0.365600383685676
0.675076709840808
2.91254732588753
1.07551325724964
1.11087455425038
1.2032195710924
1.81422220421825
1.30818730249312
1.20031950762851
0.369616138474498
-0.309479262943374
0.666030825329862
0.320931335722855
2.12561063183953
-0.782272949417772
0.209774702493979
1.06470634896116
1.35128350747812
0.731438284500077
0.890999935062378
1.69196917341734
1.78751001956144
0.951798426190412
0.292740200507959
1.99317956932877
2.18223495167467
0.782748615672317
0.770399965435917
1.91231764523397
0.809398841244835
1.24471906555008
0.601494175866686
0.582023274214482
1.07483624600541
1.06343214394085
1.31642609841767
-0.12796868317088
1.13113074117386
0.783871801497177
2.02237093249946
1.43452387108996
1.88728535790581
1.7048993503219
-0.613475806909883
1.84352483490454
2.03078004495141
0.728230863426441
1.77600040790298
0.522876961347806
1.77283920532892
0.0781255861839991
2.12560022990361
1.73456933642971
1.13878345206902
1.43800237105007
0.735060698677383
1.66690197775474
0.733634078717394
0.469299883657035
0.666354838904022
1.78933470493843
1.9410873464342
0.15678576512987
1.52339579875672
1.91970173192261
0.933795990441034
1.22215463590545
-0.581883660579323
1.72847369732554
-0.393356360621671
0.0320307653609413
1.95321254774821
1.07913463645596
0.873663896833727
1.1645101660221
0.843251270542615
0.116371965681034
1.61805476650669
0.739990257346056
0.683480347222169
0.279556873270504
2.73631477807413
0.0716436353199879
0.712877793175186
0.671183457057908
-0.285642556196536
1.1516917471015
0.604297474023764
0.578816950037054
1.16318479708212
-0.11262796507736
0.978263582579204
0.0233959695561752
1.43443844748565
0.997775438668023
0.888747859911335
1.0393220627988
-0.068956105170713
-0.169465321597698
0.463460885276187
0.252527486847238
2.08781976261011
2.79844348127278
1.26660408358458
1.1087084876715
0.743746332014559
1.46581774327405
1.49688304662264
2.27977475958789
1.0871479791863
1.173240831349
1.13687686378596
0.889379864931013
1.05186837897503
0.689238053354294
0.585340122672669
1.02939723396757
0.887570865319313
0.271160923683564
0.682539646571658
0.00836686121080045
1.25930178022671
1.0946798927507
0.182746594482728
0.065204816842646
1.34941174242773
1.29243831994521
1.17750750338659
1.34158945439138
1.04587201577193
1.05802697636908
1.77088365356292
0.33298013962019
-0.0185987117227277
0.955040993317184
0.921185436848493
1.08938317317121
-0.0753566697663697
0.799654424943825
0.00424905200958962
0.993848475773898
0.810701039177261
0.917201829645943
0.197441754850506
2.01899595852462
-0.110514813653387
0.156238321312726
0.665810099886794
0.204955128027702
1.54419318734212
1.89369063624593
1.34785015909238
1.36814781153928
1.55587038280194
2.26075126583748
1.0159329546575
0.846389328127733
0.785542497053061
0.664643493786856
1.22131801054345
0.69650104533147
1.93547997745845
0.966698582932807
1.5425350773162
2.0851373995965
0.53135507167929
0.785279565522359
2.1363083506265
0.990785399086757
0.667279990068248
-0.0883826742664493
1.86484412239213
1.10901955986331
1.00427611894636
1.00734091002188
1.70414319708627
1.16173887916389
0.925284614137553
1.24977036766551
0.504577117599362
0.266144744880086
1.27297458102904
0.688983631634971
0.896485964571335
1.3956251212248
0.748461205031236
0.759473239026253
0.87068076985211
0.724931992271338
1.23969434443451
0.222361593583981
0.390353636915687
0.262686323739881
1.01417703634473
1.76466149244147
0.628756947851424
0.7652048976347
0.394436046981019
2.05833147335397
-0.171019197680864
1.6407394742971
0.845818459856699
1.05894754624324
-0.150925671203346
0.159940703340431
1.00067231287031
1.69071210666501
1.5312876654435
1.09116068173728
0.734535676722571
0.292541126768604
0.995825807252601
1.61015664476403
1.37669816788521
0.28934785288479
0.807195224107705
0.920173566151616
2.0206556406696
0.402596031110996
2.32088656047181
1.01770084124589
0.796617949431849
1.98564993186667
2.17248092778892
0.0974961501587774
2.00564248943558
0.340278875424522
-0.662289781158592
0.907280252915353
1.77058166674158
1.6614780505973
0.567466581577203
0.844095498496139
2.43605907017401
1.30865944470364
-0.307093596500984
-0.188702293381782
0.899631562559065
0.745981435662345
0.320421426863851
-0.629402523744686
2.03225681388999
1.53997445324237
0.973173749475174
1.02280111919518
1.13493290195717
-0.18666269559557
-0.135241079996545
1.4190966776244
0.276366295948099
0.168905259065846
0.240127358588436
0.994160915385211
-0.644038746421591
0.559684564819605
1.19852409552479
1.24608731763493
2.50149006155279
0.863248505555725
0.970226361474171
2.16821438318126
-0.645126246085451
1.50423989576929
1.2177997128773
0.842411464230668
0.858815680251589
1.30395419134427
0.0756579932845724
-0.378261105229602
0.851885350792556
0.996418897145344
1.74074985659495
1.48322734170411
0.663658041146334
0.719688474755333
-0.340901258546876
0.941586479940002
1.5581219144135
1.86370297248826
0.830375122289136
0.822114960739926
0.969551350108599
0.947180784161412
0.713664939511138
1.19391590914486
1.39034499639618
1.64391342761748
1.12912967177527
0.912627583943911
0.951114592457382
0.897403735485132
0.913617657181013
0.987086809471971
1.01985531962191
0.906476024530576
0.95334132409078
0.842325751713962
0.733860004544735
0.942847481678991
0.5416549368829
1.14079997769952
1.03160643172678
0.801827937952606
0.57774257343174
1.3431441156249
1.22596652609882
0.999527473882031
1.00190975421661
1.32906290431536
0.880571961874405
0.960961641651618
1.10625622830438
0.488081835769115
0.8157568345055
1.02261932505742
1.56463649048009
0.766832600697428
1.15629502910701
0.65206127372828
1.53801888237391
1.02969314721149
0.774204938426974
0.550763076043815
1.14619928102794
0.68088590967658
0.852183525897259
1.06186586438422
1.01504712946563
1.22680465228922
0.936905838720823
1.02589474604693
1.01773848716939
0.89563952568565
0.881231766002707
0.917583212004272
0.76271685105696
1.0658371316004
0.939848610691637
1.35294643352111
1.05902927571359
1.08230605003623
0.966110745163501
1.06960360777062
0.836544619162481
0.999038168476139
0.956174123586548
1.10449247012484
0.917265194899206
0.747096218003731
0.874738614842664
0.818451064680772
0.923958338773801
0.934886756037521
0.720064102584279
0.808848295859151
0.771842287342134
0.911159467301071
0.544058777698549
0.707122078690163
1.05923256428159
0.994360877276475
0.503914780538633
0.713585586289461
1.24750628242879
0.946712154244619
1.0563800682279
1.01723898856593
0.852035586023241
0.821834909449221
1.00713051686375
1.43283129589726
1.32482216626685
0.919948244366481
0.948026581352579
1.68805224901813
1.64131736688346
1.3195256350505
0.906660186462061
0.898408661375493
0.847903563879799
0.711675518691761
0.696944131184923
1.02194631702376
1.01796653986933
0.924283588644636
0.899080055375186
0.942354189245829
0.912589726080152
0.989115097659528
0.914273436417632
0.882642067251432
1.06937232279301
1.31780827240655
0.655738127318343
1.12924412076111
1.04764668235315
1.42243983806457
0.559252205850164
1.17552190010975
1.19621733025671
0.811868502507455
0.682099965862337
0.588583565801102
0.951571782856113
0.743910390835599
0.413214940962281
0.510476238625797
0.972033227182018
1.1575212034027
1.14179096793137
0.79499154532421
1.04713805490244
1.44326986611459
1.28626379174523
1.17995078835918
1.18224133635111
1.01692122660316
1.05742170005651
0.958155078163751
0.944539146334539
1.03864474908111
1.05821966920996
0.990000416515805
0.867170952432742
1.03447838940493
0.980034349849025
0.730521022809199
1.02037776278234
1.06018739591132
1.07151677443181
0.506914497432019
0.496116210193542
0.4781416727257
1.30353956327496
1.09625117821921
0.790141234798244
1.09235538560183
0.89185339779337
1.33257996517953
0.939394468827575
0.696058460781321
0.927463273623461
0.71599768401978
0.73790519051466
0.781706307440247
0.541201842744494
0.67921054253043
0.804307652856621
0.791174960094833
0.829607921095624
0.869712235529658
0.842266309011763
0.938658971765374
1.02037218749674
1.36721058717112
0.83478681005412
1.02296347030767
1.62136521570969
0.403601727221138
0.464013428395944
0.670495047948845
0.996248996492096
1.19463232172486
0.996106248443355
