1.04982524864805
0.869521418925507
0.8551936122187
0.824734823374346
0.266326453472884
0.556726984967223
0.772536852333665
0.830665609603296
0.899834179000098
0.242601531498155
0.403268934079485
0.443729635836622
0.681843987083797
0.91029872457443
1.02416738396802
1.39829557110228
1.40335281151277
1.38234700041861
1.273490334857
1.17436239244143
1.10146330672242
0.529759117443118
0.687493724004149
0.884683049096715
1.28874335582889
0.954739796520598
0.368244778979575
0.915951190234884
0.173549629815045
0.501908638425638
0.832110690451783
0.906163014603243
0.557166552136216
0.799088247756855
0.829209906026746
1.37373808190189
1.41354506815778
0.339760293603775
0.848944225652552
1.0052816668687
0.622685719324602
1.15762369013594
0.925584701427407
0.204168360946231
0.791120236452403
0.496226082324147
0.314757228081609
0.461300213355069
0.419066402996812
0.960598818073214
0.174296611521273
0.685170187564343
0.841039251084133
0.585102563642068
0.25258427153194
0.921266207075407
0.913715185447627
0.738039748047585
0.287481327660595
0.902337287288642
1.3403057388764
0.620517082632445
1.08892367390999
1.22352658710115
0.274620846267901
1.22689514712014
0.436830370803722
1.39320777026389
1.33820864438921
0.340462503624698
0.518126275803979
0.554143896414879
0.802771666794886
0.76114838782994
0.347795002456551
0.662604858390231
0.764725812768335
0.84040099831988
0.279849241669652
0.196380519774396
0.927430010490719
0.465610383572448
0.858508922967389
0.848116781110478
0.823145136212498
0.92220732869854
0.923853327422617
1.40219026502294
0.36321158622729
0.46882927238639
0.989253242091254
1.41251958594525
0.680837859517363
0.885493373211647
1.02986236887807
0.978555173726203
0.527133844293221
0.483635996084426
0.589947876882724
0.196531812526292
0.863883072669117
1.1397666633387
0.816330547200498
0.902087942009961
0.913991898773503
0.710666200749603
0.216153019861323
0.270020461633543
0.181540207934105
0.90415690879465
0.933461818447541
0.90581570703371
0.275475614885658
0.652542782106391
1.36418589644631
1.30732288309867
0.794786826799943
0.855166546957907
0.753531881981179
0.912342575398027
0.849682124639074
0.912371287836917
0.886127661388094
0.883524198539178
0.871328342198822
0.867078563675157
0.87225774896994
0.855011988500771
0.863187756811328
0.878538504572242
1.02522206913201
0.983758976389641
1.12084227431668
1.01645810365332
1.31991790366111
1.16374790384066
1.25102147018252
1.48119536149069
1.95458408519885
2.22853784709667
0.922895458432263
1.21689807967755
1.39354549110602
1.33776933260425
1.46137025809397
1.73426485448539
1.06983952533088
1.43826750697749
1.04176236095148
1.20633867622378
1.494246113701
0.287819230466724
0.262849525106941
0.170357011885332
0.111114028020834
0.630871496636528
0.416238426419542
0.417890228455707
0.242360231791024
0.499701356958961
0.277760471444003
0.488807977275684
0.435728913320294
0.496199116748564
0.605294977813673
2.36939788219094
2.23416548595708
1.86650843544912
1.94164077960369
1.98693446039675
2.24877279079602
1.81647875321253
1.72848557695457
1.51521209511824
1.57077075822093
1.61429462886
1.61239099498976
1.36259759418997
1.39728673206819
1.50178654371459
1.02534537363654
1.31882326938941
1.4766858672829
1.14171579753756
1.12752149479229
1.21015766040786
0.826881141405451
0.91343103073172
0.00798248464233449
-0.0122759066128265
-0.0871437363417188
0.00927572969864501
-0.126177323189272
-0.147358397711086
-0.136969563159143
-0.0599438336721217
-0.109261848611897
0.0619757616071034
0.154682897035474
-0.0374057443327308
0.413421850304119
-0.063593487078118
0.420145978898173
0.169095931949029
0.313157313900685
0.749575011390522
0.516153529502962
0.552367484084209
0.645124030628539
0.86710622355601
1.03327613047896
1.37347024402301
1.29794011036438
1.04392433362739
0.785631482790632
1.09610536542733
1.07774210035033
1.04449699060159
0.971095992946851
1.08007361741754
1.22794556742139
0.860156308934441
1.54640033212251
1.71739938737151
1.6278492253521
1.64731786848975
1.7655097596415
1.82677310515855
2.00903961964367
2.27999875736264
2.1410123255936
1.86606204554177
1.58261277624377
1.16236979466515
1.1668536397436
0.943926675092074
1.14847699344612
1.1795826241826
1.04589010877549
0.952039900685108
1.15031130550397
1.13643891557801
1.01668305487694
1.06570159222965
1.12295831319502
1.16897461228617
1.07757137563882
1.23810265525553
1.05133170290648
1.10601339272071
0.0903573597336611
0.142945845798994
0.104457990693679
1.11767486030967
0.91814660806549
0.724789385799644
0.56853835613057
0.698717004260609
0.689275282434606
0.332544068237577
0.5076900442264
0.341949670700991
0.166025388909899
0.0634326150146797
0.0569622428704776
0.155852280380443
0.603118607009444
0.494187845225283
0.481188403998945
0.564059229142007
0.428289227671314
0.344733802559944
0.995340266601638
2.01921664110044
2.185338899856
2.27358306875735
1.36519260036266
1.3822232015136
1.68138416967653
1.66801999840582
1.1034814714129
1.35168324355097
1.16431236797976
1.31140453976796
1.26346783376893
1.41190245270208
1.84597125482036
1.54710099529927
2.06642250227276
0.976947351935258
0.947027780759684
0.891644507194112
0.95976561526533
1.15977686868147
0.343135529531762
0.122049329335776
0.874539783791943
-0.00331809656022048
1.40734854768008
0.931037751906008
0.940099941266438
0.908640286452419
1.467376111451
1.58731725900132
1.44507769313945
0.85646661836947
0.471281153302541
0.269734390636057
1.34353707886855
0.724040240402002
0.131515313206575
0.388230776888744
1.37755765880025
1.32379155328459
0.827722413301651
0.893619097035944
0.91978578904958
1.17676910518462
0.605100595531794
0.555599078322773
0.887166345575856
1.48262483370502
1.78000276007036
1.51393703668105
1.80746623181769
0.643116091367363
0.449713888745513
0.777408044186624
1.19108713021259
0.417439343825598
1.51751642616013
1.17462398453906
0.978888058904513
1.58362275105331
1.18256339923689
1.73409179801787
1.01365485562642
2.06391490398101
2.33846177453596
0.306465007271778
0.246941430443363
-0.0544334940461491
0.11772863769884
0.261739174432124
0.0542469168759561
1.69002975047141
1.61009605407129
0.521358521995142
1.61157266191862
1.10373300978173
0.478925774863244
0.498666175455621
1.92803025987741
0.853347294951279
1.07535905424733
1.01456036932345
0.803514532737477
0.618391689180045
0.37553520230882
0.885288795749888
0.852120776245993
0.878171590154548
1.41900848810597
1.84460369576123
1.76224906487271
2.37384287881583
0.219234678779829
0.847560597182166
0.891793942543052
0.234560182471593
1.51136037853989
1.2759245858223
0.468659710583308
0.599772636973346
0.839347807843472
0.682210081997555
0.878817715856882
1.17028466823599
1.29113723306005
1.89089170486511
1.67224067644589
1.16654988294768
1.35165110696847
1.92191042757609
0.379772442162134
0.261470223627121
0.125413244125752
0.430155423715852
1.23405010180039
1.0745847040604
1.02738057338385
0.806866226991841
0.383767053292855
0.719552834986475
0.384695120059287
0.238818288412204
0.917807073873587
1.20922057621668
1.32078155539195
2.17578798782892
0.570349798260301
0.660354483135561
0.944702377367565
1.29376133716162
2.18699479992738
0.864904231824244
0.158396093548028
0.150091446734401
0.341228982353312
0.0993907336402892
0.895782911462105
0.0657107037821734
0.904025118733992
0.913893088984486
0.926203126433441
0.804161500555189
0.859093514199099
0.881092357004848
0.16894225785312
0.132869937387681
0.205005078453831
1.03596536633584
0.679525785739236
0.697742197843602
0.817964556821514
0.956247224283905
1.38704510115578
1.2958641955187
1.55253329712747
1.09789473418528
1.06133786173224
1.12865453959168
1.40590951437887
1.2434655236877
0.302296630592061
0.259269954582397
0.335307641392703
1.56674485159257
1.35772926362809
1.38269416919484
1.78619670696215
2.03998425782032
1.82527136166465
1.68079142062264
1.2843984403062
0.87163896774151
0.895384028459243
0.8826099457617
-0.161995786794077
-0.0736032292989732
-0.00986543074507783
0.0807885962502784
0.338981269447517
0.247342907445007
0.847693994240099
1.02508987852172
0.961590748042212
0.754344984472123
-0.0189192551400345
0.0940193684982512
-0.0733206301872088
0.0659286580872061
1.32213310515916
1.23684768541526
1.0661138122932
0.948512849322797
1.16550239092909
0.979011152045288
0.951834291863047
0.905035279060862
1.32359386006988
0.9288571338489
0.979940889397708
0.826942988858566
0.173345085366313
0.749517806472731
1.43245838127666
0.262248478642377
2.07837579947473
1.92992035424779
0.648800801699402
0.416047526440996
0.163209696623305
0.266887301569658
0.873859108906103
0.743868153558725
1.40549124518589
0.83497815823624
0.351639571724586
0.303478791050026
1.13803097643397
1.05146034370032
0.963498547104712
0.910608847316076
0.227673105943033
0.486791626023586
0.641208045082015
0.703381988060124
0.304017932885912
1.16735167658546
0.811953760638919
0.500644571541865
0.853912345455695
0.212548429947658
0.92997203733799
0.578459083842704
1.64668784982213
1.68685990096181
0.8609516976388
1.34597606677127
2.00416589376893
0.45147529147487
0.11157813588415
0.109471878966854
0.157870715320511
1.1509094038298
0.438370768500469
0.23414772895706
1.78027923826966
1.44609701735775
0.946956656913151
0.55782295626882
0.715180759666462
0.915923712290643
0.330285204818247
1.30214457980053
0.378425418516126
0.0562517601506564
0.283622602029719
1.10651567458626
1.71468861082364
1.49598942462134
1.24812294467901
1.39902086557491
1.7241059707805
0.904489933066525
0.900450432590981
0.178472913518699
0.521408209680323
0.29188928453185
1.22570401643314
1.56650823148039
1.30581138002879
0.645784178916506
0.852638566993975
0.841336180741797
2.12467317903186
0.261088501267812
0.188523134782128
0.192288894634427
1.33518039804005
0.369403304202206
1.77037383738853
0.278785862054591
0.553421838931903
0.0957301868184049
0.111026479340232
-0.0688435170562921
0.538866415888772
0.241313476545646
0.323330225143875
0.362179758773824
0.48790974464706
0.104606915819278
2.10808248048936
0.747558235711796
1.29171342388878
0.9234726999773
1.01427211493287
0.718859937913858
0.236402539678674
1.65122269823374
-0.00561976836848694
1.22142557386265
0.772937806915221
0.746867545419282
0.845282206126514
0.165037457155134
1.69546140690761
1.10352124357469
0.537617622073481
0.325727556168011
0.0474981093627094
1.01246482501812
0.651333284871043
0.204208323838617
0.720186963436054
0.776215649181228
0.951651780587559
1.01338405476337
0.68902324801414
0.431296441623152
2.22724104609532
0.228547365286353
1.52355754344291
0.6594903941451
1.48513917110124
0.86655246517155
0.882362152881263
0.562636573964377
1.17570958093323
1.11124772656632
1.48016703545117
0.128540212488392
1.44594621326793
1.51595455859559
0.606747164694529
1.13591890368986
0.848537952985794
1.55849219576979
0.728961786125261
0.409776986375406
1.47800772871069
0.212630923322894
0.979432171625789
0.233233734270876
2.19255309777208
1.22823696718564
0.232574001836438
0.135439951169502
0.0527808997039552
0.908337326681849
0.842718417275182
0.150310699827815
2.23863823667565
0.736883052987376
0.107864872740368
1.15578187598702
0.23703872529569
-0.0190710916230307
0.673841740049758
1.51825362271582
0.686332068759292
0.485181532643206
0.328841915970529
0.75070060703258
1.63454865757987
1.59740870027015
2.30220122193018
0.933153820811823
0.929304479547061
0.934170617495712
0.65733135459506
1.2818559794081
1.46536285677449
0.986743959887853
1.13450137026909
0.192572509306305
0.777730972037983
1.49873816781605
0.325255848175054
0.272528677235334
0.998981223251068
0.289133326412186
0.172880660476522
0.248521432375613
0.446677058408141
1.35824432285644
1.17591267881128
0.860690359357284
0.168799613701891
0.103490337468285
0.760328098895517
1.63240095783916
0.264737756431806
0.318811919763135
1.41143059088669
0.855543403695687
1.91697969452319
0.935059872489777
0.62138786037357
0.319702341285662
0.603130631739912
2.20369380328389
1.49181444531314
1.39825633595671
1.33962880856451
0.860231358036556
0.310043487940127
0.271054880608554
1.44818486781233
2.20966215597644
1.60022048460013
1.59045452168848
1.7367224112656
0.644494735251461
0.858738330739003
0.346798372635269
1.46655912406005
1.02153306535078
0.377602388488198
0.578772882551868
2.38529053930633
1.34048539780928
1.51578246012259
1.78903374764464
0.918324074444353
0.195369920992612
0.112336385339649
1.02718097130893
0.750331380116343
0.79279130865029
0.256792681405275
0.31905456541147
0.194396384889164
0.917873943684446
0.906061750905748
1.20860845915634
0.866432614770058
0.938556980524749
0.8831946897632
2.44125122133567
2.46979075166922
0.47686886995718
1.2687593378046
0.324767596364808
1.39335525374959
1.09442887323407
1.79169140126556
0.486119545954754
0.21492888695805
0.237082310307201
1.22732707638277
0.292663360968893
0.443808017987295
-0.0768172686030781
0.862359642903376
0.88346292981165
0.207677441973345
0.591040617098228
0.298003629512963
1.47039777612733
1.50125982518785
0.256246833405462
2.40456899554707
1.08907671066589
0.667040568980002
0.808563191396627
1.03072178704223
1.43853128634373
0.569376519351839
1.36683684691246
0.918663226544391
1.82234658971577
1.46021707691527
1.58790239833223
0.973117749961048
0.967314423556201
1.14401842679939
0.55903508294611
0.59608252272596
0.540578422155895
1.23677826696763
1.4438774353679
1.01265740913133
0.328011494841813
1.5464396921945
1.95101318432507
2.00630194684998
1.7490468135036
0.182262846513585
2.23905945293407
0.195963373135168
0.194246577715237
1.304832348798
0.391156357065043
0.344605525807974
1.20919031070268
-0.142159771543624
0.877488519075315
0.803913412127044
0.439023359210603
0.705153527361988
2.36056358512977
0.878622745567656
0.897055157731391
1.11249311760486
1.33256052945172
1.53098783548898
0.449828001721224
0.330319949641549
0.0750299585237312
1.01143594782953
0.472607495260898
2.15541157046602
-0.0509204423639653
0.185499227351048
1.25155663676248
1.58216004141345
0.917414695721736
0.937809981916518
1.60663099329308
1.6260901999321
0.998154160528488
0.467382193915119
1.93085745240065
2.11827075849027
1.30248039682231
0.41150593429089
1.67853301369944
0.887126965356258
1.14260825229916
0.5885954072793
0.912702103532885
1.33095701305719
0.68301547162045
0.621757833278809
0.180946091802674
1.45227541504592
1.26961504321258
1.70981840117594
0.560891091073062
1.85842205429504
1.67909565271204
0.0295171853497401
1.57676281660567
1.64923644952227
0.959341599744577
1.55045722603209
0.597839898610576
1.52819632157667
0.209676257165409
1.92706342053251
1.79390136035579
0.874930808822864
1.01153548068352
0.684713165004283
1.46664157714217
0.656010206522295
0.576050253811736
0.735546564960004
1.36218961509092
1.90092096845597
0.207462615844337
1.6348975272919
1.56272751594394
1.03264489844125
1.47597271931892
-0.141487816249083
1.8137872847613
0.0782395208657371
0.427031720729972
1.70289561006207
1.36323896809327
1.16729504926678
0.890086674263677
0.902686411654174
0.297216687825957
1.2800149102166
0.850622690388543
0.859990354160671
0.347544525172989
2.33986691130648
0.25412609444613
1.01287746944652
0.641479749556073
0.215722705353166
0.912575518872572
0.891820682603108
0.882667587518054
0.611860386541677
0.0754975174538994
1.07889081325328
0.246434232819058
1.47790828582271
0.875983945931783
0.83436261017841
1.24846792345778
0.218567950202251
0.108874511350246
0.602640423228358
0.496568268778093
1.70296729517152
2.25683090608206
0.701023433437004
0.946369877468808
1.1287241657136
1.50034889711545
1.39426424411138
1.96237557731692
0.887573555948797
0.791679430269042
0.863058304290008
1.02937088201634
1.07786976551054
0.940829494984238
0.230522919503006
0.974043904907526
1.00047976916509
0.138037830693881
0.414460872161185
0.266824427699179
0.666237965313559
0.958609024718933
0.379051892687582
0.286477550163408
0.5019540329626
0.433812261236603
0.400943997690115
1.32773466086866
0.817650663616659
0.837290536524343
1.48153656146539
0.364530474513672
0.225456586827757
1.18285184783104
1.18977325313711
1.27154042487823
0.18445121771424
1.00341986332746
0.269926335308568
0.89861566659183
0.816620837097128
0.836447820768797
0.403805180005709
1.93529562857898
0.0916086386563447
0.37563630903786
1.11422920082376
0.369339791786142
1.6641744504052
1.88472917876039
0.591635058155129
1.29030677177912
1.4797794216505
2.15030830859216
0.957963731087986
0.875085744599893
0.821318317596736
0.282916769299768
0.95711861186203
0.335151842109796
1.64968141239622
0.425205226304789
1.39414592579088
1.80214891845185
0.898275296973241
1.17046132983899
2.0403392196286
1.04982233203573
0.89684585075403
0.125417461788982
1.41870397195492
1.23095293219636
0.692209424699355
0.395741537381081
1.57014610612101
0.526527805281073
0.84828953528952
0.527608659037922
0.930576026929718
0.591286513105414
1.10149643284331
1.0407132664963
0.860124752188203
1.36825963967043
0.774529588517704
1.10871123449424
0.987155830083925
0.439245059850286
1.32962152604734
0.205157203927078
0.2803072046663
0.243683712009465
0.84004393914843
1.52203443436265
0.870091838079022
0.361491911055016
0.252547129140452
1.86487551367691
0.0409703515517986
1.4294170134707
0.844401573586316
0.45732823864836
0.162357383517622
0.464007588660171
1.17604513987855
1.54716105416163
1.3909447612362
0.492109999057155
1.11691637014707
0.523680208984048
1.20647514052454
1.65403301225268
0.571596501891815
0.160367917777473
0.724248750362536
1.13333096032742
1.9521780937028
0.143660188419292
2.14396918343725
0.895596807621491
0.749043500494564
1.92292483982272
2.01735212571599
0.272171239766697
1.96793383134103
0.538427045569992
0.0328187573891273
0.819670478435811
1.52642302688333
1.46141256989071
0.99884700033409
0.758957013838432
2.2009171419444
1.16090774857356
0.244544006867978
0.205478326219648
0.943110170306839
0.928767029255905
0.192047322340642
0.0952854324817992
1.76623039001211
1.43163766971192
1.08330087033655
1.09779730160957
1.16690358540594
0.105378130469671
0.157381541103531
0.520032061417472
0.251295873130732
0.224767957742836
0.174828229113374
1.38991053651719
0.102479461391564
0.636516336239579
0.899261826174765
0.923712295736794
2.34487834083437
0.71016109458185
0.833502218033491
2.09429816320848
-0.0174628367640551
1.7090323816344
1.38482988610008
0.956037707393216
1.01129532419078
0.934339297405309
0.210627454398602
0.00359688777350613
0.571300734273014
0.713175129397337
1.63258991160407
1.45074318432998
1.14373226068388
0.314680392080491
-0.00028760691187139
0.379400718629794
1.4478456754916
1.60164694097133
0.890868171472697
0.845050811941241
0.8217584284545
0.783470557771292
0.343164764167856
0.654254516023091
0.806733541532354
1.01856694712479
0.698806736907712
0.60970334694617
0.653117117774385
0.888818286216957
1.00768921831197
1.08604834527169
1.04408649179255
0.965046184167161
0.780638144242819
0.336226185296374
0.518658086326213
0.992861101778827
0.383135972127382
0.902139746223845
0.675671135690612
0.8351481260554
0.265773543930992
1.28277282363076
0.528151087266078
0.519243758571065
0.915793108767135
1.30212798523489
0.966419025470871
1.10065804382314
0.843542366671087
0.378977724409116
0.668965220799541
0.829894647061896
0.79563728768544
0.88118810563815
1.19811976809815
0.613754195195274
0.894333711694759
0.75723432864335
0.443403757063699
0.327158917838009
0.883613894302085
0.284431948720532
0.390261651056144
0.578822339648477
0.39960259846473
1.22568430630295
0.943034440353904
1.08129746055693
0.806695746524433
0.940656095976345
0.602207977720916
0.844188744526357
0.320282170012844
0.911535536731409
0.900136332519946
1.30044498176133
1.15045341956929
1.11242604814243
0.627258352701173
0.570205535220143
0.548468958192061
0.821107889792885
0.712348977141627
0.535228327199509
0.948764979435928
0.861128131523255
0.79282295077225
0.841830965373651
0.809560587995733
0.808284995152218
0.634938495784353
0.636363799168434
0.609458634991238
0.645147152161846
0.515548203863124
0.488830264790402
0.624973979809706
0.661131152193467
0.25870284267806
0.330356479587763
1.25872978033788
1.0625044611568
0.802553059195265
0.782529342058691
0.939519348861125
0.882957565686032
1.11819851843963
0.680162806526315
0.666645347456181
0.728266762521044
0.781775229036435
0.915224513784999
0.915235990911368
0.837151330098962
1.02095663931054
0.991465263312549
0.928463299596832
0.415467665898028
0.380203716809963
0.705872137779675
0.719516986427949
0.566473000973801
0.470146381333601
0.536862511169117
0.359045820993315
1.04908050577938
0.956498731597145
0.374952735840425
0.539275015098908
1.27964866388976
0.386825461600662
0.913837757641207
0.911582794096666
1.34057038501185
0.247200529904706
1.1967757705694
0.902423530063535
0.832014026341404
0.264354774288641
0.593035902943403
1.0922707714078
0.848779573891992
0.403296716468428
0.427249408514251
0.917109470179144
0.490661736721995
0.8664330488692
0.913401660915106
0.822718262299783
1.34111791453694
1.24986711206101
1.1783828764202
1.20703761862142
1.0677878691132
1.11563235269567
1.01637474147889
1.04031186736613
0.86694444050376
1.09590496413912
0.592204826221336
0.702593054628398
0.861165946172413
0.817825909082638
0.878702999021526
0.77996583360618
0.644586324762657
0.82741986285472
0.549284946413532
0.270558309843373
0.300479408472407
1.28369118037259
0.748809045251187
0.672787362314608
0.589946540010473
0.978867411541227
0.611987715565911
0.929662621957006
0.301628437982398
0.73275700734008
0.633681971590221
0.590529564949975
0.648511414516943
0.434107496494569
0.451546819156567
0.897819319564965
0.860652007186765
0.906224185318415
0.813168753627245
0.811126334223638
0.803023681989764
0.62805100081972
1.31934198657858
0.516821870506739
0.79105059189312
0.859055003582184
0.317756128619529
0.4344492912939
0.457410715597136
0.618397619121788
0.914297524321687
0.487788557652907
