0.945184660184218
0.691614562706435
1.11443410650194
1.08305437463285
0.348435426865049
1.23581008283103
1.4845061679031
1.53005323076355
1.58200389793265
0.198208223840231
0.810531975791806
0.939491239870371
1.03952652882026
1.11044925998278
0.947316136822031
1.53288464035729
1.54649619585261
1.51352767058335
1.22257094410355
1.00480635808221
0.964520337105139
0.401733771300123
0.778086934438895
1.1666146457288
1.34856462347689
0.834552849635917
0.280469699934067
0.904575776749336
0.474787316495097
0.433715891917694
0.869839998014691
0.734113818799655
1.1290376955379
1.01444906239096
1.0128338657553
1.49365054707203
1.57496820926559
0.862958327531998
0.741512967787757
0.913413388343952
0.581967737448303
1.12368396536412
1.25460889698747
0.378899977283164
0.993196020068029
1.07557405226491
0.511228420395632
0.324670193196014
0.419332017819146
0.886730913394986
0.40051284139681
0.973527746671286
1.06007024968177
1.2172770861111
0.664352007076933
1.20234288114623
1.24439341674513
0.992392005111441
0.420972233447422
1.00551016093345
1.40197847203319
1.10337876351913
1.02635832245244
1.23817032822684
0.0961515833598872
1.09870171508048
0.322097001370715
1.52486379855966
1.43337948972288
0.381634866329774
0.38106665526978
0.455674325278236
1.05011180182004
0.924708026157359
0.294651776757843
0.685309683068952
0.986774607696168
0.798845084014085
0.742770837868023
0.545983191104515
0.777070521354357
1.05211927272826
0.703869485632609
1.08650624770155
0.934423316130851
1.26170648139378
1.23356807583486
1.55331269780019
0.67996556633043
1.01699555554619
0.910454930826222
1.57115353729552
1.37544218270745
0.698920172965659
0.935401156978323
0.878381571718213
1.11561944159503
1.13083485844334
1.12468706484219
0.395667597681447
1.11325028571463
0.980470998329016
1.01817114732796
1.21591173886767
1.15869607388562
1.01196290612405
0.317013065469824
0.424968986942146
0.444547206626711
1.05835296731684
0.884301775440604
0.948522753342303
0.355209571145899
1.07259990955101
1.46766091876257
1.31181231225173
0.892630261378091
0.984398293465966
0.892988742560249
0.981332663691951
1.0029916513146
1.20092331584987
1.14439217274741
1.14082380876476
1.06439653335475
1.01468677622144
0.960007111045699
0.925125554894332
0.892021639644723
0.953483838920375
0.63598636175276
0.620118140531005
0.72772428185875
0.718658508268111
1.02139138969386
0.863529991128704
0.820926984678384
1.29934123516623
1.89659970583218
2.29620396977681
0.881017366252697
1.46886865379807
1.942072416314
1.75086958792468
1.41357610278793
1.87438078713173
0.981485326836807
1.71761028753718
1.09096968442143
1.12848008017107
1.60326650393489
0.216578448790712
0.0852352190560863
-0.110680126528983
-0.203203050919544
0.530294180275225
0.190024710995183
0.174682121598724
0.0960886329149145
0.445864566272795
0.0809156581035484
0.38932495965368
0.410089542884858
0.348180020454544
0.57485070102196
2.81923847061596
2.6726411099722
2.24595349841826
2.40453884369391
2.46383072747606
2.82447160742526
1.92413700279448
2.12933599896937
1.84062450290381
1.74280882424841
1.62189864330034
1.59938118774862
1.56202304749831
1.3878340797557
1.18371464231146
1.28023827955007
1.48188511904394
1.63013689382554
1.12016775937524
1.090170813209
1.30458857630056
0.69026390465185
0.946273384557112
-0.0861028338575493
-0.506187356498096
-0.977664956815033
-0.842251190502064
-0.80354861800587
-1.00572245835155
-0.82158739628131
-0.748477872372561
-0.55808164716855
0.087391596904775
0.20474332861462
-0.621312450304761
0.705652672857241
-0.855062733860651
0.533951081802918
-0.326000011309743
0.797395692849777
0.688860231663014
0.089279935737197
0.396113466231885
0.718131315738337
0.66561758888524
0.961170063313989
1.20649521829518
1.26119550458573
1.00928859853644
0.760425298031576
1.3491532412566
1.40814094796819
1.17495176747724
0.777779398543617
0.58861983681672
0.766815001953282
1.0215737088713
1.67523342395532
1.67440632424875
1.84376284701058
1.92535342673185
1.88934324012407
2.02800416530939
2.19085964930863
2.46378822000061
2.40231929935807
2.07969311522209
1.8610198616052
0.903095474920475
0.889994048512366
0.464812504127256
0.750720426651153
0.698063621424929
0.875945457743539
0.672550602435361
0.793257814842436
0.678298065137831
0.72336991451964
0.966879854086582
1.22937799371203
1.27689632191813
0.974125169699186
0.842082947367578
1.11744755770293
1.09603918715044
-0.245852265797783
-0.140772453445739
-0.336114705701432
1.26366290519359
1.04223861444699
0.890901031390227
1.02442123252468
0.979164734535051
0.830820232808723
0.775230537944009
0.644116968053436
0.39428641461606
-0.158760756579657
-0.187812146271617
-0.573966309015165
-0.398014513414265
1.3146588245484
1.40899111530983
1.24451292585922
1.34234481729534
1.25609829202957
1.0432606512489
0.656264138368535
2.06922234522124
2.31663479285191
2.46737587359578
1.2504096885351
1.17966749164044
1.68508630110753
1.59548936734438
0.936269619294794
1.30936258500245
1.06245056484941
1.24607199763091
1.06119900695691
1.27734274168502
1.83711927355442
1.34112788615428
2.2746642636203
1.04850821063072
0.943777265261435
0.853600987650292
0.813121237020221
1.50177145795355
0.141535959942321
-0.146765860923115
0.635035602530272
-0.800443427903015
1.47381440953342
0.966883460600922
0.921715163862953
0.638125667220725
1.4001144840289
1.71903948492079
1.48140651424345
0.839051748744907
1.28276237771432
-0.0755295797527735
0.921528718794648
1.04736293567024
-0.225178254612758
0.356620128181981
1.24713374646521
1.41379987240138
1.02461626529868
0.933412247684126
0.500379231420193
1.65799941745792
0.642030833051223
0.367033581612945
0.963658039943488
1.69804738003354
2.26675859667873
1.76171790688528
2.17325767361269
0.636519827746437
0.11031387759869
0.931291914436913
1.04103250035965
0.212151156150962
1.75043042444295
0.944191415002516
0.796942444745536
1.5317194771036
1.10059109710832
1.96877211214709
0.742508793144784
2.245404939841
2.59631525902205
0.231189383627552
-0.0208810396021473
-0.342535883974464
-0.163733739004198
0.143215436109375
-0.684920114254624
2.10568692554392
1.94409763320673
0.497557663953984
1.99746785946886
0.718378667329216
1.16334014631853
0.0588107913412729
1.82476263264663
0.760762783443781
1.03164924880177
1.07034311733121
0.814481556012271
1.12814572725217
0.852956033074517
1.17254032225501
1.07348670944906
1.01207488665583
1.29181148103648
1.81000762005595
2.12184923077554
2.82182805321613
-0.187672947902933
0.877704316800466
0.988559031529403
0.656851865301438
1.74965709997078
1.04791067316636
0.478354208185002
0.58135261838808
0.963012772419507
0.70141993999746
0.77933987915831
1.08928678926224
1.39168886228088
1.9540824653858
1.68817873620467
1.16380879724877
1.28948800491
2.03819450324285
0.631182756653008
0.502982854700926
0.184918562302988
1.06769228924023
1.17061835093235
0.978781964158236
0.912520961152289
0.677172897327959
0.188532903225106
0.590621856706838
0.923777619195761
0.573504953415111
0.910585844151325
1.1352073171192
0.943261957609621
2.67805735772611
1.21543384903955
1.09070139433486
1.34906805389477
0.940288251440648
2.26968184417973
1.15234052839908
-0.0806122591707683
0.0790216939784418
0.351338325425056
0.08573389810049
1.18745483421853
-0.298814016436374
0.823160632934785
0.8527562655606
0.850086153101378
0.69962975444527
0.949977496544138
0.557666344481487
-0.112297669715391
-0.123533395944745
0.0568983242214335
1.07547162206122
0.752208611907981
0.698131295808469
0.961186039346776
0.763626830182366
1.13895664196063
1.04525990112611
1.25571710962751
1.11929265207043
1.08969791385973
1.06677542662266
1.25714524133786
1.15712003786197
0.102858647754406
0.215538611128764
0.751371749629303
1.49047815813704
0.921656016660906
1.16264889295222
1.64449805201979
2.28406781157219
2.12024819414055
1.97740455396383
1.34711509774633
0.875034308088596
0.930930565973577
0.759086203318388
-0.906909638574858
-0.92433825578671
-0.729065255993791
-0.361597668004087
0.409329748883345
0.479291100827928
1.10956337565725
1.0217651058483
1.13559519898791
0.674802634444711
-0.915942905724316
-0.532097224001936
-0.975157493915293
-0.343288042381095
1.55969441622063
1.7213988448053
1.60136482004378
1.30982702645199
1.30900195775454
1.18234958050854
1.2267486079161
1.18667058374079
1.55052515723879
0.848842895625709
0.887072022787041
0.613458959403571
-0.02915331972117
0.863742376911112
1.63621431910795
0.0929821370755723
2.22361601217273
2.15678716889176
1.19103507185224
0.185712661751836
-0.0699738014149214
0.127002550616721
0.633598949395379
0.709909122934203
1.61484884963066
0.921864753282749
0.0454103590637971
-0.119877234952203
1.08231760200412
0.94476125577017
0.804689411150747
1.11203820656499
0.231073686402467
0.275145833465426
0.535116082011549
0.954925704374836
0.272691928371079
1.01574611612716
0.939315328057251
1.2011812388737
1.01771938704223
0.249268091891723
1.22672324329044
1.13606069896236
1.47367127166266
1.92692231758712
0.671260144696681
1.14720379120728
2.07755828030413
0.357391296156133
-0.0193010090689237
0.246198256667921
-0.0615580493135082
0.861895113385106
0.369912273158337
-0.311832630235107
1.62005661265711
1.60167280477911
1.36066648973617
1.40739488747374
0.975457744512276
0.48906727996061
0.20672947836529
1.37403716504094
1.06221859182338
-0.370792410426191
0.111645927719968
0.739510277100352
1.72916649850713
1.63952035308119
0.974999213837451
1.44338363113555
1.998252364101
0.568052647516751
0.959639164922473
0.42851299943072
1.06863113695789
0.0484978757504665
1.245300091351
1.9155339868634
1.39565508491023
1.09775160073532
0.912740542424366
0.960483730495174
2.35907857898482
0.329992350422679
0.147213833539304
0.357600996737303
1.16001612594374
0.368374821591324
1.97601985357498
0.0222439817154458
1.39786276987524
-0.00435167502045213
-0.183923859017733
-0.962528081073728
0.330278513919511
0.0906805980293427
0.24598937844484
0.720861943797653
1.39978999883392
-0.52069886916909
2.30280213550924
0.837152387377248
1.16638552462251
0.815834440560242
1.44411937075135
0.71145447344138
0.466117417092364
1.68696086732281
-0.575651352489785
1.01679416085003
0.930768051765006
0.958011687111325
0.796303710752331
-0.159336613343484
1.69221186167855
0.99116469497694
0.367903318487689
0.738903954062128
-0.326140041643088
1.16168830628335
0.988167710167138
-0.0417321635057425
0.81367839097937
0.815373335132405
0.584114071602042
1.31486458043559
1.12589736167563
0.247868830517011
2.40703412834324
0.0416807952250696
1.46547522535001
0.602716907536873
1.39962237098773
0.637442049653809
0.539273050728201
0.146683106543349
1.45940672038409
0.644628250692703
1.37011560651478
0.0674952017968527
1.64428504616877
1.78604833358542
1.2216586822041
1.0084835446581
0.850548000686086
1.71010480913465
0.823148928350404
1.03349908329992
1.55211533159176
0.115390068051973
0.84052773027027
-0.145315830272535
2.44050044752841
0.942960313362767
0.173995212932273
-0.0424191581534513
-0.0571763660588827
0.503850302739759
0.961512510917088
-0.258160492877302
2.38992525686405
0.749303012621525
-0.248513184766131
0.958260574734277
0.0761401697870464
-0.64734424654972
1.23963712008353
1.4299234007164
1.03409679270328
1.03356211374992
0.823812199065025
0.626796650314805
2.16261717308543
1.87939579086839
2.6441275544101
1.31004089488276
1.25624584918383
1.28893364465193
0.616118577143969
1.13670039821698
1.66838388782829
0.756717568102386
1.05835464983929
-0.0511557566691412
0.902361509448955
1.77860133418028
0.195623700722568
0.779777964993196
1.22972432079859
0.13594310114463
0.0508601735008861
0.36341298279003
0.233229342791298
1.49046041269399
1.22480453489724
0.743100237780228
0.560940232044493
-0.581558997330521
0.812096427901003
1.56905145812933
0.0715080153843629
0.476211201902387
1.17447029987543
0.759966031211541
1.90544815803167
1.07992768722853
1.24271242837925
0.120986640854777
0.822283797535649
2.47118489189066
1.41661282937037
1.6198578536791
1.51837777528292
0.824424379287384
0.118546745788609
0.0818192693501988
1.53388852571585
2.43769504585611
1.90302630458211
1.87692183348342
2.0862375627293
0.558550126414048
1.07340093817155
-0.00862574095655281
1.66907843274283
0.573765437266891
0.230204905411017
0.41020984498741
2.55509058862143
1.29212629241401
1.82096269786967
2.04532340802382
0.698773675333558
-0.0106681786041771
-0.391002769629238
0.751647260711217
0.816142825676304
0.63853246958165
-0.0446626537703368
0.203434873139959
0.0169812901937348
1.25768160891369
0.721911158069161
1.20786278382083
0.870028970584863
0.629143667885315
0.648978577757828
3.07517667627106
3.01734969034481
0.275386166627128
1.29070010943397
0.0774759037501461
1.42931395150132
1.3286586292577
2.04107450536031
1.12571962115909
-0.0183603462840932
0.0853884422083458
1.25128614455539
0.0909842847507156
0.208797655778377
-0.890487104244361
0.850116795581303
0.853477139057485
0.0306123623972493
0.662977564445229
0.21147225870409
1.38395704323204
1.48773555589
0.296971039583629
2.66285468396099
0.856244711331523
1.10272274538564
0.935452556080598
0.71566299961504
1.61985780066625
0.268124198667898
1.46034186185334
0.598362091543918
2.09962317340332
1.15276212285468
1.85194326753244
1.43661352479032
1.41485410963424
0.897115867403682
1.17608085275335
1.15189818052816
1.29904210367763
0.996665169986813
1.62195141687732
0.989114321015946
0.330370478110167
1.58915687667458
2.11005246575556
2.10770294171029
1.99337756052151
-0.0290904669470893
2.38117158970726
-0.0479076765620449
0.381112131077641
1.72346595751916
0.247708490609486
0.309602643941181
1.21437708898011
-1.00313891078157
1.11438729001378
0.819374223943277
0.364933990280273
0.674280677158037
2.91361240603345
1.07095461721033
1.10693577099095
1.20483816618559
1.81554041985696
1.30942359080581
1.19584550063586
0.369993288982823
-0.308515900572451
0.666636513260879
0.31942934357473
2.12556918381354
-0.783452591114163
0.203597522666964
1.06341226707391
1.34999190532573
0.730166560554417
0.890705798413297
1.69151473208738
1.78720625837003
0.951578567563194
0.290009915981572
1.99308492068418
2.18280793177384
0.780398821905533
0.769749922810595
1.91371684464181
0.808527559692129
1.24556676552865
0.600937946800451
0.582422133104404
1.0713861299037
1.06432038022576
1.31720897857584
-0.130456707357436
1.12932608871705
0.781709181089534
2.02359931402367
1.4341548188869
1.8862421138379
1.70381046120624
-0.612954230418728
1.84480903980027
2.03065418838815
0.726765757603023
1.77426291724561
0.523295813544659
1.77780809005273
0.0745727490631998
2.12630035939314
1.73559396414917
1.13908584661838
1.43927175758514
0.735247509810672
1.67057175992479
0.733790124359822
0.469518088856914
0.666410516478602
1.79151126758325
1.93952785025635
0.15455090383333
1.52357412822207
1.91970103957235
0.934706850387927
1.22114263042161
-0.579194953155002
1.73161318332893
-0.394427275049373
0.0316021438432977
1.95476274980139
1.07885066345504
0.875168895674035
1.16446049296336
0.846186543061827
0.114145202734579
1.6186857506576
0.740822464618032
0.685316202716657
0.275201133928079
2.7366151168156
0.0705412202429826
0.711370227628627
0.670323848822421
-0.285376207370791
1.15404769090386
0.606665759274283
0.581217351478638
1.16590927549361
-0.118280999215567
0.978614829260724
0.0211651345346946
1.43340816910489
0.998560912776397
0.888307734148596
1.04277330152319
-0.0707137536276613
-0.171550884107595
0.464504104502688
0.251397037630352
2.08951154250044
2.80124002951231
1.26524160926204
1.10858587668775
0.741549009799041
1.46454428175271
1.49155446209791
2.28108291581854
1.08525298921698
1.1732190570955
1.13892091217575
0.889970831735032
1.05124551933796
0.690364070595363
0.582669111040132
1.02925510354039
0.888146405879348
0.265364786999658
0.679989034048187
0.0060983182929785
1.25919062838091
1.09692037826404
0.182281670545554
0.0635165872700239
1.34823550726802
1.28881408342613
1.1724672841134
1.34012628717308
1.0475310276085
1.05818952166356
1.77442101642957
0.333737143614926
-0.0185818312416948
0.956102167940543
0.923069622507583
1.09200463063471
-0.0761240598164982
0.799583660272507
-0.000676792144633892
0.991469469807642
0.808378267928274
0.914179757333633
0.196812118232389
2.01900461533627
-0.115233329878072
0.155740484766905
0.667240537212014
0.202529547269862
1.54385580772939
1.89373671262745
1.3492825919184
1.37379405011203
1.55540656258897
2.26051449631635
1.01572177132259
0.847032633228535
0.78651271503215
0.658347004171033
1.22153187547402
0.692345229003409
1.93913994632122
0.960766279553473
1.54885916732126
2.08662364488062
0.532794904504871
0.785282750173113
2.13553701516514
0.990019959914289
0.670257319722655
-0.0907989921179116
1.86642303536582
1.10939399358616
1.00769268546219
1.00728444688299
1.70310066446787
1.16001623996186
0.924860913045378
1.24906844522542
0.505480461741291
0.265464200038438
1.27432271116959
0.687904801149519
0.89661839304078
1.39478786557236
0.747079608000244
0.75718471006319
0.871967023940006
0.724588422205247
1.23644659184475
0.21502370686884
0.382782213872203
0.256162769725773
1.01370742907564
1.76552794979443
0.628362736756964
0.761781288886157
0.392713916252679
2.05866216451522
-0.169204273490729
1.64592806430151
0.845189434021308
1.05367629368372
-0.152731792820301
0.160084406489404
1.00140718318568
1.69062482953182
1.53089299728088
1.09131588562191
0.735621679221505
0.290916365925259
0.991390055275359
1.60841557070272
1.37660782531799
0.28788815128467
0.80730433360455
0.920175491965156
2.01997435899408
0.394879925481567
2.32094672447422
1.02215364573296
0.797630511219981
1.98408383185007
2.17270539957349
0.0956235153295351
2.00666798253884
0.339101975703464
-0.662959121685131
0.904707609043375
1.77459344259842
1.66295497057903
0.567387460813274
0.844658111415166
2.43630373849661
1.31136287294346
-0.307087574832735
-0.18774447387059
0.899739549520906
0.748065036110559
0.312412344360891
-0.630725381959588
2.03285849936099
1.5407489134215
0.974194154797796
1.02483465658405
1.13854014844338
-0.187451276154612
-0.135962404974592
1.4160077294083
0.270457899683248
0.164162775036153
0.23354053486946
0.995515429483154
-0.644843446439673
0.559485358336507
1.19355859673896
1.24226608690364
2.4994248142921
0.862694279164409
0.9696628724952
2.16915410733365
-0.648467370537636
1.50615010033604
1.21743587665479
0.843436852284577
0.858500877121289
1.30310258252249
0.0764886634427412
-0.375864146760661
0.850337543438927
0.998929978267081
1.74110118334648
1.48038516977831
0.66503646227728
0.715203114044277
-0.34414450055572
0.935410439522261
1.55389380192147
1.86441512322381
0.83410072159903
0.825996585018042
0.970500582275043
0.950369563084133
0.707676528456851
1.19120635516215
1.38889635698075
1.63940050922282
1.12503532926387
0.908333391493909
0.943329656233135
0.900103106570172
0.912752477523347
0.985226971523678
1.01347372524798
0.902780840562376
0.949776148550062
0.835266252345832
0.73579622911887
0.945725504661149
0.540959240173908
1.14276758050472
1.03136240907044
0.803905025334625
0.569030014980225
1.33855398187958
1.22628027577751
0.994696762146726
1.00897570618047
1.33251756796747
0.88328637312718
0.960698054476074
1.10136634567203
0.482917665575631
0.817866825454956
1.02276301707347
1.5661236303276
0.770856821486434
1.16026568709892
0.650395490006901
1.53756510627773
1.02657775914976
0.770676616542657
0.543808099189794
1.14424603056296
0.671993743380686
0.844217985271826
1.0596770637701
1.01146545063482
1.22011586149154
0.941900408212755
1.0284224748425
1.01974782687941
0.897208418876075
0.880751046413239
0.918388625182162
0.754948975358779
1.07198176155278
0.944452566874909
1.35368218611837
1.05782058138915
1.07654278082589
0.959913762283854
1.06428717288564
0.836199592738437
0.997092211002744
0.948469524725969
1.10003461546262
0.920519287246572
0.751304169817939
0.872938747052171
0.822123880152253
0.923754416772719
0.933825046175622
0.720628408026578
0.812781104322442
0.774513032002895
0.914682043183836
0.54064192184777
0.706725719774064
1.05896816142305
0.989597879376665
0.495742842832118
0.705736956340743
1.25203936961425
0.945347659292254
1.05226461355535
1.01224973219988
0.855056617823493
0.8267018763879
1.00710229210528
1.43446636005137
1.32455699384811
0.922715420690588
0.950684909610123
1.68783977508663
1.63977825504635
1.31675386511254
0.908526234105527
0.897797578362876
0.851512316730949
0.709488353055953
0.692807329896018
1.02201801604428
1.0144765902879
0.91957352624434
0.894213767910647
0.937372314668474
0.907644625079586
0.991439350454905
0.917924896508758
0.874705677540648
1.06624190488757
1.31129920609953
0.652900323414188
1.13350916845962
1.05414226551376
1.42496608424956
0.550441525043967
1.18011180648315
1.19485430075909
0.812985708857357
0.674056138404075
0.587452475492175
0.952327455875718
0.747049362390282
0.408662494117311
0.50483593988306
0.978649198043282
1.15687512882765
1.13680523383037
0.798174283851316
1.04795963685611
1.44256835231882
1.2841168593856
1.17493321215628
1.18146863172532
1.01365250338626
1.05435859724015
0.960251457463311
0.944460520818494
1.03937139174149
1.05152071718106
0.985421723966955
0.869831790785686
1.03486389337466
0.979684774481031
0.734439212215737
1.01769781233032
1.06125530730156
1.06681850432941
0.504392026577063
0.488018395474533
0.470853617850506
1.30931043275112
1.09931547642232
0.791331616698899
1.09188128574694
0.894085337418683
1.33384808008194
0.944638203264797
0.689732061199174
0.930162670899139
0.715918787649225
0.73774882862031
0.783500638949252
0.537408544753048
0.675346044499354
0.808294125750751
0.795463122229496
0.833879522226186
0.870059541845966
0.843575072611276
0.938073096823975
1.01760303256586
1.37218753595505
0.832114747496057
1.02493874399145
1.62248988333421
0.402966976632485
0.466966499087796
0.671942064363949
0.996924210639568
1.19577119244479
0.990991191474985
