1.06278588635534
0.786597792145527
1.15935712695211
1.1568390990517
0.189329757349942
1.31882331359935
1.53771393280821
1.61573690233314
1.68370193159122
0.161271249204204
0.564055154465931
0.733840806351328
1.08560233222062
1.20502707273879
0.999386045011133
1.93714933741274
1.96032070332036
1.80176306208861
1.334163485317
1.13731018639215
1.09410753471996
0.347684368230375
0.795544486804846
1.09366647283848
1.67718751260517
0.966957331843996
0.186793401816698
0.890917546546541
0.348919152216144
0.512640161265817
0.816183083267878
0.887748333035936
1.13832876828958
1.09406019500809
0.994296325096723
1.8369995498963
1.96193705317511
0.910574896005623
0.737397436363126
1.01383807696446
0.55327733171927
1.37753494863335
1.28166101438519
0.209771049092486
0.925770064671918
0.972505829117482
0.288940920857713
0.237261728560525
0.294337667239541
0.850839430803972
0.243341124128057
1.03108903665362
0.976448190181516
1.32844692686744
0.607619960592973
1.25525995428183
1.21711385853088
0.974949331667477
0.251273717504659
1.08662847920186
1.57810248841247
1.16857943472839
1.18122416276979
1.54335648234357
0.231487867976533
1.20492775184718
0.228217361871611
1.89248356606522
1.7647109473008
0.235607710237885
0.307981763539209
0.416427731149547
1.13678211965989
0.981084133469038
0.19282689320244
0.670970666041721
0.939889620169596
0.761930303840411
0.734616471855071
0.449317255097824
0.934208875335994
1.1461266576024
0.746607143084198
1.09672735668673
0.891149447521004
1.2643501839751
1.27397807148216
1.89938966696666
0.434912931582234
0.859979208748182
0.905190669485314
1.98078088094696
1.42490151549664
0.829572471997788
1.04088123133567
0.991267166896599
1.07310003825454
1.233205740318
1.17309103495428
0.232455215673936
1.02826152741374
1.11275866532127
0.938723561329464
1.15965734926442
1.22808296018042
1.02659978913183
0.151831795385403
0.253713126472141
0.297863725009763
1.1632957842297
0.844388119130302
0.983648449213685
0.204325693670863
1.13335719588837
1.69758230930271
1.44445985983137
0.831104967125586
0.984198319616059
0.834011922101271
1.04327611178108
1.08007906719024
1.28824894555839
1.27195496274024
1.24765920943531
1.10794528203869
1.11287210606265
0.958147477624338
0.985321169943768
0.898827663542081
0.973600362056579
0.563588790465763
0.611357714387812
0.651544851639809
0.792488101701722
1.01781990462789
0.896503056828424
0.755921558539516
1.38322801111567
1.82724956102209
2.28735875033807
0.900709920331784
1.55445088866271
2.02423153065006
1.86848821055968
1.44482232990483
1.84544983197319
1.03216574305054
1.79119327417298
1.19366580130908
1.13943851211993
1.65087442283168
0.235556984532811
0.0213269603736499
-0.0681259883501125
-0.294896645380622
0.608007735929939
0.149687203858496
0.186318261652339
0.197546366489677
0.393127157239535
0.0983229747973101
0.354013719244825
0.483413681709644
0.398524062742216
0.458939108544216
2.87279606702413
2.75552529743445
2.20742889912764
2.38232127903182
2.52122313012334
2.88282667260681
1.81782943056833
2.15928396668923
1.9600250054501
1.80248516065127
1.58730722938584
1.62526324960543
1.6264933990664
1.38135289921021
1.12896579755983
1.2930839656471
1.62423598022572
1.76103595763899
1.09954857472655
1.17200647170817
1.45561705131591
0.725963967844026
0.948162096980413
-0.135993788567851
-0.567488116572219
-0.992267513081456
-0.788692796574225
-0.859806286988151
-0.995278635543504
-0.785961008698805
-0.740553403643769
-0.552757407263693
0.065611622634067
0.368605501394926
-0.577575654263175
0.7581511313779
-0.827974808772682
0.36037798686878
-0.443127559365046
0.647206533581602
0.662190834975402
0.00555425637113592
0.280269784013333
0.747095002531016
0.652119572657249
0.943999789587856
1.16039148424258
1.28205548394393
0.977734651470478
0.809895131930143
1.45284158105789
1.4837571686053
1.21793187590593
0.755489519732665
0.52245297336204
0.691339721885218
1.09948208277838
1.8319594904813
1.67289038744345
2.0236270399438
2.18160693485807
1.93631449386958
2.18619934865039
2.16392635904982
2.37596744861344
2.3050968172313
2.05287805572171
2.15076390583828
0.836849641451454
0.872075613692199
0.445496882723679
0.649779871339375
0.596500985368665
0.89977790312775
0.499772056690114
0.779542086796555
0.545693524931696
0.753008521205403
1.01634217501008
1.25363839039366
1.26321196423878
0.908874614228225
0.668045907754355
1.10431585255278
1.17623864012852
-0.213766261568845
-0.192180363045899
-0.337193643390052
1.39289878225706
1.06469752364998
0.844108573679151
1.11341844507958
0.971993897725932
0.771610117570565
0.858511301125675
0.656413746301079
0.420005956982405
-0.112278990002498
-0.298964595536587
-0.632257704712073
-0.327584593936038
1.41092179626508
1.64615542153418
1.41364756476827
1.52881292525878
1.41656374032256
1.07311509149879
0.453531814425583
2.05481807201084
2.26271328292857
2.51888905927647
1.36277431213637
1.23779852516022
1.73274111153937
1.62330658647165
0.997806173008632
1.29196187967719
1.12672619719543
1.26258079080085
1.0964917835242
1.24042972939735
1.81041169894893
1.27282835397957
2.38022126725031
1.15427083339479
1.02053407352155
0.886722749432143
0.683099949089071
1.54000240773202
0.0648813809565343
-0.183944835976601
0.441266686163151
-0.83909044305045
1.42420530503073
1.02228468699956
0.967289673999837
0.731661429363606
1.45489475811049
1.93154566497828
1.51609681221286
0.786863283157142
1.38677495278218
-0.114545922810285
0.840442371558976
1.15270295680875
-0.260340371006515
0.350898817380072
1.25594198565308
1.45994163435081
1.07400094335173
0.863113348614509
0.475147146385714
1.69859792171223
0.6417271337633
0.378146091639414
0.979212625324844
2.05635551854761
2.23172522088651
1.98777285603405
2.21376341375638
0.587760042303406
0.115466389916375
0.885580577900104
0.978461877659165
0.175323131688896
2.06437530880918
0.873378863288509
0.722590500097164
1.51196180734991
1.1150566901596
1.98455114484526
0.758678126427607
2.30523247920872
2.69828379491105
0.304022510101645
0.0146073569532662
-0.345626716288331
-0.230733564011212
0.0339373809981508
-0.791606017132644
2.12105949868045
1.97099247207791
0.452994531607054
1.98314609920716
0.612336089883187
1.16878658171959
-0.0471564872303894
1.78272587587936
0.652564117479323
1.00648337825541
1.10965331726976
0.776509916294196
1.05026509240049
0.623269326998415
1.23248362899923
1.08356506859594
1.02530633000867
1.33526940940334
1.82547122772375
2.14644296165915
2.91632384023129
-0.177107605034399
0.814761869810222
1.06073118035457
0.604039319007131
2.11620596380545
0.918233436151193
0.517752002707461
0.545874609310648
0.908201413748897
0.670379427412969
0.674009932597285
1.19736594805609
1.65068979247866
2.04919977156665
1.69514767905869
1.25025672597079
1.36302693255345
1.98639431743417
0.653553786929001
0.254069422200559
0.158156891156014
0.955196093902589
1.16259494578954
1.04538135536755
0.977463101947265
0.579492104631424
0.183568281459015
0.689900955449796
1.02066463449999
0.622173080016884
0.943174839124856
1.17875468522677
0.829221632984579
2.72805948244604
1.32363693566812
1.17708655256407
1.30289307582391
0.980568788001894
2.25603330948392
1.23608454316194
-0.137854820272196
-0.0421153569682174
0.208992742608351
-0.052581126248756
1.28461038320547
-0.365886141465729
0.866250361564186
0.930955644039901
0.837787470977652
0.695616754229311
0.914646222971586
0.465496974377077
-0.152928748354928
-0.163293946474828
-0.0292063973474652
1.11371803173282
0.794001252723851
0.709589955778202
0.957802676319955
0.912670365592082
1.08461111304366
1.08982184104922
1.20284283694203
1.21064707923154
1.20899080642171
1.12754164905801
1.21872253571174
1.20601238949043
0.0960778300414331
0.37360846111786
0.851137466099585
1.4951072228988
0.770817514279519
1.14768965240743
1.60395197035219
2.21890721875028
2.085440664259
2.07916940989084
1.29858139172988
0.91768130300671
0.988640005266884
0.636945858516766
-0.923807479843091
-0.942417135238895
-0.755017158873121
-0.379518027147143
0.450229461454424
0.419046704770598
1.18879428400366
1.07385177258528
1.26226298872326
0.622501151814917
-0.914831435516215
-0.515816908137868
-1.03244562949655
-0.440510220468686
1.64790821872655
1.78408635642271
1.58899516007796
1.34040238466842
1.33119949183071
1.2405047444288
1.20079284377867
1.11786413039958
1.70677035374752
0.829696295365846
0.84381151429623
0.601243247847495
-0.113119861239658
0.792310607346846
1.86825821695441
0.123360311712186
2.1053324880898
2.16546133022885
1.29509747842495
0.173988949088044
-0.0394163391352201
0.0771252594301294
0.642922501283615
0.634182564327082
1.8445242610683
0.869008949818373
-0.00327692798732374
-0.0676957027155326
1.27155757692615
1.00658386167071
0.712589357853233
1.21177717975746
0.0875095619139175
0.248161412819297
0.53872809942108
0.935986912177578
0.145972804112943
1.11917536827545
0.862958832831778
1.22010656744563
0.941004836554727
0.102543247536204
1.22739225725708
1.266792570078
1.51647570345513
1.98514513541628
0.59807766800115
1.0890061811275
2.05445500799057
0.190154041075727
-0.151139367891057
0.0987890778730285
-0.135117361467295
0.851458912578622
0.340031486759081
-0.223933586556961
1.55820432937679
1.8321829380203
1.36896470432002
1.58667136150538
0.977176557581716
0.301059685436924
0.19897894131614
1.44063844525058
1.01755986576604
-0.287658346867065
0.071444473755582
0.638017921228662
1.6468436385931
1.71371431622936
1.07467991667515
1.55451850718306
2.19980557200251
0.558370287349043
0.982346147243198
0.32297053754697
1.06841985227376
0.0631144104283171
1.52621197207393
2.00961316040348
1.69822656133025
1.18506631513714
0.853875915416611
0.95873912525731
2.57071705572155
0.172270316347809
-0.051384703164581
0.202799764904941
1.1195630543815
0.444644087562118
2.08095222261582
0.107604228901169
1.48745844180098
-0.108950334675971
-0.204084326897804
-0.950383001381819
0.340033588210063
0.108613048967557
0.148864852146556
0.952971051803982
1.65617083954445
-0.580280329000216
2.37212756716829
0.872678171185319
1.23096377927361
0.712752758141748
1.4217916602771
0.783877354049414
0.495822884770434
1.75417499100619
-0.658147931066478
1.11537282570522
0.862759275225303
0.921927748355908
0.722903759449916
-0.15628787391502
1.77670028645837
1.08922247213211
0.363660516583933
0.733142915110746
-0.291856827704784
1.15422485651914
0.942003471473221
-0.0430040695565588
0.745200602299831
0.749710462934595
0.52481035004935
1.30838128282791
1.24044825057504
0.198841587249055
2.43006402501861
0.0522895407074848
1.45200060498625
0.579184157148751
1.39804860865787
0.509549924763088
0.375119346323749
0.0145874177842472
1.5306170369795
0.574907156409666
1.24190985314112
-0.0434971451698533
1.90021112644455
1.9332146816035
1.36098873167135
0.98909847573694
0.772382853747656
1.74263175210874
0.734596119477688
1.12034778798363
1.76309096508545
0.0060598262940217
0.961920672154838
-0.141029717596082
2.32107051701141
0.979763877514858
0.0464839987250004
-0.125324785168404
0.00876285622764398
0.391059029305683
0.876316430280224
-0.304242459703251
2.33417317329638
0.76132677197798
-0.326248638726009
0.949620248763083
-0.0156156676341103
-0.584914421104291
1.38058939571959
1.4183299926604
1.08274571887303
1.14270579467536
0.88693557867255
0.618599987690532
2.2648640243437
2.196409696916
2.80041216933156
1.28479805905167
1.28440162415362
1.31672635651465
0.589126950059854
1.09163373799219
2.02549292461763
0.721284427031408
1.21666468523324
-0.130370821755488
0.9153552532292
1.9275342871842
0.138924995932338
0.730400621787172
1.31119490351688
0.0311165341931739
-0.0535997514918549
0.205218753247262
0.254890769171759
1.77977883738186
1.32904485291848
0.609226366274309
0.527075514268544
-0.503270607489712
0.771681717047152
1.44816932763904
0.0265102167649438
0.4739544311747
1.13826049277803
0.723779067278347
1.87900511250901
1.17001934098841
1.38813740881204
-0.0309506499320147
0.797345596056196
2.67394616781161
1.39760154974071
1.83293435686459
1.7072236178783
0.827215917927619
0.146411196239135
0.0753941328709413
1.53208293249675
2.44291488992992
2.00835370941843
2.07583392617716
2.07707281408887
0.438122916177359
1.12387029975115
-0.089999909872551
1.99327548074334
0.426036571880839
0.253775922677093
0.36627756588835
2.52198544275724
1.3649550976483
1.9094633037946
2.03442119494794
0.844310913359382
-0.0828255055227767
-0.416112275782445
0.664109558988682
0.771026637044729
0.653601454333945
-0.0325422228837051
0.216792468910288
0.0198017199230287
1.19996558426114
0.564416367090475
1.20933389135486
1.00380968248538
0.699448592148609
0.724228473466823
3.17758275307231
3.1261646158592
0.234075657509426
1.3560861294892
0.0581132879176699
1.47140666384484
1.32951544356413
2.00938605810968
1.06319950721952
0.0441877801282042
0.0895775383936192
1.46853551111262
0.0610398044444026
0.204251629439685
-0.932169696520521
0.844306425900309
0.818765696615023
-0.0243993526251106
0.588750995600703
0.0964379023232462
1.40529667633472
1.59318049604195
0.146984755546648
2.67237239471425
0.809977211693203
1.17570282210881
0.915954748083579
0.586531332741843
1.92487096032359
0.294714749906703
1.46121381028667
0.368856143656027
2.13582378546481
1.20789019917813
1.89110676185694
1.41633583760742
1.42746943742034
0.886849952140357
1.23306395500969
1.23645895791359
1.44279523363696
0.996356409157362
1.92603660551527
1.01103473027753
0.361127773592406
1.72696180426497
2.04297685953488
1.98359156378182
2.0442022868831
-0.0931489615170238
2.39154965498779
-0.116290314912956
0.235862002833575
1.81437467725576
0.245712735647596
0.403861575042517
1.46664578677982
-0.990376133444665
1.03392027825092
0.829422906366553
0.319832209195251
0.611609583103451
2.99732025681118
1.00337569514342
1.05864474138369
1.28074588368481
1.88601851229644
1.32429571102877
1.20330251017088
0.502489849478699
-0.209380694534595
0.609194733686071
0.29521382664773
2.06952376230568
-0.84758312702276
0.0550831079294007
1.15198359922722
1.22268384761335
0.562983986830805
0.804638100022025
1.67941259453934
1.95428562633693
0.998911089595291
0.231496404621495
1.99754638440397
2.19030573185086
0.677843701130415
0.691119967172762
2.09676123779329
0.851481329074321
1.39974650781509
0.591332255800942
0.506665355620023
1.01736215703563
1.11118951285782
1.43957442726567
-0.154192088665369
1.0520318706283
0.695429781139043
2.04026790059663
1.56201621288796
1.93460312944645
1.76430253242794
-0.620218489226183
2.15546426522562
2.07070853273519
0.604557133572045
2.01737797253178
0.552246705682495
2.06991429492736
-0.0295361449161755
2.25599408359699
1.76084199719659
1.16702595076216
1.45894388856303
0.72279986189049
2.05830688764523
0.687403705388244
0.427385417458409
0.577037376348289
1.86693453520233
1.91947586768895
0.103653873134894
1.59797994793765
1.97231624730501
1.0078413215798
1.23436914286641
-0.636010500686415
1.74970806032447
-0.477043360561033
-0.020840027716512
2.14475331048485
1.06805883461662
0.796519524643881
1.21144725910285
0.779037650157429
0.0160470279349419
1.73794692510829
0.688558651052775
0.665913069079192
0.185872061302655
2.73408795693611
0.149449276225052
0.68220265983093
0.63848458202219
-0.276731430047499
1.22487725477238
0.640230955481818
0.552469313835774
1.27940314770333
-0.242181789749252
1.01676543866212
0.0609629028276509
1.40749148728028
1.04727484884007
0.826448928594574
0.925893568463791
-0.0671117745503712
-0.174236128681422
0.522942900551717
0.228223745783404
2.12053144673447
2.78435091520811
1.26022309980471
1.11849441125104
0.696782666544104
1.48486753773068
1.67329166723518
2.25981715398756
1.17925721554738
1.24241567143434
1.21286751557134
0.959426852945978
1.03720112784839
0.820878724868196
0.484987396017359
1.07091751655322
0.870881174254668
0.154428033694046
0.693874956562178
0.0535085754040124
1.23192969119458
1.16544424376621
0.186798544049749
0.00507984008360065
1.53820594294994
1.43982318126016
1.21097895184959
1.42625431194361
1.12041021767719
1.11894011700391
1.93104863953317
0.346705512841416
-0.0772668388472998
0.927475106111762
0.802059554526071
0.998890990334007
-0.00432883045970124
0.933619388111341
-0.0499167413520155
0.985519955043674
0.783436486476941
0.862332088668542
0.206578252967216
1.95278837821227
-0.23709479312785
0.129487421124194
0.62188998791427
0.161562689132428
1.49931876043879
1.81884519047405
1.52186616919501
1.6628409711621
1.60881166575629
2.24906040398178
0.993725708176329
0.829069684859771
0.738404746586142
0.605817791466837
1.26679718997569
0.42718395612492
2.2089796373173
0.767163925294188
1.8353956242436
2.18875469061356
0.469415324199613
0.7461587587946
2.15092621940589
0.961354984393507
0.787914489413702
-0.161286035471579
1.96751768409052
1.16272566548003
1.03569329509801
0.98903384517848
1.73817543094825
1.16371852038324
0.941916393112297
1.33550391732368
0.539472040803996
0.19735183823335
1.2676130954034
0.555805632639664
0.816590322441349
1.31045037251933
0.708529702835302
0.71176261711286
0.97762151559356
0.862444150385264
1.22049656920734
0.074537926297897
0.222177684774527
0.113903252013508
0.988927038137037
2.11435205868451
0.463368095080844
0.792594207728339
0.148530733720818
2.08971066759196
-0.044397930756135
1.86587816676109
0.76346417856389
0.9239461013452
-0.172992595548317
0.0573253795662004
1.11894301501309
1.93004301919898
1.56902828690431
1.17675560421969
0.717824842009666
0.280082749489739
0.923622868301235
1.71773416925642
1.41082051895183
0.240842531928583
0.747710087006536
0.934918137988033
1.95541189943702
0.278228700596667
2.20258342811697
1.10677439821164
0.717733857536656
2.03070912311376
2.26066617723889
0.0759433648325989
2.0364711513784
0.327775603342071
-0.715826678598979
0.843646314221522
2.12473302161697
2.04632091270742
0.44667071603225
0.829831741788014
2.5692120602389
1.41298722671276
-0.348064216105982
-0.176545738968107
0.907211474371965
0.906021973069394
0.153148158347311
-0.560612531636498
2.1087480898467
1.69319939681398
1.07682128962637
1.17024186036368
1.37788303792934
-0.171079604106366
-0.23407280027081
1.65239071533854
0.125171696677833
0.0370895295015539
0.0767400397605442
0.966459516591688
-0.668275442879301
0.539892813868039
1.12299289557835
1.19025607033635
2.50348743728088
0.797113888553486
0.946931238456445
2.11154580105072
-0.693179227899677
1.45598686138836
1.2798753851519
0.769245522044646
0.839335864021761
1.31215922393818
0.149781875654955
-0.246664008334377
0.711978418730361
1.00940310881352
1.84906862721954
1.56176952704705
0.629432095118753
0.485640637615634
-0.443351089427233
0.765470987655491
1.71435200164674
2.12245873534785
0.985502910454301
0.962078580150047
1.06055588354966
1.04072826343893
0.607583956179883
1.54235084060377
1.72218132571181
1.85115366141713
1.24881394539719
0.90731874255352
0.943241344158867
1.03808762463121
1.1731228155097
1.36270371907819
1.22524024640537
1.04379912601967
1.01400186375869
0.819421582328582
0.648819073269448
1.01518765648346
0.505513479446894
1.20696212403829
1.06107822918276
0.856052646446781
0.403145309903416
1.60952354571035
1.4118253147192
0.852067355593128
1.11685951700507
1.77825897682019
1.01962556209259
1.1159129961449
1.04499419810333
0.309233527001969
0.882835405668689
1.0363656397779
1.78277802534234
0.926715508067354
1.53725106507343
0.553402183978917
1.69780629378223
0.995757835083459
0.595464692172465
0.359606992742912
1.14396020767558
0.556150006493216
0.981016218073392
1.02592093900236
1.12399466686437
1.37874290104728
0.988127509132563
1.25831213121395
1.09741951094363
1.05874304179309
0.968404511871099
1.0333423646113
0.734528589640402
1.18766951490898
1.07251607512328
1.7677989897931
1.45972872463462
1.31388337798669
0.935695421847426
1.34859959334529
0.880874193511612
1.05309545415263
0.978671058687075
1.325332798643
1.05928563504002
0.881893145495235
0.938968716898603
0.947647527653524
0.909013865386426
0.979769537804436
0.723843390798525
0.836603264179906
0.765199924571466
1.06847641796306
0.39848126569933
0.567851065375735
1.08194493090137
0.993931159119972
0.314284301487046
0.571244695029963
1.68309137701682
1.30620996541965
0.995521757122299
1.01673537382202
0.991949719442819
0.977707460706228
1.38107763166552
1.60976065941373
1.63516669972037
1.01440091494919
1.04170493509786
1.87279831253945
1.89686833381248
1.45261000657404
1.05697009300626
1.0611620372661
1.00431144888488
0.573067750747475
0.529727384443619
1.03932948583366
1.01778117661273
0.852997356690072
0.70614987169494
0.812627894747697
0.960715280093183
1.13643945587398
0.92800150856201
0.889199030838561
0.991679065661672
1.48281049295698
0.466389248067724
1.22091018383782
1.16798187971804
1.85271457336358
0.404727881864462
1.5165818273693
1.20142194418315
0.813591716770682
0.598431094166603
0.52971523491101
1.09830884173834
0.826509687394399
0.262980469397042
0.349058961192424
1.05805603720575
1.30206843987104
1.07376469331416
0.954351326112898
1.07931003953572
1.8259666358453
1.63082441247396
1.43693458481132
1.57780720468333
1.3266313776433
1.38629852651382
1.11952905461072
1.21315886235603
1.11320715854719
1.22591755093098
0.927261147029643
0.943345195366404
1.09674924870194
0.957429459558691
0.885863367781941
0.965535989043252
1.10938451840676
0.991813224515805
0.403216927355627
0.313620864417249
0.295905134286917
1.69835586657751
1.22311411749528
0.832195214935749
1.10364654186246
1.01607737624503
1.46647575299286
1.05589376894566
0.591343305783146
1.01860267892612
0.666072266842773
0.631779972827889
0.789124583454486
0.367900500255249
0.502231623362422
0.962520137835442
0.942322563389671
0.983851207824114
0.88464913025826
0.915485944999757
0.956794276491856
1.01618645801942
1.79977972690171
0.766246352338031
1.09248432460164
1.76974371104975
0.336696524541425
0.608519680060023
0.777359528986129
1.15649859422034
1.24579384832659
0.825787653455193
