0.959668952542003
0.638891285757115
1.05290458946765
1.06192668889763
0.121939738071547
1.26839403147964
1.48195271395518
1.52303093312279
1.5475131589661
0.198697465483023
0.653240767496531
0.809279991138485
1.19920763938306
1.1911669237975
1.05856877885902
1.78984524783451
1.78498617655359
1.56748757224982
1.21805565032965
1.0591352583942
1.0013185893015
0.414551374731227
0.817232317857273
1.14261607022476
1.63811805732852
0.80225548660989
0.203325313454011
0.923085669769429
0.231539988589864
0.53424583097398
0.725166600932599
0.702910170666103
1.18876201040128
1.04313211699819
0.887279791553516
1.76755645017687
1.7336194148502
0.826946823212545
0.637439110219354
0.897864457384944
0.617326119139437
1.37447911070802
1.32913306983375
0.0934144386161232
1.03119236465167
1.02574529281406
0.382680675222897
0.301214720014677
0.264708083091457
0.923993028621337
0.119012152352048
1.00676780811031
1.04354023747374
1.26002859645076
0.507594712832895
1.29311880499088
1.26296836172458
1.10568229164544
0.157496232385577
1.05677195031583
1.39332544591174
1.24385820539206
1.21078827148577
1.51678417453166
0.214725714912197
1.12247829766845
0.275682719518195
1.78944501306804
1.71468664098643
0.186329228763234
0.374948746012632
0.483646139061433
1.05823324813419
0.963935696278827
0.182460129432517
0.723844002934039
1.06253019069163
0.671770866121093
0.643052938460617
0.340363833105104
0.747763901563812
1.07068140099593
0.626257199172655
0.985772412752643
0.793657437414241
1.31171853229998
1.32077695964441
1.6604219980521
0.525763690735514
0.921780903307467
0.977538237439343
1.7742954689842
1.38312201845894
0.662276662910903
0.935156442875531
0.851425343216817
1.12164041459959
1.17368592085818
1.23347255387049
0.110840322573273
1.08348809138834
1.02988323524872
1.02351850391397
1.20598257274025
1.24271277083709
1.15304454519768
0.0701332088157103
0.147668108113448
0.174837694028646
1.12696742169982
0.903039464697724
0.981432175505258
0.278811731504867
1.22886755649634
1.4825132206129
1.29794502573276
0.875268311184281
0.9303416804828
0.820207019532969
0.984822222746796
0.974858699020597
1.15577973952012
1.1299272165123
1.14311138544903
1.05825583963125
1.05365693324978
0.990341882774292
0.938013745564501
0.965612010795339
1.0067590801372
0.611419736477303
0.610494233713654
0.741220943234682
0.723680486047475
1.0989346425053
0.898382985880453
0.923267755457689
1.36856512137981
1.90665655366138
2.30521505948893
0.917177860523581
1.5199066225491
1.91079254526608
1.74083434333409
1.45879584896043
1.88094491973639
1.04066622980741
1.73455085436361
1.12110549791051
1.13557962732559
1.61115767109278
0.195338950105974
0.112968184717991
-0.0767258066715623
-0.193669665784455
0.602796662478395
0.254987199741068
0.239557333846422
0.114165568632887
0.408623634578185
0.120580393394406
0.334524739294406
0.414876353103143
0.421156542162786
0.499086240333236
2.82919555832113
2.69368844310834
2.2191379257795
2.38956127514137
2.44807945783178
2.83244244743607
1.8892850518765
2.07513091324385
1.90768291663973
1.66669757089057
1.60033901144861
1.54644214760147
1.57848897320997
1.38416100684503
1.20929508566366
1.30951574001351
1.66522686489126
1.75438882435186
1.16668790666098
1.18422640310013
1.3846643248101
0.730747886226435
0.959239931012979
-0.147335769264885
-0.527504972139148
-0.937566151880532
-0.814074874804816
-0.780548270672171
-0.944821940173491
-0.701401827070359
-0.69178758027574
-0.482707526806137
0.0692417342751581
0.217870530820976
-0.554286009753235
0.719468982031523
-0.758362034972961
0.490171594730581
-0.353622460189861
0.630580630675733
0.722533027805251
0.197823185898244
0.336901660002727
0.650879694560001
0.6683238174972
0.945643471570645
1.15956879437343
1.26245341772316
1.01963935479445
0.816733829555292
1.42355896946129
1.38457668109561
1.15565217609945
0.775708229996683
0.64840535809553
0.846936591510037
0.98797752848256
1.65278100873845
1.68061418422112
1.86717729347973
2.00911755025073
1.94019083711102
2.11469677538612
2.19033726433989
2.47674182672898
2.38708079760929
2.08745963306646
2.00560636171403
0.93855619327057
0.830091787852078
0.472848360040997
0.691210092819051
0.668357268668775
0.988413996282819
0.65762564023582
0.749639480980337
0.672634084594561
0.717607576673158
0.97125218513022
1.19912631830688
1.28243573598236
0.952758624570546
0.861111500863166
1.13825361638163
1.13975221395837
-0.221261050666372
-0.15102845010809
-0.311895799148618
1.30696105266726
1.01964842734106
0.983475802182248
1.0136553262975
0.984687767241398
0.804988346361668
0.70254858328918
0.627483259734187
0.370091742869906
-0.166582902080097
-0.240048743769383
-0.562191817310697
-0.380543437735101
1.35179551711736
1.37821453902064
1.19516369424126
1.45045875160306
1.22030869437463
0.967833895552253
0.614783062292546
2.0669331468254
2.33934121557901
2.52845038465394
1.29077151417342
1.22725558726418
1.69677036762543
1.62477423135879
0.918492265896618
1.30155175591867
1.07517852866469
1.24011335802006
1.1091154284452
1.2801944108657
1.84391532588592
1.35297273090654
2.3233302370256
1.08390723970744
0.965662196464277
0.854626342405464
0.731047879495035
1.53743668862299
0.147470130145471
-0.273427908560208
0.517961741327471
-0.84934876132177
1.51739069352975
0.914267261871471
0.942443612663925
0.607364091068228
1.38435367714879
1.82423839665881
1.43597085477114
0.749147374685956
1.29310642942362
-0.264364270554569
0.903274091737154
1.09100488020022
-0.245505029495022
0.341874401655812
1.2344836241176
1.41466767951258
1.04240055462768
0.906228152836052
0.480614394188995
1.64961379288717
0.626112000004343
0.420113146108735
1.00910367891738
1.90043755477691
2.22160873502006
1.92312859277405
2.14869279151537
0.589440235062654
0.217313994246479
0.871009053299518
1.01554010015842
0.202262298374831
1.81578547608848
0.856161615201069
0.747770631804931
1.51261138272102
1.09443072499062
1.95842779562786
0.769420744858918
2.32234549996196
2.64014577677323
0.238835771379289
0.00714116042004346
-0.356603081700967
-0.251078704958103
-0.0188187092083608
-0.645273266748789
2.08814017746045
1.97826382579717
0.461618061794772
1.97393578347135
0.710976229227177
1.1030618718124
0.130337951402893
1.8542531769744
0.625891320017891
1.07820451343119
1.10390825251099
0.804966549028623
1.06072543355452
0.677547538274638
1.12064664028976
0.970324364774657
1.01346193489561
1.35181499562665
1.83483225827058
2.11221530113444
2.8306720755118
-0.252540163502969
0.802552460509461
1.00904600711918
0.56703746921361
1.90251645551884
1.04744275499947
0.480357397294985
0.584176105856529
0.945023095521482
0.732294745421073
0.750911904477886
1.2208681509163
1.59789913298655
1.97445589095876
1.62974605772625
1.23072793806698
1.32041250124002
2.02982721116871
0.610644931823724
0.317639088014716
0.0749023477018746
0.963317068636544
1.17609088134217
0.976047400754076
0.884192929216608
0.709259460949286
0.211932069251452
0.707442902047226
0.868982741044508
0.493401188942433
0.997217979864622
1.11169998871413
0.948869320024706
2.64190202983987
1.3322167083007
1.27523536547759
1.32776567000824
1.00857283430489
2.25585955075234
1.14285027757364
-0.270203356102343
-0.149791339044436
0.0688515347118862
-0.160275632529214
1.16837351432826
-0.390544740145801
0.874298655731112
0.939322336318056
0.87313364409316
0.707736869970763
0.925884185813438
0.48575246235427
-0.149358105580515
-0.137116685454502
-0.0374741622559367
1.1075477828621
0.764064938774686
0.630240914594905
0.964497400806528
0.73253917796956
1.18785742946221
1.11461810477918
1.32503623954824
1.13555765683403
1.09873892132377
1.10299238669453
1.27871863384669
1.19921426956355
0.123631038368212
0.254488913743214
0.74392385627244
1.53169092202827
0.897899364523047
1.12472418859721
1.64880099284607
2.26190329707543
2.10734961190971
2.02752410120698
1.38003530326055
0.925800518039013
0.989473275391495
0.661896294499342
-0.827661196648759
-0.844377467381976
-0.725032849093365
-0.364874133317644
0.354352524512779
0.324897678163511
1.11134249678467
1.00761287894675
1.10797561642693
0.654487285816838
-0.90737158263395
-0.638589839684131
-0.959023097932321
-0.53063515161474
1.66437805504501
1.7301905188742
1.58225184675093
1.39305566633308
1.36232943255497
1.21970419252326
1.20645453649641
1.14493352921314
1.64697121752861
0.862023287880571
0.917890936481272
0.651305381968648
-0.172695171598856
0.943148920347998
1.83311419603271
0.096986428429587
2.17714503266668
2.06396901611768
1.33069902281063
0.244574717811185
-0.0531543711725709
0.0667905459484623
0.564584589109343
0.750538414350625
1.79679551299395
0.786154158189939
0.049846495182257
-0.0547640486105058
1.28692746126267
1.0729429331023
0.832348354644922
1.14564995555595
0.0125687311790911
0.313435302193893
0.589848125370909
1.10073659977247
0.100253915232996
1.05339768042952
0.933790833618302
1.21071635458392
0.976567821624229
-0.026220241869835
1.27874315889683
1.17315283783154
1.51913912960586
1.85498767195094
0.562952357202887
1.10494330848483
2.11826792732901
0.322374686962746
-0.287292547448587
-0.0264206770256335
-0.157597682411374
0.876323199136431
0.365443510119983
-0.37313498115188
1.64425398480878
1.60279773680948
1.40420323394612
1.46349263026142
1.12230953168444
0.444247208741286
0.224912776975287
1.4387349079636
0.961298772687494
-0.349031213053382
0.106153141607748
0.784097063681423
1.68058701156269
1.66839516309567
1.02563186573605
1.40428226149574
2.07824407983372
0.523481633818737
0.962265126831963
0.218471760592429
1.0525714070706
0.0975284218735773
1.49933367349525
1.96393610596727
1.65636855991839
1.27133224899956
0.902153211199656
0.866998719863294
2.48115652606786
0.0642864954788261
0.0388897038960172
0.0718557441992764
1.07748612179245
0.358902879862145
2.02646646182999
0.0786381012551315
1.32727741322403
-0.186492556749748
-0.169374811878933
-0.797592261398474
0.408066890867902
0.110627419636145
0.124333035940953
0.758156702047402
1.44111850836316
-0.492164005875524
2.29483302722066
0.785070603729233
1.1730686717849
0.808985773917718
1.42504054930342
0.707359215381207
0.439285570115319
1.67781445910341
-0.686077197864651
1.07962579838775
0.985564272643706
1.05878059998609
0.659219581636641
-0.221024528365744
1.72570264019178
1.00896130453989
0.423800886732501
0.641400703756043
-0.347778915591039
1.15528051304645
0.947509456960882
-0.0200346322852189
0.759916229788056
0.838724892843874
0.53859101325756
1.39572011667262
1.21617857499982
0.258436202155566
2.42571643773805
0.0269280531759302
1.45184919315147
0.645772655686775
1.33256900330027
0.527511954837795
0.458444221087558
0.210536281618306
1.47745444212177
0.69343345278479
1.33009709700767
-0.0554069369792483
1.85115155965013
1.91252277963423
1.37779771585774
0.99354881550558
0.724121291423458
1.7389521009891
0.913872500371027
0.967220974698148
1.70720861489264
-0.121359708413486
0.801841877286056
-0.276373149867774
2.40457201905083
0.947427020275735
-0.0361471606607768
-0.220575715920863
-0.0790934639822476
0.46385141659269
0.931315604835719
-0.247613783739805
2.42199516422647
0.784752691949677
-0.458845454168069
0.876092625491216
-0.0343046967332307
-0.528616995987332
1.2651058176217
1.40470241741093
1.20397204309862
1.05747284253706
0.800582005734567
0.646898636771581
2.13337309408121
2.00616188071293
2.67161430332599
1.3233481287841
1.33693678476536
1.36560475571287
0.65858540079783
1.15497721299643
1.78196512784417
0.722167072181833
1.23903005298735
-0.148239488501125
0.928226984252321
1.89959669840906
0.142006890974573
0.651716628316069
1.21824664651473
-0.116158043152711
-0.196083059056202
0.0724284223737691
0.268055829658197
1.7396815272291
1.31444914199457
0.61774023926087
0.450633197964159
-0.585307042783087
0.831442313526771
1.5709177758421
0.0606603216388693
0.409498686618684
1.1417156373995
0.780922906185068
1.93342807736736
1.15245032977109
1.39747631438653
0.0812246575890296
0.83858505829659
2.56858078025198
1.3909841512437
1.77029202704663
1.6393295410267
0.836942211154872
0.154937430123815
0.0757748591655047
1.57181563227205
2.42918287737692
1.97817439407977
1.99104384817375
2.0761167129999
0.495634190828587
1.00537864848068
-0.0131933754814753
1.88290968275085
0.592332545390317
0.262436580827231
0.383681616605154
2.5514038906569
1.26933841371057
1.85536262350953
2.01605037193897
0.671466313142759
-0.0483013803816243
-0.385105742421223
0.807344197123712
0.85646501777559
0.665848454553917
-0.0197914891645997
0.172594198078508
-0.0302268874989514
1.23716701362371
0.698336524948617
1.24226317495174
1.00033732542946
0.612532870077408
0.60080902321626
3.04336235016762
3.03172756584255
0.302456392791162
1.34051177653326
0.0641538439163881
1.52594361159891
1.3912050227508
2.03502908968152
1.0865677860996
0.00696089411203113
0.093019935886792
1.43458757926858
0.137613992432826
0.263491389848519
-0.906795739157298
0.80802482589247
0.833614044680961
-0.0170728239903385
0.598076633897541
0.0556446997479053
1.36758761823611
1.51019856147741
0.0117949092254753
2.68936397066724
0.865156798840278
1.27109499137424
0.950109378213773
0.688587492217642
1.84656426350867
0.392602815966413
1.49911492700714
0.504814169904194
2.03195222218499
1.23533714907311
1.81512516497735
1.43474962628946
1.44969860034095
0.871152368543931
1.26145087170329
1.28532314919619
1.38654539428623
1.03688581363874
1.68058623087408
1.05143729753974
0.283642790324916
1.65967165602265
2.05065108849785
2.05793514721366
1.92859226890165
-0.204716537455357
2.37566079327392
-0.0466466496796681
0.218560504095137
1.74075176510699
0.288425523913635
0.30612933874906
1.44312265545304
-0.861287103099685
1.07230958195668
0.801881152176734
0.337512488795319
0.614879682217687
2.9265211115308
1.02656593530383
1.07171355887631
1.24388516797198
1.78455414527169
1.36992371247344
1.15594232805565
0.407667074244298
-0.278767646957917
0.703801870380809
0.352140857946418
2.13898216525045
-0.774540777609795
-0.0381695794396108
1.11261549767764
1.35283676396769
0.687384338093538
0.852292762524422
1.66116698577975
1.88346174539115
0.991633084855894
0.297658193355701
1.98424433995971
2.20739720192619
0.808788149275943
0.733025818763848
1.97795753995864
0.773158742589233
1.3137173157246
0.601464392309768
0.51761595605662
0.994225731839154
1.18710018376138
1.40273141278004
-0.256302970019263
1.09315313614108
0.818760247122531
2.0323266387683
1.43143669607663
1.88001394383158
1.69348046371232
-0.576323035865153
1.93523262283437
2.04009622378786
0.751619868504207
1.78990492908691
0.567150887159498
1.94984280457862
-0.101015394671978
2.18523724857423
1.74557067367647
1.0516232021657
1.47715985596465
0.768865602446637
1.86521397068593
0.699573542180405
0.501846038285573
0.717664143575716
1.8057138292365
1.90548201577614
0.0321529848286158
1.56139269081892
1.89355023388935
0.917229778478566
1.26495578161694
-0.541116383354267
1.74899717642549
-0.405201749585501
0.074532678729204
2.02739953205166
1.15064702763324
0.858122676453932
1.08921046826057
0.837361915171444
0.122099894863992
1.58842904468559
0.621154597181938
0.590541151660849
0.166057700012374
2.7401356455273
0.0995280207925153
0.69703561733332
0.629831029713416
-0.264258504967433
1.20769111378924
0.558723752650172
0.519262648702732
1.32544892357431
-0.358495515236702
0.969387933069135
0.0624481856904743
1.4155114763684
1.00894810699864
0.744270892175566
1.0477495810181
-0.0255234615302598
-0.182588512288055
0.528165416247604
0.320304634698253
2.08380407280273
2.79844063876979
1.20818413259294
1.08579376609542
0.780872941864744
1.47277961359319
1.47555202126814
2.26277489877897
1.10027642960207
1.18586205111397
1.11658666366498
0.857011252766501
1.01258206778921
0.668932932946905
0.427902210737508
1.02642039974316
0.959335252588187
0.0550684853271753
0.596504474380777
0.0343626005993957
1.22408392519038
1.09586429171452
0.187907929665058
0.0658301764153425
1.40545360193972
1.28404978703252
1.1175883499653
1.38687025504577
1.0657508174828
1.0614030640587
1.88314837984849
0.333249167050749
-0.0107835971489508
0.973017259312022
0.935013972630518
1.08685420842482
-0.0346770998064765
0.774081164480027
-0.194674658813676
0.989655603139111
0.796925452306257
0.885912285012904
0.249663308389401
2.02591128642297
-0.326167997349458
0.207666755656318
0.634363180092695
0.189724961063322
1.54343539407105
1.86883591733087
1.45905351534754
1.61750316776478
1.57487839536836
2.29184998238987
0.995849152478209
0.884043550276833
0.828589081945749
0.508765046527397
1.24429958161422
0.505113994661208
2.05962743020042
0.82174084259247
1.7898316164975
1.98437407781043
0.485442404409851
0.760580752149122
2.17747808017337
0.940497602860165
0.635472234067462
-0.151875725248644
1.86770899871189
1.12315413064965
1.17557382566703
0.911813148456421
1.63358898231555
1.18914608815052
0.864103575320751
1.30987611234603
0.534940478154942
0.284992714650108
1.29975467456119
0.690984909115746
0.868927127591251
1.43371573029673
0.761490255610983
0.739537978310969
0.838998318187547
0.722201241360862
1.17659901827474
-0.0628134252811696
0.103278438673333
-0.00297939891341058
0.885486293070287
1.87869816613398
0.514950118323887
0.698498393424107
0.241891006163822
2.081270794739
-0.139619855134235
1.8282333432727
0.706924764909143
0.96252585124533
-0.145541202446673
0.195950509591119
1.05459330546139
1.85714656763343
1.50626700074005
1.11970825457925
0.698205941893311
0.34449991000129
0.9118790791128
1.65328868964169
1.33690212368219
0.203155726509741
0.728017080298331
1.02112748997425
1.99275427660922
0.164452452387357
2.3177611546271
1.05368661270113
0.857971000064478
2.00418276316179
2.20302382544286
0.0793768298362813
2.02454447326234
0.389047163966846
-0.616814824395978
0.888625769518202
1.94593057530084
1.81923862066345
0.55699287089182
0.865753898204325
2.48244697378762
1.40719870633639
-0.270259326028644
-0.158911158123915
0.933985133341695
0.718546529547969
0.0262741209456112
-0.664178424786132
2.06764212176357
1.60401645761085
1.13021320245926
1.20478019168622
1.37511731285706
-0.183107170700392
-0.182216392800287
1.40222496112133
0.061164318310631
-0.0290837248717688
-0.0105293005081373
1.0248585381031
-0.621192527922957
0.604568707147041
1.16173184167675
1.2103575512721
2.50465567127445
0.869512389779547
0.85213170581212
2.18819294865131
-0.772013101163482
1.54205648100449
1.25268527313062
0.866549143116584
0.939375171155103
1.35594458959353
0.07461540743127
-0.288711377385292
0.790488074986884
1.14382007194505
1.74098910859584
1.44130568863514
0.654047408164155
0.522984488905482
-0.491949615644945
0.780386414456345
1.52663029807906
1.91572351078832
0.866340780374407
0.825600140395372
0.973258216874689
0.982758572913078
0.547839416654398
1.48521903010854
1.66320327912819
1.80175744830243
1.2267817726947
0.95315531118653
1.01962572585028
1.05577758498064
1.15366636522196
1.24709369906058
1.0902209164285
0.928639552552803
1.08447487913289
0.727409904369342
0.632715832848681
1.05224574063379
0.55456431502291
1.24857331927331
1.16699215840085
0.715490404600958
0.301276714203929
1.40430817227825
1.34770552810522
0.937217724520755
1.10793362855013
1.6259658639503
0.887826689788031
1.00889173031585
1.1224494331813
0.301833983681315
0.860566767468077
0.925898858524411
1.69271443078806
0.746508343944798
1.48783705099226
0.601297164014428
1.63210750347191
1.10719315204439
0.683009752890383
0.300511112822248
1.20190453749485
0.450274924990737
0.918307963685017
1.10743518181126
1.05071680190627
1.2217909097951
1.01245675980567
1.25872912920004
1.00640079337928
1.06026974331423
0.984328186633182
1.07673125703445
0.660693497679449
1.19627013724993
1.08840631535802
1.57176749828214
1.32939541401239
1.16266972196115
1.01929107673685
1.29175487435273
0.915652542757029
1.12079997360334
1.05904909588722
1.26127639487697
1.0660501305873
0.70793205503888
0.813153942255281
0.794613227204067
0.793555432381919
0.862462222612616
0.745392975743253
0.80825316270464
0.754010910479041
1.04797778631213
0.441615821350938
0.564952044462794
1.17155359521724
1.08979643809948
0.226990185398412
0.493168101143559
1.58963404468599
1.24399165844388
1.09215549116511
1.10759787227419
0.841383743053592
0.831561908047908
1.31605122519362
1.53632770698452
1.56614575112501
0.949625011464158
0.983282871528201
1.77142382592564
1.82299097025332
1.42425380570495
0.940590529413324
0.940162091477056
0.873752830098601
0.537246411987753
0.492101137369417
1.15616836796892
1.12336443180189
0.924842729570925
0.795273567960244
0.896028658348232
0.878411649155781
1.1624792567388
0.973830837417952
0.806962766126269
1.06312682725392
1.30943632116266
0.553126235015313
1.24373406040189
1.15323602936562
1.66733807973609
0.291279253277989
1.48392064341694
1.25276039601839
0.696332359538134
0.494031136280903
0.586922387996249
0.997229428224565
0.677315285663135
0.284506544728171
0.325551995346572
1.05037692757457
1.23735884479977
1.1370972871948
0.773524233479245
0.972804731647833
1.60244327436451
1.43452194838397
1.26116701231027
1.41234490987204
1.19027858237925
1.24244041248137
1.1327668479389
1.19464967650593
1.16569648177694
1.0842661076428
1.01561382778737
0.901506323143254
0.99953850635604
0.847520219617509
0.702987346739434
1.07612761407979
1.20361011719624
1.07420505476503
0.462250805799918
0.215470923582953
0.219442418097756
1.63282170981904
1.18439949679097
0.834637278051998
1.1769764625212
0.88743501261031
1.4070587719819
1.06366892600159
0.527913712741159
0.965721073786254
0.697377720184748
0.649614478399789
0.788259275612145
0.383590433847016
0.483822504399688
0.794200618825567
0.776869946713838
0.833764269175679
0.756972446713592
0.774540563943733
0.838769070968874
1.1095199267966
1.67713767032873
0.831288155907295
0.996333704820683
1.68332721385736
0.390280155468234
0.616165602320673
0.789323692211777
1.13320954677582
1.29119634116296
0.904494153367988
