1.04070345732704
0.770790635763327
1.1114040557354
1.10050106046881
0.15562093784307
1.2882401172135
1.54113197705349
1.63630707894758
1.71082924048894
0.205021661574575
0.49877989407916
0.656687332429918
1.01952284087594
1.14055764620078
1.03328955011681
2.0147550244631
2.06017016203194
1.98220199620494
1.44411337418298
1.1749173134172
1.09532822413535
0.304527025545753
0.715198586144204
1.08541012417673
1.73297152796953
0.931214101450677
0.15343795346495
0.818313688320426
0.331106820377217
0.57797588916215
0.792860206001415
0.868804029641026
1.05931755214059
1.03138854381592
0.962772048805
1.86963944721251
2.11333256913334
0.860117500653998
0.720639970999283
0.97416821799226
0.463113225274316
1.45625035568828
1.24505789640273
0.191584333643249
0.891744368334394
0.889435129086252
0.268750975789688
0.202456498858173
0.25935269244104
0.829719497617733
0.23025976739303
1.05056887073098
0.960261517986279
1.26719116016955
0.575826590300074
1.18481227809491
1.20769717186106
0.92039117741063
0.222178156779654
1.01528874274396
1.7377314835673
1.09681345762464
1.24626427589175
1.61475213497914
0.304966493228521
1.27623459172646
0.19336243412794
1.93938970362304
1.80464935932585
0.200260362219738
0.271576208563233
0.350168703974874
1.07662861992275
0.91145990068275
0.160525529247356
0.576210729860073
0.894588920351325
0.741984726023783
0.694829240091239
0.425807485901935
0.90855934525321
1.0839517945248
0.731471043318481
1.05795408472996
0.864136049305541
1.24518113922976
1.21617912538924
2.07085143062039
0.388278935034172
0.778784064437095
0.913817584637521
2.10823337699698
1.41525175151889
0.812694852469366
1.00893102753041
0.948951685400422
0.99109504215679
1.18763009184385
1.09773229218398
0.217333674931328
1.01659560601074
1.13160365861748
0.915258417966483
1.15299210722249
1.16000941892023
0.965435366913766
0.120972266891474
0.229985633792685
0.283576749682516
1.09595119400014
0.793091365760759
0.906177776883151
0.215714780200253
1.0645473380416
1.87379981940052
1.57893741426635
0.854188265976667
0.987562977536163
0.818427942159414
1.02266751950092
1.10636835852759
1.29041539392385
1.32598509537767
1.27415191609158
1.10960714426825
1.14641154415628
0.953305143487692
0.992327540869912
0.861057821562693
0.959204742387464
0.598535857641247
0.596194479808905
0.633563100164469
0.810703054640744
1.0127854144566
0.940666574292988
0.710791156053867
1.35805933492237
1.72892782256965
2.28790970890043
0.891336800130378
1.57889659516147
2.04414676073108
1.91686629507854
1.38231315336347
1.77483899557796
1.05940023840352
1.77545862086367
1.19842466978968
1.15509284608846
1.63445641147663
0.248146637407717
5.70697815578666e-05
-0.0419283382326146
-0.272421262982589
0.629678643895315
0.103396922128641
0.157224638881236
0.234182189738433
0.336215250658088
0.103465658530462
0.313236422687127
0.564840578100326
0.408540566307276
0.388009597321593
2.89355361838255
2.76918562448399
2.18576146853005
2.37482362692566
2.54669209005067
2.93521505441342
1.77936200670819
2.17739195067291
1.99346072055988
1.82179961363169
1.59911535956845
1.66996473908076
1.64230168766165
1.35976448662093
1.11055392109885
1.3249756333606
1.60640106806878
1.80589593794376
1.12258523602597
1.22028427986409
1.50246314021567
0.701614900293435
0.953909846013715
-0.138968730140788
-0.602473070176544
-0.999070909927869
-0.773509197224282
-0.880749197134134
-0.990413308157191
-0.802334451194848
-0.740913652683003
-0.573075883490541
0.0153491772258315
0.357007187374185
-0.573191731795378
0.754314842809539
-0.825297795470766
0.353878016527276
-0.536553330606853
0.614014745599536
0.643002980216902
0.00291456903100836
0.239559919050665
0.802102163518299
0.647864996360576
0.949140338774362
1.1742008362645
1.2350432467419
0.986486202458419
0.79286388292599
1.43882380826583
1.45156570536912
1.19603027651601
0.741519121485665
0.511456135809396
0.658366567700458
1.10378572957212
1.99253034328037
1.6706604681933
2.10272341289354
2.24932142470087
1.9257610349326
2.19132788132857
2.17075386847496
2.36566160886234
2.27684442183363
2.03793815512671
2.21825961979825
0.809829649202753
0.910823577189417
0.407049757979244
0.620914934763055
0.561312477363487
0.968321533671228
0.502448439295775
0.823579177366767
0.532894997887029
0.779081710278793
1.03284938356745
1.25638933923892
1.28494149171009
0.944221742031213
0.640852329664101
1.13672282869171
1.17117718162553
-0.169549888122499
-0.193195163056676
-0.351887518100218
1.45242656828603
1.09891803317903
0.802827417154467
1.10323116368256
0.989374262719038
0.765283339785258
0.870815287778712
0.682476074483724
0.406768273669092
-0.0907332185818806
-0.333054564643248
-0.65733568217796
-0.325193834071309
1.38087329807851
1.66829640709994
1.37364135517874
1.50869756465278
1.36932570363685
0.98264464770141
0.35341881338794
2.01123094123651
2.23885676739768
2.49603801834495
1.39099409622626
1.22305538277958
1.73659304864018
1.6947263225749
1.02592234118044
1.33873734711452
1.13622563646846
1.31147510576926
1.12056313431276
1.2735038429915
1.77753300482888
1.29045280406575
2.46362271253872
1.17365523925232
1.04153745325998
0.895447390654084
0.637509604111981
1.55240235065561
0.0389087996781642
-0.17152973494521
0.393104208580369
-0.844305261207561
1.44408147382843
1.05766803642657
1.01062733998138
0.726145044556769
1.5308751313593
1.98187974958955
1.55751656478312
0.7782263818016
1.33137227698878
-0.074771580816021
0.826359911703431
1.18939468837563
-0.260880227562019
0.313531718599252
1.3242107883841
1.45901407808694
1.0351643769943
0.826792277010044
0.472743421878436
1.69585267110507
0.664201106022233
0.450878228716779
0.950760944634182
2.13425898412224
2.19666810003223
1.98957405660705
2.23340916770175
0.584628621165931
0.131592213602759
0.896483863122502
1.00457690596985
0.140609263416758
2.23571273809176
0.845709902846726
0.682627875063429
1.48749485976597
1.11847405715248
2.04479338823893
0.726593197055588
2.28730274088624
2.69422829418295
0.294103497963337
-0.00548284844401166
-0.335300272423693
-0.252769407748905
-0.00330324171961792
-0.833577325048023
2.12954504074816
1.91267325790884
0.450231373931387
1.996090521623
0.606857474125197
1.12887478827902
-0.0269332366617018
1.71693019762281
0.63414131472934
0.964584850291904
1.14657424495747
0.786383821731439
1.09154760107853
0.554226708077598
1.19774410062118
1.06590564187488
1.02196238606073
1.35009420496973
1.78732659627458
2.07094914046894
2.92279294511971
-0.150026128928916
0.789210801891599
1.03915850821258
0.587385049122126
2.2429790174953
0.869363676589183
0.545235066015514
0.534835097618614
0.899435362541673
0.622631470239383
0.60118909823251
1.23773679539677
1.71957722777514
2.09699386496946
1.69947317737595
1.20499724199837
1.35641451444886
1.9757938734222
0.657512221493224
0.212116842149534
0.229123014135404
0.881682716636576
1.14831500546145
1.01971800585969
0.945186870561952
0.539728031143765
0.160471769991994
0.712971684748407
0.943086126696442
0.667486606914644
0.96455073032986
1.18125390872925
0.82062093726509
2.78591454266474
1.26321833772574
1.12159978030374
1.35484709860012
0.986475805747619
2.25173282163942
1.19761417952806
-0.110600701404812
-0.0535669936178591
0.220228881815063
-0.0400278233524772
1.28166070207396
-0.366977813642737
0.876847395238416
0.914179391170898
0.802822727605314
0.685502024945279
0.918681981195602
0.468461621547243
-0.167562186903787
-0.17154599984379
-0.0582625249404078
1.12683883990561
0.843140500046762
0.739772600854328
0.929564943564416
0.916540700703986
1.10335133963755
1.13095190389206
1.18242593389102
1.25044407171311
1.27114908388803
1.15729693781769
1.21405889170702
1.23362326354764
0.12301347910106
0.406695315665983
0.861402025645368
1.48433713128976
0.727742514598279
1.15575595965798
1.57216232456699
2.21270959440601
2.07167118977237
2.07187292403036
1.31396712555831
0.910866102269877
0.990248932654262
0.607677874647616
-0.938422508392831
-0.948819204126907
-0.775496653081197
-0.396164869813096
0.509622182940378
0.429324348605773
1.16861691277178
1.03844728390578
1.29574780182899
0.665725844045223
-0.907097157699057
-0.478193102789697
-1.08714784631418
-0.424882193709473
1.62576947802359
1.80657728295916
1.64473417685215
1.28377127771325
1.31226675466719
1.28708810314195
1.24053973238488
1.13002353280527
1.70452495067535
0.836783488634636
0.786141114113246
0.604376957114359
-0.147123532635996
0.745354367491924
1.89052213742913
0.148202582352376
2.07118574201613
2.2072918929461
1.26588267956124
0.155043748514959
-0.0427936198106242
0.0545876658303616
0.638827545408348
0.612070142928217
1.90454839238486
0.850446518042562
-0.0136431994002813
-0.00368512515242373
1.35856302466515
1.07047980171937
0.722462497804839
1.18812328347887
0.0556557051296934
0.239862395325804
0.499494393569982
0.876326027037773
0.110960624674276
1.1341532774214
0.852114061728418
1.14753001126561
0.941162027158655
0.100856294220258
1.160728863824
1.2332121935759
1.50778571706623
2.0127465039851
0.587316048253099
1.13651057694913
2.04345024572054
0.133573424929433
-0.127714885507558
0.10227123755937
-0.173380002008169
0.860403084684355
0.344495541685088
-0.172188859802608
1.54550884439104
2.02124629208687
1.3785134754249
1.59802244108467
0.919264907320349
0.248845031995774
0.202129751321593
1.43591219941066
0.958176639526947
-0.257282247485135
0.13538456196455
0.591282109112362
1.65448074653024
1.68830219974046
1.10682788739782
1.70228337295879
2.24702568529919
0.569406759709042
0.917800361342972
0.316703345694016
1.06706129896284
0.0905487845647829
1.60846721995166
2.0543488318474
1.76642590991029
1.12158691610936
0.849786489816477
0.955954973987465
2.61330708371992
0.152822404268633
-0.0305252109081325
0.200780321624415
1.1400355784925
0.463741453362579
2.06710962245174
0.141477194357951
1.50350085013063
-0.093807016461004
-0.229320156133074
-0.994318865182428
0.358705219040378
0.158051501820261
0.117854119220962
1.0223227434357
1.66378914200295
-0.588378536617939
2.37543622080287
0.911405254889486
1.31176579340086
0.670078612233416
1.52870287714784
0.809228889504859
0.422288260362409
1.83594655550803
-0.668426172169796
1.1501784517376
0.825628769185499
0.872025850500949
0.704646070473919
-0.119347278235219
1.82370229538116
1.07840408400022
0.349716097273153
0.711390822882942
-0.257402846271817
1.11706208318079
0.99091710943599
0.00745149624285687
0.76756680684157
0.737660649394338
0.557220284009401
1.24310899753526
1.25163135548568
0.169052511957954
2.40887153173762
0.0901638408988901
1.45354777013753
0.513560181662045
1.42993922504314
0.493081870426029
0.353744884843039
0.0703939033649458
1.5465994256419
0.552390539599087
1.21703391063418
-0.0312687602922368
1.9096378721726
1.91382862085949
1.31575071614963
0.973418818397179
0.756920293861811
1.71927542741649
0.672063332302611
1.08176549053323
1.78071486888134
0.0136393416070232
0.93842147964821
-0.0995340577645831
2.23761320733752
1.01807036414031
0.0178660817481103
-0.134276707843472
0.0481771605417645
0.409988270043146
0.861385895905361
-0.313088083830933
2.34105151576608
0.77917954339388
-0.294078970416694
0.94944487258941
-0.0503719233301077
-0.619174725295442
1.40704368912255
1.45502652600076
1.02092516745233
1.097389083892
0.849451033193014
0.621874063117926
2.29229316657071
2.29660448830669
2.84332569292681
1.29862684182132
1.21990143866445
1.27877636044562
0.504435961936876
1.12357066548917
2.19048245555793
0.722711343616418
1.30253240423935
-0.171005687372313
0.85960348858113
1.94677168583605
0.11178581026757
0.720796735877861
1.3856220895286
0.0582211460766035
-0.0320622695842454
0.203494779556064
0.308282315060574
1.82836794037131
1.34250645303097
0.583768462632301
0.525875013181424
-0.48049199935669
0.802448082519373
1.41769978407631
0.0331590103890841
0.479279330886443
1.16839799157319
0.755984713165046
1.84879269545123
1.15116085610258
1.357666593935
-0.0770270834124415
0.816899693346342
2.73525686712661
1.38021938017122
1.89359499770207
1.74803527201586
0.832903099936986
0.145672932069668
0.063945052002595
1.50959801666762
2.44586904528625
1.97461463012007
2.08918255702108
2.04501011878205
0.473373085321555
1.12685757019831
-0.14963988863586
2.03591829102482
0.364391584894434
0.252619400662414
0.347980932929551
2.57059200280331
1.47583677892809
1.91374274437377
2.04149401310801
0.837166920552203
-0.104168877503621
-0.424147834415097
0.674821119322204
0.77253151957799
0.652354992400836
-0.00990641600498709
0.23631304010188
0.00882695335828127
1.2098519490164
0.529922907285802
1.17306745825402
1.04185248395024
0.693295944487276
0.716310016495295
3.24390285446896
3.14931761262996
0.212030175595724
1.35446994389822
0.0587216569499773
1.49502743454576
1.29700752537551
1.99798622024782
0.984411452603726
0.0372341075519671
0.128714840255012
1.52544176344051
0.0441407318209818
0.1914944272952
-0.965577443142576
0.842986769140322
0.793174579862835
-0.0456667631105053
0.571942085250114
0.0599803519103243
1.4105700190251
1.61452562832224
0.157313675897832
2.64647867588801
0.803073933900263
1.12843323056742
0.922333964224663
0.58673152783601
1.94939866752049
0.293043011526202
1.41920200716161
0.28771816921469
2.16304329750724
1.17800204898028
1.86612774994706
1.47333879209315
1.43496971272032
0.902914131022015
1.1612018622861
1.16826879668583
1.39801962567925
1.02471626248591
2.10957385227358
1.01965009476643
0.373332669363605
1.78073917904801
2.01136448358345
1.945554089051
2.07526575086414
-0.0816183910014166
2.34785364515151
-0.0753878809288899
0.243933710625527
1.84553939340149
0.221864661338523
0.392604599305917
1.54922260018526
-1.01450315056517
1.0324342518852
0.845997631169513
0.31563586755792
0.596361496124192
3.0192744329699
1.00805387148386
1.07258929053678
1.29680725094775
1.86826911557846
1.31646886462356
1.133899558714
0.517293869046026
-0.16957860295393
0.589902631212907
0.28271255012175
2.02525079077166
-0.87702097299806
0.0298234580597741
1.20795873147231
1.19763312029422
0.509687642017695
0.727132001870439
1.69286476410953
1.99138819894582
1.02119056299001
0.202503464993446
2.01442880004859
2.17900586744333
0.661361498616442
0.692725191318499
2.12650601552193
0.874416442492223
1.4894663896938
0.62207810886316
0.488545727448577
1.02345802976443
1.08380842897069
1.42045918473317
-0.129132042759621
1.06375925509369
0.68759795117271
2.00918222539349
1.56689870523654
1.9475098662785
1.76677160818345
-0.594974799581562
2.27890458002672
2.04332569062404
0.619760129294721
2.18239726649008
0.564842433389839
2.11550921658147
-0.0607912701787291
2.29785884421586
1.73868235756808
1.13548171639908
1.43199033960781
0.651854877932831
2.16932488771164
0.695129851214356
0.401588451515049
0.548363704600894
1.86344514713209
1.93362491863759
0.131919870613739
1.57027619610106
1.96541066815017
0.971636830372369
1.23007983745948
-0.669057611493428
1.77100409328144
-0.503000034570244
-0.00989924840131114
2.17867364214356
1.08977581823653
0.781207031907235
1.193960506693
0.708644640768957
-0.00943192280729946
1.75131403737171
0.673408876229875
0.655141231911769
0.156018566154362
2.72465112827377
0.165980476563211
0.681903496946156
0.646987278789076
-0.288477033893084
1.18937012459857
0.640738703150697
0.556647191591088
1.22079429216232
-0.221541954317103
0.993754252858935
0.0497219210642005
1.41407656027535
1.04530989884998
0.804843103350298
0.894373627232203
-0.0531011202198522
-0.176263022608951
0.597904549406177
0.212662522109105
2.13039410831531
2.77845399232935
1.31280606701648
1.11657007511999
0.688491434833832
1.48862004397782
1.84593771017701
2.24851947140662
1.22003836256356
1.25839708729272
1.16391144747404
0.944811835432145
1.00922878446798
0.823465156874597
0.500533766077858
1.06132858473529
0.901711255622009
0.162215832112181
0.723422693712738
0.0513845471291549
1.24478171659505
1.160312227186
0.174091183800368
-0.00321821896805188
1.51249226802711
1.39628045714172
1.13828637202404
1.40431257871968
1.0742634120366
1.11078760452465
1.98645067264964
0.339118213905123
-0.0553741134022048
0.916773212201555
0.748969204379863
0.961254353694371
0.0151031357919797
0.968526384776271
-0.0151722833516566
0.995042956237001
0.78575088254921
0.866845823172583
0.198992120416152
1.89987741214991
-0.22357981385868
0.105499702187703
0.618678981094637
0.133474746718378
1.48210470934894
1.80754388584128
1.51337801557806
1.73760052383226
1.54524608140645
2.26425996481015
0.97934282910129
0.829587473370563
0.724113706946748
0.583605609842534
1.27630786448821
0.367782572394888
2.28352764399761
0.690549346036372
1.86194083084061
2.30890310446341
0.48835300543503
0.788174667040095
2.17824763795424
0.972388984359777
0.777984600887521
-0.185723763999882
1.98437050821675
1.19257878698306
0.977426408000633
0.979428451273223
1.77912336307652
1.08661611651377
0.948473655668063
1.27365432457714
0.542862997302061
0.195768434649938
1.29472194052378
0.553878410996325
0.795016942029087
1.33895240726937
0.712838420715055
0.750630316364796
0.941646305526989
0.951406323740836
1.27384006509641
0.0823659798147097
0.208535785048064
0.103802733251182
0.966511836011196
2.26146242328969
0.434779793789923
0.7868131721515
0.132399436247615
2.10339963345662
-0.0353945147246875
1.90587372579399
0.745353365205291
0.844447017070438
-0.197889832550295
0.116449836392846
1.14362645124799
1.98117950614027
1.57222992342837
1.14743886145842
0.729701230258079
0.274471409113767
0.93633933210827
1.74635578823597
1.36854220112864
0.238961928737361
0.730564302878084
0.955377091039816
1.93877533477256
0.269326543471641
2.17450575714679
1.05375166701244
0.679170013732893
2.06195034748403
2.30971197375517
0.0562924833432582
2.01921239156073
0.337621165419524
-0.764295850693737
0.844291434984818
2.22042837745486
2.19072517440182
0.426355425320783
0.787234173946125
2.56986368360221
1.45034444035342
-0.361065469550359
-0.135354525031257
0.907051572058135
0.893621734241107
0.145686477871259
-0.526209004131016
2.10860134574989
1.72502495891174
1.15895707352996
1.24633797560172
1.46276591187044
-0.162940508468724
-0.246364822102667
1.64860018325904
0.0913425485728768
0.00353965756354099
0.0483278070563548
0.922123371723686
-0.680823054638342
0.464328514666364
1.1250073629855
1.22214815829153
2.55205565279326
0.791675847332904
0.933402629876951
2.07987290185371
-0.674613217174121
1.37564554366565
1.28440165876085
0.75687849143064
0.888980849952601
1.30086620227789
0.187884386801418
-0.244244975528488
0.744027971291056
0.950213031338355
1.93429681640058
1.68461747047449
0.604124170164887
0.43249739476898
-0.440749125638063
0.703185622391247
1.88377914522908
2.23248450999636
0.9649649584194
0.924858837038796
1.00169660727378
0.968624177090998
0.567035226470471
1.44598274384307
1.62296545362306
1.76826780777326
1.21847525957511
0.854686011411701
0.872925858620434
0.974315011569141
1.17583830960533
1.41842250889235
1.28450978220084
1.04964848808962
0.9537006177916
0.766942110000505
0.58750222143718
1.00790246333124
0.517804460344
1.14305376920867
0.989136032463043
0.827704329285365
0.371575807751043
1.76289159834118
1.34246671402026
0.771708651765899
1.03100816508951
1.86661185149514
0.985146760552469
1.14135575278157
1.01309966981257
0.266575269649335
0.793860507585921
0.988522593520211
1.7180056513104
0.891811785684658
1.58505876136919
0.473276269436113
1.68179983616434
0.943050910784664
0.552257377999277
0.321603975227232
1.10735961554941
0.520466812891044
0.913404736934019
0.942161059002739
1.05018648040907
1.50128565286879
0.930844954107019
1.29537524512008
1.03079664976015
1.02113938267896
0.933109557569826
0.970326753990974
0.683323705473414
1.10242316558432
0.999713961409138
1.89327607749397
1.52980933051309
1.39556393662627
0.862117362147431
1.26103102031543
0.847899440817887
0.993621499299677
0.912417051462891
1.24127245774711
1.0165661165966
0.853467062391011
0.897583602876097
0.908775670287706
0.873962868580893
0.932441105083906
0.626410121645221
0.76241744094352
0.683719041848531
1.08094625699973
0.340768549908182
0.50578165252295
1.00371888082973
0.91893179318486
0.28120525721429
0.530238141010902
1.73895313207806
1.33365769759616
0.95630469470049
0.960958066034956
0.948995536829216
0.939943668294099
1.41679272311796
1.55945615017001
1.54411166649206
0.938478311109297
0.965291860020154
1.8098543486552
1.80656082034679
1.42772663653218
1.04559487525574
1.06965631124277
0.980360077793091
0.529199010830617
0.486137571335494
0.974378171620448
0.953261909352747
0.793011611968769
0.638419854627251
0.745585872648589
0.900385643205138
1.17085999311288
0.887634318617782
0.830603309558585
0.907385996838984
1.62557311786058
0.437948249856343
1.14351110094391
1.08775822256347
1.96586986922991
0.378809498752014
1.57211203835715
1.16819167262439
0.788718958238569
0.562143658483433
0.43750781615127
1.10960085290074
0.802919629755581
0.221085630842497
0.30987413232467
0.977096150693906
1.23491119738832
1.05090244790667
0.917113625623818
1.02818260355326
1.97879779730196
1.76226804304829
1.55003367092993
1.67656172379328
1.39387871724474
1.46276826599954
1.12426059112373
1.22665830949589
1.05132055728327
1.29478594697091
0.849568320090851
0.860452466041374
1.03638477602103
0.921173903040682
0.859906981804904
0.92219840405463
1.03563436197004
0.963813772106473
0.345185345183688
0.283985522201378
0.261310433844702
1.74273684242585
1.22632914072408
0.743352027715505
1.02316190630544
0.976353409410435
1.42466584122254
0.987565819408058
0.549737111013575
0.943003395320657
0.573577079098834
0.555173377056865
0.698080279354022
0.316580351711738
0.454823964379748
0.921915781320263
0.904026224834496
0.944000048818459
0.850942297339033
0.877636335608262
0.912800789619358
0.937274383691212
1.86673709976494
0.724614669146406
1.03257779728296
1.74098869291707
0.359161295496138
0.653443327302205
0.786075647181242
1.15068761440087
1.18859797093351
0.745006518150391
