1.31353695646516
1.04498509096027
0.859043228737635
0.805103082368357
0.0457336629495411
0.406124689071247
0.615890100367416
0.669923291730037
0.745444826708672
0.175957136085021
0.26590091865672
0.299747698435606
0.53244483282697
0.961996314193195
1.27359955479832
1.66257766727815
1.66436629210376
1.61693004310832
1.52159802680414
1.42674782861832
1.36325524732011
0.369933116619714
0.573987072838333
0.764275980150266
1.54164645190691
1.1804087599949
0.159879651403252
1.09141283253603
0.014476855135976
0.451593467546623
0.919653021659968
1.11064223787009
0.406794195822975
0.726903652651796
0.871657765867907
1.62976435372009
1.65180915122037
0.201687654102687
0.98231756241053
1.24937559087747
0.484565669999567
1.41113873819747
0.861237635885426
0.0207689330758993
0.651921596286394
0.349289636152584
0.210341645753159
0.276807938720196
0.202895993134886
1.17822820144478
0.00489578133109504
0.585880918691691
0.70962486453733
0.451811805346175
0.106414200235943
0.90834187453592
0.814842436222542
0.592937685918848
0.0887056652457824
1.01931503906851
1.57395824736328
0.468527517887267
1.34138431808012
1.47770729008987
0.240536231220993
1.47479584740848
0.239140620248577
1.65154775456078
1.59122022756575
0.119586568950407
0.347546829189384
0.405751444621858
0.755786631595244
0.666425963896994
0.130817891836477
0.536235220627215
0.622293607468282
0.95100106717596
0.13800186529679
0.0433736519801743
1.14454104560889
0.331893501736705
1.0131718902513
0.871023231321244
0.887909133519024
0.83847607782271
0.884102674525646
1.63633043452572
0.23777420576348
0.323289124331183
1.22505337072666
1.66127342834231
0.52941379603026
1.07690187793176
1.28270835574425
1.21492853347431
0.377652502172324
0.339925950736688
0.437682589206883
0.0215885722707641
0.737473217610412
1.39531619853337
0.681061868338691
0.790653127854258
0.933921001893572
0.56243954313373
0.0042463055321436
0.0802399246806515
0.0177471184055137
0.988884005079392
1.13269986715246
1.05362594132659
0.187909221259165
0.500381550719059
1.59680801302748
1.54808703003448
0.690166217504338
0.745962834903639
0.647973761481918
0.804539103700626
0.828443016864749
0.878030447365352
0.834989745814953
0.799808311627195
0.770408355602449
0.801919361322324
0.774930148380773
0.828339298965866
0.798990957039765
0.792740306929261
1.14660004529242
1.13981352415932
1.26345043593411
1.18009587031432
1.45094527248123
1.31725199878954
1.38667167240665
1.57582362198197
1.95338866044771
2.15948636027262
0.794827923907151
1.0286796085932
1.19497034137516
1.18534385266489
1.42645504331395
1.59799181248892
0.967910520137697
1.25224948691571
0.955215490080238
1.16865851056524
1.34844633934827
0.227162713923847
0.235849123878702
0.248620699133172
0.288055025473831
0.53558769818228
0.330251704529315
0.320490176442115
0.213327900130601
0.560203199430504
0.420854990005728
0.59874236008357
0.357143593544122
0.416508176189885
0.686323563905061
2.24495707085232
2.12289756623247
1.79284123231737
1.85044963766301
1.91088375892881
2.13819560908409
1.77482184777438
1.68650895978608
1.55727582783882
1.66109235406654
1.67768323941391
1.75903906558749
1.44392381017607
1.53662018435786
1.69279701042481
1.04337393372969
1.14385815358846
1.2880969966984
0.963878939152654
0.962627355654302
1.09231669037186
0.65293908219957
0.759816361333759
0.0953083181372446
0.16930386588574
0.17005628430361
0.262270292041959
0.0754633293947063
0.108471740148071
0.0558117174119326
0.141689166608702
0.0270259845332627
0.0935969643933452
0.200845112564877
0.139828105736178
0.395674917767667
0.152784981727077
0.405179825061787
0.302373055826942
0.215976060912393
0.650025037050719
0.494668890495145
0.573625506107876
0.665686925076735
0.869976278981845
0.990794273594755
1.40230933208151
1.24800085641105
0.987146907169073
0.698735196695827
0.927982435814539
0.948208827434912
0.974078189842985
0.958140602341141
1.12321630543869
1.27998735509204
0.753202210759219
1.63132304842062
1.75389648009055
1.64654121124839
1.66431213881521
1.73780335572849
1.75891465716855
1.88930194043143
2.16695033239036
2.01899698265438
1.79054949364931
1.67941026755535
1.35550506968561
1.40723359027031
1.19542978838727
1.37031879436078
1.43053920996856
1.24609761511398
1.16368101284984
1.41694134084231
1.35679356205802
1.2553902768852
1.26100989334399
1.26615176248492
1.29026896445182
1.21112394451783
1.39380792279569
1.11854413281701
1.13456720921899
0.28978359566705
0.360493023392139
0.322795734402784
1.01324332329314
0.886039356495991
0.496112233020141
0.406969452293137
0.539720481804913
0.647226435331543
0.263945731468263
0.50988908099605
0.411194281396498
0.371270039242972
0.220204687261231
0.297362731576539
0.382523786052514
0.340755248845211
0.310097311804263
0.371519078258391
0.359537599571262
0.291228462408562
0.23252583993699
1.04482414941006
1.93563146422379
2.05325264912449
2.16959875391383
1.40098522660074
1.46083814904261
1.69184557564609
1.70359495289193
1.27372283965235
1.48370352917512
1.34663824090019
1.46386769774937
1.42339716770161
1.53045440062267
1.8695772870447
1.63416414718207
2.02214869158087
0.901677541721798
0.913573036255364
0.875786301881012
0.977770821635331
0.950976657632139
0.287424185801349
0.208991995808605
0.942057091853978
0.218081651685244
1.25081594506291
0.898921396752265
0.949708288378814
1.0811769758669
1.52983839779582
1.47054873587146
1.58624467229529
0.883701201048083
0.307539375769899
0.362487440962896
1.45042077236529
0.479878417850952
0.224008356502125
0.308380810260134
1.52313032481205
1.23105757152383
0.733762186107231
0.782156439615981
1.16142082241576
1.06017006897509
0.508119895069172
0.452590838560102
0.799751983775292
1.67224739882802
1.70643907485571
1.66384885840627
1.60396614518096
0.699956150057273
0.411759841112075
0.674892437973473
1.19902449488927
0.587838470978811
1.6416367746453
1.35722597775076
1.18836744147947
1.66406759818655
1.35400173188564
1.7055367450861
1.02374054568528
2.00122364692591
2.24940321075984
0.267300673586808
0.277273654178084
0.0544630705415321
0.245526316420793
0.202487270596061
0.29710598462074
1.65450277279967
1.65678665498511
0.617535543129153
1.4217449231873
1.34881010082598
0.289523240533305
0.524145352160732
1.9256752448924
0.933506790951009
0.923828710610053
0.823298396323142
0.632077556306164
0.511249862491592
0.253676207014809
0.867155738094657
0.862393745884045
0.778397832688585
1.52826819957982
1.80453119486648
1.76467378769864
2.24386510701578
0.379987762589242
0.885995733927953
0.794661452215825
0.180213235617779
1.66619758905606
1.27882842882667
0.378225843214827
0.507433423972753
0.732758942678195
0.568444134199885
1.06138637050261
1.32324661716105
1.43716544573483
1.91738904772535
1.64849860674585
1.12294470466428
1.38650888729525
1.77634354086055
0.354360267568733
0.192903507674713
0.145307805828998
0.29368122013048
1.19515330108782
1.29060161192485
1.23099751847798
0.626046623528801
0.253472880815968
0.620593512336734
0.326251245565272
0.214985474390194
0.772984714480844
1.1773386772129
1.36272698131717
2.0857985135092
0.403560546089551
0.475859431053463
0.782125511739311
1.41008984519543
2.13387539570636
0.808959237605477
0.206714932817009
0.0898651968653738
0.295369714860511
0.0914883761682978
0.836266912022698
0.186733643135294
0.725691501099691
0.752214469837736
0.743439714366702
0.6299380178691
0.683420301619745
1.00611300869334
0.268594741948726
0.133035825777953
0.0988263515606935
0.836156252701703
0.580577415088491
0.698475596380393
0.711632389155606
1.1472152819055
1.51326341162704
1.46585715369956
1.64426768861488
1.03666005862204
1.0207373562338
1.05477541345176
1.3425045564382
1.14339896086878
0.40121518251785
0.336778742090442
0.288336935104294
1.60966058731973
1.57288464491819
1.52457090020141
1.81330845521455
1.93821556581943
1.75904610177588
1.69385569508784
1.08964632549677
0.825629148105505
0.828647192822505
0.911433238423476
0.052020514403542
0.173181008752002
0.201936442092425
0.226575229438166
0.380550546844469
0.212130739090878
0.769733346229755
0.988979957374959
0.883600730866823
0.71337405802312
0.235339843716594
0.268946159014509
0.198893456394773
0.17347619427175
1.12426596327695
1.06356089092741
0.890560305265978
0.863230764303412
0.956628214211066
0.770193874084282
0.762391333315242
0.750395820439758
1.2268081525699
0.90365570688998
0.972536705030899
0.807379301755708
0.203481562446698
0.572945331142828
1.60325667360746
0.399605486571109
1.95381569087934
1.93119437273911
0.413672825190028
0.282675514053326
0.243022142786034
0.110231570044172
1.02154625755719
0.559354720204359
1.53992410926654
0.885156876313306
0.408694157908077
0.377821235543147
1.34707132798413
1.27605327602891
1.17740931335882
0.977984365095434
0.0813811492470665
0.353966702059353
0.52557597250214
0.501539505838126
0.1433721825632
1.38085607148755
0.655522682284207
0.347361818173292
0.698777702601331
0.119476303388025
0.91646080664378
0.504786307392578
1.72160318866684
1.70689159579139
0.976979797742151
1.47197177592283
1.83438930823233
0.457936510363559
0.116343370976871
0.0269490222024902
0.168426228894774
1.22889864593582
0.535527541372524
0.416828095569978
1.87549238604759
1.60820497590007
0.827281656125761
0.318304591287133
0.544316132683692
1.00700240474443
0.23408445567991
1.18971768225889
0.251607950764797
0.227499692927978
0.46286443639341
1.15251345954534
1.63624603525602
1.35460022756748
1.45243742034906
1.5656194443229
1.70585578493793
1.05709057702963
1.03620691819557
0.0964803647130981
0.425800919298999
0.29230422170913
1.4339226168164
1.60882199941331
1.5077204669754
0.48196707811407
0.662284240762376
0.857186078251875
2.02702322098924
0.123554063461148
0.169993525817911
0.0773250705390639
1.44421920190118
0.298657444982165
1.69477666431685
0.318775251294164
0.372907017079634
0.136296439961163
0.250879927136391
0.155764713359762
0.4537885202623
0.336598513225758
0.157936482063136
0.344982718830177
0.288660332281308
0.27278562462108
2.07962752156949
0.786369218388295
1.49751792386988
1.12449394179626
0.819906212944251
0.717559546106222
0.24360048723333
1.76371860535856
0.156908956832803
1.42951226729353
0.614429356960621
0.589393408845166
0.93771110339297
0.33031960908089
1.75708522764822
1.33256054422621
0.409192291488206
0.235225380535964
0.174866071405206
0.910374847795147
0.566351824988717
0.22441732888629
0.616475835797011
0.602640076615186
1.09541993294139
0.954439901796344
0.417924621732758
0.272483198424229
2.1302695649808
0.414473536407507
1.58229217590902
0.551721851234062
1.67873681843384
0.966600699177517
0.983858979359467
0.585782298450721
1.14036191014892
1.15418723107465
1.44893617914029
0.151762381036133
1.63615221417331
1.63876774123294
0.419409520559126
1.30974672416372
0.89744216994063
1.45205444951173
0.530011618725442
0.328606145691737
1.39969849061367
0.187936909703264
1.18462232275469
0.35252549130686
2.08543110429692
1.3396252718485
0.14946589577507
0.145275492693094
0.126542939627952
1.03278827182535
0.737935921805648
0.378478809263389
2.12737126508184
0.636107397902766
0.192634405036208
1.31153256384551
0.180169634139796
0.16369486893355
0.43477067155094
1.61182831410948
0.522717562521544
0.393316242276753
0.227262149979555
0.574588833492513
1.42223740290223
1.67265586680657
2.1701055863739
0.810145439818794
0.878903217776061
0.857640088952586
0.536405760306828
1.42634975452504
1.64832326583095
1.1840397574373
1.31330812778106
0.267956649167438
0.671720671850648
1.60571515798938
0.144288676920771
0.189741162166926
1.07903908082211
0.308943450500585
0.164338953824155
0.136626487690929
0.422443797351232
1.5614668477632
1.03740444734078
0.920468954597991
0.12712612221328
0.33501322129449
0.652262801947834
1.66599389228305
0.332215976053153
0.372697282511055
1.62624448344727
0.684970993356992
1.9062560270872
0.803575218149861
0.409653884144489
0.382494135027079
0.525241893696428
2.12505478650547
1.51276871413068
1.4998418767045
1.43790430468934
0.677297188615877
0.225233596630495
0.159940878329752
1.27320404815331
2.06892144486289
1.67114186558942
1.67912532809922
1.71464866808809
0.633180016903173
0.848544709435879
0.415232377538827
1.6659379842621
1.09958841261711
0.28213499309283
0.630734109250144
2.30000062565456
1.53248526348177
1.56011965775901
1.61951369946338
1.10801094857733
0.136875261890706
0.285896805586503
1.22725299077792
0.529496696541791
0.621748068353313
0.274832443496698
0.464726414229355
0.354613549143108
0.785980245351204
1.10869330805845
1.06195182132649
0.727723599831094
1.1053072012765
1.05098112690425
2.32353237775607
2.34169538463736
0.328025329988298
1.20224571720694
0.521073596489289
1.2489962257576
1.07794690666688
1.60635737760653
0.339622162668503
0.325097903205505
0.379835754213889
1.3686939508974
0.187882929313377
0.322958827861142
0.153954171504032
0.864519071787492
0.910191285544121
0.0993900408120926
0.614752375586526
0.191730315594709
1.47742154176406
1.51163017769275
0.205270677589663
2.29783356353719
1.07662386542675
0.459140622545749
0.670518979654459
1.2565791690626
1.65129109330526
0.510225878625012
1.23549148143521
0.982459146152244
1.85496012908258
1.5704166816556
1.63636421158691
0.81263557478997
0.835176276820756
1.36062183343339
0.402775334435393
0.437147366826842
0.361783317713785
1.38490739082675
1.6289196678585
0.863542811016391
0.257472099022864
1.5110991707924
1.85732299979302
1.94828234120665
1.69278780106641
0.223369922965828
2.19867881123476
0.400115272115968
0.164097965577527
1.19712687538328
0.304518637773375
0.28618848206397
1.39063080462866
0.08260186369533
0.73479800054457
0.84030653064864
0.539577627633019
0.783493170807174
2.23883511118213
0.716140169623479
0.720582742099914
0.983748746208348
1.16485868260216
1.61764741829982
0.301999467607138
0.387756197789521
0.22675883977428
1.02343600056832
0.46847951230736
2.12619801421738
0.172789040505054
0.0508048962840268
1.46374119620704
1.70629220603029
1.11647674477914
1.11036254296055
1.48311813161229
1.46704995009822
0.886693962278601
0.303228487043451
1.91902144504592
2.04939810216081
1.38256663070865
0.353893384215691
1.65392440255538
0.883971624092346
1.06553022915252
0.494739117937768
1.12368071058754
1.46823313960669
0.437996683284673
0.362054062838289
0.282329972632311
1.52647977614788
1.36489596435997
1.69579068294483
0.321816789499315
1.81270102817489
1.66273202044307
0.221759657333628
1.65664191431218
1.63755325455043
1.16801643076374
1.62877094302227
0.506850721667123
1.67541866213568
0.181106832606896
1.81782357195215
1.82787189034341
0.879239351177944
0.898957609764454
0.567564550691611
1.66859126249591
0.555532116604954
0.491220013247335
0.53995229408309
1.17336584505414
1.8363559305457
0.258488496564664
1.70182143694384
1.36805077366659
1.25313553927435
1.64023914638893
-0.0119509753695552
1.85057801333439
0.290101421430692
0.474381589472124
1.67163070421721
1.4924014612857
1.38197615906981
0.878165502267964
1.08352274345368
0.262248624776726
1.16239097063432
0.963806626202229
0.992679095946349
0.160263898490541
2.21845703289944
0.246422927242089
1.24809753012807
0.709458334427636
0.451506420373567
0.94365132295668
1.05027890315531
1.02413163127206
0.441470852730345
0.112548614957574
1.27594226602146
0.255297349196791
1.5955583136789
0.774959024977659
0.904338909631594
1.21590353168766
0.252216823840638
0.162222524283569
0.500532434613133
0.403316447524976
1.69891033356151
2.16549028457346
0.572287102110818
0.88880199920937
1.27959357711389
1.59006827666099
1.58658943949795
1.86725669722376
0.798181935403936
0.58542090956951
0.831770038760896
1.2167196786965
1.26149259081077
1.12022229754019
0.175441095357701
0.862545671577894
1.22791464330878
0.104425400969314
0.402018221339438
0.325932540305522
0.551273719166209
1.07222836922706
0.537207175898189
0.261708123073182
0.316515619080467
0.269828141849471
0.258588545762705
1.26003332827352
0.738054175100074
0.742856025473943
1.5614592363967
0.278696007126548
0.393981116299952
1.20724237402341
1.20840417213203
1.26116535905659
0.259656245626271
1.17970674529956
0.337711955443448
0.713358418544867
0.642798467188484
0.66896768830172
0.291346552447753
1.79012478926091
0.148129792613104
0.245820072541317
1.38257235933908
0.204235398256772
1.71900539883267
1.89738948833617
0.363055008585308
1.46862658179843
1.38433259177843
1.99686657245683
0.84437476754556
0.746541557940726
0.701772490013883
0.177242438416546
0.987557862939937
0.226494124162763
1.68743911263397
0.289286595054975
1.60841378177578
1.85097592394435
1.03661987719371
1.42275948337937
1.87459884487118
1.04293413839159
1.07849007422165
0.089940473113136
1.21453422428017
1.39899437776765
0.505228552377417
0.277331114292632
1.65658104995711
0.375173965950089
0.853349905992599
0.363695689427785
1.16329318858657
0.637953161267217
1.15854200787004
1.25867475744657
0.758558683938165
1.19340152002864
0.598840727471094
1.24103274986889
1.20558546350429
0.440783322097089
1.48783178390866
0.136204695224388
0.145736024998843
0.15134305855371
0.874299504298861
1.65663178496741
0.955347483388396
0.300548870811942
0.183220233130205
1.76705364244516
0.139913175714948
1.57704734576202
0.909172626708518
0.315923701959393
0.214723663629789
0.446136591296548
1.40504522038765
1.39536378014849
1.482571559556
0.381601875997889
1.37694450631161
0.415752520926616
1.35904670891197
1.71900036681065
0.339701760686887
0.210993355501541
0.742316826142033
1.31350294549997
1.84849755471371
0.0350671875742333
2.02224546601621
1.00040336137305
0.565719243265713
1.95141539063339
2.00487011934345
0.125424013421829
1.90171819322423
0.417454316538946
0.225984588647224
0.656109080017522
1.67423671050739
1.65894961694105
1.09925051429788
0.648455863691044
2.13182734817084
0.994494369789478
0.378031021161367
0.283324959322465
0.754421258238887
1.131213268424
0.0573018925005569
0.315304901923136
1.73507913724268
1.33968090797561
1.29048036188534
1.32816483799809
1.39252795094662
0.204765046093588
0.295446842999792
0.353509808547445
0.0726800875187061
0.120794615026925
-0.000195895485123877
1.63030582243304
0.351451213179905
0.508447185135308
0.765317710979451
0.755297110903367
2.25663942585741
0.618845099481717
0.862337102113218
1.95944977377396
0.148463558109504
1.75893880566903
1.44986773763971
1.16999719208695
1.22571509663032
0.8382655475336
0.298816647248758
0.135704582433079
0.510690190990175
0.554409958235344
1.6689406371776
1.56889681038506
1.40787901349367
0.218078088740922
0.102925112417533
0.257447183732128
1.58872947624473
1.64555819758986
1.29504399342448
1.15207435751542
0.897441677072583
0.7619288336538
-0.139731657778405
0.354319063446239
0.537902894080155
0.750990732148559
0.409074023503722
0.367616337916728
0.496560207496102
1.09420659743032
1.47709843706381
1.64452856491941
1.56417849783152
1.40167502688634
0.78522075170644
0.110841598721012
0.202384555602246
1.26269950607179
0.229669981674657
0.902862219691754
0.543508952619643
0.992421856736389
-0.00630555355431376
1.60171974389414
0.324196138292888
0.358627015377524
1.04740460343646
1.65325663603794
1.26494523615924
1.41305599306283
0.755984203334245
0.0875438985937717
0.572304550687069
0.887715450797767
0.582633751275044
1.11695658288171
1.56101823935874
0.410619121320053
0.672250652193989
0.643886845114897
0.278414720991317
0.00913731142772077
0.830332731229075
0.0390594048670126
-0.0239796950217148
0.430461588826074
0.18637180326131
1.54399050891352
1.14836391244312
1.41718183776888
0.812921727441447
1.28508760704719
0.319689747905889
0.948558500723975
-0.0755879101351393
0.979875086852811
1.07130430917715
1.64772359812647
1.64379147325802
1.57743706103608
0.463799082269331
0.219832210677536
0.314389505050911
0.834567255348809
0.625124290782489
0.223238610800571
1.2404142265527
1.06459489561038
0.975877072434428
1.08423265358368
0.902284382231257
0.925559186981898
0.491662414875477
0.484605352021041
0.42422308774702
0.474935169662655
0.279186578023226
0.170640680519487
0.482104580273823
0.532781065854601
-0.0197692759364107
-0.0412668379081821
1.62524376284068
1.60400966928717
0.69639565486218
0.726327262112082
1.2104420541559
1.19706726580144
1.59107190652739
0.481580906349023
0.408066010558831
0.684886821286801
0.752553821357732
0.711591423282236
0.673091970566966
0.577070254211929
1.33519494716135
1.38915420500619
1.27952148094221
-0.0284367910552361
-0.0218056514791438
0.573607521493255
0.612181736408934
0.368527145326602
0.311020878600726
0.354780090937233
0.175605747359105
1.34164109635469
1.17337005286543
0.0483710421156507
0.388739142148686
1.56325125512534
0.24452025644962
0.940865340117026
1.00196282901092
1.65627373529361
0.0280657018307692
1.51394727802812
0.843845370646441
0.962209936953312
0.0634616178273923
0.424629447056314
1.38377942485771
1.02121279677535
0.153948541939198
0.159386766432535
1.06218795433003
0.310758381917877
0.769495905413179
1.15291569430716
0.851435924238948
1.64176129479834
1.62575436576342
1.59068690959599
1.64418158389882
1.62114479171943
1.62655933364506
1.34300379535653
1.48135824977433
0.897578924914656
1.51508583046906
0.431260322913521
0.62855539655696
0.917720923083054
0.883169328627579
1.08972397235148
0.656637215684432
0.501126896045139
0.713851591886209
0.352616899070714
0.0302148630507977
0.0436955647353306
1.60434988898984
0.601115292618753
0.559848023904895
0.441870640351756
1.25006250230616
0.431096224828088
1.13416293078803
-0.143935798544295
0.668148460859869
0.45119893218147
0.340060450122528
0.493321809963082
0.149403028680351
0.105080414507548
1.16155205948449
1.11444490398621
1.20649430248542
0.941188009516922
0.990382761970386
0.903557858492002
0.489357206200496
1.64776950026137
0.313716466412576
0.789012556555567
0.672461537502259
0.201598781070071
0.315701304537492
0.263869011648492
0.388642480708373
0.888303586029676
0.33516312393283
