0.917264497836558
0.648709856895291
0.891403968220662
0.884282173383761
0.147571103502785
0.672587279635421
0.994361642473819
1.09912896505074
1.18669244123481
0.0954473978640431
0.320886699136231
0.390227553402404
0.771454743108121
0.95230748028986
0.976660324282737
1.51277489192769
1.51220041423173
1.40859696325513
1.18756724416618
1.04417846173922
0.967137549152007
0.486943306352872
0.72991601900391
1.00087978591334
1.37490270579039
0.782847505845322
0.270947660091849
0.88070949350536
0.0530399691024655
0.493103013385437
0.707732653316718
0.699513346944541
0.585311687288612
0.877774894118852
0.791105210116719
1.499321418897
1.49969401445979
0.321044237699938
0.656375414755545
0.860087230201131
0.621774429878202
1.16272022823133
1.02370845886281
0.0610660275522136
0.915931684467961
0.481751687934339
0.182317626031599
0.387266883632883
0.32426986400478
0.905400307494782
0.0325442043639021
0.840549006089524
0.965954530256783
0.644179549411695
0.180378336606209
0.999614330123077
1.0208646177466
0.850668795005632
0.162315597943339
0.90573779568249
1.30785710499731
0.683497841628557
1.06243299411191
1.26959474355996
0.158919014396376
1.11464959822991
0.351419717764573
1.51603507610137
1.45088030513774
0.233149677530908
0.461986947393783
0.52845608373429
0.879119025582642
0.829098615476791
0.244479806561692
0.685830136174094
0.884692012386831
0.678975387732581
0.232021973088442
0.0963485575591215
0.737377153383899
0.485989325743221
0.645449212562213
0.851204599252196
0.739960352309294
1.02601087407149
1.01474512762855
1.46251491995981
0.255651586211882
0.43452022899923
0.935008983384071
1.5151188706702
0.84700365519099
0.666716369348043
0.893873436143483
0.822203194693207
0.535247993390578
0.554185611796473
0.637210182983132
0.054171713813053
0.985666798353724
1.00644996082217
0.943332364077432
1.01427115509258
0.974809246976587
0.812671391482342
0.0850103921462921
0.13757340705667
0.048789168612778
0.926760321221077
0.885908867187981
0.888784890483862
0.130631656226177
0.729822558164063
1.36092574980313
1.24501360297471
0.812799433047778
0.87831812893535
0.759602367401854
0.936240102722191
0.852874208446932
0.975217088626294
0.938973706618782
0.951960627355843
0.927745926784894
0.901277189800669
0.922165947397237
0.84231321197118
0.869819193596984
0.920855072733365
0.764901356092283
0.710514856903615
0.860793825497038
0.771218276741091
1.09952118764222
0.927058992069426
1.00308718392869
1.34878866581227
2.00650377107229
2.36267064108353
0.917964658736152
1.23632713210584
1.46558695392859
1.36752858159045
1.4165441189375
1.74618186869154
1.05327186258359
1.47540651014123
1.0575445371831
1.17696288685992
1.49362935070351
0.141224679015274
0.0865137378276369
-0.0582099021958608
-0.158085679750378
0.588034775720309
0.32831155038722
0.32342927997351
0.0424974786223264
0.354265386833043
0.102448930074042
0.386035593548837
0.296489046330662
0.35708261034222
0.54579332163474
2.64981662062937
2.52551931867741
2.10959162063659
2.20684913110422
2.23119708621665
2.53970046869893
1.93666483005791
1.94603863393854
1.70515772641241
1.71338182748873
1.7582145590086
1.71668135208733
1.46247979627698
1.44081634532947
1.55453480134833
1.07278422251942
1.38992064255126
1.547636568024
1.18855736709803
1.17782467747214
1.24116090257735
0.892917394637857
1.02317530359269
-0.0606874335004581
-0.169385109662075
-0.36396452394774
-0.301823138533344
-0.355508724613835
-0.45436718268946
-0.491354402443588
-0.422966793091912
-0.373234636779345
-0.0244508021895575
-0.0871932830097815
-0.461801346283859
0.31701704166089
-0.466011003825507
0.37221540795433
-0.0711278500412954
0.157546331767056
0.683716154274851
0.281613153014333
0.351510837256759
0.511928741896826
0.72726745600666
0.880232325152452
1.24914323849075
1.19591308609608
0.928925051813963
0.665833460382853
1.09057227065747
1.07053569415178
1.01264533471253
0.883562886421458
0.960088409151808
1.09680219982109
0.902978534550783
1.58737946950278
1.73883877617373
1.7420236402048
1.8013699485941
1.86012527120422
1.93738972127897
2.17163468842275
2.46187887218306
2.35704075528258
2.03800505509386
1.75060765074852
1.10014539295746
1.11840984219345
0.866110506050553
1.09531954222124
1.10870654272616
0.98024844876403
0.851197304558574
1.0676453622414
1.06537957248722
0.933222946670245
1.03632984171724
1.13723760363559
1.19701632689907
1.06297404280609
1.19843681944679
1.06012894352257
1.10876042072059
-0.213117858421776
-0.121509818901433
-0.21162991005778
1.20991993393369
0.947239155902663
0.843850500024252
0.683840802936873
0.816623984516333
0.732301227277989
0.393692505002957
0.507333472491282
0.281753663672345
-0.0613593234390262
-0.068536044116304
-0.23467152621428
-0.164576354517212
0.699813331119885
0.556553649188653
0.483697240634143
0.626667819107745
0.416296740466115
0.256226536631462
0.821840131186104
2.13061574090224
2.31542285946349
2.46388341304374
1.30542994699872
1.25968782738858
1.70608190549535
1.66060235725005
0.904509778946278
1.27748307812876
1.04653825150522
1.22003597234053
1.14424835523211
1.32928247570619
1.86315534564245
1.47709048256391
2.13302346414171
0.983619675958291
0.91246432836946
0.83639119661271
0.849086060005789
1.22463941407161
0.205629623082476
-0.163549949244567
0.696651453084164
-0.289998514544287
1.42184377073253
0.833229464556163
0.83929744498803
0.656840204691522
1.46510864815463
1.6342890678638
1.42172837353663
0.772699154656177
0.476535534551965
-0.00913888500850114
1.21318915534413
0.844871202986573
-0.161139842087536
0.276123282859597
1.29474248813046
1.24872784218542
0.896809193049877
0.892376882054921
0.849511998255326
1.24624793890971
0.534675192680664
0.487241067633148
0.917517561991588
1.62714433767861
2.03188672054052
1.68382668131935
1.87623196971743
0.5383120868667
0.249767441327281
0.801540541375971
1.10905622044325
0.257552122562254
1.6272172220275
1.11040833657974
0.913226556328096
1.54888553193458
1.06695491180614
1.90626608706979
0.921437773732839
2.15471306567413
2.47370405985746
0.139890699589341
0.0284542038822173
-0.173762496741265
-0.165332975103569
0.0781422444954515
-0.190199259793342
1.94264876698146
1.8260012544285
0.45160234236119
1.67631861652291
1.02128713058797
0.594515430007149
0.278417022019325
1.98024978526283
0.695926946335108
1.05082407167294
1.09244537736798
0.927943318916873
0.739847579403147
0.266994255186638
0.947409892616306
0.853007935081377
0.930063256980546
1.30241969618545
1.91697681013355
1.98792148659239
2.63174449812577
-0.0890161751867692
0.82007732005113
0.914747796829262
0.287621789930744
1.64800923368324
1.22104715206481
0.371071062752973
0.552271058286658
0.876778547723204
0.687343799918742
0.821236785596519
1.16186371376141
1.36571382416713
1.91933629128845
1.7213837318785
1.1396505477748
1.36125411493858
1.98934135311527
0.403650886993033
0.0689344676782062
-0.178690035536174
0.372509518503935
1.17696738356122
0.941297174780248
0.862457512576646
0.931326998859125
0.264961244279789
0.597251150795946
0.27487277670191
-0.0011562166602664
0.892302195066562
1.04771659476843
1.16092222647443
2.41014773691169
0.62090898658112
0.755273628878464
1.03184581475351
1.09545842384347
2.27596272195691
0.952471234806406
-0.118892305058837
-0.0652376573438938
0.147526725212372
-0.102211650086863
0.975215943002763
-0.171635239473569
0.946903198425963
0.982063393617259
0.994661173660282
0.903524337612636
0.957163711588537
0.621879716045718
-0.0727534091358854
-0.0761454031114923
0.0462326496106708
1.08664555142071
0.664722570572155
0.553798366296464
0.864040635509106
0.745623949161827
1.28509834018043
1.18052283192519
1.47143834623672
1.09281149387172
1.03628813147783
1.11025147541856
1.3753764592731
1.21544758130012
0.0913205270197729
0.0500316524070987
0.258614278441111
1.53379289502107
1.32208852064506
1.37335468796881
1.77289928852726
2.24389340574753
2.02761123754717
1.86477710494586
1.32845258949797
0.850769009475889
0.894927122906531
0.770565179387954
-0.47968984012049
-0.420002677247221
-0.294684315648174
-0.186373562877159
0.180676796638627
0.121106799545253
0.92634919180281
0.967245760331798
0.906297514990612
0.599602949890469
-0.31578631435491
-0.220207667590229
-0.335107303377264
-0.197952440689561
1.39615398026041
1.31927675760836
1.14283620825558
1.03174671881419
1.21766275007857
1.02960283915712
1.0284031326254
1.00737350303163
1.39397904176645
0.795566911094241
0.879591771464576
0.650296636769027
-0.0653737493375497
0.878718509001867
1.59361062064247
0.0503856561493224
2.16520131122347
1.99568756852963
0.74214285874317
0.306194001235764
-0.0575516211063107
0.137396540629141
0.63031753926869
0.876755062786742
1.55280411311273
0.755862573875659
0.137323887552292
0.121762035115281
1.12665629655329
1.00208165726346
0.887060005801567
0.936649334979644
0.0715402676763224
0.410676053166474
0.611530247708376
0.819469717379865
0.170267024958377
1.03774989503932
0.942089009214662
0.50378925545119
0.974226687120369
0.0210406809448461
0.991148658398892
0.576879071208443
1.57882961920284
1.67672715820897
0.646336996908946
1.23763255412732
2.05829471963706
0.421676289664642
-0.131080596242582
-0.0688399114412306
-0.0612017680158962
0.971824176960769
0.293825487060237
-0.085904960540889
1.88288111325705
1.48276200396606
1.03900988266816
0.630694151022802
0.828379328055254
0.675767996403451
0.200846384399801
1.26732199393122
0.293382859769371
-0.270174471682739
0.0689464180118321
0.974347201602963
1.74323733268491
1.49092841856401
1.24567623273479
1.36892070713084
1.89763676936931
0.626072310438085
0.885512630482663
0.0466243658934534
0.552358924823821
0.104429564243726
1.2648437811908
1.79150442375414
1.39587184935584
0.727147398572415
0.975544783676356
0.804380558532428
2.25226076300907
0.100496233984358
-0.0347562942698346
0.0279918660492306
1.26555336142953
0.221080718952896
1.91316804421288
0.0593175445743789
0.665890400288811
-0.106832894200312
-0.142939182747895
-0.511777526213326
0.467090116326926
0.0451267051587573
0.199538538572269
0.255413399737968
0.53167461290392
-0.21255529389187
2.19080352941397
0.647282672131504
1.19343987920033
0.86026706361802
1.084174849705
0.592279141834258
0.120402759637347
1.69575256303895
-0.269929245890621
1.09516807926518
0.90065788104569
0.866883892253567
0.690172321622788
-0.139982186620579
1.68032805685275
0.975211821450893
0.486741468816842
0.259168673871291
-0.313973183796361
1.13556424308331
0.780552128419647
-0.00291943427664766
0.696674181698205
0.909348743884717
0.669228810232257
1.07270068936902
0.788078028175255
0.326637725115267
2.38455465772602
0.01583466036655
1.44702643150547
0.63620004264571
1.51568843361578
0.654853781873933
0.643597048538421
0.330618583369744
1.21716705975419
0.97035626656187
1.47085943522844
-0.15375267668966
1.60380086540337
1.7036449965317
0.680605504305161
0.976946512842515
0.748103947999438
1.56729054466921
0.856787063293402
0.439719836174264
1.52809854248418
-0.0173841850291951
0.798143030349616
-0.0664897891165676
2.36497867300999
1.02376743788017
0.0476370931355282
-0.11286699599481
-0.297738992810638
0.630304209346196
0.882161549070495
-0.12940543229081
2.38520186501562
0.729530436622105
-0.171265489660956
1.11118430316797
0.0580337774515754
-0.419270494710076
0.806083946118754
1.47505213168216
0.784943424437355
0.47896958419414
0.290330726623356
0.868581026621319
1.73693694870189
1.757614085355
2.49585719569538
1.03233655928278
1.01343176140044
1.02804144179951
0.651604651169503
1.13502871899255
1.5655967860818
0.916523760588491
1.11678060829423
-0.0486936042194678
0.827552722353537
1.69304627455588
0.209797128989346
0.0984917174554225
1.03237459330246
0.0499776722525319
-0.0733638081771705
0.0772640958409646
0.262017977538899
1.48174785062149
1.24821505104341
0.71887010722596
0.206795077923021
-0.224052952973202
0.772507148094741
1.75093660444093
0.0635928631525906
0.304426419629157
1.43627259803217
0.962272270911786
1.96594708393796
0.879008635111988
0.704851140504003
0.174902813439932
0.669585371216397
2.30858301708887
1.43996456490557
1.53374779740016
1.43706386802787
0.942633598587293
0.177663153022218
0.136902363333689
1.47202746942628
2.34918149231317
1.79141429638312
1.76757612736778
1.9626472386297
0.455287301558176
0.873387128407845
0.213835229499794
1.61490164190499
0.80822149913851
0.270384249911325
0.399697594024425
2.5372930472386
1.26902563445514
1.67961297193302
1.84208087564297
0.691684108302811
0.0254123983012775
-0.19696397015681
0.933324987609523
0.873945869909711
0.889785005137756
0.0234550921139382
0.178323812500396
0.047540403882678
1.02255067861413
0.824133444114841
1.18142622073701
0.806279224604513
0.67830946221964
0.641456720305393
2.76255062693509
2.78509452112333
0.392326946012079
1.21741133971198
0.126768114573413
1.44225083898436
1.13678722029461
1.84239463955774
0.469685078338051
-0.0115686390754963
0.0370909571540303
1.26051503608266
0.153689849455836
0.349303733365396
-0.358772190087654
0.801026676028514
0.811801348911031
0.0582793758628881
0.569538122436791
0.143099220955107
1.45979216281469
1.50126665748904
0.065059692086494
2.62908614387598
0.90357456825362
0.766421238682471
0.923048853984044
0.939449952674803
1.58475839804856
0.382263746190218
1.3374420654221
0.731297121469592
2.03139123754787
1.29980992305861
1.75516071468005
1.05476697932535
1.04798128913384
1.09582815656318
0.595702328881765
0.65292340031739
0.584722790348545
1.02714096457079
1.50851894817332
0.997828509213452
0.189568759668029
1.57104212606371
1.99176126355504
2.09698788571672
1.76077382138067
-0.0802097894850287
2.33804866935467
-0.0531202946142527
-0.0492532002435118
1.37863115465624
0.293968150395165
0.197695079007247
1.23481819972992
-0.551862009982853
0.993407626514796
0.702205026572193
0.307472585268971
0.628171541893648
2.6750861936507
0.985634053470748
0.987388804461462
1.22341934954615
1.38152782874606
1.42808892978762
0.423125430600674
0.149339932339255
-0.221302568051865
0.836791157295432
0.438497004133701
2.24816288332116
-0.261792437184602
0.014587302390925
1.13511675878703
1.68443782084985
0.842463213469039
0.900392894285849
1.61020378953555
1.68123896745814
1.00346211199202
0.377459689983383
1.96180083025741
2.24590969802072
1.17290872288787
0.386049395845513
1.8065692985053
0.773162279330975
1.17524841407308
0.525089495325102
0.838843033207225
1.23913220467137
0.786456554660471
0.706261908644653
-0.111192735666606
1.32546365167431
1.12969358071421
1.90943503182264
0.650595987459313
1.94466180295423
1.72823936456814
-0.349897715112378
1.71870687473369
1.8807259566167
0.865081568584271
1.64891759617096
0.549751576509295
1.69033781522609
-0.000282956396895961
2.068047940831
1.79957379632653
0.90406268748927
1.08552004876372
0.708449428271895
1.59669473720366
0.632545940440274
0.510659093743144
0.864615710319664
1.41546759930601
1.98340270635032
0.0249812110053785
1.57582866172173
1.61641148317552
0.884504030759417
1.52658069041477
-0.357687727018268
1.82756992117411
-0.135960909925884
0.204332781124855
1.85546826257973
1.25607560200534
1.10936534679363
0.933121011758512
0.854752400918756
0.139465528598952
1.29641956769224
0.664115012806673
0.64361701048021
0.235190433326239
2.61152707843275
0.0464551742044629
0.931372617945308
0.533921880847013
-0.0614234860071019
0.956125383450342
0.631801739715398
0.620039462013936
0.682327004259894
-0.16785072969591
0.937299342211857
0.0340818894749655
1.42054252472561
0.921945818201014
0.728098605745524
1.19624799525283
0.0016889114986558
-0.12389981389383
0.549190859681965
0.413562067762286
1.95144932466284
2.5631038773962
0.893438453393007
1.02383210317365
0.871048755536925
1.44876052868509
1.38771165399623
2.18952733727812
0.942574095527586
0.931432239241237
0.936658768033885
0.845238103943563
1.05847934861771
0.704244351784351
0.0123537314842375
1.00150761777327
0.939549076160729
-0.0249707353030245
0.311204629024816
0.0570601307196999
0.779819136247569
0.966451405381517
0.222348643369705
0.118564057229323
0.538566242110335
0.434161454223425
0.354601919766567
1.28294551974575
0.896216485057145
0.901645196922978
1.66744573290711
0.248650512435777
-0.00860990896859156
1.10149586982511
1.10322721412462
1.22323921891348
-0.0432148003803662
0.790458170840314
-0.000635586742113549
0.98106326268854
0.922754185835
0.953148500692676
0.29560724896598
1.97151428142073
-0.136213524535583
0.253297565661769
1.03341540161196
0.256083229011804
1.63622197969549
1.98693564488136
0.667529441932659
1.36673593375925
1.43473586967877
2.24935294025435
0.977503176195593
0.862537924261917
0.788302886503156
0.200883497116674
1.0015709134847
0.19791892387755
1.8216760438674
0.356990880905374
1.5348932294617
1.83969158520728
0.617613650237731
1.09303800133412
2.10974604534874
0.9805006827124
0.661994982779316
-0.0722054755123663
1.48407545069986
1.1166756259128
0.8006654229116
0.491532800340934
1.52748601156453
0.540402149734123
0.809516992814622
0.555653567965381
0.871847216604309
0.383564516422859
1.13931836798906
0.945041975066668
0.838157185734177
1.40901288631871
0.903464260132939
0.857456376487707
0.820450266078963
0.327571689328462
1.26306209593018
-0.000698023306702295
0.121895324813498
0.0566653565330048
0.802941481510056
1.65077720777779
0.671209910955119
0.290616638611703
0.0709914083423481
2.01892464108322
-0.304286957211631
1.59080113546414
0.727485209517428
0.416795879785754
-0.0684798470733288
0.231606708505642
1.0456256790472
1.61830914510666
1.48625509922546
0.528510573727993
1.04767100755254
0.445934727848205
1.10193423091302
1.60827788794513
0.682607690434021
0.138985568528488
0.713642736185923
1.07557360975418
2.03892614895289
0.00559396568377047
2.31275337130358
0.900497098172481
0.880436847799499
1.96013037887279
2.07859383393281
0.142441268839109
2.07302341875734
0.474448305306606
-0.302425172467031
0.945744430542674
1.67822673992199
1.57452426864463
0.751327651199254
0.790281923869649
2.30354369458559
1.16763298677753
0.00808254311003466
-0.0322610814076835
0.987266036352681
0.722467458506539
0.0231679974813061
-0.226049508271385
1.94636712010424
1.44241964289112
1.04162391935031
1.06998636291807
1.17337164260937
-0.139594544723504
-0.103547439535313
0.558901640280928
0.113878650909663
0.0517639225343478
0.0214091833457479
1.40296832436987
-0.189462428342342
0.62185957711134
1.0096844037801
1.01295846468983
2.51461166368201
0.793332790821803
0.788876869948584
2.19332796336406
-0.318684743428012
1.68459705542962
1.28076636882954
0.890873252797679
0.942466442482047
1.03308611157178
-0.00473357759371315
-0.320940943473362
0.633052134324828
0.820947961119836
1.69357293005038
1.43167627024804
1.08137995878362
0.156459820553588
-0.241948599360418
0.276341747349352
1.45666601696052
1.73652551244235
0.764582825414968
0.709398167785146
0.802885165840692
0.828361504538448
0.327869345666823
0.944411558654933
1.16538583225486
1.34591687356626
0.852536098384865
0.691241942437334
0.710508607176168
0.880029517446153
0.969281242335583
1.03201382617516
0.928954220726999
0.826360361132738
0.847335010407232
0.322804689551204
0.54545962510036
0.9461535693746
0.341983828310452
0.992065389277256
0.751149370849338
0.670227315794414
0.180596474624414
1.25407262627584
0.692627190712003
0.519142847333349
0.926920303014286
1.36194696397374
0.829995533281537
0.961844437341835
0.962585884338718
0.321812137133266
0.733352385700313
0.796097623156002
1.13455700115135
0.702462848702929
1.23895129099529
0.624946917528501
1.18948710890235
0.86368558421805
0.407120031092297
0.259708836334337
0.990866097859763
0.221414640033989
0.467874041674731
0.610504635303928
0.458457913382212
1.14004781956297
0.909814410060824
1.06593658489864
0.838125071791082
0.892521379921073
0.693570915947741
0.879014129980503
0.332307578398722
0.962697913004922
0.907515027010326
1.33691682847587
1.11868405226298
1.01104170882937
0.680425303421827
0.768204962475644
0.620735766613415
0.901427330235261
0.769492886492674
0.70137584376148
0.905075686920316
0.669732882385021
0.679920469821641
0.693132914828145
0.714190601904189
0.727584128226117
0.681384708504396
0.689316552890288
0.665931424396853
0.764237037070591
0.49119869066884
0.507857460552572
0.68065060480093
0.721775386569499
0.167578743768139
0.301997517607955
1.32353383228364
1.0435494123436
0.920017248663995
0.872825690367147
0.791030502781058
0.740575830474667
1.11060102980771
0.937706686108678
0.975167116472144
0.785557568665711
0.832160545871095
1.27332444249571
1.30124384759192
1.03835242261205
0.884333052669742
0.84925805798914
0.793023675394761
0.409194523308806
0.370664427351818
0.797984238790007
0.804125542589691
0.616347882936505
0.442305700445454
0.558787150476157
0.367849092254469
1.01612147607814
0.911378337730069
0.403909701309219
0.550162576672449
1.22112542021364
0.312031394618764
0.982433625356238
0.941652968036838
1.41054243349985
0.148435876789919
1.23628626462312
1.00802092735428
0.672099496354849
0.200667196691109
0.600910717401674
0.955718816677597
0.65605409116891
0.337050289550576
0.356728188857448
0.910818236407548
0.592737835572091
0.984888956857337
0.740546446101188
0.824038240378822
1.38470392709196
1.23728702182991
1.10384528703233
1.19611087822535
0.983602361061765
1.04675267050223
0.979690575436337
1.00821976664498
0.948147773901573
0.975355919037555
0.631245567481671
0.762540053397077
0.848462371160158
0.754547062906047
0.679488183956548
0.897665504965934
0.712458366979456
0.950737538511904
0.525028830766493
0.164965277588754
0.20302691947179
1.36668141070056
0.922799336494153
0.729986925432744
0.631330110442221
0.83895122707171
0.800144273027645
0.909682923300638
0.290001406001809
0.803152471207933
0.670917767309405
0.621567675306952
0.70789163140945
0.402723198864118
0.435312758534037
0.737776066506212
0.699582665635526
0.761324229722876
0.68543711467394
0.673085397541509
0.721596726218083
0.679600032975406
1.40456701237124
0.547302195176156
0.826923837665552
1.16643940050429
0.222289808448382
0.419335426145095
0.509785498601727
0.770268314749329
1.00861613951473
0.466643859299467
