0.974797062363352
0.636423255962416
1.14307330994643
1.12049427485437
0.369695357073918
1.30178502732537
1.534171356793
1.58100056948367
1.63014953302763
0.195295558113865
0.691281674774886
0.850594972458756
0.997651248130026
1.14508141385591
1.08478872737959
1.77200194545425
1.79517947676176
1.76807915167309
1.35582333660248
1.06342780418612
1.00549353842197
0.477810145733759
0.822174819697281
1.19259371293617
1.57190391610963
0.81170326372358
0.319751698622511
0.913630967310501
0.558255877594731
0.541854869865668
0.819995278828733
0.710474038576187
1.11668349674206
1.05889709591611
1.01137183919978
1.71147944614069
1.84271400679869
0.969281625129272
0.666361762837353
0.903084411615022
0.642547974838749
1.34054028935849
1.3019348668915
0.417855606853997
0.955061815873934
1.03465952053654
0.393240451705514
0.384914774420119
0.440220246471537
0.951941939624812
0.460903141152875
1.03068860121853
1.05414948568406
1.30442415255294
0.766032535228496
1.24085987237967
1.28923542170024
0.938408764704994
0.444213857419468
1.02051406533168
1.60741649320221
1.08558047314705
1.20992611819612
1.46354557896109
0.218331844140471
1.18658898783485
0.371207107576818
1.74931566518345
1.65002655039706
0.400692569825136
0.449434895744291
0.529506691157231
1.09279627943305
0.968141356296184
0.325043289200867
0.734180084080774
0.938041432342883
0.730442894468485
0.849028847689181
0.639679311428503
0.759067540169467
1.15190905084271
0.632495424826133
1.1024692071632
0.908354411375111
1.31030553170532
1.27600037595702
1.8189607332061
0.555578347740495
0.953496198531036
1.0142664290855
1.83220880846007
1.42673070945937
0.660543299145301
0.947478119158184
0.85524865842707
1.09389360736908
1.20870415596829
1.11379886877284
0.444188333287079
1.12396943640497
1.02666465475843
0.994820245925745
1.25392583913062
1.19729356983481
0.961597814294534
0.339637130370459
0.454294586796497
0.516470634780396
1.08302825935737
0.915240930109099
0.953467961403862
0.279084946781721
1.04329734361108
1.70242846810718
1.4790868956684
0.863925509935356
0.974715186697904
0.846471171380259
1.02122598842838
1.04419842148989
1.26109834055053
1.22839768929181
1.2201227104181
1.10348822638709
1.06758154793342
0.949995108534444
0.949002610374921
0.925788083923482
0.961732739358825
0.581927323516389
0.616920213612378
0.728704133444503
0.739556735527065
1.06402111683106
0.900008691833541
0.868196531560349
1.3730360274835
1.79710594204097
2.28193901553545
0.894599062809074
1.51454801326605
2.00348534360438
1.83304611742069
1.35968116648614
1.83160027649726
1.03138826038929
1.74092849726106
1.17661770182991
1.13072931311904
1.63820754363414
0.226368531823418
0.134381646335417
-0.0729280677642847
-0.241288325016902
0.588017097224293
0.187305246339609
0.213539687656704
0.177085814512258
0.37649793866734
0.119956518378122
0.315557391542356
0.47321765820292
0.364956501330444
0.456084930645262
2.87501421975731
2.69220813556723
2.19847315007283
2.36679635539849
2.46849597790248
2.86387776600974
1.83294121018685
2.10624957584872
1.92770537124684
1.74748594013602
1.60163036260019
1.59625847463917
1.6003063988089
1.37166722625266
1.10804200924096
1.30605512171034
1.66041939747328
1.78129425162797
1.11987143068104
1.18049404226046
1.42901719384138
0.715644097040757
0.960379483750834
-0.13639861578657
-0.599392709363262
-0.995638831852595
-0.794862458247681
-0.875160322304921
-1.0149576713183
-0.7768511839959
-0.722309291300075
-0.528908250423504
0.0619486513375031
0.305450030431486
-0.577145388256043
0.781169354621268
-0.854577968208464
0.467009214079204
-0.424883638238325
0.718741975054194
0.64526374996696
0.0965711418786288
0.320008191212513
0.720642155001592
0.673369291979504
0.929087955104906
1.15764262900945
1.24623037028342
1.01031284535009
0.814369484131919
1.44609280343568
1.45603007713062
1.20441544775502
0.748024949974389
0.564090320570646
0.726410333500184
1.05274617493528
1.87242695845401
1.67728128461957
2.02000319362998
2.17226608360127
1.94242540769129
2.11884378394426
2.20899431982682
2.47055116122092
2.37464775434553
2.0657217132543
2.0974206120089
0.884136863882978
0.89683749105502
0.420596784252414
0.664981524178393
0.596784697154927
1.01400812715527
0.616768990845997
0.812410937951501
0.588994989499045
0.757617198511265
1.0150907230297
1.22185888724584
1.29597289331047
0.92610594547923
0.745574604849731
1.11417448555738
1.11636698295837
-0.220274456261588
-0.15712523463282
-0.309919406999673
1.36736637375865
1.04489068973687
0.845743504321795
1.06514319513744
1.00653243352574
0.809160909941458
0.778916647515625
0.653388330718489
0.40521620867692
-0.182909839790376
-0.260421088631983
-0.616309673115116
-0.360296406935831
1.42411755056411
1.56348493479945
1.3457021233234
1.43651486688013
1.34752415508986
1.03845134153154
0.525718836709465
2.02383675459293
2.28995462419172
2.53667080115479
1.35182600851272
1.24275227405756
1.76075804457159
1.66352349088629
0.918184670944411
1.34646270668577
1.09750111811383
1.26472211326584
1.05486988448829
1.25680935189863
1.83188019289592
1.29337186652543
2.40120901897255
1.15186242363473
1.01283678485797
0.88819607397476
0.718347698026559
1.58042697332142
0.134032105908522
-0.18092531637137
0.486483670219668
-0.767693525711779
1.47281921358278
1.02303035145063
0.967009216580191
0.602612362307245
1.47082664902122
1.89754691294294
1.53731900808816
0.803907144370045
1.34712588406017
-0.0217390325354298
0.883199239607372
1.12784509439095
-0.228949094283153
0.329658385496507
1.29365658470639
1.43386603994565
1.06900722723158
0.881434560727207
0.46126912388303
1.68660937894555
0.675697043584409
0.438594728720473
1.01091083991574
1.94305854486699
2.19317884541116
1.93861952446604
2.18945653342519
0.62092486143718
0.124513950195869
0.866095122241222
0.993291533750911
0.174193118658253
2.03843954739069
0.900377540410517
0.727097082788795
1.52467394505903
1.11847996769806
1.98620002946322
0.763410484629088
2.28232119012337
2.70322535916018
0.279229432450714
0.0259999549913556
-0.384856835228457
-0.261810233823334
0.109423616148228
-0.733003555633989
2.06962363156236
1.97632393870048
0.452178672823329
2.00100994981179
0.678821518517752
1.18147928549542
0.027739408062904
1.75218270178626
0.669913776025962
1.00304308007623
1.12791273143976
0.786886264193698
1.13280825051811
0.743425350190431
1.21020810517097
1.09407232227172
0.99543696091461
1.37563270934858
1.80858345128593
2.10039242496272
2.85203652953109
-0.160035127524329
0.790873932872111
1.04611210689069
0.627930236767592
2.0312419915151
0.957480901518086
0.532570956569754
0.596570232377912
0.943030373822158
0.718563224098203
0.725179649370856
1.22698214175286
1.61419879036879
2.00122931778175
1.69718346531874
1.2338580799499
1.33089315718003
2.02905041943616
0.651128294807731
0.366193895613792
0.207978079529307
1.02328239305169
1.13410627048569
0.988441749174478
0.876576095264259
0.598396293781276
0.220542483048106
0.658890374356166
0.96300611658146
0.639243260512169
0.960245726761832
1.13963109991382
0.903490985124228
2.69805941857176
1.24033656005345
1.0696220574898
1.40149456643341
0.98711411127424
2.23333449833917
1.20228276315852
-0.062482427713706
0.0727944205500868
0.395951295785369
0.186732539914572
1.25537126501227
-0.217081426194573
0.862257314126275
0.93836186682275
0.842196921564459
0.69248114513998
0.971010149980188
0.440764767567226
-0.170948987921296
-0.124910462271478
0.0472029940758885
1.09324087925427
0.796048611176457
0.727805039761466
0.98878148520629
0.754397671427768
1.10847484169951
1.0705848015282
1.23325198753449
1.19667316603824
1.18174781507754
1.11781088032831
1.22142421463892
1.17247906299308
0.140009740385378
0.348596354347815
0.886867763318782
1.56012483455894
0.804819723167687
1.14327203811454
1.59809088196194
2.24988185744089
2.10341363316325
2.07816535548525
1.34031790237891
0.932592068757177
1.01565480748153
0.676992693935759
-0.906994926387244
-0.919062941879185
-0.711663620291091
-0.301343894559701
0.563131383311819
0.608702953091856
1.16756942895875
1.05437666947147
1.20796650258534
0.667643572922709
-0.884234887636074
-0.457847440614076
-1.03402533741293
-0.267549238810067
1.66506494445431
1.78533923075025
1.64984606126025
1.3574629051147
1.35622354488601
1.26128862210573
1.28382215797165
1.22349439913296
1.66515501521711
0.820409980164486
0.870389824238714
0.604981529636802
-0.0897519845648355
0.786561607685757
1.8145801994153
0.127728134126554
2.17150735183435
2.14447502620407
1.2469184148106
0.240316036420517
-0.0535304024427059
0.147156736593451
0.55006816217079
0.639908081619707
1.79658514839662
0.893985038409501
-0.00723535358716171
-0.0574565565209685
1.29909483399217
1.10366181249891
0.861318118019057
1.14532249502624
0.231475011879844
0.34935365722693
0.59753247080481
0.891525082044576
0.273997853167711
1.03990544817165
0.905380602197864
1.21251559952575
1.01766741902234
0.275081796122738
1.2492465614553
1.23082737550894
1.52736586702694
1.94465454083184
0.562953907250673
1.16052962539224
2.06532000233011
0.258175494376342
0.0530249610690873
0.332987696020037
-0.117726814354159
0.857424252156029
0.366390912601043
-0.241718400043734
1.57822653867953
1.85363788344712
1.41480918111665
1.53365370708219
0.912969734925356
0.339016259415787
0.217175926996187
1.44537284477194
1.03995315023291
-0.337546513035266
0.134864282549739
0.658915487523343
1.70009528576321
1.65688361109375
1.017827254277
1.61529597199578
2.17135000827385
0.507897574874599
0.941692821600562
0.538201594431407
1.10575596903948
0.114571577007816
1.4819850505339
1.9716731942198
1.62388861507888
1.07584908145472
0.882030665101425
0.965382369081424
2.50961160594335
0.34426411065493
0.0568064643207163
0.424750311050599
1.09604069935545
0.426079440702859
2.03368572189474
0.100286088962661
1.46756115954138
0.110883221724182
-0.207504256784675
-0.916379071390926
0.363763646365507
0.146352692917936
0.25486362357838
0.895824558963419
1.55885119754083
-0.535418906195272
2.31760866669631
0.857402631978713
1.24542103967123
0.823150527187912
1.50070356558845
0.760538956933237
0.471497740937505
1.74964648345963
-0.519369035099834
1.04980438668092
0.872227683827304
0.895559567187043
0.720892875649248
-0.18054642098637
1.78267676862638
1.02467249446464
0.453055746757912
0.856328696449798
-0.299081382211938
1.15599458487581
0.988637023871984
-0.00714400028203859
0.802536808752223
0.757796044901446
0.538081435836827
1.3569304757303
1.23785893496884
0.293134060998736
2.42454160810897
0.0520116670926593
1.44282377021959
0.612184604727097
1.38668492798617
0.509365580196171
0.393864289188089
0.118298993412188
1.49701655521082
0.617139531231497
1.30931495444622
0.00777264220903818
1.83356351920587
1.91552790630553
1.25555019734336
0.960623631779329
0.801702762978312
1.68045487722833
0.738531963641594
1.0759511515447
1.73563843364133
0.122895206165964
0.816115664776843
-0.103087811639681
2.33976285093949
0.97392505894713
0.157333391942343
-0.0715105786650047
0.0389946720952135
0.399843464287167
0.878155249595887
-0.286875720867881
2.42338405797592
0.7771805445793
-0.177873611534413
0.924282056695158
0.044795481673737
-0.582444045204636
1.34642072752505
1.44737913896227
0.987937549230528
1.14011603815526
0.938769801227492
0.60013788687939
2.21689689191076
2.15979105719662
2.73920574219914
1.36059610764123
1.29409079798268
1.3364950078465
0.659596614992377
1.13327513723601
1.95219312652582
0.754342944520231
1.27290908836239
-0.137885777189064
0.937352986041948
1.90036588833144
0.227424383820368
0.753045779979266
1.25758882818001
0.184747496364388
0.0828731548348393
0.408507003475932
0.2860225196839
1.70109918784002
1.32374336931667
0.646215438167306
0.533227524581944
-0.522872869914842
0.820798313208504
1.50035688035198
0.0501666282800407
0.46177820353077
1.14074655129329
0.733807242208828
1.86058751811558
1.186089457709
1.29645850701022
0.0455307119399536
0.861594188673971
2.64451913945761
1.39348571877684
1.79511595666145
1.67674227347512
0.845406615215195
0.149600507023338
0.101100710211088
1.52872193448585
2.4571294441423
2.00291217149551
2.04507611535675
2.07216979384997
0.531672559743037
1.11453900220814
-0.0788285977356381
1.88979462904142
0.468874805742421
0.240379855731072
0.333822375521354
2.57381171160361
1.41164460170082
1.88482053765339
2.06673114266934
0.678196423601596
-0.025724638078701
-0.422546167637231
0.775014376904389
0.762731204462957
0.629178724173631
-0.0103467560896766
0.174492714608568
-0.0261055723098641
1.30118089894134
0.686468541703288
1.19759702607219
0.990777323105828
0.6185847113063
0.589969173672693
3.12787152580935
3.0897108168517
0.340513617159279
1.35440183959646
0.0436079456371513
1.50845483201922
1.35456165233447
2.01812955024544
1.10275969186035
0.0035380680908003
0.120467187730434
1.4655661642096
0.121055594274468
0.270829034650825
-0.887886904230089
0.846711863547251
0.817033362668013
0.0338683130800438
0.595159515784704
0.193687969156113
1.41095585284234
1.60032329365315
0.362040546182849
2.6965997089171
0.828300749788207
1.09849729748214
0.943550786447659
0.641788671891814
1.8283433907138
0.308065319853249
1.4634003480778
0.429134015593673
2.0862316182605
1.22711363568689
1.83576078082848
1.49028574374418
1.4662431442565
0.880517533265337
1.18195201643732
1.15123618190164
1.36531082230088
1.0127058819559
1.89480332525402
1.01093201699736
0.320051659472175
1.7390968093212
2.06684380712172
2.02974625074212
1.98539197452642
-0.0392867894529854
2.36911394864619
-0.054631514832216
0.30313148933936
1.77900623251071
0.24134116286524
0.343033687547236
1.45305840579031
-0.966354611915265
1.13230955156641
0.842510038504847
0.34953181692013
0.612878602466987
2.96152353998276
1.09222251590108
1.14661070304356
1.27260012043408
1.85018202871695
1.37970162661928
1.2101284050619
0.479803419384607
-0.240856854321492
0.639641985057929
0.310144467699434
2.06197958511046
-0.866179251703505
0.20802256143662
1.11990477067337
1.25330882063114
0.645723294405458
0.823741572061338
1.70063771832656
1.91810839441688
0.986264192482972
0.345238314000114
2.00274653509682
2.17729365527845
0.740556503795866
0.780335237143593
2.06615661634739
0.861487476706519
1.37733125982866
0.65539182397169
0.527090229699466
1.03460528948116
1.09711259709721
1.43080740433256
-0.127484684996614
1.07741493313594
0.761376993759003
2.04755871417776
1.53760013980742
1.9147925974562
1.77224829874264
-0.614058237225449
2.1292127782482
2.02756405250839
0.750870015365911
2.03048866013861
0.565474651465111
1.99493331034854
0.0367091579317031
2.22613604045308
1.71201451429547
1.16559074889543
1.48428285842514
0.77047978223984
1.93431470823112
0.725716885558784
0.480504726847933
0.581190927878159
1.83485541003478
1.92731515388412
0.284312198229847
1.56288546064973
1.95916265589054
0.916357167230509
1.2045745439298
-0.606717769015036
1.75000421259349
-0.461268716386123
-0.0100498924474154
2.11271732055231
1.07818526711871
0.836815226152584
1.20282986731001
0.829715268340422
0.119233168091824
1.67685243928485
0.654198418194367
0.594906011520259
0.294732372976933
2.75233019049978
0.152421554060017
0.694940274814835
0.673034000236025
-0.313123650507873
1.19199628269707
0.542236096229505
0.487774616887103
1.17245143098228
-0.0333714011574882
0.968045041544243
0.0980579136083406
1.43946381360319
1.03123274366603
0.844890965750304
0.959653196250367
-0.0128533859830672
-0.178292300195922
0.536972795228368
0.291264543344629
2.07786139085339
2.7670308077598
1.28823424723399
1.09803415094067
0.763425840536665
1.52640074310774
1.71101492889189
2.24953862455012
1.13022006448899
1.22735141508759
1.17936329733399
0.857312691115007
1.02121092081195
0.681679198302255
0.535734562090991
1.05449093427034
0.999828451490959
0.380251706430848
0.824170033108548
0.0390743999484255
1.28371872596911
1.10480192156522
0.167887942138764
0.0638125521084861
1.457269998842
1.38394059383876
1.19779627791061
1.41423644853007
1.09521426366709
1.11383401561248
1.89833900208883
0.352287356303344
-0.0301637137913861
0.932049627098964
0.826139358716078
1.0103606754506
-0.0248322957704886
0.802209921039992
0.0365486806860158
1.03403122286279
0.805606878838403
0.908646877538812
0.237894346893675
1.97689177961499
-0.0206219277309189
0.19909445541098
0.621267153474931
0.240087011416394
1.51354453629085
1.82049982680993
1.45014955201203
1.60662105384016
1.5456224890326
2.25738290531039
1.00284902005514
0.847366144015239
0.764429634152695
0.768222217823882
1.25348903329721
0.555200720222951
2.1821410570933
0.877537182647597
1.75095231442724
2.13111602263137
0.445934417455186
0.766949354083623
2.14986242474693
0.965201022080396
0.631639444551932
-0.115895352661272
1.90764555746053
1.1173761341266
0.956307451780011
1.00404861305142
1.74511864906114
1.15559141402712
0.929949539950324
1.28592585811308
0.500509062510371
0.211395870111818
1.29288406228854
0.626709842945873
0.842062066765012
1.37350818720234
0.703050313523501
0.75215456519926
0.842401019309865
0.901331020532637
1.27347472905652
0.250921829393053
0.40753272001859
0.265857826259096
1.01254492856635
2.05729257884472
0.488277857384077
0.88865934987369
0.266184911421264
2.09364284763366
-0.0520246734832378
1.81818546426851
0.788106140301757
1.00189440167859
-0.191180320768091
0.15372450126827
1.03844452459938
1.91170975795083
1.5232696944722
1.16163660228281
0.725323417197562
0.351748666142893
0.995429327597976
1.69471825852144
1.43354163162538
0.252017697713958
0.726771683726696
0.996548002282878
1.98616188196637
0.492870674932728
2.31051528368161
1.03154484074663
0.721053514773071
2.03663907819489
2.23480950226016
0.124423148816881
2.00145316281972
0.417031242753355
-0.703716575248431
0.880320145891274
2.03632737037935
1.94136378481179
0.467372923066631
0.868349281687133
2.5318705101234
1.40845474969638
-0.314319282368288
-0.151352360487054
0.903545633482578
0.732442019080298
0.351457894734497
-0.560543147177519
2.11498151242627
1.6487281538716
1.15942600345878
1.21592176010753
1.3628089899582
-0.197584878122067
-0.224890217236541
1.5629485560334
0.278658136321502
0.1488249675602
0.247598453567268
0.931453424092702
-0.639243764348262
0.620621040682113
1.22671548801778
1.29044703134616
2.51899567659793
0.86271859905386
0.966447864811269
2.13494681464287
-0.58293289721064
1.4540681182222
1.28672912181714
0.895982778117604
0.974142326876661
1.35425307128667
0.200687162848827
-0.272430912940666
0.80975795258742
0.942624503426909
1.86893808506353
1.61780751299413
0.607531756411759
0.59442104881377
-0.256194879912148
0.856240934485143
1.76232165089236
2.11963199366731
0.88816246189938
0.840046073798536
1.0092849604375
0.992599530003606
0.775471435928902
1.29291976581116
1.50256457537842
1.76538708857032
1.28736193711536
0.9057268460312
0.95083989964923
0.9635612520721
1.02289559061482
1.11905834611298
1.14587339218236
0.993554921284133
0.995457661760964
0.925893991741158
0.780979525309677
1.05610500198631
0.531086849778447
1.18873596686852
1.00032515491387
0.759483015485281
0.623384479629704
1.55539370798177
1.3171587131888
0.938178702531993
1.04372683012872
1.55441496715769
0.900297225214009
1.03405256693932
1.11707231571999
0.524176766283833
0.864624377937555
1.03168391340916
1.6621465434159
0.753043753466635
1.35819957804963
0.704762892915874
1.73477100091846
1.0005614729254
0.677280871634638
0.585825753196765
1.183056885922
0.744572138552294
0.935652480136933
1.03346171109552
1.11014660304856
1.39012332527048
0.999451812377595
1.19163604674592
1.05434300333809
0.98177725007321
0.933618634229821
0.973985878079748
0.835338672208036
1.11277555301048
1.00004595996868
1.5805997032776
1.21354611751479
1.22761438411867
0.949540705873179
1.16179538589984
0.854621985205157
1.03913922769748
0.972677749435915
1.19630539375061
1.00295425674019
0.714504575410844
0.879776557204025
0.816884187790588
0.902547229918757
0.942093119140978
0.771835864655865
0.856153039780921
0.81888215802173
1.04520150846904
0.592871835133235
0.752168004093337
1.03433489177073
0.977741015769632
0.539184536687645
0.768685586346019
1.46273109558193
1.07144485389324
1.04087067872888
1.02737619358607
0.849246083545078
0.842176568490942
1.15203105108098
1.5190764413355
1.42595626347792
0.965290130317209
0.992503135187404
1.80142820769329
1.76531025680168
1.49219781648194
0.954921110501049
0.979152817356575
0.891108376506047
0.764316029561352
0.746763394211514
0.983129843067505
0.996605004331142
0.886459256960582
0.8078500942796
0.884040146427159
1.00914337763515
1.14497406410751
0.982762014213782
0.962735884999753
1.03196006592813
1.50302051903181
0.554878969788738
1.17544026870539
1.08735345847634
1.66236611659662
0.61202253435066
1.38861911462037
1.23941213353545
0.757316591514219
0.761384175179099
0.648997404262842
1.00825286712843
0.695937889714241
0.452648881907442
0.537455001481821
1.0022479258046
1.24680160021668
1.15936351992966
0.782810579053046
1.06874742598157
1.68878587883329
1.49461992796701
1.35407042100239
1.36752758770047
1.15175303204318
1.20424272601019
1.08681004690933
1.06995764551483
1.08849345782814
1.18922149953221
0.959524090578703
0.914174511007887
1.06051895068579
0.970783912515716
0.706103282646888
0.986375823191086
1.0334198642887
1.06120239822033
0.567177596705685
0.527257982675344
0.502810258846765
1.52476219206677
1.21321748255956
0.838301359872187
1.07312671683742
0.895805250638896
1.40904867252555
1.00440274263401
0.758729287386322
0.974406959781986
0.766575377173643
0.782889966710562
0.829795871231905
0.58376407953082
0.721514987026944
0.8018181720504
0.788209928743726
0.843031521499721
0.840581000906273
0.828811338741074
0.936961010569265
0.995948744719333
1.59596245032375
0.788513056647578
1.05921244003552
1.69879278687196
0.374824673367805
0.585345778218949
0.757055192532131
1.15586120416221
1.24091881309197
0.924396253333899
