1.03634562141265
0.682143414962857
1.11063308612308
1.05735061993588
0.355718439943102
1.23764789890475
1.51062931273078
1.59818103589952
1.71168710491658
0.171523711373361
0.532806143083792
0.707002958677548
0.912427840217387
1.11333344402578
1.06122364440657
1.82446579520416
1.86569747484831
1.94212795314395
1.51516184402233
1.15808771379603
1.08513326413137
0.309139539584013
0.656654427509756
1.1378568483868
1.59243618212378
0.935298904804898
0.257552965385578
0.848679333730213
0.53405349911078
0.566604168609291
0.84398085156624
0.813825452264098
1.01944833638201
0.94868789813945
1.02877975725156
1.73093424942118
1.96701154585979
0.901086639302427
0.683317520967115
0.966253180518559
0.450775419379228
1.35171415106138
1.21199317551394
0.41050126784289
0.916639822553514
0.92011132568444
0.259694470482447
0.26300862110157
0.414125729613822
0.90096999777981
0.448945509910387
1.02926044815008
1.01183179957117
1.22247885790001
0.720700605679969
1.16301235197915
1.22030662983917
0.879065637171523
0.435181976781558
0.979619529289082
1.79781308302868
0.992249991336079
1.2056776049217
1.4833026698524
0.300324198943981
1.31114308392153
0.278286119313152
1.78025607117368
1.66809414567577
0.382807142990802
0.304882262288619
0.340740728879123
1.00812690009757
0.828709503795656
0.28587481627436
0.544459845820906
0.890623937797252
0.747694161712468
0.793414148877318
0.606426511352826
0.888332798490584
1.07151723682878
0.658416561029102
1.09932762119827
0.932128099237218
1.22877032109059
1.18349152064314
1.97063068802281
0.404382006029211
0.825341914093079
0.977755705541692
1.92890735951772
1.38349649204693
0.729929196745368
1.00223341258059
0.952929771869425
0.990431970026769
1.13500143193976
1.01861120344448
0.435186938219416
1.07508334815946
1.1117897165664
0.957772102449534
1.19276053138098
1.15127510140165
0.88790824519989
0.32911418396409
0.446531104840525
0.499167091462567
1.05127441349732
0.853521533691848
0.89635497004197
0.189203675264259
0.952503128914191
1.89072371552288
1.65705780737711
0.863797255069539
0.992662670645068
0.820410918490197
1.01032445667655
1.12995218975011
1.30993058782992
1.34495653006965
1.26515533605172
1.11146056194749
1.14819432462091
0.95043764765944
0.9749959388115
0.844636027270985
0.957027410529331
0.597923165887813
0.594697397028406
0.674891615890683
0.787577229694402
1.00906657461385
0.945480498596441
0.736050022890458
1.35254467380588
1.71536935407073
2.28525438127223
0.903982546492378
1.55339887482777
2.06577750842699
1.92222797525811
1.34451453230262
1.77544514185216
1.05581700930443
1.7810458298386
1.21299810891243
1.15452595403729
1.64547464223437
0.252160315725205
0.00831494410786404
-0.034436326615518
-0.266933128196435
0.612292524559242
0.106130599547222
0.163958352179436
0.244480545982464
0.322101858072305
0.104252905121195
0.300344205154519
0.57621034766529
0.371902498298337
0.392823223714879
2.90069332191211
2.75065441120326
2.17895939405322
2.36830977404505
2.53420977054696
2.93561903919948
1.78339963476468
2.18277214946979
2.00134897957966
1.83456552399635
1.61726969621772
1.67839437779738
1.64227029889101
1.35019511171658
1.07439764729595
1.32035546619008
1.58109733491924
1.83008933556547
1.10445746714366
1.21766614248179
1.50405637486729
0.718144752008378
0.958905703380239
-0.132389013083555
-0.612846435276601
-1.01295818302249
-0.761319092919065
-0.893810223668707
-1.01411761198324
-0.812396663265982
-0.740295175790025
-0.562592808382786
0.0141026001781259
0.355150895889516
-0.57625223853159
0.764656339538165
-0.857242629099545
0.372739667955096
-0.5216581069074
0.623523288019265
0.61846475258742
0.00975189167549765
0.241543306692231
0.804695873980725
0.657302551940788
0.939328094036442
1.17211304949162
1.2159515891407
0.997791150797818
0.786205363083607
1.42713631004899
1.45934586463469
1.2022399709764
0.75076659649437
0.513335494991243
0.638007283165142
1.11710165428505
2.05932689969299
1.66500268167677
2.1241977025576
2.26394910174649
1.91726239851709
2.1578246381502
2.19651495250078
2.37483101179963
2.29527540856882
2.03070125238809
2.15918391980943
0.813811224882885
0.953287916002729
0.375129332096138
0.64611043598267
0.538182296159907
0.992078100555546
0.513643340978248
0.848290619913203
0.526167350964096
0.776957380547562
1.03419168719577
1.26952999849458
1.27687065311287
0.969149303674823
0.644137956154346
1.12555137100726
1.15423307167312
-0.189771387761975
-0.197587988620746
-0.337903770733138
1.46703486436162
1.07436824847108
0.790207085598456
1.07674651575521
0.994205984807167
0.767214696531881
0.868549373836565
0.687635579681309
0.397955366997046
-0.109914962181545
-0.312822815921597
-0.682486554496673
-0.328123589690366
1.40471950363049
1.68412506308428
1.3740019759012
1.42865513625752
1.38068512792194
0.988973088435423
0.373299566719731
2.00536212951867
2.22772701852332
2.51751641202441
1.40031143857053
1.21808805187052
1.75700134769764
1.71078678250556
1.02123183876975
1.34311289427796
1.14169796887003
1.30664167121834
1.07934593726008
1.28101986947891
1.77005863290341
1.29573352243821
2.46897486181939
1.17763575836173
1.04004831834928
0.90534685566176
0.659973118345387
1.56178641391481
0.0549052090882091
-0.141047227383134
0.409452438453962
-0.77798749583758
1.44861459108885
1.09462803171501
1.00370698795379
0.646152966561864
1.55089065128116
1.98875811231144
1.56661023953606
0.830093674479779
1.33520573716095
0.0321109308475317
0.827557312196366
1.18740436871549
-0.249187316932338
0.314075811927156
1.38423290288239
1.47059916807289
0.977493868109408
0.828476698803507
0.481453599401939
1.71305498848971
0.683594198274514
0.462155461215262
0.947687877415959
2.00407978355806
2.19514495743808
1.94143017357022
2.226777441999
0.611705352688545
0.10506132180362
0.882739122406457
1.00326500881111
0.163910869617024
2.21118707854905
0.867188715453442
0.684949084484953
1.48950665640939
1.12526452848787
2.0355126313191
0.721992873560449
2.2795957371212
2.70341846889002
0.273749942373237
0.0126323395974755
-0.339401452018093
-0.240956155491743
0.102873837045521
-0.836857361122095
2.12242598889005
1.92591712951428
0.433193817319846
2.00854502194465
0.607169996884215
1.12492299511081
-0.0310713307736309
1.69709177944502
0.668541595699552
0.968364025942708
1.15482066731759
0.809467946786672
1.14540073171024
0.600853641451912
1.19413132054135
1.13233225275958
1.03255895499005
1.34826285820439
1.78768826458228
2.06416945091991
2.87818158461976
-0.112568539443633
0.794117359371705
1.02461210368745
0.58894190007557
2.14689036359728
0.860124253528506
0.540121471813717
0.545923766194528
0.912997014703698
0.59849439977087
0.62089739696889
1.23214720032382
1.6787109388718
2.09307495013452
1.71832346462237
1.20158878186122
1.35321928583871
1.99398094308337
0.671763194223336
0.234877058701362
0.237927413503328
0.922430470792086
1.15941190484791
1.01662874834799
0.943887466411084
0.544027016256231
0.176707711624216
0.706243797833574
0.936431235088454
0.680321416627924
0.965990167008753
1.1908792258117
0.822917901744405
2.79637883338988
1.17282046901057
0.979467816555562
1.38122072839474
0.967838572780864
2.25440127594053
1.15806778998917
-0.0176181623250267
0.0875923252457841
0.416532382128229
0.208748931474736
1.27360427810258
-0.251630754048969
0.878602155119896
0.909838535929021
0.793838679083126
0.683393857463779
0.95220894680614
0.404582929967608
-0.1543453530952
-0.173596742078441
0.0362695549779142
1.10581875734486
0.839353536191215
0.768853296871498
0.920017882369308
0.893336751767072
1.0837272662012
1.10323928848382
1.16893879306555
1.26445026793725
1.27040171599452
1.16029334163403
1.20599849107377
1.22006595075841
0.118494357482546
0.382456598636552
0.901882448235316
1.47123769538966
0.723579325333544
1.17187370812389
1.59396986202528
2.23136395932278
2.07333958099426
2.08751161824876
1.32648174101925
0.907249010589331
0.990431930563362
0.65081125133096
-0.941564361984283
-0.958065297726334
-0.771566357648997
-0.378602397911715
0.637461339276555
0.630039788541032
1.12597137711643
1.03587639384274
1.3075765454375
0.669936978300236
-0.881656390906013
-0.396593611441067
-1.08123173048601
-0.248046210778779
1.60556089410863
1.82156676607309
1.65834195890878
1.24236228352739
1.31936560733382
1.27043136334059
1.26208059261706
1.18326644947463
1.69690717449622
0.81124925261459
0.789235788335159
0.593584452784717
-0.0827482585907601
0.747571200669744
1.83147665907701
0.161965879699722
2.09919934512725
2.21192326372318
1.20734650878317
0.146767665717604
-0.0576420874990879
0.135246356843366
0.559554948496933
0.626912532164606
1.85827014399196
0.929811829627121
-0.0123038308582641
-0.000493655018975302
1.31652687560529
1.08815162153775
0.798076025972084
1.17085253679881
0.228427428858923
0.246340978458056
0.487937520422507
0.791864415468847
0.265988483873805
1.11364075798616
0.893592060879808
1.14289642537593
0.991604272199847
0.287476925705854
1.17973762080949
1.18790385252961
1.51437283437692
2.01351420755032
0.548204798548092
1.14979714004048
2.03420611123014
0.139247297001156
0.0847550320262866
0.337761653631945
-0.139193108552148
0.875805355302083
0.323936588118616
-0.154637574006644
1.54713504546201
2.05662504210652
1.35016686060958
1.56227562719868
0.839183951023403
0.223727605081303
0.201390174629936
1.44336195504829
0.972610823189931
-0.252500526997159
0.16198714304279
0.561081399753809
1.66879489871001
1.67612983585826
1.10083068078216
1.80813623218474
2.24582251310326
0.524124923255447
0.894993999377362
0.531707563946817
1.07016648304993
0.0745604674708186
1.51692443537784
2.05205051136686
1.66267190843604
0.985477737863616
0.871101309240006
1.02506063804126
2.5817689301619
0.346244916237037
-0.0254155506777538
0.424039155593623
1.12266213794957
0.468050423733705
2.02866087178229
0.141796152692446
1.51849004898484
0.13558969472354
-0.240259365724788
-1.00400817257376
0.347401942589835
0.168921242075553
0.244268052384366
1.03165013730105
1.6389387473231
-0.5677962545824
2.37087962299034
0.930260956291184
1.36573280840314
0.742902864474036
1.53004331923862
0.806662455893339
0.41432237528607
1.80898866154399
-0.543216598880544
1.11332481654558
0.844216069595662
0.84561309137818
0.73363069478793
-0.116780671189468
1.83950263345202
1.07978707576589
0.310939796462655
0.82506023332291
-0.258756597151264
1.12558210065579
1.00484950586305
0.00601638502699306
0.784372606621796
0.773190720833327
0.563119090826687
1.2277142909467
1.26858037615312
0.21160002546589
2.41232395699004
0.0937251693224329
1.445299870579
0.521794343456237
1.45055851949091
0.468406084826444
0.317254803236551
0.0655355486048786
1.55494896027415
0.541476457142
1.23457406941902
-0.0168602690338465
1.84225661149181
1.90397082817793
1.1942541781307
0.957711232348099
0.829122409638544
1.68119422953981
0.651068413612347
1.08185767293549
1.76540372591815
0.149604694456395
0.957942147868836
-0.0410631200422027
2.23423288018457
1.03003322446764
0.161053694530267
-0.049931096734161
0.0647268055820766
0.357571120148503
0.858120173225048
-0.32614537118417
2.32966700181831
0.795710704914186
-0.13649805396679
0.9589996001222
0.0231560498550055
-0.624984891227314
1.40618981429893
1.49824719699248
0.902583708146192
1.08102843285713
0.885254901196158
0.639392774377096
2.29219440704166
2.26758293392647
2.83484766543084
1.30337668337966
1.19418681776923
1.23819039374428
0.49796275446586
1.10724127665062
2.10290325297023
0.724430118281853
1.29318606345416
-0.135647486351746
0.807939222459484
1.92346224250042
0.191205009079789
0.710559430787568
1.39279915617642
0.222612582898681
0.116829265533963
0.413880839083794
0.33722488831299
1.72842916304344
1.32575688647996
0.630713408207858
0.556763788353794
-0.459370877752732
0.806922530582536
1.42024290685908
0.0452615411364889
0.483465795272648
1.17276231836274
0.741554240103912
1.83048204001898
1.15811731485776
1.2503777589054
-0.0492846385483109
0.818107370203398
2.73926312240684
1.36589940735918
1.8814934970878
1.74148572034908
0.84978333781535
0.129333874848606
0.100837269232556
1.5114478289046
2.45475661443229
1.97123669143997
2.05692486456581
2.06834957673775
0.485443441833448
1.18203506802635
-0.149430981761377
1.92189855076762
0.341001771552881
0.244476591814744
0.309919204655076
2.58719679964936
1.56851846994724
1.92575445318194
2.05483668340703
0.766778109103844
-0.0772281397289678
-0.421419326803486
0.696973396907888
0.754866264747814
0.656749897135011
0.00405416620542247
0.226037006179957
0.0140614831607147
1.25123391061915
0.576946795791893
1.18601598559021
1.04685665232397
0.640905560198319
0.626370991340885
3.24345472249155
3.13076531301595
0.232461847567626
1.37294760204739
0.0758020714272198
1.49150105257566
1.26826346417154
2.00222101708368
1.00612371265218
0.0161258387704848
0.140111545998029
1.51047083129403
0.0442312861719053
0.200272860189095
-0.936914414588847
0.870960273167737
0.792616607832394
0.0259913829211279
0.58495894619291
0.186091423150144
1.42053617050578
1.59304892947823
0.378372402807334
2.66314361913452
0.790868716086358
1.02042496522589
0.926649425127929
0.594086047590121
1.84698274274757
0.289947338385732
1.40569130977764
0.301882285615487
2.17235965200597
1.17229937421135
1.8510746641368
1.47245479249973
1.41799006190573
0.919830779522488
1.09890310079313
1.06436396173194
1.33740225841357
1.01346861611511
2.07281308381052
1.01568529468041
0.373385015696
1.81765355634258
2.04146973046326
1.96055049251593
2.06743170170984
-0.00358939215737717
2.3754460329711
-0.089107664951381
0.250875098164761
1.84877116220442
0.20398858020876
0.376457133563947
1.49472788765876
-1.03239308289342
1.09017119170811
0.860833477868253
0.319056243894403
0.603059556137272
3.01853446952983
1.05836770794412
1.11438634280021
1.30572853046592
1.86826369592533
1.30783903293084
1.15717989309731
0.493243797978913
-0.176820167397838
0.578940222358933
0.269411042842849
2.01982446225602
-0.88143319708069
0.209496048822673
1.20434450320814
1.1926150506076
0.50762397067414
0.718271442307732
1.6965061765702
1.98440251900158
1.02998759083759
0.24335810449694
2.04016760481
2.16977479515553
0.662807142218805
0.739277695291739
2.12338267680504
0.912273112033699
1.4906228949437
0.641606302522768
0.503213763068325
1.04472235447994
1.06332686764719
1.41755445675798
-0.0800868205856364
1.06513015311776
0.676455750384294
2.02840944458741
1.55485819690597
1.95156764858749
1.78542299102668
-0.596355180770463
2.26533535778706
2.04138125974656
0.670164617946242
2.21399667710088
0.56805848361035
2.03177926739215
0.0414859986985358
2.30784896975633
1.71870443634092
1.17092342217731
1.42782463624375
0.613404099224153
2.02337354751497
0.697800674206281
0.405950188359987
0.530187344447404
1.84831120414904
1.94440681806869
0.322352202478106
1.56356412073156
1.9863806448583
0.962925939748938
1.21526727722567
-0.66168289483796
1.78756472223912
-0.500027656337053
-0.0290813867277859
2.16646889136398
1.06285234325074
0.779220005215285
1.22912928385014
0.749016518158912
0.0109261880742384
1.75992469091024
0.659565704507694
0.599094855484518
0.274505013005573
2.717551251445
0.178195540127056
0.675255873333124
0.657051510835855
-0.341645247613962
1.19292927655374
0.563802712862208
0.480180029126613
1.09258918144508
-0.00473452287730018
0.982857781048129
0.0784637674702453
1.41671510792392
1.05206073868403
0.872178988216567
0.885089932101822
-0.049367075209649
-0.180654553160204
0.591807264166625
0.23197099365194
2.13825705559046
2.77532881736377
1.34022058488014
1.10250529279194
0.702875546235307
1.50983078854908
1.91126905807276
2.25251334949219
1.22109644423354
1.25922216017894
1.12723914797987
0.957669576950935
1.01316946580815
0.760517344317004
0.497004308391448
1.05313835089773
0.963674027252806
0.396556513003552
0.873618661405949
0.0508261234979757
1.26431932695672
1.13562511632383
0.162442468613527
-0.0131133607619535
1.48015964628144
1.40958600482449
1.16659930209923
1.4061299189641
1.00669654211332
1.08379022229248
1.97913068865194
0.339422285391301
-0.0572162418178801
0.901955266517739
0.726397895940431
0.953468262365642
0.01060996661934
0.959471027935489
0.08656178864758
1.01988964362849
0.811306933847233
0.902329937461847
0.18768333996921
1.90573145762502
-0.000839518475749353
0.107599253435004
0.600937704411808
0.186885439231681
1.48916892901761
1.80014252500432
1.4417769637138
1.65757090224647
1.51774657244866
2.23344610414843
0.980179633007023
0.829680017552658
0.721393399157218
0.736689149689449
1.29416544631052
0.400028353690853
2.26275354665079
0.743835459095298
1.766652483121
2.31556939848203
0.433040050255013
0.785071254829511
2.16390930199979
0.976551428959693
0.691341965218379
-0.157458771654594
1.96989903241706
1.18395282822403
0.863079028345845
0.998991166849904
1.80025899761443
1.06738209668553
0.983856183417407
1.23382253254361
0.534668165223883
0.189605067761663
1.26916161907762
0.564929300008956
0.795592822615566
1.34475124822847
0.736178562888925
0.777344320963409
0.950536813273866
1.02598223143878
1.29636693519256
0.269327529933832
0.409744777524331
0.276517170180351
1.04794235407939
2.20158620115389
0.429117608092516
0.881250854816438
0.140056238725705
2.10601829207353
-0.0199193372369982
1.85393602738123
0.810749132833558
0.886696577019256
-0.197377138549727
0.117249119663181
1.11491060661892
1.99676847454252
1.55566901896062
1.10575499577662
0.739406575375506
0.301642316571325
0.982503763533675
1.76027271672458
1.38444410998511
0.251533073477009
0.739009055134785
0.956026029566913
1.95091252712024
0.480201866174651
2.18949613140043
1.01265220835641
0.689171536282244
2.07227765219398
2.28076773240058
0.103937135702282
2.0089335789322
0.320822912510933
-0.761120517176079
0.87999323310803
2.11963762164769
2.0653192382212
0.403708894652175
0.755283679085376
2.56525830525591
1.44379930662958
-0.344294730748695
-0.132376194624624
0.887736498063685
0.857483516913924
0.353707627111986
-0.492714721063002
2.12770820397011
1.7378604152454
1.15824382803088
1.21642129928738
1.38269893014098
-0.164646219562956
-0.231171087354882
1.65476003705593
0.271680049262615
0.146831850666649
0.243311614751954
0.888528802104866
-0.674837320730528
0.450280007302646
1.17725108074106
1.25983987294475
2.56381965105706
0.790058704572834
1.01409321180386
2.08703954512006
-0.55692021311752
1.36092078501437
1.31106859496037
0.834781141571692
0.939035656541675
1.27452083253961
0.218853357503557
-0.244235922804526
0.783015087427803
0.869606340497932
1.9627633093785
1.7786088669861
0.587817140120279
0.460405546760622
-0.265655134016202
0.740089092329422
1.963277884442
2.25505916492
0.948146955182214
0.89451229528375
0.957090091604742
0.919492581888083
0.733056238530628
1.2078727748434
1.4054599509459
1.67995308157889
1.29238091509138
0.814010684190525
0.868204313745218
0.924088533696066
0.999206240745873
1.12002463219372
1.1970549526008
1.06841085913671
0.933999386615699
0.862627768025043
0.716377119224948
1.02741430862786
0.475962304544995
1.10930977618288
0.91354004632546
0.792622718318108
0.596456867802844
1.7009997065736
1.2215861106122
0.806828383884537
0.991171996834217
1.6020781098142
0.972412177338259
1.13988962340697
1.0523584446713
0.456649166364223
0.722988030173153
1.01580275243106
1.57646389912583
0.85058408886023
1.36297735892601
0.546018082885881
1.72448178485085
0.937824778248933
0.533286422503143
0.548044717596255
1.10782527453512
0.705803896945169
0.8802648133698
0.92413990397941
1.02205973121608
1.55563117560747
0.954247836411554
1.18048436656958
0.982315735443796
0.951789361586482
0.878935591806284
0.923110946894973
0.786218563305429
1.05298094692797
0.952151156634811
1.6625491774237
1.23003854334166
1.30242770890508
0.854754448247404
1.08984271648387
0.783546070590356
0.972377927231129
0.90563324949032
1.11762429395072
0.970546089111543
0.779410086975241
0.88693795991737
0.873615379528551
0.917881113698368
0.932377905014918
0.601930273505795
0.779137361705542
0.721687347174457
1.08752574907585
0.461732759107879
0.673987097663251
0.935583714468926
0.8904627525557
0.514937074527912
0.728823509262656
1.48205561554942
1.05565374479941
0.983424418322063
0.960600888419907
0.939957496325719
0.9174766707265
1.14433251669678
1.43466852123611
1.32830563971396
0.85981792621209
0.908160751403065
1.73886264290558
1.66334130719467
1.50332850298066
1.03570846700523
1.06182598457289
0.963158982778428
0.717098760915759
0.693920685225983
0.906201166725548
0.921951761277268
0.771258859315914
0.661294806996228
0.75524311481591
0.933778112168883
1.12971019092723
0.936537429860912
0.90428206202233
0.91712083147875
1.67995950371909
0.421860471240768
1.11259708548655
1.03991240573185
1.73618654364136
0.587338561330646
1.39658925263136
1.15968419956138
0.781296822166733
0.716162881662637
0.460744392750467
1.10003608911624
0.738390966176822
0.368401321030634
0.489963764430572
0.948079485762756
1.15599605908314
1.09700652502962
0.905657702900667
1.03817787809138
1.80560641170072
1.59182363654025
1.45445069538545
1.41612001817982
1.17442348409143
1.23770910473249
1.06468881472235
1.0500167411085
1.01744286560154
1.29891958007903
0.850249892223797
0.80664448264864
1.01452585814206
0.982614050419347
0.791736905354422
0.935045178182718
0.939151774931
1.00902394475582
0.408159507277625
0.509711123409252
0.482288655329329
1.53998906831483
1.23437616187813
0.675800787486155
0.971228190605132
0.965066701610908
1.33206267126302
0.961204990467875
0.714555115779243
0.856371332912372
0.609421408416448
0.670059992219035
0.700466280738469
0.489939809050361
0.657397812895646
0.90249847967235
0.866478721709351
0.928205096341316
0.861659171914746
0.858875920020971
0.934399704682958
0.897560236406562
1.63104362434301
0.672960360427099
0.99765195721605
1.64657150339358
0.317316330802536
0.643540338033467
0.758356585766688
1.17566467881937
1.15304171457069
0.789512215431602
