0.998073300223145
0.768771275885671
0.810938335303249
0.772753634752464
0.23141539197237
0.739202902534879
0.982377361273799
1.03915261935948
1.10645907602007
0.207608338412022
0.338040764996704
0.378625024839
0.616693671112085
0.895723649349706
1.05279800598356
1.29928279810881
1.29814383709959
1.26661191555354
1.18446969181429
1.10426412998768
1.04452756765106
0.425156163836978
0.586666948481252
0.799803301945662
1.2495571065323
0.863863245112435
0.270893625542775
0.947928258077757
0.265484476944723
0.579360045550582
0.76764338932029
0.798204815474876
0.494888309925458
0.723987615310783
0.777015867381822
1.2997440206592
1.29690621866123
0.482934452380814
0.76679472249571
0.941419715354205
0.520018036288982
1.15908129109271
0.851802317651052
0.242883206214832
0.715760215943113
0.43395290867723
0.260908421355595
0.360437690317107
0.360111422053584
0.997245848587277
0.242021859883645
0.829429420601236
0.760515350663422
0.769190538203055
0.373806213913393
0.874613769375583
0.828681673972281
0.66874732856192
0.296992926857264
0.916464821914264
1.23543906913328
0.557538416460162
1.1066655496788
1.20626270762135
0.278208738957887
1.14758259594549
0.34010897116467
1.30552882587988
1.28083624665919
0.290810507731521
0.418207148674014
0.447212429253971
0.739614853820175
0.672263489117494
0.260192621061994
0.560390699448639
0.692364929977388
0.768241914696444
0.410723589334114
0.301130740211939
0.824795202530474
0.630386820484609
0.767182145957867
0.801972092452946
0.764892164315584
0.840507405227712
0.862844423225423
1.28440059244864
0.301671383605581
0.404777342620655
1.02394466464299
1.30069679514513
0.880931318291272
0.779584688510507
0.974659398662012
0.900975050834777
0.465156158541125
0.654232660517657
0.527852299753965
0.252017369348024
0.781396759252249
1.07637816961596
0.738506213632872
0.815884036296842
0.885287109799622
0.643225664883532
0.194546323473396
0.298440579413557
0.263921224300684
0.905692608423812
0.969672759985265
0.930387939702321
0.229663404625412
0.588229053225551
1.25305728818045
1.21106577291312
0.714197015781568
0.796964222709499
0.683607669694919
0.855433874484291
0.795550466576395
0.865387510209695
0.827342517742663
0.809248586624657
0.786300078342854
0.79846908897704
0.801498419693365
0.801283205526799
0.79178070605442
0.805476261482992
0.919433112585628
0.840518690185305
0.983976473540083
0.87413882492029
1.22187065041017
1.03400674511038
1.11846057784506
1.42118806633723
1.9795529231962
2.30241762867431
0.850292293462221
1.12298611430836
1.30796983655064
1.27380636278563
1.46437283801858
1.67440239855592
1.01358063628431
1.35364938023279
0.998996081324168
1.17764113824437
1.42332729429059
0.147626363893817
0.117755422783518
0.0666902625750766
0.0960023476642858
0.528415126128989
0.293396739129919
0.296765994307195
0.0829737688338642
0.435785021365144
0.257737989772885
0.489927439590298
0.305926843997991
0.377027304475522
0.625163382296094
2.42587381152209
2.26245047116394
1.83133828452329
1.94369077267616
2.04344005065051
2.3025518214194
1.86510645722787
1.78569417438344
1.51495504735967
1.72324774613574
1.75360121316122
1.81445111960353
1.43342360284114
1.54974373918841
1.73506257912261
1.05204452232519
1.28246939138169
1.44748673889627
1.06860645453009
1.06446307050576
1.17804731692392
0.739916093440689
0.888378757016333
-0.0154948679505718
0.0181932045294666
-0.00312124263446737
0.100534135092
-0.0746091225655788
-0.0308126935200838
-0.0883909592781196
0.0456749527778217
-0.0967476023628957
0.0125066618710169
0.139405810874464
0.000943793781472562
0.578989834349483
0.0321610158215917
0.597845491857891
0.304244545914945
0.253422512865319
0.663098093795722
0.379785927752682
0.445247434234394
0.590619356193094
0.844351112612203
0.97983062572565
1.42591216843329
1.29938989012103
0.990649206272153
0.716784634122136
1.01873840747492
1.03471774292882
1.0249530654712
0.956114381818231
1.09066678535688
1.24457270757534
0.800964780033218
1.42667630662373
1.62522558678006
1.49636083960333
1.51283850973128
1.65257950516214
1.71490501384946
1.9542130883623
2.31732936925024
2.13029647533491
1.77288183499339
1.4615422656292
1.30717027497338
1.3960527268998
1.17871451811221
1.41088043867024
1.46156346418132
1.11275874549548
1.05804502892868
1.41286169248161
1.38705084186415
1.23110359571183
1.24924247751505
1.23560863659295
1.29786327648003
1.23599499346482
1.45406268630427
1.14284376910475
1.19426825801131
0.101649156889161
0.166685857527055
0.143556345733579
1.11740837674615
0.925155199198367
0.638866632826336
0.525141798585707
0.675280390810877
0.694543254390849
0.284615669442607
0.508447920705595
0.347153488124331
0.204808064857884
0.0836663368643595
0.113365899605739
0.21519256064693
0.483827439422096
0.378619664479704
0.405735477302126
0.472426446264854
0.34053940747599
0.266231065540199
0.947551402969377
2.03717060619796
2.1806969501736
2.3396514561694
1.30238939327866
1.28787750716256
1.65980638113519
1.63594727124063
0.996763311030447
1.31752120181889
1.11314014226896
1.27499585568733
1.20176709781424
1.3722937414457
1.8404097397041
1.50528670957156
2.05272575753515
0.924861208338434
0.89548641685814
0.838838692013418
0.917579792508771
1.06345966540004
0.2328108794299
0.146889732576379
0.817904519771394
0.127322703562865
1.36034747308693
0.919199437211955
0.929957008713823
0.786130487247431
1.63376981632225
1.62607384955904
1.59825529660051
0.806284989724945
0.388520810413407
0.378691126197408
1.4235916961507
0.648425676649718
0.175877694467929
0.257273106196206
1.28478768708883
1.28307520001854
0.742805946631988
0.827476369823147
1.15404076507857
1.12526485285725
0.499662335277341
0.445888926163554
0.816684284068745
1.37290019709
1.79935603765161
1.42179572984638
1.72249888659967
0.625305127689635
0.320446169362824
0.711222729599281
1.1686226183991
0.451009945771616
1.38741828382005
1.35984367165149
1.12310006353817
1.56603727603521
1.13328927568337
1.80931766151475
1.02430315162725
2.00253978839468
2.35740523819425
0.162906118535905
0.0992459403636086
-0.0752089555962528
0.115413014970296
0.235258963364135
0.124972049023488
1.6697883214568
1.54117880801378
0.550798402649174
1.5248905545035
1.31040523575411
0.381443789657812
0.371148925605783
1.95981142292585
0.790076716879781
0.988016686146836
0.923837918564185
0.720335555002261
0.809835663638657
0.313908585643966
0.841255396229135
0.802946251675224
0.799398511942242
1.37383380074305
1.86751576091847
1.83074643460008
2.41501243267427
0.285784276416838
0.863293607482132
0.8287537573285
0.157047461681123
1.38732138056079
1.23278425358961
0.343862599050991
0.499811649506273
0.753955957386315
0.576932972768269
0.947190599981285
1.24858623225052
1.3006802403595
1.90903018488977
1.65811793337618
1.16968191969812
1.49311223239511
1.88254477530775
0.359614168565048
0.215826778347174
0.105036075090202
0.36488093162844
1.22466443206496
1.01893004917626
0.945034180324788
0.753493543762795
0.271864808880643
0.621914374953718
0.33361742352374
0.196283180979285
0.826543314912956
1.18472262440796
1.34374634284722
2.24338708752398
0.502350190509979
0.586616524424281
0.833672154044379
1.16890876883512
2.24192412474998
0.80605749911056
0.219051951759535
0.167078599836495
0.448318007020839
0.213256861038683
0.83815853214166
0.202634631020207
0.810768260051663
0.851455271650866
0.834690383764825
0.719419028718049
0.762899734517618
0.790203310245214
0.121587988095047
0.0220140455420974
0.11518820511546
0.940035481008268
0.590773917822899
0.648034593527231
0.725269419609719
0.83381473522454
1.32884274916915
1.21777547363916
1.48211215480305
1.06087134208829
1.02459893994972
1.08421830404922
1.36829175757828
1.18568756316503
0.470786466837247
0.397585385346176
0.480714506799529
1.50808798188679
1.63872916773604
1.61361006023126
1.7366663616705
1.99221584515533
1.75075660325203
1.57164414819068
1.21678744918514
0.807049926234438
0.827876982452951
0.835117580310304
-0.092397382871949
0.0480691331152849
0.132939970741128
0.211626813073055
0.493558820468542
0.385280676427577
0.773725992764926
1.02612435681499
0.947837451197414
0.688714180535645
0.0968036633535396
0.198487077799742
0.0579133946884878
0.187010190639849
1.2631105019346
1.16663323191805
0.956665842634378
0.873054579892077
1.08073489603044
0.866799603725862
0.843159023881631
0.807892874324955
1.33951860028505
0.882516922151084
0.965934564519981
0.767236195376966
0.16521392037673
0.672693582084541
1.37485643867749
0.218669479425217
2.05364681340637
2.0030143653309
0.551008763267512
0.299288778764428
0.0409952998925541
0.162817781960948
0.775281833214861
0.669046141364544
1.37765145475689
0.778752783932551
0.220930126525971
0.38677611271349
1.16790286515317
1.09250585808776
1.02493126478763
0.927396655359852
0.2062808567823
0.375917112617553
0.540276906747303
0.622667531212003
0.255332218346899
1.10850759390022
0.731091626846672
0.433985556238556
0.766917608682969
0.269441300777341
0.899495541009659
0.759858840508437
1.60145418043542
1.74596859515394
0.781620057856777
1.44608670579971
1.9438287562283
0.60836436963135
0.209577766132499
0.204864799155453
0.101033791995246
1.06370837740222
0.400397075157041
0.326249598162613
1.94737068204557
1.32561990919771
0.848787103895768
0.435383637878879
0.642104259771368
0.839511971493736
0.193902841985042
1.25683956408029
0.306407468996321
0.178845965138565
0.280300106056845
1.04855762435969
1.69218433332198
1.46954269449162
1.46363034049338
1.29229188178164
1.59942471446228
0.786015099839829
0.945566210395704
0.296331968320583
0.700345734925444
0.165624182991467
1.22706217238754
1.52670375846496
1.28194757663701
0.579629595788624
0.819757651822841
0.789224635758619
2.06755470195639
0.290468599335063
0.169455578208933
0.281925941251866
1.47642190119404
0.226037602107956
1.65152677762261
0.141995985411091
0.449405986750271
0.223927057587699
0.0513845057279207
0.00589044149098398
0.426839248275121
0.158801529134076
0.249005742568214
0.507177822667606
0.374779017869939
0.203393024168055
2.14670569695539
0.727251788747289
1.20655767811635
0.977973857404538
0.897809686564571
0.682175636014735
0.202000744226814
1.80577036069706
0.129118888416612
1.15154184997075
0.6967005567395
0.674087343690944
0.777881664566944
0.202191981439818
1.69401068790476
1.05161229839571
0.427555997810494
0.469209197241844
0.0846592393382988
1.03147952725307
0.830562240275563
0.218009863499219
0.635260292528823
0.697115519756883
0.828166112375907
0.976370195155755
0.581392737724219
0.326296155831723
2.27054507649804
0.230765458782159
1.5898622254703
0.556123750187048
1.70470086144705
0.79432413613132
0.805416159123394
0.429308457098693
1.20066160125345
1.12194162056144
1.44726758216671
0.121953715687519
1.37093466277203
1.44445129054141
0.531100414893387
1.06285964331311
0.793970248289042
1.51839019615189
0.648876740105872
0.336515241579743
1.54168574787164
0.266876016718538
0.875326074228052
0.315838589477465
2.21659523759658
1.12163163708641
0.230818893158924
0.147871651407892
0.0445778617632377
0.809251078974583
0.773767877274619
0.194035747660515
2.23729553783812
0.647108359794174
0.213670669263454
1.3518731660988
0.174321700712416
0.0261932553999843
0.597587596071247
1.42172013149025
0.617655864018475
0.653618540769231
0.473829067240668
0.675073113950381
1.55031254875475
1.46529139518572
2.32239440403509
0.836597364267081
0.867461175564376
0.856922906318484
0.554449922856783
1.22003706064896
1.34149577958525
1.16467736089525
1.18568673838265
0.170257824823565
0.684136564507257
1.44636407388414
0.2217449446383
0.209308666174548
1.057605123653
0.398043714629856
0.245121838086165
0.327679274976295
0.314777687038025
1.31453509001717
1.14437067561326
0.80530911789077
0.0996393271184111
0.18060336437886
0.66636144226019
1.73911693184353
0.14844732790407
0.322480870834456
1.6455569651585
0.80944294564378
1.85000445465629
0.870834880529257
0.533393029401643
0.484271314049375
0.598010485516449
2.18502234907737
1.59283813407927
1.3944909558185
1.36977632239769
0.764047979368337
0.183098360177266
0.154600031010612
1.4044428256112
2.19292404937007
1.50777643810469
1.48192972076006
1.67406796182204
0.558300726967512
0.807903345445077
0.474284604530461
1.36863291612543
0.951992008363038
0.249407910796206
0.487158401237738
2.44289761326987
1.24595359771314
1.55901392633648
1.72796345324277
0.798422523139164
0.0856342993604601
0.249272370571829
1.12830240121475
0.678672605532729
0.721519074297917
0.100751722235836
0.347925608943311
0.223180634859833
0.823152195232989
0.982498110394065
1.12207491974537
0.774274988009826
0.801247830185907
0.77484877456076
2.52053834776194
2.54429395928225
0.370818817743757
1.24971770724863
0.37050283090834
1.36110498315487
1.11205370499671
1.71035332572419
0.422935967048747
0.131361727763669
0.20306906527917
1.26832577622053
0.156324276127787
0.327575776554914
0.0601458351395462
0.812279352637096
0.883511486046729
0.0977017454724782
0.598263474086423
0.25517317829096
1.43421148087385
1.45173657161759
0.365310435549775
2.48563103907847
1.05329464651213
0.583250068555502
0.797494509019654
1.18608945319071
1.35286753756968
0.450842033173376
1.31867055160721
0.864839341516509
1.95822040670911
1.37056920888978
1.6885619521385
0.860410644141291
0.867180367386095
1.37403276974754
0.495260564455587
0.532189498694705
0.461651721382181
1.1406673338316
1.32155399037212
0.92814469272183
0.189008759997169
1.64770345822451
1.93804449299576
2.03910991310827
1.75126945458701
0.2259629171195
2.29300187564562
0.207404995621626
0.159074986041217
1.29146064663049
0.263472315412557
0.202537753760956
1.22971672378751
-0.0669028669667895
0.789222669282534
0.792103349677328
0.413438421827293
0.71172317164139
2.41428018041032
0.784822359647472
0.79456663425115
1.10728801737854
1.2812261516177
1.45056747170953
0.377409209853116
0.485947264790266
0.19541583255567
0.984407091035087
0.588422367847463
2.22471860263854
0.0167383967910827
0.182231983074438
1.17396960018804
1.76457814095266
1.01815538048309
1.03177475480845
1.55059936826623
1.62763238222059
0.944108982531428
0.365585148179205
1.89854905757086
2.17481290531152
1.35209263090842
0.579634450750609
1.54570838711828
0.874736771708838
1.1388954075608
0.483826725010347
1.12092904568581
1.46531539530439
0.585498599464448
0.505607532957805
0.234286914303262
1.5261875874011
1.32088290033918
1.61982147268217
0.433368929334865
1.87088590452592
1.66527623396558
0.111038111388767
1.44336203217233
1.65998450079925
1.04004177907111
1.41957954415274
0.495212886607872
1.41981036732707
0.202659663893898
1.83808561478851
1.79431225757968
0.831779882019973
0.933599268461204
0.580075084461641
1.35172320341456
0.566778686144004
0.473274238279089
0.665063592774057
1.29168241267662
1.90790996254824
0.352185011908525
1.60497288271449
1.47188505406612
0.96585550456867
1.67671661690966
-0.144057761171625
1.81100139258143
0.123840756702493
0.296446189387751
1.57228414600318
1.28414707838363
1.35429539638178
0.845903697275505
0.951322624362158
0.16728309184771
1.2509134213148
0.774745526684542
0.774062373290241
0.266598695128589
2.37716101248297
0.100438314134481
1.19993191831313
0.623506639913011
0.280243674905658
0.902493346528968
0.779778160296403
0.781945804650751
0.544013318459993
0.184059294646675
1.01575124901387
0.0953688500911678
1.45734964836298
0.810045426822829
0.774023550560851
1.19692120029838
0.103709741849198
0.0182311986560016
0.4963651892887
0.381404741516195
1.66382068199374
2.32053794794397
0.893304048400822
0.96594307275709
0.989465722464954
1.47766359897923
1.28274560834069
1.92045113108198
0.810028220629626
0.754240859335889
0.812923435069278
0.929311813471267
1.22619167766927
0.809475076367483
0.181338703808311
0.925664853723057
1.04679505090656
0.25821794404718
0.576756809001772
0.135336586407951
0.865842706333389
1.01681309936767
0.389338425185091
0.174770936942087
0.407332874644126
0.339073553427867
0.318933962466201
1.35192975101147
0.739725901856843
0.751513546149672
1.45507161223292
0.226628825989276
0.206027536876179
1.11909333918271
1.15061561384149
1.24321350926709
0.0647155932896157
0.872119642409456
0.364106737888729
0.797490388282833
0.727597371444897
0.748455812986073
0.281376796235285
1.8807226539882
0.215898530158394
0.254706325220516
1.38781992407172
0.261979842615175
1.63563131383533
1.98055340838542
0.488747555377638
1.28276760313426
1.47024996798562
2.11808090647462
0.903973392104391
0.793635623997045
0.735096747783229
0.416240693252121
0.968147704891986
0.276690149852213
1.51989552228153
0.36177588895178
1.33156361741765
1.90349491046426
0.791094064908343
1.43623378122259
1.99391021188478
1.01615051280374
0.782678218370452
0.0261762482889612
1.32923680997847
1.17845292326794
0.616126575451169
0.312422564046264
1.67179008061676
0.463202661962809
0.797231125007509
0.457080076598102
1.14662802714853
0.476854150529087
1.1767815461498
1.19446082983952
0.790570716878898
1.31576570165165
0.695841590565934
0.988884226086221
0.899378622848875
0.598199316516175
1.48017777990248
0.27713548908793
0.332301323064781
0.285171471147609
0.788422009603341
1.39331122899225
0.805062029183301
0.512424775222767
0.209734210495574
1.76807460857014
0.0432733078561545
1.38517637701875
0.785556771962251
0.393656263313699
0.0075492273921821
0.330479710720876
1.11099998532048
1.55753645334196
1.50175852666965
0.663919275679033
1.37000103352148
0.415638299317595
1.33260762894357
1.63898487834315
0.455214604250759
0.139658557434822
0.73252582855133
1.23884683413804
1.94392038095529
0.246974897041927
2.13445451662678
0.920801617757462
0.670918204657936
1.94395489542248
2.03709889140595
0.155217372798493
1.99655241630094
0.430713495478066
0.150641912248195
0.735762771520463
1.40662331859283
1.34076496273532
0.910765416657612
0.661014810995533
2.21607298986624
1.08421746452967
0.360892699731212
0.261490019963554
0.84359259033154
0.815068392433447
0.248110069855514
0.193190808580827
1.65841169691288
1.42658523415775
1.12996149014132
1.12579000452718
1.17902259510838
0.025225289800111
0.140367230720213
0.423365459062058
0.214303054297463
0.19961991929108
0.157883137586869
1.65910311984387
0.185561356624565
0.535074328092572
0.808465714979984
0.817353043056163
2.41916459634951
0.708043329675337
0.780079735071325
2.07815292937317
0.0916584860270299
1.63799793835959
1.31170334729253
1.00552609953666
1.06926045920724
0.846787217919084
0.348136357731287
0.0247427827443285
0.759585269398571
0.643392150441022
1.51434584214056
1.33889516557338
1.42372280820652
0.258078617194685
0.125842353163267
0.316436074819931
1.33111370970268
1.46682044384928
0.846684876921209
0.785365453601394
0.783403922719128
0.731660176198531
0.304707108618592
0.790777830126545
0.945717600385298
1.15727355129363
0.702932963705321
0.542723843423482
0.582159861827218
0.872285207909977
0.971022120383682
1.00966649649624
0.958760362226604
0.90436968751467
0.741181780359079
0.453152380551644
0.415968550952954
1.00412596509564
0.32997288158492
0.852776778349264
0.612608117717954
0.755674287738208
0.296041292694406
1.17748786259361
0.700143414116336
0.452634317514373
0.909863152453589
1.20827221804293
0.912205533453653
1.03449451857942
0.771177930143967
0.299613364500964
0.582866455111144
0.782196678013705
0.994626465868595
0.793924404567345
1.15020755364641
0.525684320144535
1.04999891809441
0.689447112513588
0.37294301223812
0.284413284931162
0.815428657738775
0.364099488091351
0.45378367075128
0.514997404687787
0.544718882991439
1.13429896108715
0.954286106383653
1.06947358082774
0.758993340569489
0.920553106751623
0.53416133341774
0.819294063621447
0.347250462003056
0.885738261207367
0.884345836535066
1.1968227352952
1.06642064179823
1.02201506874566
0.553070931894325
0.687679349554565
0.473533664350574
0.779118369367935
0.655359737816026
0.6684158666321
0.937152164276028
0.770503709156903
0.72537649455141
0.76884178837494
0.748135632198474
0.751604248179733
0.537630819767494
0.54744083691146
0.517372058472201
0.683359907230178
0.42624758089099
0.393654546494258
0.561562268514993
0.593079759968456
0.252666402062731
0.331749277565532
1.18693726686697
1.00847546644845
0.730975405108275
0.724075924002556
0.87236854190797
0.823951024646091
1.06162104358764
0.873519794854082
0.837350280049058
0.660691700835928
0.731626825791701
1.12263181799272
1.09613381203054
0.889820088541592
0.967091752533685
0.931318662605291
0.877934285566597
0.332461639652587
0.316109100599692
0.641068240444374
0.656247670828306
0.49356743850848
0.401825383720552
0.465312886814418
0.497611175512903
1.05573539659754
0.977303451042871
0.461615211760136
0.476304154805512
1.18155358116648
0.324101907340245
0.878270995865153
0.900616085116788
1.2377612457432
0.31184603599135
1.1644063512724
0.831220196371318
0.756530722505022
0.366765863169413
0.49383472037837
1.0307577543766
0.759596473983342
0.312800652346812
0.364875365220784
0.924610919026943
0.659616422226785
0.789458453301729
0.824742212166557
0.77505067903096
1.23070149486794
1.14918441426139
1.08218668518635
1.11408450311051
0.986000313361196
1.02957678348787
1.00883699181859
1.01011342205105
0.824810130551484
1.01405677933327
0.521110984420962
0.632712760968437
0.824405123052058
0.762871393988695
0.780729036724542
0.708569216918065
0.582017538982924
0.751843604987803
0.454445091757566
0.285927096929098
0.281356972435116
1.2202288962744
0.855582844780443
0.576904605736913
0.527446348763748
0.919879955316583
0.799309301939285
0.919701822739626
0.273618067809624
0.656737857816169
0.542477036004124
0.501482130470145
0.560808811215141
0.346230117659418
0.384362482615638
0.822202956455942
0.784976025677056
0.844120848512835
0.742980958782176
0.73656599568161
0.744634851557174
0.56216019108836
1.23333783129914
0.440053059216484
0.738816455542969
1.07253870267192
0.269218314030465
0.420189692471773
0.417708674778497
0.637604630961279
0.855860828729375
0.422521932742479
