1.03961420066258
0.787095868078238
1.15602506471368
1.14770800390746
0.201847683179399
1.31191769936833
1.52920842673956
1.60880237489935
1.68508740272817
0.162295096730333
0.529109969394333
0.695924234240747
1.04295549305471
1.22103984243464
1.02514967292017
1.98797754677922
2.02380043540233
1.9045721489444
1.38792753846064
1.14280550977497
1.07843868732382
0.352606417067453
0.754844203783181
1.10965988849762
1.70174514102909
0.96008634361599
0.178164335596585
0.911987097503249
0.390541692811859
0.568126656884914
0.814303586956759
0.890540982146629
1.09348099967313
1.07075861726444
0.995514955855912
1.85967461216267
2.05330325759329
0.936086946380624
0.735731603665146
0.994834475775479
0.517925309561453
1.40422919215782
1.28174127860272
0.240587100878109
0.917866170713784
0.930377952073058
0.262164014694675
0.232726068856297
0.295139641336497
0.873080790890602
0.281456326187396
1.04558433649564
0.987811941639282
1.3291308731275
0.647076572314388
1.24996124059593
1.22908158607595
0.943906473461121
0.271964093597827
1.1109767892297
1.66439203823156
1.12353874487736
1.20780010637578
1.56942238450242
0.270629842592959
1.23311704160621
0.218313490616954
1.92526939726463
1.7868980488047
0.242280971713738
0.310917178991512
0.404798142229173
1.12163513355783
0.948441154854953
0.188863164487016
0.624656658441405
0.919364017919867
0.759487583870077
0.769075630412847
0.490857833854104
0.934315387140035
1.15844967252878
0.746070560319304
1.09729532504614
0.890734314539781
1.2708994312746
1.26789118761571
1.99998598194406
0.404203943721842
0.820124325233146
0.929473960051861
2.05963580563245
1.41857335831798
0.830920077169482
1.0182854467265
0.977185538895676
1.02907873734655
1.22898427904726
1.12773697950942
0.266872297546312
1.04357991653376
1.10648912595668
0.942386793582751
1.17471314769538
1.23310358203131
0.988350152283872
0.169209847229554
0.279310979475018
0.338350515427518
1.18580247958223
0.865148091465691
1.00680779694275
0.188160528504079
1.08889817960235
1.79550559096448
1.51434801305769
0.851291366501095
0.979002789618603
0.832769442065648
1.03256842671544
1.10061823029297
1.30398350662766
1.31087121758866
1.26529107322622
1.10621964239599
1.14630587171646
0.957059037546195
0.991510148702046
0.879879439948821
0.967819494376567
0.579318294848429
0.598430851186034
0.641891461703239
0.807983319697569
1.01256601135551
0.932757154876362
0.73333433265998
1.37220396252604
1.76264118254945
2.29465104986526
0.909763230681696
1.57539223973059
2.02167991686636
1.88406052852623
1.4084747334966
1.78226553819188
1.06093843390758
1.79446708764693
1.20855658257588
1.16190813513714
1.63903029991421
0.24141507784346
0.00967160694288352
-0.0466685859729212
-0.274270603246755
0.625254592065308
0.117800468057355
0.165812064037145
0.230832818513186
0.332732663085008
0.10680412440399
0.328185311706139
0.499256640890343
0.401492557371983
0.403759452597872
2.88345784368106
2.76900900600065
2.19219418197681
2.37061905203518
2.53623447163693
2.90455419738943
1.80972999152575
2.17178541193097
1.98169423667139
1.80783480016658
1.59207743749795
1.64156223904777
1.64121242443274
1.37226099007109
1.12083071589689
1.31218491481791
1.59623272358713
1.77452111840237
1.12399633333067
1.22131194859461
1.49222163423181
0.717683002831868
0.947444492455707
-0.14464956976479
-0.596040022407045
-1.00586495139108
-0.785631586278479
-0.874703743833941
-0.988621341482377
-0.797465011014748
-0.738643141094795
-0.577621704749111
0.0244617799482917
0.351720082741054
-0.569836542499521
0.753224883705071
-0.822426461252982
0.366382683386156
-0.493710360246305
0.633291118305703
0.660004275604488
0.0169906741176959
0.253201751989886
0.782588592812143
0.642713505677955
0.933533055644901
1.15585316153395
1.25178799855728
0.961493617923933
0.790947931698137
1.44472123373431
1.46042367868872
1.21064487177311
0.735974122667025
0.513523287269293
0.67280702785151
1.10184293254265
1.92232577422354
1.68061652721251
2.07920264765243
2.23319586474442
1.93300666907613
2.18361241554193
2.15702033090792
2.36443171023859
2.28205828893506
2.04389744851257
2.19940081574258
0.825623099910528
0.885387761617403
0.407092474781253
0.61525029257392
0.564634967465347
0.919892761528223
0.508354865942785
0.80148179588569
0.543878473011399
0.77279864238097
1.01423163596865
1.26278742155357
1.27796999879581
0.941454542694147
0.65847336060969
1.13598070136463
1.17472107301699
-0.191978431575184
-0.186181322735621
-0.343270275702682
1.42285104010455
1.09092296952537
0.813027910667095
1.11938742449005
0.986526510499847
0.756612513226821
0.864077362197938
0.663172042344917
0.420932873504182
-0.0891607690710211
-0.322394234111669
-0.643111355338888
-0.331413458279719
1.39990245173868
1.66904310496527
1.38571345820569
1.50982173279705
1.3898600078799
1.01598222081643
0.386925847958618
2.04988160017746
2.26024034528241
2.51781441725912
1.38076991329476
1.2326135733256
1.73679700899123
1.66702305926514
1.02559270017169
1.30756639137274
1.10895322597229
1.26290140899525
1.09807198095262
1.25665214736207
1.80784372331388
1.2829169474517
2.45565899823518
1.175744057839
1.03916920894845
0.897185265993905
0.648058691527632
1.5493987039553
0.0638135016509449
-0.153247850130437
0.398338981162013
-0.832197549664087
1.4403863224132
1.01723719188829
0.999355160407494
0.732418172276635
1.52726371858296
1.96092417974121
1.55665784204292
0.779682729190927
1.35213868847431
-0.0686479623308918
0.826301228936554
1.19047388197227
-0.250194842007887
0.343495825275644
1.29430820747694
1.45967362497223
1.05332036798534
0.857243906001785
0.466506881690766
1.69014493200847
0.637547784532144
0.450502680025393
0.968932175552407
2.10911589335182
2.20346625873221
1.99836317772384
2.23751626236717
0.59422979742388
0.129017405040595
0.897638836549543
0.997226078057395
0.174146323760452
2.16897017287364
0.842372132661254
0.714583538277717
1.49514182768323
1.11330857476234
2.01427121029745
0.734972047229145
2.29343016645154
2.70091023543829
0.289942254655786
0.00820739465127354
-0.344370438457387
-0.213679115160765
0.0463212159183991
-0.826404142318777
2.13833356812441
1.94953147286571
0.446891468804862
1.98799000789754
0.62146430001524
1.15953096046035
-0.034766966125698
1.73849996337819
0.641282951551807
0.991101354163151
1.12863122421409
0.803631710735663
1.06039520287869
0.594521517965017
1.23409256177208
1.09141384417183
1.02181005931321
1.33279016576347
1.80153196897783
2.12578326150501
2.92491257191957
-0.158456250224094
0.798905102501959
1.04772182353534
0.596460353292039
2.19711021844326
0.906878122231018
0.516300183655832
0.539357037186451
0.914554605414091
0.641220877264384
0.681441718004238
1.21100529789109
1.67256870471789
2.08824865388588
1.68741836514106
1.24116074253259
1.36889488194006
1.99382925248898
0.663309675033005
0.234261376484842
0.191151807587414
0.919178678930135
1.16605346815971
1.02595028084899
0.970865287522636
0.555074170856507
0.166941158534948
0.703307215356324
0.97123697752274
0.630803403996947
0.970363941739412
1.17967118447156
0.825350602203844
2.76427057109139
1.28287209561721
1.13044453060913
1.32820605165274
0.98329747698015
2.23285885345569
1.2292262016494
-0.0983104702281658
-0.0126801645862257
0.253944976809848
0.0050545877485805
1.29127306241645
-0.330060665323086
0.880136907174896
0.926494347760904
0.81225405694145
0.707152497414913
0.937512844754328
0.462664695712504
-0.155751948145713
-0.151804632972371
-0.0215966643195994
1.11459167817866
0.814245135252283
0.71336577907238
0.940092860125445
0.930955231859602
1.10020348543748
1.10855701394986
1.20466763482272
1.24585474201933
1.25346857829509
1.15538173160134
1.21386413000323
1.22148360493007
0.110448809483933
0.407623700680561
0.909326284623738
1.49216646393359
0.736873364730132
1.15184025027013
1.62264526849688
2.20714713491462
2.08113154171567
2.08841691276638
1.30134230542625
0.919167471713201
0.994999929542588
0.611195885674608
-0.943022870386875
-0.935799817097415
-0.746037897138843
-0.373762118950069
0.533690273140741
0.485689070396864
1.18385740956013
1.04893933122368
1.26538674721655
0.626646340798452
-0.916561389634255
-0.479695681748346
-1.06728973830684
-0.398504356937891
1.6313094937618
1.7809279455735
1.61674859708616
1.31409254367059
1.32263760872739
1.25860844723694
1.22178228849573
1.13931837415685
1.68551609610351
0.825360038049168
0.806487270985282
0.602191774246465
-0.097525648396344
0.764090419675587
1.88559177247238
0.118964259800077
2.09031153341735
2.16266888115961
1.26591953240691
0.161628513773544
-0.0378494239244536
0.0771847649996843
0.64311090485155
0.627161245282298
1.87464772019343
0.868523396081148
-0.0116157064120867
-0.0232632818391975
1.29580460503411
1.03180015575268
0.731736912756316
1.24062727872666
0.104400548714894
0.269871483873467
0.53524698733724
0.883774518272219
0.154977714724985
1.10607463703864
0.874978190559221
1.17824425406109
0.964473609098579
0.139816570964727
1.21727238627737
1.26192552963816
1.51716243418664
1.9934601178219
0.591841721592401
1.10920154860374
2.05770684782934
0.183715015613907
-0.0985684226904641
0.151453395699341
-0.129246736348515
0.859747783746521
0.320115284106156
-0.184872164073494
1.55015860863558
1.94006557091155
1.37845823863962
1.59550959863584
0.934557772436024
0.25618244233818
0.20091862475213
1.43478946344804
0.982606039926358
-0.256626005245388
0.09696933023672
0.618199704446297
1.62746793810093
1.70782899596588
1.0825759389493
1.63591083376983
2.23983959801392
0.562874470447865
1.00631674816274
0.37760560634274
1.07525261250317
0.0926456376035717
1.55128493249389
2.05500424960148
1.72442927966319
1.13959669175482
0.856464889085594
0.965225460914871
2.59634309407829
0.199474572100169
-0.0681777812231063
0.248306758552989
1.12268839476851
0.459372648725792
2.07669965391005
0.137995192726861
1.50257384202073
-0.049763159118
-0.215921598695993
-0.952043138343153
0.353560975691393
0.122199611933913
0.152913429221023
1.01030848501374
1.65801707755604
-0.574945131509053
2.35780524477479
0.910829436064685
1.26887471411692
0.729688471036728
1.46318670467641
0.805581150099022
0.447896612904779
1.77584416796497
-0.632156375778337
1.12052496846495
0.847611652894873
0.892764429973449
0.717680107611079
-0.125492102290794
1.80149322569316
1.06646953806454
0.387125353045089
0.78059209101172
-0.262530552054175
1.11761853225015
0.959336039487843
-0.0225306421500273
0.777379223562802
0.754827725746051
0.540731497836681
1.26594123132465
1.2520277837093
0.182293355684042
2.42846401793874
0.0783619918802178
1.46476149372431
0.548176600283938
1.40550730731905
0.494130328169373
0.351878685421187
0.0575027062615604
1.54257058401534
0.560197214364859
1.22562831598418
-0.0401522007228275
1.91234563567034
1.9323076657244
1.324089838271
0.995477510389502
0.765072185926911
1.69590858237157
0.690897466681661
1.10060257046292
1.78434874770392
0.0428052499260661
0.963621030051349
-0.103048960107041
2.28489834805323
1.0038378940902
0.0664729237797887
-0.0980685686518636
0.0286199579008149
0.397702656105779
0.894155092925757
-0.299795542427551
2.34555142370001
0.772373061270371
-0.278190080236892
0.941927550493432
-0.00741117287215748
-0.594800232563894
1.40792809243555
1.45002116219635
1.03794739634488
1.15899746107956
0.920167757128351
0.631406428514164
2.28002490908124
2.26480762973639
2.82724380791651
1.29996909633186
1.26874142353588
1.30993625750154
0.549826589978226
1.11048626306375
2.12540298938745
0.715224241248266
1.23703906319337
-0.124999580508356
0.883290323953238
1.94996757352783
0.131626111090354
0.718365464760909
1.35799628327319
0.07902833948973
-0.00936822883039778
0.246039274701733
0.292688273578552
1.80371008732358
1.35800644691339
0.587359283661172
0.521363974645623
-0.484481500536569
0.784859616089542
1.44629062439669
0.00796674460288388
0.478478961012831
1.14191692063777
0.762642596203396
1.8735862900298
1.15287675799589
1.35837518353801
-0.0448534518834427
0.813081961693308
2.70503499306537
1.39146864669465
1.86049396952684
1.7235758805443
0.834038671539884
0.140196411437325
0.0764159346400621
1.52239810050924
2.44062286496991
2.000453894902
2.095024047818
2.0650719034427
0.450705071935753
1.13939478463364
-0.100202937062357
2.02571142212081
0.384844630433022
0.250079201330081
0.344399229715577
2.54578047262015
1.42282372851433
1.92385033672934
2.03865368317918
0.851329858582076
-0.074600122422519
-0.42283488800467
0.669963455071136
0.77834417856374
0.654478956436654
-0.0156424626320294
0.234030685823695
0.0266677605120532
1.21796561619655
0.576037589752258
1.19795914353378
1.0304961927735
0.695800039826904
0.725330332101335
3.21215415398897
3.14717063639238
0.234063698890906
1.35090307558833
0.0717668727628129
1.48894251740424
1.30253233810614
2.00124661721307
1.02196734069326
0.0487843926849354
0.0898551362499615
1.48208327935856
0.0420906409820049
0.205013969855035
-0.931043748404373
0.8429455433264
0.80514256922425
-0.0191772022932129
0.567334055223895
0.106264550193458
1.40414972498781
1.60588778649432
0.196259659155179
2.67140998912824
0.803650508101252
1.13172169700085
0.906843398297055
0.587781937808868
1.94591044619635
0.292850802866903
1.43879460397202
0.302268079913903
2.13847258511339
1.19191560303852
1.89126150188304
1.4418977928014
1.43119240618681
0.889652451661462
1.18928926659198
1.19213934533898
1.41110393961174
1.00490696941356
2.03340140557904
1.03448174376719
0.372259697497667
1.77747366870242
2.02037615040497
1.97012232926348
2.0199126877565
-0.0601862016088877
2.34789506557499
-0.097433908940661
0.242004576814174
1.81064156328861
0.226729063229002
0.402612432491091
1.48829284178935
-0.986130519773773
1.05462961403003
0.852019268269338
0.308937462294988
0.59842926146042
3.02268966068397
1.02687458745517
1.08069628884748
1.28866842927371
1.87137397369199
1.33041958752008
1.16303043737614
0.507904586078684
-0.187073357827449
0.600670101132543
0.312516574668798
2.03729024956155
-0.873299390167454
0.0779411929207951
1.17283974255394
1.22803131683502
0.569370380087548
0.794407377326934
1.67185331017469
1.97603837561041
1.02896110421487
0.221654066836931
2.03253680421063
2.1948759299442
0.660229525278075
0.695980463264258
2.1206817091452
0.8473636140754
1.45959737222053
0.609792178628601
0.479243381836781
1.01270576460815
1.08306065708808
1.42613859836785
-0.124162231861952
1.04955716985222
0.685074702653155
2.03245306118829
1.57709933893849
1.94811292688066
1.76586474132845
-0.597604792986361
2.23675889604059
2.05647787827285
0.618460202376481
2.11765293456593
0.553590463009491
2.10549373111112
-0.0117902872382813
2.26904123987889
1.75429092537133
1.17115737853188
1.43853084365301
0.683209086267828
2.12930650636897
0.694941118963095
0.411700888100484
0.562403609330686
1.8623181377103
1.9158521330351
0.170395660337873
1.58550782021529
1.97656062885216
0.992639288040292
1.23557396931406
-0.666224970934887
1.75856978210024
-0.491081494108364
-0.00823962172451982
2.17890917665842
1.08496604245155
0.80291172136929
1.22128413847269
0.795375363048719
0.014424647169091
1.74274978840836
0.684504908294601
0.663553728443446
0.186000350089783
2.71493570844122
0.163312784744812
0.686888205613497
0.650081943494394
-0.281201156391342
1.24460914379637
0.641980480608319
0.553700533042853
1.23675404073091
-0.18952076072227
1.00760044278367
0.0539458017120824
1.39703321343482
1.03928661892838
0.824252811124624
0.915486539167168
-0.0457769383546505
-0.169196879648434
0.585346867405391
0.227448135102142
2.14647445175344
2.77594760695696
1.27007521097074
1.1041458143115
0.692242855019538
1.47847963595528
1.76903944643988
2.2554163005055
1.20898484018114
1.26719950080771
1.20561922995033
0.964496012829697
1.018564365492
0.831533144642229
0.490752928358323
1.06148506038365
0.894582892606279
0.215564532024997
0.770046962953517
0.0595195985019959
1.23564828508874
1.19948012751383
0.190739858912326
0.0175417710070871
1.51897124849114
1.41329078501257
1.16676457171917
1.41383888989159
1.10236442780437
1.11352731977715
1.96594854356562
0.341051389792883
-0.0649391231885491
0.926840740895945
0.793227681750315
1.0027384958488
0.0188134441584539
0.972482841710952
-0.00681497765211907
1.00496621755765
0.805295449217285
0.888303802803673
0.200681935485978
1.92927289724569
-0.185362354309362
0.109792225586168
0.619578294106859
0.147678809904742
1.50059993093367
1.81266127294511
1.51094151058347
1.68809936410447
1.57893008375041
2.26536236961475
0.976559841429315
0.83571194074954
0.748273972987268
0.652528169104418
1.29604718817624
0.399312047202035
2.26313530704828
0.732247768926401
1.85346027996888
2.21022821397664
0.477255647930989
0.779658844619158
2.1944028251985
0.965024040270979
0.790442550537267
-0.151984814350539
1.97900755791542
1.15501128694095
0.986733202511182
0.987274584571431
1.78175390920707
1.12017953461464
0.948618429651583
1.29640675419038
0.533674902631992
0.194595959136074
1.28288354304654
0.553029347061967
0.819928627707095
1.33344747941761
0.726148412966627
0.732397609766323
0.969966458798559
0.968924249258596
1.2559473725064
0.116877050509082
0.25387479847431
0.145418484017717
0.992381791922453
2.20682684157574
0.436240196093838
0.848003383621421
0.124266115312072
2.09066189088741
-0.0384977032629718
1.89097368939774
0.757437842698757
0.885191826445856
-0.177651847822374
0.0870171132979014
1.11488044382537
1.95450776752481
1.5747264307185
1.17378260969827
0.713904574600401
0.295798177276029
0.928596504680242
1.73757495863176
1.39557734228316
0.234028081185522
0.731822915623987
0.938746608282891
1.94905593345904
0.328406908344719
2.1825022253324
1.13463066393303
0.697381164296591
2.05397707616608
2.29808850545798
0.0697076144432232
2.0409470617896
0.367575787595444
-0.747597791194582
0.865407067827711
2.18833609405333
2.13547349395079
0.431331390448885
0.802777856479904
2.55500800458088
1.44697721400671
-0.341651087080967
-0.147657143692807
0.908187497193871
0.913590261647404
0.190060282081615
-0.535223657214638
2.11753061374072
1.70896331498505
1.10072806728393
1.19604075326898
1.40348927045782
-0.171616385119615
-0.226756540210242
1.65166878428623
0.138271431876331
0.052660967058114
0.0970515157456275
0.924536315575845
-0.679373604090004
0.514340467490146
1.14177279644539
1.21270412052106
2.53833196376017
0.787971032710953
0.95099275800079
2.11226963327675
-0.662821741726513
1.44701787604087
1.28938311365843
0.789552806650202
0.861678214625036
1.31780972008732
0.195988342339767
-0.246796434902794
0.724124263127393
0.969250954684594
1.89779260666716
1.63370017995964
0.608152614355411
0.4677082773956
-0.400646332196783
0.738431434245878
1.80970893150733
2.1968919843935
0.976688658050577
0.954278589544888
1.05110946608425
1.02277957056648
0.61128335320572
1.50053435883335
1.67144489024064
1.80571679330126
1.22918858298764
0.87462187830436
0.907822484222817
1.04609133757379
1.19196613556728
1.40200006133173
1.25970454056309
1.04548608884998
1.00371690721326
0.839716471011809
0.634771039615544
1.03993896556455
0.496346764812042
1.20887063545582
1.02148823306908
0.855055264379458
0.425442704924697
1.69465009905327
1.39424354357069
0.809612394216522
1.13542807185299
1.83364216782499
0.999198698466684
1.1161607586569
1.04941526254366
0.30513977787271
0.849293986250832
1.03278954314925
1.74138932408247
0.920812758611989
1.56397409475719
0.531562281171057
1.68331378410598
0.975053224124987
0.562981244131947
0.366399115319254
1.15050094278995
0.581690743612324
0.971194022621886
0.980986789084149
1.12641987894022
1.44065016976005
1.01034516015228
1.28353473709249
1.08505502147743
1.07373616278475
0.943973547644479
1.0340794319739
0.739024816921848
1.19667601656108
1.08297090605221
1.84318991639928
1.50625030956967
1.35966190636092
0.896697520876803
1.32101680044227
0.856108641452949
1.04847160370283
0.953017093337855
1.30404315207902
1.07652482338254
0.880128398569482
0.936383802476151
0.942107748568382
0.908058881425494
0.975876796681839
0.683497953756336
0.815607615846805
0.739501371648646
1.07332656076197
0.38883411268845
0.554287545797379
1.03784844687599
0.956672533642954
0.331189653189311
0.580874932179134
1.71827452719216
1.33193449667088
0.989206679763724
1.00377181676845
0.974479947069261
0.965219433569
1.40947067192306
1.58272802394948
1.59344017396943
0.9932833154451
1.02157912577486
1.83037078800967
1.84591301687859
1.43495272322745
1.04107267017877
1.06222086196064
0.991711111308507
0.570627431197044
0.529153738074686
1.00320203789761
0.988998014930349
0.816586987203854
0.667613928426486
0.773576626682218
0.977889347762467
1.16237790819097
0.95079551086111
0.895954947798585
0.947389454089767
1.55795640987623
0.438688053271064
1.22417704328412
1.18519201216706
1.92235352827025
0.434443850477138
1.54252796558317
1.2078694626122
0.812421510572134
0.629203130517883
0.499205434001821
1.08989886864905
0.825794731581452
0.254773994487727
0.347250164546224
1.08000966233526
1.29384604232843
1.08389455069561
0.946924377990144
1.07476393067903
1.91605724597894
1.70697467810104
1.49970617076333
1.63863745302095
1.36914979893983
1.43389491400047
1.14262928790824
1.23436765714324
1.11473334780539
1.25968335280082
0.885482933573052
0.91795175512583
1.08716271411299
0.956766608188558
0.884871091046557
0.951556322685486
1.06551361900378
0.995312459549893
0.396866720241251
0.335023404787821
0.309500050507711
1.72488203195474
1.22842543619176
0.792749147760114
1.05824054069066
0.994992878089068
1.45004175894417
1.07298344850725
0.596159346170293
0.993670449633467
0.633826745698326
0.610140615428326
0.756811060819936
0.360084267026867
0.497898182444648
0.950819803568242
0.934839688727982
0.968224656558989
0.88350109073761
0.913042901103483
0.954057059807628
0.974405994770368
1.84293047097254
0.736015643198741
1.08324097075999
1.74288176506868
0.328171401561958
0.628399984725443
0.773799714901075
1.14846509877516
1.24485680804866
0.784589101503592
