1.00020266065739
0.644332125272908
1.14386973915454
1.1222868835854
0.368316437384215
1.29020548478128
1.53785395440853
1.60276444187532
1.67569837094654
0.186176633386585
0.606476972611904
0.77481088703791
0.961079954612721
1.15022840274917
1.10639326106572
1.84170824782709
1.87447449778975
1.89967375789547
1.46439640800095
1.13015550020066
1.0506945141373
0.480394532866272
0.821468208070655
1.16208597303023
1.62739070430193
0.832614651665988
0.312604385243828
0.908667819923244
0.56175900502073
0.542755665475166
0.804791793504455
0.739619002470706
1.0734755660564
1.06094158275428
1.00796363885686
1.7628012322004
1.94998890185784
0.959792483034965
0.651251002063191
0.905922298768586
0.645994859201751
1.39302088401502
1.26810064430351
0.422715739137543
0.930509471193219
0.976980452154664
0.321952068782155
0.378805074967722
0.434624831715287
0.952067904416219
0.466738853566759
1.0492393930373
1.0290643613066
1.28831410313906
0.763592675095613
1.22186741369381
1.25484422419176
0.907662673766951
0.445557543709056
1.02871697781058
1.73976684091524
1.04765232027437
1.24865647523579
1.52075832606528
0.245234326701043
1.2736097276568
0.363388435137437
1.80648674220639
1.7016244752837
0.397125668431639
0.44736941630114
0.534018485484579
1.09547016896418
0.968465057452258
0.31900158481989
0.734611195303929
0.910615572160503
0.711765727935164
0.843590165154493
0.640783987639098
0.790615724324569
1.13787067199542
0.626084855898685
1.10185307490742
0.89886301016779
1.27454082421064
1.24688411988704
1.94056624159822
0.473870899119201
0.886899011935127
1.02466148489061
1.92504892211202
1.42109277546198
0.680219730090715
0.959192421691159
0.864055246630815
1.04473387028533
1.19441912552205
1.07425891464145
0.449729827152886
1.0961804906583
1.08166603653799
0.970986936350589
1.22042810329826
1.19284234947736
0.92752210125949
0.340150388368584
0.457399920624096
0.52145062496071
1.09328020993182
0.910019968116851
0.954544133091322
0.233525167665741
1.00600958854597
1.83819673956741
1.60033295602078
0.86565103540231
0.984830557324662
0.844429302097795
1.02282895876822
1.06351074101831
1.27921087416773
1.26753896073947
1.24586319961318
1.11014519180484
1.09573045819161
0.946666724033529
0.942666811065552
0.89663309579372
0.953745376088632
0.591031951102404
0.628654904829278
0.711148654093893
0.766462346382221
1.05514214040714
0.918549177635334
0.838806767975141
1.3873459294007
1.77761261757052
2.26176960173143
0.895929763364535
1.53058598380988
2.03958152964945
1.87916234981769
1.31150318399886
1.80498134742962
1.04548534779951
1.75039061940732
1.20056257875891
1.16133035352513
1.64869319620025
0.235716646239796
0.0995316973951596
-0.0742869687651845
-0.254282297508116
0.605207367402918
0.132507403239419
0.197865253909849
0.194948958215781
0.349769238847959
0.118316336818829
0.306827305162173
0.515079749695206
0.374489912016051
0.430023146565843
2.89962912680447
2.72543183817246
2.20303938929018
2.37550323444335
2.50457114330918
2.90026810492264
1.82334439545962
2.1353492176527
1.96510573574627
1.76828837657921
1.59400659025757
1.61308855946817
1.62373570451747
1.37020883191804
1.07383025940032
1.30902500026535
1.6620982065196
1.8051541117623
1.11465581422347
1.18967648353546
1.46081928851628
0.727643354823581
0.952585453843723
-0.129321084041368
-0.615619718282543
-1.00059030538003
-0.756801151603515
-0.888306897054038
-1.01393931615411
-0.791463860028671
-0.730686838531463
-0.54488195681023
0.0487519045136715
0.337679275586505
-0.573361525929259
0.784272574310015
-0.868820793202103
0.4181912455435
-0.461895538249738
0.665685008745689
0.629416689184781
0.0684339626731536
0.288675447252093
0.755722822511151
0.675570363797904
0.926958930384942
1.15358415693149
1.24285444777702
1.00033232182122
0.806598818705561
1.4565842179794
1.46202244982423
1.21529024227848
0.730599047673852
0.5302684091276
0.667273929246167
1.08756919200298
2.00194809598443
1.66900290243041
2.11479514862866
2.24735157439498
1.93893637049304
2.12313305448102
2.19420917272025
2.4490636138972
2.35031752159751
2.03970445311466
2.15115692566928
0.85394291094595
0.926943899720732
0.408263166069946
0.652505879237121
0.579296491628689
1.02329571193605
0.558390940349796
0.83874819695452
0.566707816107932
0.769382570626812
1.03853569845453
1.24941661522444
1.30462261866169
0.928328975832501
0.695096893538938
1.12023747430781
1.12860202813813
-0.205041632578696
-0.15731755848038
-0.324938979274765
1.39703858177443
1.05167462340925
0.81868174132698
1.08249031910997
1.00338949212797
0.792785498902393
0.801163280500257
0.655858697987177
0.413199894970331
-0.158474395516925
-0.275097056658775
-0.627576970959029
-0.33340350400009
1.44295853707529
1.60353686177559
1.35892696843781
1.44209551332616
1.35832588836483
1.00574339219505
0.444129650258337
2.00717600021195
2.27397750259811
2.53233440634948
1.38213849113173
1.25365395980875
1.78525049611158
1.69265439602256
0.933135604434037
1.34852336101212
1.12335984992445
1.289177027403
1.07676265020018
1.25777639779874
1.81607199619091
1.275575890494
2.4300742253003
1.17629410045161
1.02760708627093
0.882894178981476
0.677128461138595
1.58167623395027
0.10986038892854
-0.166889869951754
0.40872790234402
-0.763707472600461
1.46245802667914
1.05476344407606
0.979271120230363
0.622722903533969
1.49327606478619
1.94012865702662
1.54544702178657
0.782075636308449
1.33787925035772
0.0129449113209455
0.856891157822374
1.16301617427527
-0.226311467987293
0.321956739818501
1.35877039981718
1.45563370280727
1.07116456162424
0.861478093906261
0.452795488839487
1.69358151456405
0.695208704510263
0.459042823160636
0.998193489428276
2.01006053874403
2.19277983336027
1.96623319564403
2.21150901151062
0.618851151646427
0.109633129825674
0.877587826469178
0.996127409249916
0.165935433116936
2.17097271622501
0.874741281216271
0.710770979511336
1.51465099419213
1.11465115816643
2.01171895498507
0.744494112702297
2.28117887779474
2.71731003586345
0.279052828258641
0.0148302482717413
-0.369994380787876
-0.269338718419996
0.104591360825494
-0.771861942027171
2.07618137758047
1.95449137023977
0.443095231111977
2.00790806287457
0.657062088999113
1.17254705443697
-0.00476218201659734
1.7296772067323
0.632122576005912
0.983434495525498
1.13098765145456
0.790579815705096
1.13257457763192
0.666114661510246
1.21502971578975
1.09815615931452
0.987800204984624
1.3707207218544
1.79741094058058
2.0915029002677
2.8801174770795
-0.130850766871713
0.780279818478895
1.04660879238101
0.619851309452546
2.12733176394279
0.910861750653412
0.553263387767091
0.585515384533919
0.925098184422983
0.710529233914098
0.699194759172228
1.25058266633077
1.68761608091026
2.04231466033499
1.69482110807951
1.2316427083774
1.33439130613528
2.03117879544606
0.651197856092594
0.293180315172696
0.232576643618591
0.967447363346766
1.1012107139561
0.9883472877179
0.870080148373586
0.562029662469582
0.209901733787344
0.671009279762534
0.959878679159906
0.663609132729335
0.963741553454054
1.16285840344494
0.890595678815098
2.75140347578031
1.21526084719231
1.03852774335237
1.37832989369866
0.973774216873512
2.24900273399641
1.21081180666503
-0.0364413142248988
0.0813406072236611
0.412184382662612
0.204254581276335
1.2765958608953
-0.217804773098745
0.873937779510851
0.938685960680878
0.830357899069375
0.704688800334019
0.966068706582062
0.404713365389654
-0.174622413794882
-0.137823976265745
0.037552735654284
1.09868213728885
0.817923030722324
0.756760161272661
0.984684392311981
0.793135017242478
1.10592422917639
1.10867543457842
1.21401729872529
1.2382563331078
1.22391086828289
1.15221475514937
1.21460436463722
1.18639313233595
0.165191397125307
0.372042792977508
0.900276598403477
1.56228291853851
0.767662803115069
1.15137484190406
1.57373573106947
2.24132001739648
2.10045657872542
2.08071328058276
1.33090624960642
0.921116411006205
1.0149519975267
0.631854012548685
-0.916373302227698
-0.943830765209966
-0.733867570425631
-0.309898840446254
0.595090503040125
0.624249813099391
1.17870451615471
1.05694820639573
1.25247132180378
0.658252203558216
-0.868052370551622
-0.41468034341026
-1.05233505947558
-0.249534367146386
1.6593531970198
1.80992449304171
1.64930251319387
1.31627510091422
1.34809830308789
1.27124464781615
1.27568834310268
1.20073951658421
1.68985024998167
0.803042122882
0.822717938996496
0.607191346342741
-0.0904133742312754
0.765524091450813
1.85074646815552
0.134333015160237
2.15046964908298
2.16317509543425
1.24694627350825
0.227779440672817
-0.0602523089123276
0.140417679623391
0.539699523371223
0.632685470420317
1.85044161422774
0.882698216435044
-0.0222706690730358
-0.0430203673095183
1.35106877173033
1.12795962463654
0.844497509185936
1.17066372015307
0.230999109858514
0.353480716508862
0.611324586741005
0.854383233154133
0.269274622004814
1.08065456652886
0.892116257642145
1.17808383023503
1.00240465879473
0.286352633241837
1.23376323204388
1.22007735201967
1.53539937782716
1.978104164852
0.526758994111308
1.14305969382256
2.05731395146481
0.215866549329195
0.0757273531051781
0.345510225432717
-0.127581084481777
0.889997382341032
0.365232206682715
-0.185240369001896
1.54832277625115
1.99945379970904
1.38163354741272
1.55536466144708
0.881130333954847
0.266285723464701
0.220200893574089
1.45364900334172
0.998482041043413
-0.295223680728421
0.146501597262526
0.629632967903358
1.68364993763952
1.67593750734188
1.0484213548926
1.74321469139152
2.20302572899237
0.514436993948266
0.949543407899002
0.54652762133816
1.09177292458426
0.104355965801419
1.54681131536866
1.99095685494564
1.68610173156808
1.04152102737701
0.865054444732724
0.966107133015683
2.53015012179713
0.349097826577456
0.0203407359629543
0.434709800531629
1.08750630680288
0.452663962362635
2.03016393176855
0.0965343154904088
1.49272261411334
0.127900688988518
-0.218435196164547
-0.953741984462367
0.341953290899798
0.157645268953755
0.248330855458066
0.94914583216735
1.59129985707062
-0.553318043721568
2.34945887684128
0.887067514675887
1.3299774900785
0.802740839593299
1.49963395862559
0.790038711668037
0.45171915353648
1.77694824257356
-0.521408204853863
1.09940559409145
0.851908705544971
0.868515388839248
0.694729362223688
-0.163437792304231
1.80580984665003
1.05187997326083
0.463859006046097
0.85669408336749
-0.276636977524652
1.13320379202204
1.00536415578879
0.00420978020620665
0.806812951531042
0.754722156469093
0.550545835713855
1.31947751883415
1.28464545678495
0.281248662403394
2.43440182720056
0.0722064077331806
1.42907949659115
0.60549112150543
1.41050616701548
0.455852434976241
0.32956898874347
0.0979189151064317
1.52070750515386
0.595980320864617
1.27202627495586
-0.00156912161341826
1.86951564325991
1.92728098832787
1.23823818084214
0.927935992203237
0.778987160341764
1.66400088475741
0.70511252926922
1.07685495703484
1.75875894670392
0.138743701445679
0.841069666150926
-0.0647260210728912
2.30212965908422
1.00414748527972
0.158753225914741
-0.0622396070491678
0.0749663933904113
0.373018403352878
0.866887986899655
-0.30048719754081
2.3924973985685
0.789047333313721
-0.148930459164539
0.930761048939987
0.0341171663848787
-0.598144947054022
1.37431655290723
1.48519414686236
0.953123511677824
1.12998976572886
0.932495251910457
0.620796178081788
2.25905226260575
2.24015596088725
2.80251599674552
1.32731294119614
1.26245690153041
1.29917531476233
0.661855933021995
1.1049988763841
2.07222839491671
0.733408706620298
1.32524751270561
-0.146485082177816
0.933985969196295
1.92124032211288
0.220007600942492
0.727094932106738
1.30330965991599
0.209512946100817
0.104790179632834
0.41889969437415
0.302501808949502
1.7524908751427
1.33402634816314
0.598470983055196
0.543901471364319
-0.467622377449516
0.819687787977001
1.46475112769566
0.0407833791756124
0.467864543677982
1.14571881348112
0.707000436665263
1.82901374754728
1.19163494223592
1.28985955406296
0.0191138419938201
0.865822509592429
2.68526037460294
1.36882221931138
1.86095833878544
1.74101214832845
0.848060638382137
0.14607100175394
0.0943389581312579
1.52017891205121
2.47007366929086
1.9990224719544
2.06824534117664
2.06441050504607
0.521500659712673
1.12858252498566
-0.111819029268996
1.94122206505249
0.417874595476924
0.24028242012886
0.315253875266261
2.57982755583788
1.51693572315664
1.91335713893785
2.07847240451594
0.709044247269358
-0.044343670536247
-0.418924536930378
0.732000330338686
0.752887719030782
0.638081956085781
-0.0055911625243515
0.188531044679798
-0.0136634608418826
1.27006429950702
0.64397389227567
1.17869979396975
1.00764160176313
0.64115160477775
0.597638228501067
3.18822980049518
3.13125303921699
0.335629211314944
1.36058940385332
0.050448240469681
1.50616942359478
1.33827811054352
2.00750517040273
1.05335546179906
0.00225360771166861
0.122274099709346
1.53226243077285
0.105253878354408
0.267808366054134
-0.90615891894367
0.832124881859395
0.801311307479604
0.0240917420494973
0.583251495035875
0.187313371752762
1.40608698921612
1.62830040230383
0.377757606713626
2.68973401637748
0.823686227647384
1.07564944847662
0.924815629156955
0.609407459593927
1.87344475831997
0.297678660765498
1.45453621698063
0.334794377644413
2.10766113136157
1.22405624894554
1.83688081067128
1.47156186088902
1.44084279521431
0.893328135665011
1.14712534875673
1.11742999103338
1.35679269075797
1.00417222957804
2.02982368484882
1.02113504665889
0.347487882166341
1.76363467962927
2.05809019302486
1.99980958740784
2.01083177682911
-0.0215581957473673
2.38603647992963
-0.0582243795728693
0.273235540069364
1.81353839635579
0.218809711953916
0.350673451778838
1.52145212971851
-0.998111796071984
1.10890180371083
0.849318704286419
0.347890414691424
0.601233256452791
2.98435564815769
1.07658269816575
1.13425138950791
1.28655038672433
1.86332702620314
1.38342482840016
1.17869482543572
0.510670209614206
-0.212197773803002
0.627945089439135
0.284016876570459
2.03430221260077
-0.888082444667864
0.210918392749617
1.18545340866429
1.19970101976807
0.603281691247578
0.811518928383469
1.70367713752136
1.95436573714386
0.991534079029862
0.336175602730326
2.00325999824344
2.16368560124982
0.707050812279937
0.760730956791667
2.11610151933909
0.889306879743969
1.41465318081775
0.67287916324033
0.509266377755287
1.02405452960841
1.09623843287686
1.45313445995473
-0.102650309729965
1.06860317932877
0.716770841838787
2.03373002115105
1.55153805734003
1.92866695502336
1.79551096891418
-0.622150292400639
2.23581484820179
2.03363873565128
0.712937856710566
2.17011378598052
0.56717140188456
2.04220415020961
0.0370989343580833
2.2386409858643
1.72115199888498
1.16833396514838
1.46082429946318
0.766882503373878
2.0189299641784
0.722448904591026
0.448566972483116
0.554410573803926
1.85007766215913
1.9260312086026
0.304811330697971
1.57162771071044
1.98301488026619
0.909524012598968
1.19179654644589
-0.6243596863108
1.77031534117926
-0.480833787356497
-0.0291668622401394
2.1504230479432
1.08815048166113
0.821605075059229
1.21109509947222
0.814462603147985
0.0885467381541281
1.70659062048012
0.62815001845752
0.573599382478886
0.28838227912961
2.75077558098188
0.157878507773239
0.691312433615224
0.686267054861053
-0.316011349748569
1.2029854206709
0.546523510738851
0.471479332175143
1.14435497907665
-0.0120077876715539
0.953885707259665
0.0783644065524959
1.43892232227687
1.04590371638296
0.829493892489636
0.928223333494195
-0.0210237059426976
-0.178557784141892
0.563974609894889
0.271299410027731
2.08194695301024
2.77964920841099
1.31206513152218
1.08977112658795
0.755637713657592
1.53076484260589
1.85000616990903
2.25897583117844
1.15532605496816
1.23895137162964
1.18309322275869
0.864165710504474
1.02498825976158
0.714313377799339
0.512927901434267
1.05744840268137
1.00728338580585
0.395231990430733
0.847398729306257
0.0333919020111824
1.27603406723124
1.13669954921021
0.16736779122413
0.0404965832208404
1.46775924736835
1.3911051780913
1.17414985573841
1.42059172712748
1.09951213898362
1.12368441011782
1.93959361376509
0.357654121098449
-0.0367346601419707
0.913002833706736
0.79500407096918
0.995848192746592
-0.0221147260094798
0.845249354649202
0.0674218581475321
1.03079518807497
0.809518200127711
0.903949404772029
0.232313489449975
1.94987322459078
-0.00393857386821472
0.182699281431143
0.624599118826208
0.23042753449305
1.49103181672445
1.80640943480416
1.46108543914554
1.67558497106076
1.55400052397613
2.25653943945331
0.997693348708798
0.838677420142401
0.74114749282131
0.768995976350038
1.27193138344363
0.470621600018443
2.23410116892705
0.805859507627267
1.79492362287585
2.18802828831468
0.433644068035812
0.783005719105799
2.16303037682497
0.969231784935332
0.651844581238317
-0.130300984486597
1.9351733071308
1.14594725253567
0.921283927073248
1.00909818070722
1.76565012168065
1.11451347202585
0.927730490236084
1.26353463156505
0.50608870309001
0.194268060247411
1.29419766817797
0.592281223556706
0.825801930511655
1.3603759279559
0.710486134889521
0.764251460130037
0.852592315815054
0.949544720728501
1.27185334589681
0.265919628002931
0.41413778900639
0.274341036357693
1.01009776392765
2.1707267938525
0.421952860014479
0.895448458130464
0.19925678452516
2.08749157637615
-0.0217365315872511
1.85919829685895
0.764755724292904
0.941008700273467
-0.213763412021809
0.139568941519485
1.08940685367399
1.9547422950735
1.5350518642354
1.14710081520825
0.738604431418314
0.353553735173293
0.978549111207067
1.7240339687311
1.43130522125231
0.258304614511555
0.720199198519705
0.983071964019228
1.98119830296554
0.500037863211042
2.27078263477313
1.04893338327913
0.704456116068917
2.05597564182329
2.26328126146729
0.117190703398835
2.00010400627185
0.427639964632205
-0.73343074526888
0.873913940883692
2.11117231079167
2.04625888353619
0.439549646055334
0.861502969056781
2.56130218615823
1.43261727743177
-0.325123245479936
-0.14071064474356
0.900730534167846
0.767716047184256
0.360097909749717
-0.507573190643004
2.11418220665493
1.6783589211107
1.19353748059028
1.25582494618739
1.4189362200193
-0.199279779260074
-0.238135093136224
1.59513749208044
0.276696035200904
0.146903971261598
0.249205513758484
0.906940751634571
-0.627082004854007
0.627390579786135
1.19809869362541
1.27096166080344
2.52225923434664
0.838687744844614
0.96394325228912
2.1265512918729
-0.56032848374649
1.41025482187634
1.31414603684408
0.886263194845255
0.976953826800046
1.31823362966231
0.218083101436703
-0.260775545618878
0.78949769026774
0.909712364032925
1.9425257909179
1.72554574601005
0.598817945400981
0.521805051740007
-0.249988322656387
0.791958577630482
1.89966934919394
2.2300302943596
0.921801002221505
0.858066876455154
1.01352634082101
0.996214422102858
0.778678520888341
1.29502743607519
1.50673682752828
1.77239605600224
1.30799792515342
0.866634767974253
0.918907126888928
0.971617408885022
1.04837740092196
1.16211911454679
1.20534105599643
1.0503408635591
0.981914543638478
0.919662588988341
0.78395195574442
1.07586350211281
0.498355165313027
1.1681586293315
0.961830260195299
0.758544329566726
0.624289366761323
1.66969539104876
1.30648089338737
0.872898195546089
1.04722995587534
1.62639925960927
0.920659831448039
1.10582705644359
1.08486684709556
0.520561662925997
0.866460946754549
1.02997984276748
1.66635423307215
0.777244694584071
1.40877500065761
0.703002224613025
1.77553611823215
0.968095209690685
0.601400124860336
0.584811748270168
1.15338037581857
0.743695420012829
0.938671898129132
0.984175829321134
1.09866641712385
1.5055053731357
1.00667431278316
1.22857534808222
1.05509150649106
0.998989184493114
0.91350039756518
0.972508628482122
0.83675264389754
1.10954584602331
1.00413124684143
1.66839032192705
1.26621802539604
1.30042942782263
0.90922369769593
1.16350512504374
0.819900674126082
1.02233856073196
0.949803170007811
1.19456768821221
1.01901318948116
0.728891460193898
0.886006527888437
0.832382900363621
0.897248106303093
0.944429769960197
0.772865254251218
0.859858508918876
0.821442301417961
1.05799137368888
0.589003927481735
0.753180956601264
0.991847772174622
0.940300405567139
0.539651532720651
0.769593348210019
1.52135812913176
1.10499461937568
1.01007217033479
1.00060236101643
0.864770095012128
0.864882640445943
1.19169908280697
1.51582671971059
1.42445192079967
0.967003745179638
0.995476535676448
1.82053666295317
1.7728524666556
1.51715827666702
0.998152793719681
1.03720814667596
0.92353038783514
0.767378537425694
0.748049865411283
0.947317017640995
0.96239830970428
0.831737252514339
0.73203609475022
0.820283509069021
0.999483742542306
1.17662142226133
0.988279665933969
0.961014074912321
0.977275281508618
1.6267443428117
0.483039578127513
1.16617452917143
1.09117059920735
1.74592207954145
0.614158629176978
1.44043807023829
1.20767117374223
0.747153717286917
0.759428466481753
0.650028561460911
1.06605932575764
0.699119149710335
0.44705865806256
0.533003359707369
1.00547850629163
1.23319060548085
1.12728951271289
0.8101479073156
1.06817434006166
1.7934267000146
1.58717089556787
1.44260123614845
1.43702543441005
1.20338315822291
1.26201486642365
1.11323758265475
1.09939372411485
1.07280762440961
1.27287515879504
0.910150579817713
0.916777717160536
1.06182936544058
0.966362689982816
0.729209033718289
0.9572239404227
0.993690997138203
1.03200974970622
0.564935646132965
0.528781557610393
0.502309584157144
1.5796663465634
1.22782507641018
0.839116208069973
1.02900394602658
0.90670099275539
1.40106896983703
1.01288218861096
0.761399753192073
0.976266125857152
0.766382940130754
0.782358593437226
0.831367937053902
0.580586509747411
0.720571308000678
0.8249752289476
0.808717929981487
0.864618595946663
0.837421223289674
0.834474307894297
0.936476384778565
0.95307599666747
1.66070297532227
0.730038902282866
1.06011782094815
1.70628032599805
0.344036630747378
0.595650828147901
0.751290653801514
1.17490992140101
1.21427613889356
0.855517922500401
