0.999931531870782
0.641852351811329
1.14367818174597
1.12172613780018
0.37228666539628
1.29004194647952
1.53787446006068
1.60269074093726
1.67575367047624
0.186289406423618
0.609269064778921
0.778107230035319
0.961267820108604
1.14997312665438
1.1073756667092
1.8397292013265
1.87243638759065
1.89908318423396
1.46550252091909
1.13031058104891
1.05038618677584
0.480847575935679
0.821235661772619
1.1634416584243
1.62648070634455
0.832021299815529
0.314809167543436
0.90884563735922
0.565179745525254
0.542287371585902
0.804076689053517
0.738111211383768
1.07564254105769
1.05995097787448
1.00807831349631
1.76145613332785
1.94842105157846
0.960961927565795
0.649218876979714
0.905513314332743
0.646494196542088
1.39287385235532
1.26852569409698
0.426816409664025
0.931600257835341
0.980112338581771
0.323199435286067
0.380075782528249
0.437819507488399
0.95314558468893
0.470593173283171
1.04890155317834
1.03043934164775
1.28830942721845
0.766135119067355
1.22195269090333
1.255867507631
0.908116270115076
0.449707234181214
1.02826316450644
1.74031549256771
1.04857095719462
1.24908828021803
1.5201867687266
0.245191003371861
1.2746833129253
0.365149333784141
1.80485324208089
1.7004932532415
0.400814732087706
0.448150822136271
0.534403228027429
1.09466086662408
0.967625694926605
0.321677668354145
0.734923174402915
0.91140600884397
0.710314296621572
0.84551047194497
0.643829202349247
0.78967084819832
1.13832171966195
0.62361300349293
1.10194374861344
0.898654525901777
1.27528770100259
1.2470913211265
1.93941254720067
0.476031134481424
0.890228788630393
1.02587546370276
1.92316960855908
1.42114547002992
0.678120322915631
0.958910391897741
0.863588173550846
1.04747575768364
1.19424858303441
1.07577222897571
0.453713089655239
1.09759965430556
1.08150998492857
0.972286174554804
1.22171468508698
1.19287281981861
0.92774973078015
0.344234943010188
0.461545889211261
0.525139121380451
1.0928009326817
0.910739867018713
0.954244630111817
0.234059068011482
1.00647184677884
1.83820444082931
1.60127728704732
0.865776424341328
0.984855722674095
0.844522294750593
1.02267492335242
1.06378997274974
1.27962392120977
1.2678910679755
1.24598064633396
1.11012713155691
1.0956343962861
0.946769348439664
0.942584582676871
0.896651469168477
0.953760477546048
0.591022617608686
0.628506847527233
0.711405156539477
0.766129416162984
1.05511854875897
0.91860258518806
0.838972955023884
1.38735160327529
1.77743898706617
2.26201992449544
0.896228594807272
1.53024091913488
2.03956432262967
1.87881434266825
1.31101615243584
1.8052018695141
1.04561451982368
1.75013670641583
1.20048477926378
1.16129084118142
1.64899677820868
0.235671664972175
0.0997072249317776
-0.0741247762879436
-0.254377846247164
0.604806033188618
0.132390155564681
0.197914972174263
0.19511704427872
0.349129609187831
0.118572541826537
0.306823571123012
0.515259455171881
0.373698189582359
0.430116000955086
2.89940900856143
2.72538867716464
2.2030372418467
2.37571037855399
2.50423875770683
2.89999146001425
1.82306838745262
2.13517962501896
1.96546330473983
1.7684836522701
1.59436533645649
1.6133136887718
1.62346337984218
1.36969730687988
1.07322331547519
1.30890976131371
1.66183505726791
1.80546980990239
1.11418930508038
1.18950945714368
1.46090014973564
0.727598543050671
0.952915103938648
-0.129391165567287
-0.61577529693385
-1.00051425389017
-0.756554162650518
-0.888361373589285
-1.01434717593727
-0.791562014598405
-0.730992769825922
-0.544380841646784
0.0486157660786731
0.337649308627402
-0.573539667429925
0.784325919795666
-0.868997080834852
0.418681221809737
-0.46169926292821
0.667335204336593
0.628915818343562
0.0686876965724726
0.288711032329649
0.755726663515213
0.67580937217774
0.927052865088577
1.1536289787676
1.24286407938038
1.00036378885175
0.806547674743759
1.45634435258907
1.46224196826016
1.21544718715753
0.730553725759858
0.530388592651203
0.667018857974265
1.08769041466907
2.0029133947183
1.66880944902068
2.1151126643113
2.24751804270783
1.9388484398886
2.12239009868095
2.19480950854794
2.44908533631204
2.35061814664683
2.03972243544055
2.1510582477656
0.854057133619646
0.927121938189678
0.407877605463616
0.652491374713256
0.578513212234649
1.02404937865249
0.558779070905618
0.839169568393587
0.566517685384915
0.769746241500821
1.03848124946959
1.24971079910856
1.30449132868093
0.928578883094022
0.695286164245087
1.12015332764322
1.12829533685369
-0.205609868072861
-0.157566711455863
-0.324851979323033
1.39702589496735
1.05146997102082
0.81827796121162
1.08238976238513
1.00347114600749
0.792537965883216
0.801413812502454
0.655690075523174
0.413185661979738
-0.158754761193886
-0.275112420542482
-0.627554666704751
-0.333328051537221
1.44300260165047
1.60371495040077
1.35895418831489
1.44257712752652
1.35841749538293
1.00577087486345
0.444056739631067
2.0070782885152
2.27365448742187
2.53268095386004
1.3823006484246
1.25376792275659
1.78528586865556
1.69253811813717
0.93271506874261
1.34862259192923
1.12336091768532
1.28916529990511
1.07617397077536
1.25765141491242
1.81648554018945
1.27538781445445
2.43027158429355
1.17618740144791
1.02809113129671
0.883880410525981
0.677594637920527
1.58170520509883
0.110129923940219
-0.1658549418633
0.408754867214928
-0.762993836448064
1.4625460999927
1.05552519126354
0.979066519857709
0.621158779361304
1.49375674502618
1.9398119518829
1.54580990772162
0.782443073213013
1.33932630311225
0.0142132560329687
0.85694507837531
1.16328515409897
-0.226451686662076
0.322078250803946
1.35989870421615
1.45550232161268
1.07040100885622
0.861417769334698
0.453146855853505
1.69374806154693
0.695507932113461
0.459302761753044
0.998296059512138
2.00896103464684
2.19276228291602
1.96591120214023
2.21132810600449
0.619087465252061
0.109354801697251
0.877317871107135
0.996006589359546
0.166278471471372
2.17099993045775
0.874968070766305
0.710753885587584
1.51495638282773
1.11480853202962
2.01174851168327
0.74469451670445
2.28089310700181
2.71740124556986
0.278966068366381
0.0150989881214
-0.370226725803049
-0.269016739845086
0.106895559436456
-0.771870162181852
2.07625127656302
1.95455392030885
0.443084121041092
2.00806364566845
0.657376950036285
1.17256353435529
-0.00467530506569305
1.72941206571007
0.631629983815342
0.983490491385872
1.13121093250204
0.791391824964349
1.13338975093039
0.668690285271916
1.21500809954803
1.09870108872551
0.987782685772326
1.37056245972446
1.79765759314899
2.09108599185118
2.87944083676598
-0.13010186237859
0.780309550795896
1.04631977814816
0.620188796094646
2.12661831122352
0.910397063621955
0.55334964216341
0.585517455162402
0.925272167466889
0.710541006019128
0.699512691208989
1.25086152593274
1.68788455960111
2.04231330422253
1.6949827823427
1.23145783324474
1.33461308290038
2.03134738858497
0.651232476557279
0.294553892180184
0.232933912212231
0.970042207594742
1.10127568713346
0.988321488244758
0.869784154161505
0.561962375804285
0.210434860833967
0.670750241348909
0.959280276897754
0.664038544507185
0.963734309440485
1.16286572971308
0.890674146794717
2.75147935587688
1.21635244392384
1.03804371983308
1.37904079075896
0.973510599105651
2.24871226092868
1.21024878682328
-0.0348221873571918
0.0842025188347497
0.415187260597219
0.207335134386798
1.27654563366014
-0.216286779772561
0.873764115732611
0.938401921267986
0.830590256865556
0.704805211840634
0.966712787675865
0.403271758734912
-0.174389396524797
-0.137622220916002
0.039525669626146
1.09879898655397
0.817829608737306
0.756989503775907
0.984624333597204
0.792519112713857
1.10539802561565
1.1086366176405
1.21391775691323
1.23820625808931
1.22383664014681
1.15217555393258
1.21436285049118
1.18610637582087
0.16544085022031
0.372108587619005
0.901147448993844
1.56212191857434
0.767274478118487
1.15151958991211
1.57380885970145
2.24161486285067
2.10024225861593
2.0811561474928
1.33109298389601
0.921703565860142
1.01525707115031
0.632802956138473
-0.916706644674744
-0.944218981800912
-0.733394206872181
-0.309315367721919
0.596661127935008
0.626917295607924
1.1781028987146
1.05711900533497
1.25286164997202
0.658314345086497
-0.867746240478474
-0.413850349826362
-1.05234322938082
-0.247667713566296
1.65929807129343
1.81013258865333
1.64971017284551
1.31619084448249
1.34862092983971
1.2708280701001
1.27570731203858
1.20157027861344
1.68966613013755
0.802970435850083
0.822718065411154
0.607039899708373
-0.0888994356925557
0.765698138184631
1.85033094474117
0.13437298842103
2.15092771928009
2.16312605726962
1.24669888974986
0.228109563660062
-0.0603377874633188
0.14225924345209
0.537565344533129
0.632841924608687
1.8504184103807
0.882759416634291
-0.0222634779945492
-0.0430725947169015
1.35144177258302
1.1289088302448
0.845841666058989
1.17073371813495
0.234469089442786
0.35386232241823
0.611605734404821
0.853602669657169
0.272426752918274
1.08023266739098
0.893244946402526
1.18025894516615
1.0035049229192
0.289709450720647
1.23409246677181
1.21941531509728
1.53537491590171
1.97801474191025
0.52514191670191
1.1431479683683
2.05694357423215
0.216142636451762
0.0784240230501646
0.348866787969863
-0.126665366619834
0.889721435687739
0.364815339219832
-0.184962465784493
1.54834700464397
1.99989941615133
1.38221045469643
1.55549394682283
0.880849042844865
0.265753450249322
0.220159072752185
1.45387456535125
0.999876967847229
-0.295289305253075
0.146850831822898
0.62883340127086
1.6840494984506
1.67554903839724
1.04837139904701
1.74454285158956
2.20330263867692
0.513481942113549
0.949335416079535
0.54958323570672
1.0916692822955
0.104281685727432
1.54675104782048
1.99131467521382
1.68573448857039
1.04157954126092
0.86529587976309
0.966419091020364
2.52950318371515
0.352824919058194
0.020659073692853
0.438253343844916
1.08731799397176
0.452529022021956
2.02943506683712
0.0965411639950936
1.49270098226593
0.130631212245746
-0.218633942240041
-0.953952692819554
0.341983427574021
0.15747306583253
0.250977853449068
0.949167533099558
1.59166447617774
-0.553238667264014
2.34969076957528
0.887673640260661
1.33125936239704
0.803789331601234
1.499636848759
0.789963962455699
0.451401395189482
1.7767985504273
-0.519973607512954
1.09916392951599
0.852661698929179
0.868837553480323
0.693815678503363
-0.163191783131502
1.80622549503204
1.05171510301091
0.464060338234221
0.858571067289224
-0.276747678607318
1.13326261948011
1.00563784550917
0.00422173675345895
0.807182307505622
0.755461428816055
0.550765331908594
1.31927837741569
1.28480034440932
0.282300455137698
2.43451135615803
0.0722855516201426
1.42883723160472
0.605341945032665
1.41070040470719
0.454840968611752
0.328792285120462
0.0979428039838633
1.52046862344437
0.595901210784849
1.2720230350507
-0.00119641121092314
1.86889157527012
1.9271722510325
1.23849394736914
0.927819877234777
0.779116082420459
1.66363607422969
0.704775454075986
1.07678981060193
1.75854318488746
0.141305372248001
0.840852923725779
-0.0638193472679627
2.30240497651892
1.0044476965878
0.161694379745355
-0.0602584260129389
0.0750384116609816
0.37205115758616
0.866875737231843
-0.300557965437138
2.39269930092114
0.78923762520099
-0.147238322861997
0.931004028603555
0.0358013997083917
-0.59836656541308
1.37416971267068
1.48568829930711
0.952867272700569
1.13002195366106
0.933378381776894
0.620962348773849
2.2590005302288
2.24021601903417
2.80200975319239
1.32818201360663
1.26262429287251
1.29942235899037
0.662332746767634
1.10476094606589
2.07141901880856
0.733797079734161
1.3257405683652
-0.145746510391711
0.93358092967411
1.92123221107847
0.221858306835535
0.727965227814219
1.30356268618187
0.211736776356996
0.107170706264888
0.422464719881881
0.302671382513234
1.75190013004041
1.33397814177699
0.598637185861537
0.544229715304055
-0.467445966929613
0.819877317175044
1.46485253929517
0.0405976373701795
0.468155972609585
1.14576388246447
0.706774236280756
1.82879303494574
1.19185285185918
1.28976211235099
0.0198480339415001
0.86593727012289
2.68524461873183
1.36899964068796
1.86124393298488
1.7410990353908
0.848344622864377
0.145918976318228
0.0952057554756575
1.52015450205904
2.46996057549719
1.99916818473989
2.06836640664812
2.06447378644732
0.521593525598236
1.12918463259987
-0.111752646342886
1.94021546084411
0.417330927951273
0.239991768638149
0.314762966677173
2.57991025119369
1.51840388962567
1.91341472556056
2.0788300889656
0.70764454063448
-0.0434776782763465
-0.419092239772814
0.732531022108701
0.75266550963705
0.638118030819967
-0.00532160248843987
0.188412389568632
-0.0134025904758338
1.27117120191556
0.644814855687143
1.17866256197116
1.00777774137642
0.640223107176478
0.595490809106828
3.18815822268686
3.1308577478493
0.336361002489679
1.36068324444485
0.0506256893944561
1.50635853578938
1.33786095311011
2.0077135482001
1.05608446644014
0.00202599777086029
0.122410992104826
1.53264889244242
0.105060994775242
0.268259644941024
-0.905538755615889
0.832723157683135
0.801357072274588
0.0255463120885562
0.583210197270911
0.189934796040951
1.40596696505368
1.62791796255679
0.380891487037738
2.68989282115263
0.823735927373513
1.07512508504122
0.924861080914116
0.609483303402895
1.87247161764702
0.297561958742062
1.45470367665418
0.334765163478254
2.10784069681319
1.22420299797043
1.83640400484117
1.47218801046785
1.44120354263664
0.893483446384968
1.14882988348054
1.11844796008813
1.3579258622369
1.00385110628495
2.02947776994693
1.02104240366726
0.347505917187825
1.76392702532986
2.05829625397771
2.00009406677962
2.01076877714822
-0.019850198516073
2.3859360806653
-0.0583916631055587
0.2741808519761
1.81326752500354
0.218460422787472
0.350626856742709
1.52169734280223
-0.998441086370462
1.11007287568774
0.84948619419532
0.34784698324787
0.601317365413592
2.98441483564513
1.0774175132162
1.13469329917177
1.28661146071793
1.86314604634668
1.38323458414383
1.18065991796671
0.510733062662794
-0.212532439220253
0.627797711550843
0.283749448229144
2.0340683549093
-0.887949339231367
0.214472404178344
1.18591721580166
1.19967499012791
0.603578638823649
0.811657320986503
1.70385194899649
1.95404175697937
0.991992821772181
0.337251564793201
2.00346852781527
2.1634647854895
0.707198458399394
0.761128818808131
2.11570562234437
0.890028258901007
1.41461780254907
0.673010850342316
0.509446593982654
1.0241297453417
1.0960412051066
1.45329922432624
-0.101524649539782
1.06859787081645
0.716679106086925
2.033928101422
1.55153552048827
1.92873800718728
1.79557070037003
-0.622067715898024
2.23592730438968
2.03378855867518
0.713925621226437
2.17088209704674
0.56699848902114
2.04170537417022
0.0393420943145875
2.23892575622739
1.72091184137776
1.16858401390669
1.4609541353093
0.766957581242554
2.0176079954486
0.722611013028107
0.448553394121841
0.553902912026897
1.84970477900832
1.92638591054464
0.307090039490313
1.57161521904768
1.98339893053197
0.909207727841184
1.19164847592781
-0.624002260092809
1.77014631918551
-0.480752936736164
-0.0290728253126985
2.1500114710961
1.08792419441493
0.821736057760195
1.2115393828234
0.814888324339514
0.0888125367042863
1.70643652435951
0.626617257017319
0.57154696964057
0.290952715890796
2.75054738566242
0.157939875686549
0.691268503605144
0.686320352398392
-0.316324789809088
1.20317689855587
0.544817647671326
0.469671137813877
1.14475681289927
-0.009467869247449
0.953709071319653
0.0784381448834738
1.43906047575935
1.04614027184622
0.829187502120497
0.927841402094964
-0.0211281795658172
-0.178564993934456
0.564033718815335
0.271726090790064
2.082119005905
2.77942185956996
1.3126592334582
1.08954330755604
0.755674624271429
1.53112250699115
1.85067268716729
2.25897612341502
1.15514449145002
1.23905543949087
1.18267068148684
0.863954334992173
1.02494833499596
0.713286032855537
0.513995712804607
1.05750687455946
1.00859096507612
0.398231403433995
0.849427824855481
0.0339124838454558
1.27636628953017
1.13656310628335
0.167264668573849
0.0407031989045408
1.46858685207555
1.39198879155216
1.17525450918896
1.42043123599697
1.09860491883313
1.12336123639422
1.93994726561943
0.357757086106361
-0.0369091773670796
0.912464363678227
0.79451921922587
0.995615167969286
-0.0220093524762318
0.845017170398941
0.0688646871810305
1.0311346209836
0.81012374857273
0.904868342077243
0.232381754016888
1.94983572054444
-0.00137538356067726
0.182919913505462
0.624197599399252
0.231750130570932
1.49110231298577
1.80602454560003
1.46127448249502
1.67553818072979
1.55366514188799
2.25597579367979
0.997712203787142
0.838679969749779
0.740988967895744
0.771426538024785
1.27234817581649
0.472769833274142
2.23442280721798
0.808907838309713
1.79413052413394
2.1879487404046
0.432537875345694
0.782938710149328
2.1627728363568
0.969449395770904
0.649959838717359
-0.129420837810783
1.93474005468258
1.14571216393729
0.920565395298763
1.00929344038837
1.7659101769105
1.11680958142952
0.927888660321182
1.26518929717906
0.505865780260142
0.194319164824913
1.29391815430417
0.592517507392282
0.825743694875633
1.36025094704768
0.711065677193114
0.76469745185273
0.852224513503446
0.950472833522076
1.27223281930251
0.269047458774439
0.417892396631048
0.2776463137655
1.01048140604577
2.17034058376799
0.421472237317264
0.896993441898291
0.200253282631918
2.0877118691309
-0.0215963036195557
1.85898800129831
0.764576810584462
0.944012138350712
-0.213782594755417
0.139612246564526
1.08913885606805
1.95477390542531
1.53448249879211
1.14661597757897
0.738734948084829
0.353918906730686
0.978880226429699
1.72422755064563
1.43120507794722
0.258309755755594
0.720297127417958
0.98337611887109
1.98141037529105
0.503210542417393
2.2712413316533
1.0485596537492
0.704638381526322
2.05633386927838
2.26328334260949
0.118376772322559
2.00016624348271
0.427821283383172
-0.733449984628298
0.874929680214726
2.11051572536291
2.04508211814638
0.438929263598731
0.861423675970499
2.56133817356309
1.43225084467798
-0.325291566856589
-0.14079626453661
0.900708572023907
0.766703840298283
0.363829992287671
-0.507201882204957
2.11467798969429
1.67845193579632
1.19422666454127
1.25635145753275
1.41902068806367
-0.199179292793201
-0.237925171557057
1.59526627302605
0.280312487820494
0.149847391624989
0.253044037337988
0.906229902271
-0.626814275409078
0.627860394781509
1.19925108457679
1.27145075851043
2.52265287831936
0.838543763889921
0.964264736342424
2.12620231747155
-0.559194563533045
1.41007006589908
1.31434053458687
0.887531527345981
0.978108255696881
1.31885548682578
0.218821031456507
-0.260692641057453
0.79021224689593
0.909667624152675
1.94285745847442
1.72677714982335
0.598458020065664
0.52370401255552
-0.247964996352455
0.794302134720664
1.90061379427686
2.23055374726772
0.921494703453758
0.855767527814989
1.01270301834652
0.995687259799905
0.782319439211469
1.2928624545513
1.50347139155003
1.77004267459361
1.31021658671851
0.870139141467301
0.921506372507449
0.970465410946728
1.04606994435087
1.15785027128807
1.20308505933977
1.05121987845604
0.982444982201424
0.922055726533138
0.785861308405201
1.07632053911275
0.499273890804805
1.16834896710989
0.962798142185147
0.756180754918676
0.628689926517168
1.66858401124883
1.30588675193771
0.876674165011567
1.04644830719475
1.62332735224825
0.920039129934953
1.10626993833764
1.0865100223629
0.523908316307726
0.865893733432112
1.02953473807443
1.6647951672689
0.775441451658847
1.40673999509838
0.704059029586772
1.77591152692043
0.969397333179008
0.603934720454244
0.589134340823023
1.15433229325471
0.747403512908565
0.940030400033301
0.986905135028013
1.09940568061269
1.50601480743929
1.00670642929942
1.22789348810612
1.05433802224317
0.997668435659055
0.916058698699954
0.971757728674177
0.839754734571273
1.1088995521052
1.00309378060764
1.66553189463501
1.26217425624299
1.29858859273502
0.912243659526075
1.16285130339829
0.822287841671246
1.02287906416049
0.951402770209388
1.19440203852611
1.01799316075838
0.726195082824642
0.884304529797312
0.829813810131195
0.896469275559014
0.94323650050446
0.772995500326444
0.860178079635409
0.821994650501774
1.05861011589921
0.590819375883167
0.755511980288029
0.993433279445136
0.9424048572894
0.544190131772097
0.773701543582737
1.51861772825714
1.10148260147149
1.0115341986163
1.00201406174702
0.863893145651474
0.863312754769245
1.18837808676165
1.51485782202665
1.42253092231388
0.966127554244613
0.994818265271746
1.81944508881506
1.77047410844009
1.5189602894049
0.997837755108766
1.03737950479085
0.922794868715945
0.770689144938182
0.751640982265952
0.94800283557455
0.96382374738756
0.835372488634465
0.73538750575108
0.824067001463159
1.00084524521583
1.17680237441979
0.988869175478784
0.963538039878634
0.980391685766496
1.62720298960108
0.484880627186163
1.1659796577572
1.09049899078427
1.7432689645876
0.618127159865281
1.43918106967748
1.20848148567934
0.745279062767847
0.762461038468692
0.650670168007648
1.06608400969611
0.696545269333683
0.449677384179534
0.536467569591542
1.00483646173343
1.2330054135517
1.12884088266844
0.80906448111654
1.06784251641461
1.79129154421975
1.58475909569977
1.44084941210384
1.43352763258531
1.19958186929416
1.25847777152206
1.11280550173176
1.09728547330501
1.07295107299048
1.27285879106431
0.913458052685995
0.916234641575537
1.06101695806076
0.966138993683436
0.727102306235107
0.95843408112557
0.99462535054783
1.03353760188977
0.565912732376285
0.53315335514704
0.506607416344877
1.57769798117822
1.22798934091841
0.838712546010339
1.03105317904201
0.906147870431989
1.40054523337127
1.01213265380089
0.764965879906754
0.975310341974917
0.767026135524824
0.783877069929569
0.831576163693111
0.583306360508561
0.723976291355625
0.823601135642492
0.80657588338276
0.863422416440134
0.835878252332444
0.832189697548481
0.935522844857572
0.955252309880855
1.65813002678139
0.73274546254649
1.05956277158332
1.70542213224588
0.344578960653196
0.595935268161095
0.752254107364132
1.17615871663941
1.21452632122267
0.859136494514543
