0.958935895262045
0.648651964984526
1.17543180512162
1.16401203972376
0.606489468990195
1.21755860683253
1.40939230198679
1.45830306621104
1.54090620803757
0.192492912114118
0.894830521775653
1.01744063753351
1.18295436915263
1.28853655274412
1.17156404471626
1.56288351843659
1.59227387906745
1.64670277371362
1.43281283406342
1.22994403969504
1.07733400826113
0.662483094667898
0.942680529514674
1.4726222723471
1.36264174729509
0.744065126649965
0.573710304962933
1.20759964806647
0.66205797101519
0.464560709883422
0.87652635188389
0.668429572532124
1.17914812681227
1.13244845317298
1.05136633356367
1.49203887082303
1.66797337951772
0.947395789528495
0.716779228622628
0.844918488598084
0.787164697711973
1.22626030439715
1.42907195018759
0.605318751205714
1.29439326962623
1.13619556204196
0.569618100169138
0.616149512037865
0.678279771350194
1.17545885922581
0.612843142961879
1.01986419596225
1.38986834789666
1.22211214831974
0.802097059739554
1.34481835079755
1.48834235568225
1.22373316296525
0.650641448046914
1.24941381402156
1.56973308847012
1.17990432702209
1.18970796109211
1.28903499555773
0.0945150484527195
1.33650783234327
0.611566071045167
1.53578547168244
1.43354995919839
0.643290976088163
0.655596931106849
0.696787352139208
1.1520626581551
1.06563372960488
0.581418214401752
0.870580380031531
1.25503696643522
0.785751864989739
0.857676291551059
0.713279793228593
0.695082343684431
1.09507124655255
0.667939765174079
1.13751443006254
0.958083958793119
1.46629423674966
1.38399753240626
1.66711446249072
0.756959645878949
1.08751461532872
1.17153396742706
1.63953004951741
1.32102317994351
0.645564526706076
0.904908325074135
0.787608757378572
1.16660756628081
1.13940125697596
1.18003452687381
0.613255549248219
1.43825101329256
1.15764159975421
1.33986335572294
1.49453494629374
1.31222387341063
1.19925508523181
0.572316628754962
0.648007288123433
0.643788768352554
1.26976620034685
1.1879090811829
1.22833348379387
0.384378900688705
1.1790822419199
1.61652175628773
1.50138180677602
0.910031715054163
0.950754723566993
0.859718343334913
0.974383504222798
0.964317805238326
1.23372430935074
1.14358344143138
1.17308700888236
1.10767111648154
0.98968291824816
1.03715598745201
0.831712627655383
0.801291200466913
0.97919429211013
0.7027660883014
0.677972175624264
0.876504205848933
0.730195002877852
1.04876214150797
0.88896177775411
0.992703424706173
1.21416773308691
1.85613443602359
2.45362006628619
0.895672260094269
1.37670207831584
1.89887872667348
1.65502877982924
1.3944678020502
1.86594476693363
1.03788367636669
1.62739970459693
1.0590251642068
1.17911921599107
1.55656474523542
0.0989414826992071
-0.00440170404456314
-0.102849713902455
-0.144570341408153
0.627277747314063
0.386419613825101
0.38157837938428
0.16461684489494
0.448383528741112
0.241613347330838
0.464875585376633
0.412810173598976
0.360375936504827
0.594036421734459
2.85673029890949
2.79425946819036
2.34195377596948
2.46979361393482
2.44256390545157
2.79340230976988
1.91658782792041
2.10404727453544
1.80489608610464
1.7543063249663
1.80389520594184
1.6998709723074
1.55460414534226
1.46288069221903
1.37511475474044
1.2391308952231
1.54858313055102
1.7006871096557
1.34021777485751
1.25302855147857
1.36489921384364
1.06832112787972
1.16496246547162
-0.033910964917262
-0.524329229348897
-0.931930700858626
-0.758176300974069
-0.764623844329303
-0.966418315822895
-0.717673009915239
-0.679202408309452
-0.450094504155766
0.191050022070951
0.225737275029227
-0.535608872045354
0.610375109640596
-0.621604200670555
0.556224269555802
-0.108450679745354
0.936897763746437
0.641419887223316
0.215005355891295
0.405236028364135
0.530853038841691
0.541810286672052
0.84563013141742
1.17132453629011
1.18946526268648
0.944626239092088
0.811585534446794
1.30538918565637
1.45970853259591
1.09617513386675
0.690602684708084
0.702277614963994
0.977739291742742
1.00274819183258
1.85163339014064
1.96815784361135
2.00140863434321
2.09861373972391
2.10075754155427
2.17361648032651
2.28728966954817
2.39304078563949
2.49857984815508
2.14869081284748
1.94325367810195
1.12314872986489
1.05723700710448
0.699947402064506
0.856957560690717
0.868482199920791
1.10951014895913
1.00170997475671
0.917352541285362
0.882670986065869
0.8137682244261
0.900225142041552
1.30035175569799
1.1280552009946
0.931350855012141
1.04921777623285
0.985212355181954
1.09891868590118
-0.149703346372307
-0.136819824467066
-0.223418215784316
1.41330507944614
1.09855286613075
1.07257396280298
1.28923539420558
1.22391902251356
0.96660182282259
0.990197807868614
0.735452837948826
0.416619172825964
-0.130387724938754
-0.201446445305871
-0.577755113870334
-0.326127498557873
1.39459808494589
1.50863454267028
1.32523329129683
1.40499934064029
1.46466015492186
1.25248043674163
0.757753626644872
2.21335207410778
2.43733460617872
2.64372828657146
1.28922120933734
1.23014131809438
1.55559074676673
1.48166915926116
0.850754628913213
1.23416627141415
1.08190957887524
1.24362447871356
1.31110231819049
1.44556764756432
1.97812912685583
1.6613733773857
2.43505007998521
0.994368114953849
0.84699141451011
0.719008266945456
0.767779073300514
1.58333584667923
0.219034474655223
0.0119806191469842
0.522463452076345
-0.649426394143
1.56260337484919
0.921601349355158
0.790818428900057
0.582336684111963
1.28514888764664
1.62291989052315
1.33405261552228
0.730788413200022
1.40467206015385
0.121989232549015
1.10772497069312
1.24350996274656
-0.13145104755887
0.296354311053695
1.53940026414587
1.27764708883387
1.12077582981627
0.874169803339406
0.599599453136411
1.46067848922122
0.599930969515486
0.535476509970926
0.932262925460233
1.74158201935263
2.22969350937731
1.76594802602937
2.2208643065502
0.65509503726588
0.229179668936141
0.942095924038746
1.15314698613238
0.306692619900036
1.88466355095472
0.942681264901196
0.950195888696482
1.59109455312797
1.04394407128289
2.08524127890604
0.644185181686317
2.41486723665422
2.608623536416
0.131781872015503
-0.00254178426725568
-0.291555936307178
-0.0960899545219593
0.317121794813372
-0.677064682532538
2.08841515806611
1.94052336756587
0.503281690246767
1.99752418977307
0.974515517493436
1.32331147311694
0.199479686793651
1.83443695859417
0.687391870622988
1.02927459003803
1.46889940645765
1.2640378216872
1.10942855644498
0.963681618988405
1.23377460257503
1.10045923726011
1.09311891142957
1.21222302208914
1.9420769939846
2.06615008810221
2.79909089140514
-0.0168232661384141
0.891488846067546
0.957694604199346
0.776409321260876
1.84728046587925
1.2151296955448
0.492717176641559
0.644129844267798
1.01654674420133
0.803764875683821
1.10948554129342
1.18412530638222
1.40584328560702
1.80846438533403
1.67354115992408
1.22037552532324
1.32726728216367
2.13633209614444
0.795897203908044
0.599651854206483
0.261044553462683
1.1736141450526
1.08514679450703
0.937010450196717
0.819922948505155
1.06905045257503
0.400332486631229
0.574268244451716
1.01111530679729
0.644731571013645
0.847392013126846
1.0205578377782
0.989832338955329
2.62039944422534
1.26947527765807
1.19813889640106
1.63440160738172
1.09896604061066
2.32826501490535
1.24526296571986
0.127841728660924
0.29647008563514
0.541964957619701
0.292803720621655
1.24016467505506
-0.181816177339074
1.11164010924406
1.06968649679051
1.24948479063725
1.18016323803925
1.41438417241692
0.472386461714256
-0.102266328674212
-0.0463884137453777
0.267302994410336
1.34362786318899
0.75821726931861
0.547144583009737
1.02693483230866
0.685653216229796
1.47732381101071
1.39511373534665
1.6744466864904
1.09912968426356
1.05630668694747
1.10264424716162
1.3152284872532
1.18175774322195
0.0531849481505121
0.169448627578923
0.798612030305209
1.41389628826936
1.08223092763972
1.18634617455537
1.94769168146186
2.40566564625292
2.19861137131302
2.04717269598571
1.50992326896684
0.757689979233046
0.856702081495532
0.622203911186032
-0.826785227478292
-0.861529218917766
-0.648283619396973
-0.308724953697127
0.422696765528643
0.604952789423537
1.19110984525838
0.941147886984306
1.25853110068041
0.76516905794034
-0.797319489307492
-0.332525966254294
-0.944536586737997
-0.133367119793659
1.60552326839719
1.63917773809399
1.65969480774049
1.39289575877283
1.45680485762022
1.46381249049912
1.60726199213094
1.55463851129309
1.51365490056326
0.757163100465904
0.923748169238924
0.521217366240697
0.107567122131158
1.17972418411142
1.61539637761209
0.100830234005674
2.19616850271055
1.85196960170803
1.25116049771136
0.430405536432976
-0.0788659842873957
0.383730762975071
0.572221859003156
1.09802565010432
1.58965220184746
0.912415826494695
0.105694471630255
0.023780510655911
1.21272805697109
1.16460538279156
1.11995296762717
1.27843931806918
0.464985360800372
0.528045559995133
0.678987230433106
1.14085787280949
0.50975593232776
1.16013607892368
1.32313545481903
1.27353443371525
1.42609123960267
0.46759905610259
1.32242613492515
1.10617526244031
1.40038585029287
1.82831628609153
0.602426713674596
1.27394220843416
2.07828976978954
0.531032681790508
0.212266158246907
0.461284123936158
0.0516128997591188
1.01656435068843
0.425954015911553
-0.151778820264668
1.61524774400322
1.75251808441565
1.54126467383958
1.46790822755972
1.18838224815976
0.44803355719179
0.235290939316065
1.36700305274189
1.22152657892549
-0.344380978294447
0.116947933198606
1.01030614311551
1.76287735692871
1.59685480422216
0.981609495887625
1.63783533528024
2.19554340945731
0.516558306341867
1.22907656609393
0.597510590537933
1.03719043739328
0.0192886315904562
1.30078076007871
1.88222275014517
1.40334070091782
1.19623187748607
1.20397047241934
0.930492108525428
2.38334280229046
0.548992248072064
0.198988389083287
0.564698959607981
1.11650480797822
0.416130995635281
2.16462048850247
-0.0361358907816992
1.46997962156179
0.157881367091621
-0.192438745861616
-0.77702874474856
0.519862599335421
0.131826305371618
0.493811683353174
0.625320797747103
1.52665130531406
-0.313676219164332
2.18787300842853
0.69091073075809
1.42767853680865
1.15233550398346
1.68865571016881
0.520736592376323
0.516166404345282
1.49478680037685
-0.405034713680315
1.28027685047608
1.2513216688758
1.22443059732711
0.759633101181987
-0.0149360688562153
1.5988495112219
1.01940303166452
0.593987904574934
0.838843644778193
-0.226420455710722
1.32280741268377
1.06561865605495
-0.0171108658919638
0.758765836937631
1.20916784307002
0.59400731283318
1.2715181891164
1.21812934432494
0.509934304179497
2.60025962020995
0.0726563623890805
1.52392984502685
0.679728531939926
1.5314472205227
0.543817909219405
0.44517653496485
0.290545183026991
1.25445307280026
0.702835598856732
1.44477412827172
0.147808022980229
1.63346642695462
1.77015944654552
1.27946418717171
0.923571246177648
0.783323743368608
1.67320825744254
1.10459799743575
1.09799414172557
1.55241247024446
0.322549526209287
0.741278393157337
0.0437558166552956
2.39733086766709
1.0487870249345
0.377632946644663
0.143489436800584
-0.0106757580140556
0.453038928805877
1.01977872834322
-0.249683876816141
2.27400769320889
0.785501084495931
-0.0218698374746275
0.90539240714657
0.235365634512692
-0.581924493034749
1.40829631628431
1.71794055250791
1.19016742356503
1.05635741356401
0.901773077848597
1.07899711166507
2.18258790862849
2.01379120524265
2.70964924319411
1.55876685296816
1.38078633128306
1.44277141605458
0.765550400072073
1.06692530068611
1.78271488804659
0.754167641911446
1.18687824727521
0.0135229628626731
1.01661367501869
1.75019755291956
0.47341709783532
0.938029079389612
1.30945438529497
0.337124630020453
0.271958174881875
0.571145145946926
0.32913130788123
1.48149016918929
1.24060497879174
0.631872944100645
0.71450948531733
-0.479123417072731
0.860218275815304
1.73966316120999
0.0994990769120059
0.499265008726402
1.34093766135496
1.10167797819395
2.20862654299098
1.10616357775672
1.2977388753697
0.218381986191246
1.02741220375766
2.54976900254417
1.31850494171633
1.5944777139231
1.51020275925204
1.29476706850899
0.22281385444015
0.275717574330658
1.6011205910789
2.44121696477301
1.91874199617335
1.91548000286658
2.12423811458163
0.57372301555538
1.07862059611341
0.193858791160921
1.68608427267289
0.748927184087807
0.305437560629708
0.411609167522057
2.52296151694571
1.52187724993399
1.78416599862222
2.08859735412328
0.632877435371385
0.12622488276881
-0.283532510375559
1.03508872514441
1.06211536094173
1.06363662673742
0.0420596027306619
0.189068054201462
-0.0369748879539934
1.55754165573903
1.07149270272301
1.19669371457793
0.816588103699959
0.61843528355728
0.590835065150491
2.98602012970843
3.02644629311463
0.542816222157379
1.26438639399761
0.132718561550493
1.45716321811852
1.13614646105046
2.06112964768918
1.19699651639947
-0.0562579230999147
0.152554661155167
1.29951588968484
0.229260193633769
0.445694486139314
-0.777224434867927
0.724577426339993
0.886756428784243
0.238918928790636
0.717105439725251
0.410820001207737
1.42682255344323
1.42106091829108
0.498440345950538
2.68578776318883
0.805200645398523
1.20743939710695
1.17938396512859
0.968325376227218
1.62076543986965
0.32776754601512
1.46133668069128
0.53631194116554
2.06655517608691
1.1860292668403
1.8328257593828
1.62924240707908
1.52219461805255
0.923967894116108
1.22632543567657
1.21037282311286
1.36759739294733
0.978093480957809
1.75406675290176
0.953389954204844
0.17066378413258
1.48352981493777
2.02191289237488
1.95283104501565
1.8873980951285
0.156731050309786
2.34933345012144
-0.0301739819460839
0.479982851267704
1.53847620551855
0.333016898450498
0.268192029961398
1.28168266756071
-0.86173156950063
1.48017814364347
0.754125509034088
0.453910154654494
0.707432888778206
2.92802314548369
1.48852852435445
1.52958483461515
1.29997961591863
1.74681206307687
1.30341987371584
1.31402630326585
0.26602391193107
-0.251895251766242
0.639038272987612
0.453449650833523
2.22868654877207
-0.796447787280138
0.438583699511504
1.34755200184755
1.60387030768811
1.03152201336087
1.11964544890486
1.69430558064875
1.74607393874089
0.988855378021833
0.562820806102575
2.26193536510891
2.39495567199202
0.967938546905611
0.738272213854181
2.08565688708644
0.673177645612231
1.36233159021478
0.619090775844701
0.623151009323737
1.12822846967386
1.15906971174112
1.36541672562087
0.0495597719444316
1.19280634742551
1.04851137286035
2.08040542010376
1.49809615635918
1.94894625605717
1.65266704222942
-0.441150288846448
1.98670673433109
1.99344594623191
1.05198832855024
1.91978018279616
0.62177081142311
1.81280592480192
0.248956563283009
2.23455306900276
1.61497802583671
1.1845881232134
1.41811880406376
0.878700368715531
1.73613384569628
0.730485103859362
0.58414538735656
1.03328615669763
1.68946207857469
2.01598052392929
0.248099726226107
1.40282884086869
1.93725307031234
0.858067669406138
1.2665300888867
-0.46054003132474
1.60938940677703
-0.416059849610088
0.136036887972099
2.1518222699692
1.47487855245184
1.12449304538292
1.2001212480538
1.1759908203316
0.0769979737710416
1.51716539371524
0.700141694761897
0.633044299046318
0.538747749486303
2.7827628079054
0.0772970347435701
0.868595639789698
0.65650217944609
-0.302256923475485
1.29462815300736
0.543832285740671
0.507573506563629
1.23219543891671
0.105775947840509
0.91290577713822
-0.0412884278479716
1.42769650975414
1.00855322849506
0.883824261251583
1.18229628503193
-0.0557366603637417
-0.129740112078329
0.581019034500751
0.467797333151447
2.07310419945814
2.77303847774957
1.25698010945083
1.21069981118936
0.859834668610984
1.40570204229176
1.65690626503576
2.41939744317725
1.1106409242916
1.38388432073042
1.21752891846555
0.79664280783078
1.06644506396918
0.642210360314572
0.707248647864165
1.01368923193615
1.15574520830382
0.442346910241001
0.724197012404117
-0.00992880337399684
1.20535013641951
1.27710699388078
0.303529621781149
0.106071450016645
1.45674846600116
1.46146428140052
1.34673937618763
1.27372749837635
1.15707951276755
1.12168902714055
1.73997320985288
0.342736874988177
0.00227189400735157
1.12402632543973
1.13185466900444
1.22040329398245
-0.0950320890019981
0.731472631258593
0.194323929757809
1.44227021626347
1.28422553939601
1.36414605521516
0.369253376290547
2.01481728883424
0.0792930166918557
0.377185248864423
0.826296155271346
0.469062262132279
1.78715499257293
1.78068287187258
1.39668230295174
1.38927314666362
1.44079337297472
2.2649483053143
0.978083146854254
0.817578340102324
0.707516539499256
0.786481543298714
1.29753335692396
0.794297613261671
2.08335798487255
1.05370709203551
1.53738196601667
1.77340566244887
0.474306786476527
0.909613064174144
2.12973264470842
0.986215279453427
0.610947111413547
0.0474325077257849
1.79611413622856
1.21286719624619
1.17119630553295
1.12877809504099
1.63717060200459
1.21582846079241
0.853621258365691
1.31444403630722
0.66684629914096
0.334281108176985
1.12033993039473
0.974185391669028
0.818193363343988
1.54245534770511
1.17415846084694
0.854910776909023
0.773928249202966
0.669970604441816
1.20795939811433
0.43335276591158
0.593170075317096
0.467454436939336
1.03542107334898
1.88672973448702
0.519216123539457
0.835611409183135
0.46270089925859
2.2309944922803
-0.148708338673825
1.62033123594938
0.800178049686156
1.13516046380063
-0.100126985993932
0.304215832852121
1.20342400804509
1.6975262319707
1.55806949959424
1.08361043779546
0.886348621492514
0.511895440257898
1.07547181270956
1.47433638474856
1.47948300040129
0.340828240636648
0.832938847003884
1.10420617530789
2.1676407734655
0.582107575677423
2.28073299200874
1.25338131289123
1.14512734382189
1.92853664621363
2.11239212484145
0.344915077984712
2.17779765831004
0.562462480571635
-0.412861294928083
1.32701225056466
1.84971932841622
1.75696565884909
0.655946398307532
0.937680299482211
2.4521295245794
1.21889145426211
-0.0875502109866282
-0.0882678733561293
1.21232458890913
0.67020653011283
0.534692038428448
-0.482025676993405
2.15103483010746
1.52770627224658
1.1627416343237
1.19207967092733
1.24027078435767
-0.173309111036961
-0.122727990281401
1.55119531480264
0.52012949059442
0.376505953990135
0.483706182785185
1.17368919038652
-0.620923132749376
0.739738161741951
1.52158567049375
1.59905268799828
2.52315140518445
1.07602355502558
0.965702688167531
2.23147444626688
-0.433854866168294
1.86974042180744
1.2692024277277
1.15449045940668
1.12672693373985
1.49683104160686
0.0890860955342544
-0.327556962298295
0.892201711722782
1.19965877963038
1.94705367715821
1.69935193358195
0.826669190570022
0.837276957990346
-0.171963579515296
1.05953565989937
1.72985326920496
2.01595930603262
0.897728625225547
0.877555621630647
1.03658091758668
1.03960412844015
0.869667127438893
1.19638054246379
1.35902110220893
1.51553114716494
0.919058859476427
0.958329068387949
1.01201917479956
0.998091045361291
0.997959956734755
1.05258532722976
1.12521737538857
1.05369821802477
1.02763155723012
0.945032149935207
0.911390744909772
1.15082895850802
0.517830642189253
1.29191059513443
1.1499553480314
0.823587762735543
0.776691471327081
1.46944599797535
1.22567623052548
1.04390646652163
1.21409895172137
1.37386408082086
0.865279458632885
1.14927049965652
1.32498449598779
0.75955610439912
0.981286287664698
1.07939735187349
1.49481482916272
0.732649859086398
1.20434106829229
0.891523364878128
1.32982769489658
1.23231032540725
0.820154317604395
0.792180535475594
1.33257256239492
0.835767797186105
0.935336133870061
1.10697774725639
1.06421866678979
1.38867570956253
1.17717461312692
1.14398724913342
1.09313762022526
1.00025287203737
0.836034672511694
1.00687254293045
0.891819324303734
1.23921413009624
1.07042062799282
1.42569571833048
1.12481058035242
1.19693894942197
1.0212337317434
1.09569077407615
0.813599393130608
1.09493821915886
1.03442017972146
1.1287885157975
1.04675106846435
0.736385097166709
0.960130530852983
0.863348186976108
0.974455448368283
1.00478301024105
0.926346638001883
0.954108205206159
0.942888942237107
0.721734831728402
0.812079734982563
0.911262251039661
1.1325512192774
1.0740039977121
0.731900192329388
0.886248049052873
1.27799987530172
1.01190235405456
1.28910373139051
1.14556283464769
0.797472689672152
0.83873659162448
1.07021697197304
1.3867440258062
1.30179500792795
1.03720186058297
1.04244255088541
1.58551089632268
1.55393085215682
1.06328664869802
0.985939071419259
1.03709840531715
0.891930432886889
0.885720771631445
0.890341658898023
1.1833375526839
1.15922680540822
0.959134871364026
0.952447005324527
0.983382803062438
0.987043195851772
1.15550446908634
1.17817322595641
0.97548527841137
1.11378940983733
1.47585381326814
0.700157767382281
1.29007366909698
1.24979572491625
1.48230420427722
0.74207250402087
1.23121480288172
1.38712922060051
0.827453191782072
0.820838605759892
0.828086418475376
1.10328869858401
0.737823236122481
0.700448389429776
0.769425819740876
1.2219150604912
1.17210573699313
1.39260635344691
0.729179794131076
1.10996434142779
1.53652373817651
1.37973248024118
1.29474041756985
1.25452480009003
1.0961546435737
1.14077821636911
1.10438510980128
1.03438098268139
1.14999929816391
1.20084862250872
1.03391230296033
0.999197646445066
1.09083705627486
1.02912727886624
0.690997788595046
1.27073719369135
1.15425624886085
1.34244367631045
0.772956406485472
0.712588636054563
0.714520751706244
1.32410723216372
0.942973768665884
0.969734023486327
1.14412422841059
0.843576986762538
1.30366655093913
1.11242080005347
0.858542726170111
1.06079050827847
0.934299940868286
0.948555885882461
0.963197869463995
0.805366925850546
0.89584490240185
0.767476902523249
0.798539792440452
0.814163131655425
0.918769644871669
0.906659398272616
1.00394560631471
1.08861103066165
1.39624511674141
0.857838836598149
1.10295211176862
1.53319720992166
0.397380281956782
0.360378570423101
0.567498764120042
0.789002519647578
1.3511514774831
1.04954485380094
