0.946700247605585
0.619933624710062
1.06945793747247
1.04742788844366
0.361256859966914
1.25977051263362
1.48859425647289
1.52448528426802
1.55525564602225
0.19944407472392
0.732987380986513
0.87711203650769
1.03914965608962
1.11786165448986
1.04950069693202
1.63209392489554
1.64072919213209
1.56272229902979
1.2462145462428
1.04029852441463
0.984673693063611
0.474368112899376
0.792773383872519
1.18487373868921
1.48198483046433
0.76392562759933
0.330953874515045
0.916141283649331
0.499757470192552
0.512877767715573
0.801622521765739
0.663797060620332
1.118957549904
0.998998964711863
0.956002062231785
1.60606327096852
1.65196465566305
0.913234094323815
0.66788683522629
0.872755853873471
0.632906199022364
1.26855228249941
1.28207710415791
0.382340240903592
0.992064030114199
1.04050872463124
0.438945238775308
0.392107223492032
0.448388085124913
0.94407878120676
0.411906274941775
0.998085095884605
1.06841331934047
1.25968423529427
0.705081061337064
1.22053851574494
1.26946241440766
0.987987250930167
0.424294479549376
1.0041898600419
1.43019736569082
1.1045679157987
1.15537220335127
1.38059831645539
0.179323824954708
1.1292790163542
0.381555223110214
1.6297407962801
1.5546903201527
0.401599696772791
0.45153937887003
0.522827520117702
1.02346770535463
0.922438343724523
0.335457982597884
0.718292757275103
0.983145546899656
0.727196184525525
0.789224073259903
0.578855612109766
0.705191039513759
1.10164047224224
0.630638570218445
1.03339332128917
0.871907769398949
1.28933431471179
1.25760014459289
1.61661523657073
0.601109965187595
0.968166116188511
0.992662451517528
1.65821340523842
1.38685765570063
0.62890881420536
0.918578563436489
0.816325896677078
1.09477308483334
1.16489938526865
1.12273407287058
0.402071821203361
1.12643330641144
1.0095659864678
1.02115636933373
1.2381676483086
1.17111878927369
1.00928708701224
0.324724769484075
0.426914329567206
0.462073377887013
1.05897845623674
0.91581761491886
0.94896594251856
0.309742675009338
1.07403336853514
1.50478128883923
1.33536592334004
0.872665728449677
0.944075223402332
0.831406107306581
0.9958366809879
1.00800062228375
1.17653233340884
1.1433850854153
1.13704162749307
1.05666011668372
1.05326546227105
0.983682677805653
0.953700548597008
0.957718645991126
0.998079891454899
0.613694042690346
0.607140043894792
0.757948291310589
0.704745551768291
1.08908138840182
0.886132495248764
0.925660430340443
1.36709768729154
1.88486503477611
2.32027142541641
0.91671580401059
1.50204936341921
1.92223855888084
1.73794485668074
1.39733618046623
1.84860163031883
1.0401334950915
1.73925106322197
1.12165355795239
1.11767345945651
1.6326001506255
0.204133620331622
0.132405113865527
-0.0779945201124105
-0.196167471366905
0.585440081050336
0.248061788438417
0.236607488728193
0.134840915842217
0.387762242840695
0.124359907569502
0.341432681449496
0.421831621622618
0.380243463859765
0.503729522920118
2.83264915021372
2.67947188789945
2.21414982160183
2.36982523332687
2.42733386510366
2.81248281302109
1.89921118484835
2.06616256033905
1.8812067375286
1.68450995822846
1.61391853007406
1.56341103375999
1.56443260784004
1.3789412953298
1.17943239284406
1.29064602439637
1.6401524853383
1.74396214366741
1.14744664453428
1.1745082270295
1.39040300979468
0.724863822827533
0.973061544825778
-0.131910483274097
-0.54564492949459
-0.955042641956343
-0.79890974529149
-0.812399403301759
-0.981472624791761
-0.737722274418185
-0.713721377923491
-0.502511819778502
0.0739769342204107
0.230464257584215
-0.567420666429765
0.746069106255499
-0.795069168229322
0.537086240998561
-0.347748612461164
0.721646136464867
0.684362977042027
0.180134966748105
0.355298793735393
0.667151243129028
0.691709461949433
0.926919331384157
1.16199573085827
1.24367718446765
1.01290112345849
0.812963902508384
1.40482554698097
1.40764579786693
1.18059799750161
0.787063634309865
0.644539629271697
0.815760072143996
1.0008115903127
1.69664604447596
1.69127228967863
1.86655924430298
1.99571299651158
1.91112204445396
2.06638139894618
2.21579783010189
2.51406776048707
2.41031915501856
2.09339665410946
1.95593837220944
0.948467758450762
0.855870418688047
0.448450245060784
0.718987490650762
0.658560770369051
1.00490523991819
0.694775589288391
0.768443962447767
0.668041779884026
0.73078599366373
0.980943174171187
1.19343055835069
1.28704606816101
0.964442353224535
0.857960452067506
1.13138404845896
1.11697518620955
-0.227924076970867
-0.152400208383512
-0.311197531349167
1.31482938253247
1.01850260881328
0.914929733903828
1.03264738774612
1.00803018576286
0.82703240282495
0.730425531076711
0.647161339030346
0.379512292617671
-0.193764614651661
-0.24450050587433
-0.58715157549634
-0.37455963686044
1.34403266834299
1.40927548994702
1.22878045630302
1.36531714401236
1.25071592286227
1.00950259694138
0.616704871656917
2.0616070802837
2.31577111678688
2.52694404606374
1.29100865436418
1.2326093540819
1.70695867344838
1.63047680193005
0.891268463708488
1.31556780895943
1.07835647825752
1.24828671957708
1.09012892947439
1.28585983593082
1.86637029842563
1.36290831836614
2.32824494787941
1.08501825799633
0.976828935757285
0.881204834803191
0.754116116373083
1.55493455247329
0.178180319477079
-0.182343026585252
0.562780630872942
-0.756673804599726
1.51266133115476
0.980127653246242
0.937160760122566
0.57645367615649
1.41856861067461
1.81154314605043
1.45628036478474
0.814449959410126
1.28152599484975
-0.0631818805183244
0.923726818918718
1.09371901043954
-0.219063284350699
0.336572213130573
1.26440548049849
1.4113718069904
1.01418573179272
0.905083828836038
0.489066490802895
1.62933528508149
0.643510841875652
0.427004178950047
1.00846420817421
1.79446371141939
2.19592827175752
1.84744081403817
2.15191146177679
0.60229194822044
0.187244156099948
0.871011518658454
1.00361841482294
0.205232820255757
1.81164184432319
0.912756768879918
0.760922942942337
1.54341725115412
1.09778069820182
1.9574604871943
0.803267079374584
2.28836492810669
2.66006524756206
0.247742900860473
0.0224153939415818
-0.362368814523123
-0.223948472948702
0.129595683584504
-0.671910007059003
2.07136094444276
1.96441366012925
0.46454998015449
1.95846008730601
0.731013400436136
1.12877018474858
0.118540144873426
1.8299259995824
0.695034198292392
1.0737127766355
1.13116970095542
0.827900979424028
1.11969735391484
0.772649365313644
1.13152011881563
1.03111509246179
1.01017658743365
1.35884992705751
1.8318848892877
2.09450394616021
2.79738364734341
-0.185787218096226
0.805549407357735
1.01130089384289
0.603360216873002
1.83883196360622
1.02847620550352
0.497833417191502
0.60327064011493
0.945041154849924
0.718788073703383
0.765469972718785
1.20414240427159
1.53157022169185
1.96819404026014
1.66088760497861
1.23207636840818
1.32290485841716
2.04343480355623
0.633164905653476
0.407238135565197
0.148537417781199
1.01957012824922
1.1638357950408
0.967383486612176
0.85494837131071
0.702166391382606
0.244034908880462
0.658240954708138
0.900396790038665
0.544490051013349
0.964922169648656
1.10946904958442
0.942428570285306
2.63903367687175
1.22211363334101
1.10212550705547
1.36721404670743
1.01768287189192
2.26080191902555
1.12102054237332
-0.0907703558252794
0.0620458207499939
0.352355600259367
0.120686350377638
1.16480509944916
-0.252604462629817
0.859360926410081
0.934700568247061
0.871915239536825
0.725468321309071
0.983967192285911
0.492165292054641
-0.133293495277237
-0.0979720985361346
0.0764332833359697
1.09619855092137
0.76292647026385
0.68444105294312
0.956439493740625
0.697899723067706
1.17750538852461
1.1008042152617
1.32751393330351
1.13202288918222
1.10264113632039
1.09283950183299
1.27085443883525
1.19349005293315
0.131600908300024
0.262711029788179
0.817291725822007
1.5347958087779
0.90094821772537
1.15797748928893
1.66251704948659
2.2795429782922
2.12030666375719
2.03158105111773
1.37342296737891
0.932539034870951
0.991583503625634
0.71389385695934
-0.864277914716925
-0.883305563841903
-0.68868671821978
-0.322979495260318
0.470365567312128
0.533319911989578
1.0887875055961
1.04846395152225
1.14677934061102
0.688552048885426
-0.870143501400531
-0.494606917322845
-0.97187667343463
-0.307563195316062
1.65877886940878
1.72879682667901
1.58957766683672
1.34364738568952
1.36452435497025
1.24223726057922
1.26313404790744
1.2109604031025
1.62581223923275
0.834794661020532
0.913366906801516
0.624925982944309
-0.0669579263040823
0.86094437212001
1.73638227530079
0.100746741443278
2.19525737055494
2.08362005849158
1.2246154454243
0.258256622603178
-0.0693931279216006
0.169848968471064
0.562264736127016
0.719786994548169
1.72032698784178
0.869231782723333
0.0323453117571577
-0.0613752393238429
1.23733511275803
1.07043432731886
0.877315623052647
1.10532525629593
0.23050623758529
0.350148906019252
0.592524850691375
0.961839210797856
0.285579095984622
1.0369736591001
0.943334491098005
1.18694953172803
1.03319540704689
0.243182436032528
1.23347038216128
1.18110724899972
1.52286548402849
1.84428324669685
0.59713173589728
1.1380636459333
2.10179719301673
0.346867526644855
-0.00192222076038767
0.27037732258199
-0.0823326143231546
0.875382577807904
0.355595535622123
-0.286648391367528
1.6424889803749
1.63822296122692
1.38361409352175
1.42784528150676
0.97463804719645
0.444723366067442
0.213291709186613
1.44542046510211
1.01830089457096
-0.371060987070494
0.119070804565079
0.74890678624948
1.71531304488993
1.64352173268881
1.00366263953948
1.4600717994121
2.07224522281472
0.510232653544653
0.937328015514753
0.469926450430824
1.08456907247747
0.11631722179527
1.40066093825791
1.93971144823149
1.53674313249311
1.10363064348476
0.922999026604395
0.935440553843028
2.45226634560571
0.32431887600783
0.0861162829149678
0.370918409006563
1.11118631587596
0.375908219225499
2.00290871866815
0.0873038322953462
1.35576065856006
0.0430192395792229
-0.177111977740119
-0.849620845046772
0.401371540632341
0.100743178082521
0.273902738131338
0.78618517431408
1.42599973975429
-0.489182018083432
2.28137680022004
0.797419876638748
1.19248109435718
0.844951901249467
1.45478498768716
0.716691380411695
0.449494240362381
1.67136309205767
-0.532129817713148
1.0575361494245
0.927110735709231
0.953402316088329
0.727448466081472
-0.193437636284151
1.74647623780343
1.00315091614926
0.446839193623936
0.792816021137265
-0.315241411755659
1.17236930393519
0.980608381269239
-0.0149179860686459
0.781153768472819
0.817474828164235
0.542854379532931
1.35809551000397
1.18762087400208
0.312698423927232
2.40687645124253
0.0348533661362924
1.43380885849475
0.632272397811964
1.3556466874834
0.565197893463878
0.4761735684975
0.199960883462168
1.45988236038101
0.687914026688892
1.34624197413293
0.00930552015415286
1.74333643637351
1.85644216724319
1.23873030222676
0.972276389610138
0.804727748033378
1.67514241019281
0.828666773150505
0.997713470771939
1.68491473943458
0.100093483345478
0.766617970398054
-0.139733925238285
2.40217697816152
0.963846694751349
0.160031853804857
-0.0708345293419043
-0.0418176705247451
0.457656704737279
0.924835397158719
-0.26201086828867
2.45103974667052
0.771982849412232
-0.224201752529085
0.928062938499844
0.0757456719019285
-0.561237439492305
1.27824090702615
1.43522483190008
1.03576712276258
1.08775731049259
0.880725823821621
0.647896713055412
2.15076961424546
1.97554042813526
2.64459799906267
1.3341290514659
1.27865639574044
1.31757109664777
0.65729927331978
1.14560468969383
1.74047372185943
0.75888565982279
1.21711030096253
-0.0960850549188888
0.905103116201169
1.84597782617293
0.2457078380125
0.722898061209799
1.20535427248834
0.140595645218365
0.0461387347197302
0.365485548408786
0.285195288007401
1.61482390278211
1.31124588855381
0.68531721331556
0.494000901177922
-0.555518359901438
0.822207292597286
1.57493677281113
0.0419258445264264
0.427350896360705
1.14298767919414
0.783198960431745
1.92012384005524
1.14668685282875
1.2681816981039
0.113373642473811
0.86245011285989
2.56702183623526
1.40097794871544
1.71879659882555
1.6046279147942
0.865629487018924
0.164233160980973
0.12812491983056
1.56001147019765
2.42287548134734
1.9558950941406
1.95393072372922
2.0799247362691
0.54544483126695
1.05267918500327
-0.0140391300393012
1.76721023827938
0.569345279111135
0.248835056222183
0.359908657655806
2.58990655948647
1.3104567384677
1.84017337828149
2.04129288182184
0.632833066426843
0.0139400594237333
-0.394740873469355
0.835673723908208
0.834336015171821
0.665823471622617
-0.0031835878222357
0.163313022411231
-0.0411719600176082
1.28042697258393
0.73881679976379
1.24730118584659
0.959452942481098
0.589649544295807
0.578921390502222
3.02629304366624
3.00881686392506
0.349589756634977
1.34532918997132
0.0550853653898621
1.52280656165085
1.36324138170611
2.02233978426054
1.09557354543298
-0.00693796954474038
0.0999118137831351
1.39601579164961
0.137433351863736
0.279442337218157
-0.854303415341836
0.853012217267544
0.833578006903262
0.0650818030404612
0.61428324119998
0.21365512943014
1.37850636803929
1.51731537818362
0.308842362217188
2.70448866439798
0.842736194317322
1.12144773021644
0.96921941872277
0.71441216205971
1.72126640466236
0.352832791929998
1.4856773985578
0.528637766519514
2.03873701281849
1.24314327051765
1.80906827082477
1.4459989210443
1.42790500843077
0.880020462080869
1.17355949133751
1.15564163241534
1.31092575833758
1.01930685184937
1.67656161969934
1.03379298146058
0.282876870408165
1.6687989078228
2.06601522711652
2.08310717339461
1.91861091844177
-0.052098458188162
2.37248138606294
-0.0452109077615601
0.30298344558569
1.72309295783126
0.274216021155369
0.312511968438889
1.37556596742469
-0.913379600067134
1.13250268846332
0.806850566650119
0.344157918408134
0.622653187922746
2.91492828867622
1.09541774841833
1.14027502799703
1.24960927565008
1.7938310600224
1.38095933653638
1.17365102786245
0.409599637637317
-0.287593003716415
0.687509837295792
0.343536656626545
2.13053576701411
-0.797906823478353
0.198076751051923
1.10504066318651
1.34973762408612
0.70786192266555
0.851908482328734
1.69112629634761
1.86423206418501
0.999235765073171
0.359120345131543
1.99858106982597
2.20155096384053
0.811013872765316
0.785431675447689
1.95153979064256
0.831311415549355
1.31629337712148
0.627018697171101
0.56056442754162
1.04356439039285
1.10293286796721
1.35524627729575
-0.146303059931255
1.10209099273395
0.820810569655137
2.04218290495026
1.4319137656167
1.89378545644725
1.7116056003176
-0.578069049349786
1.91914992071711
2.01945667041077
0.797064490022036
1.81249566026131
0.570202270323609
1.87033670575282
0.0500846913891079
2.17728433172781
1.73036501443143
1.09159767026419
1.44881860211107
0.754132785326635
1.76321285501802
0.714683271803318
0.513031815817948
0.687601822257514
1.79629017424553
1.92798520558387
0.209001207178374
1.55914547921995
1.92153955668178
0.894248280467661
1.23969037181216
-0.560949623882888
1.74448877503252
-0.430651695243017
0.0556156523738265
2.0079607527723
1.14168554235532
0.877282601135683
1.1256601447964
0.849488107184352
0.145116901637257
1.60637067716899
0.667884913773032
0.611518857598463
0.311081476909716
2.7490320292758
0.121547271750929
0.713451298439632
0.63674233739323
-0.293036877243225
1.15727956848993
0.540780226802651
0.514216782920409
1.1758614330157
-0.089394153568837
0.955154392485605
0.0851605825751989
1.43443835690002
1.01226270627675
0.82624472660617
1.03204284938982
-0.00912647994445944
-0.16031037954979
0.521286191478304
0.321106025947667
2.07507217817704
2.76895269078549
1.24793848981305
1.09489426555546
0.781317981852376
1.50154474554906
1.51979502561471
2.26941138524071
1.09501689152354
1.20296875144434
1.10340917539293
0.827770124317437
1.01747542884212
0.635805798865501
0.512778633163352
1.03805887138187
0.984429438905311
0.309041916088241
0.742103173065436
0.0330665364070393
1.26215171899659
1.07095012998114
0.189072116873655
0.098900241680252
1.36566993102786
1.29264834655566
1.15044786612509
1.37968369779593
1.0299783837922
1.04744837408615
1.84065054529766
0.340086751792566
-0.00926544776847019
0.957459034996721
0.903733233350093
1.06570493446888
-0.0400328077237523
0.746693491890394
0.000112034774201946
1.03893173188318
0.83418255982213
0.934026178761607
0.248354068624721
2.01512649988925
-0.0771227308071669
0.221103349833177
0.628782088616851
0.260431500852225
1.56698397576599
1.8779418017126
1.37658411208634
1.52102354355327
1.54479788408656
2.27195924679608
1.0019701609648
0.870813995835326
0.799820583987614
0.704582884844697
1.21599132563393
0.600202138832775
2.03877744094429
0.897054438179976
1.66028436151185
1.99368795008714
0.477742550423515
0.762651022438284
2.16980020797541
0.949669317064927
0.602325643579472
-0.0806788417793795
1.86549411115272
1.11901891673441
1.01356273288253
0.947539921028536
1.64647226875717
1.14603816641642
0.916615594432242
1.24931940552892
0.514535343126177
0.269054239793925
1.29325743722229
0.712441689719426
0.865226700789497
1.42287251034152
0.757637621603454
0.757990299204563
0.803580218378368
0.795013349930404
1.22151059140651
0.212151836845437
0.378725174891525
0.24504960593346
0.962416688086495
1.84416517828637
0.557069675813479
0.82184611804777
0.31057528843277
2.08326750369073
-0.123981106848676
1.74466712471925
0.788024879610228
1.00734906142334
-0.154595467018214
0.207791647956444
1.03336898079249
1.83710891525663
1.50113838198373
1.1231788912444
0.703923078243874
0.359298905972524
0.973550410778152
1.66154155621796
1.35771016303115
0.228029481271258
0.735486904728868
1.02364688098702
2.00808408608506
0.428439246780074
2.35324597351642
1.00879137357815
0.79987451723315
2.01697574537678
2.19120500566325
0.147293721296836
2.01763626208492
0.412603731382726
-0.633007016541183
0.915319360876152
1.8701460536669
1.74575910581568
0.544482024555702
0.851087055288033
2.48078633209238
1.37918364046515
-0.273788188863567
-0.151628549457541
0.920888416685741
0.67823877456752
0.31316240456545
-0.591992205422549
2.07929365054457
1.61572794219335
1.11911464057241
1.16410215098412
1.29160332336298
-0.180754244923534
-0.17066085991797
1.4244926157898
0.279114032226257
0.157595984972282
0.235249778439617
0.987592058592955
-0.624753205697497
0.615595813386937
1.21474286859175
1.26877420312044
2.53780392728766
0.88991152625333
0.928960096735605
2.17821303704138
-0.607218261260522
1.54750249787309
1.25916465164148
0.902160024929363
0.967721602887327
1.33024800082054
0.126672092955102
-0.300673416011416
0.844700149965723
0.996828570061099
1.75995459576055
1.49304651157655
0.640526038242389
0.624088111026639
-0.298933678618448
0.866636538270263
1.57731237648025
1.91634659260668
0.839099545036126
0.798831038685301
0.960611362883942
0.952055559080947
0.727312134797027
1.24761006258903
1.45046359314242
1.69440716964716
1.19888375112003
0.904806285686945
0.950797527025754
0.935764175265155
0.974607348373091
1.04390186606708
1.04806701025465
0.925057182409884
0.979012409545281
0.870224040951555
0.745326966438637
1.01922836790677
0.542554190214756
1.16877015261838
1.03027964558756
0.735597422448643
0.582160186608041
1.38231364520233
1.26670607680661
0.957206442843766
1.02443740586629
1.42488493793028
0.861442800667389
0.990753307851055
1.11540841784167
0.512470377564849
0.822823382562433
0.969145872864952
1.59928207974599
0.707990170003906
1.27143813081875
0.692542112267529
1.62562129608358
1.02625433709161
0.715814482618488
0.560729696918691
1.16869352292978
0.693011768586408
0.88494359077354
1.04721994715041
1.05618235629093
1.24477850561239
0.979112715427614
1.12982358471022
0.99052583184909
0.944281566018533
0.910751066918538
0.952565637378401
0.784236983036155
1.09117239092877
0.97566709143811
1.4290252239764
1.12365890653103
1.11453429959024
0.957560391355062
1.11551859563822
0.850921772487071
1.0237481563635
0.966461886916007
1.14617142594885
0.967840786993125
0.684350354595947
0.832676335168512
0.776373433211845
0.85808752080526
0.889519567521565
0.744580296974052
0.820416193296031
0.785401015528257
0.999542254788347
0.58554820646062
0.720519604097942
1.05582333296816
0.991418645569655
0.50780221866107
0.723676353554543
1.35729308585121
1.01087817341144
1.05627507894756
1.02620351443979
0.806109756312705
0.797039556276124
1.08334924406027
1.46402009153461
1.37429117526301
0.908739008293099
0.948896661964422
1.7217344454872
1.69350680484516
1.40092882216574
0.919773920489377
0.919283557268498
0.846052526135369
0.722118032580216
0.707308799355122
1.02006800983296
1.01681476179774
0.900636322853093
0.839362803551402
0.904388883849554
0.953231505063433
1.09356071418054
0.966229700223506
0.9084522150238
1.04245074932688
1.33875192793871
0.595258548203745
1.15261586970685
1.06547444223784
1.51088549431122
0.564878044351595
1.30475612603082
1.22128156598231
0.741422692869054
0.704671186334705
0.636533999805703
0.977614129024357
0.676876332959396
0.451596492877045
0.533104536347294
0.989573100996374
1.19810711363673
1.15343145099858
0.730819020067807
1.00014249114685
1.51117638570185
1.34267704566656
1.21646445593313
1.24877132529594
1.06319709086724
1.10732939209156
1.03879846474344
1.01657419868497
1.06924337213934
1.07815375556943
0.973204932267513
0.871200812590777
1.00444734185161
0.917503126130429
0.666429535249668
1.0167617105425
1.06098488277959
1.07333284454574
0.562411171088179
0.496156920527382
0.482615242168516
1.4249544842291
1.16298391548874
0.803143033160273
1.08566708603626
0.85980673119297
1.36088829163616
0.978893372698303
0.710247226743594
0.918585690043712
0.746163842219698
0.759699341307711
0.798536666382388
0.569998846323022
0.694832331111838
0.754194434004236
0.745567985109403
0.797296855027798
0.80412782469449
0.789288227840561
0.883442775164643
1.01410709786898
1.47412700790533
0.809254339480739
0.989706564986546
1.64001826800545
0.391260258913852
0.557918255532594
0.732294765355267
1.08572950267101
1.221721469352
0.944379788850426
