1.02278998101087
0.724261006730001
1.13593079856879
1.14506912281708
0.143121414136164
1.29508576681634
1.54051149549875
1.62982670798656
1.69657937876561
0.189148009424482
0.497363645878953
0.649161556026993
1.01110378660153
1.15505291374374
1.06948722142248
2.02209877658511
2.06308650013333
1.97113018475386
1.44156066874736
1.16986740785978
1.08392388443231
0.414615887543833
0.824907352942558
1.07976758632614
1.76654369152277
0.856678569862016
0.177203091742745
0.868462781818724
0.330916575693484
0.551827359274126
0.770273105744869
0.79594945359772
1.04035065012521
1.11060144064323
0.956056491698974
1.89214422384792
2.10820811461853
0.876249364735567
0.690040100046653
0.933431405767501
0.601481982273704
1.49872607782722
1.2539371281768
0.173711166958116
0.872682560621429
0.872581515673942
0.274429324656732
0.270459527253115
0.257056164079838
0.869522634138485
0.219643114973602
1.07704283175428
0.942184444858953
1.28222250957667
0.585936298624586
1.20396478043543
1.20888065182284
0.909880805110944
0.203921940648851
1.05167280964253
1.72848309876235
1.08321167722073
1.28509191086096
1.65430288863849
0.255221551080704
1.27495751563767
0.240383831610325
1.95430004176877
1.83250839981265
0.191350523945846
0.358698506816189
0.482868853727005
1.13854626949917
1.0066276041694
0.166643123164728
0.706646090161247
0.88025939247863
0.715307724545701
0.708370138496997
0.431063884324162
0.827940237605293
1.10194291103997
0.694405126956011
1.06481750048574
0.848126977670598
1.24888081439634
1.23160927463351
2.06223037312479
0.389833566485452
0.765983584884195
0.950256740766843
2.10668326014988
1.41718581447878
0.754992678754819
0.983027799923996
0.888803349963818
0.971942319499623
1.19762553164458
1.08108930225201
0.202453869310447
1.00452876296251
1.12331025736589
0.893798741581741
1.15164920250366
1.17625651860998
0.957288017562074
0.105041195608316
0.211132666187551
0.277907085679317
1.11940140175026
0.838939731834234
0.954397021128875
0.215603338601173
1.05436426861386
1.86244608536916
1.57359679726004
0.86116835579833
0.982008930463956
0.84761959233807
1.00921640430504
1.06430427388106
1.2716231659931
1.27751648668928
1.26243344764902
1.10056538325733
1.11085237544352
0.940209229316481
0.964788238827516
0.894281471465618
0.944892266134557
0.585393583645518
0.626735186111459
0.657155917022409
0.792674411813858
1.05404736309259
0.930473124415265
0.792596200571132
1.39876983370485
1.76347587664239
2.23870236796308
0.889420522954526
1.5543608969887
2.02840777690703
1.92428236479137
1.30681351691197
1.79727934834844
1.04931014197361
1.7550576747544
1.19653807993747
1.16878093823183
1.64331742574509
0.238369661800517
0.0887930930521396
-0.0731195844377565
-0.274251292999359
0.626561183615343
0.106635795351239
0.167395263755626
0.187667276101641
0.339119917096589
0.108488923530146
0.307615664355379
0.537238940660046
0.411631827695483
0.404136800330724
2.90478616676854
2.77154351886673
2.20416078121432
2.3856559917908
2.53683887066584
2.92321597208353
1.80640205007616
2.15370463527547
1.97219864532302
1.76409902568951
1.58021325196461
1.61101320919234
1.62857891161148
1.3745240335517
1.09078028760453
1.29558769916524
1.6724612514967
1.79316210059787
1.13030888788242
1.19887572874041
1.49059602211026
0.724545639896065
0.944599816314436
-0.135069698503843
-0.616507143668331
-0.988441741178477
-0.747919977664873
-0.877841845764505
-0.982381754154566
-0.786144548413815
-0.743411689015035
-0.564342810866227
0.0216983935430491
0.354630114325346
-0.56567368530698
0.779918283698796
-0.837682333981404
0.371564590073984
-0.516540287378921
0.601767876040948
0.635640448886249
0.0538001781794032
0.266967524470171
0.780438958571295
0.677100655314571
0.941527509002355
1.14934875118557
1.24570336539098
0.986759775154147
0.79823252069925
1.44916657879717
1.43669608324885
1.22159324672674
0.740275679086506
0.521193154807982
0.64706079847157
1.09270220601
1.97539104646213
1.65507080179525
2.11915408016115
2.25992074679193
1.95308772746275
2.15629733651762
2.16640410559327
2.41785939846493
2.31677020509084
2.02925463496454
2.21162193273787
0.839577174324904
0.913330602847728
0.430507533302643
0.640050792344527
0.616102805639634
0.984332451954123
0.514185312295371
0.841392414047966
0.554150094259696
0.775633396786331
1.05328258732932
1.26227645663876
1.31799158918974
0.893910422896313
0.664196511087533
1.12599395413328
1.16475796221025
-0.173456423177606
-0.154342421019554
-0.339803107396683
1.40790448296794
1.07512955855107
0.821838215034183
1.09297830642919
1.0003252892972
0.767169562985397
0.81525853808645
0.66073668910305
0.416261972289436
-0.123153793580528
-0.314050423823633
-0.612087072431637
-0.325971832070222
1.43415032143986
1.62302481818558
1.3656655913874
1.49301801744834
1.34304043804976
0.930175134387097
0.391729998975714
2.0038544085954
2.26093722411272
2.50645303964743
1.40137353347606
1.24656287730534
1.79249136262516
1.68932773071991
0.942567036598083
1.35251348514491
1.13820691037847
1.316458273949
1.12190064827052
1.26934944438652
1.7885951004417
1.27429765808382
2.45614520362945
1.17888130482224
1.0435537236731
0.884670916656522
0.634835367550644
1.57536815475111
0.099594232250119
-0.213784663286318
0.375092340052673
-0.82783498212633
1.45205568163387
1.04035534301969
1.01011298105806
0.692509284516198
1.50830133995543
1.9740607044959
1.55545597436344
0.74268216347291
1.29428874995105
-0.0948418969223547
0.829157776836869
1.17907628944704
-0.232959758376907
0.318467653737458
1.33464903752326
1.46258857532763
1.09618804173066
0.8518796392389
0.454465898760852
1.68298569367024
0.679382513099014
0.447695690312023
0.97725185662249
2.13467060444254
2.19756055858929
2.00086988019692
2.23207057143925
0.599102243209938
0.120530678391768
0.87258084626112
1.00530575438317
0.145378990851065
2.22860139497413
0.839292108418188
0.70231168715653
1.49462356700447
1.11798840002358
2.04837892762434
0.748462184073889
2.29547559993314
2.7216428299816
0.287819478160235
-0.0071880919913262
-0.361752020434464
-0.297807467602349
-0.0264646622953391
-0.787491341622105
2.08001530095461
1.9283407613379
0.447855548883522
1.99968556280877
0.631215830954931
1.15275258831045
-0.0186358458897102
1.73631335826085
0.606505428992267
0.969451872826842
1.12946155373266
0.748893988426556
1.07870572491459
0.548460237407643
1.21446152149652
1.05137843556003
0.978024303473754
1.35456310771681
1.79276307650789
2.08225594657857
2.92178372095535
-0.161823682752152
0.773650353555812
1.03559540527029
0.611096090217027
2.23989273243219
0.883459984433499
0.5505294080209
0.566339846082077
0.902852979897926
0.691369066587494
0.652762755910055
1.26223713831202
1.75510200580677
2.06132552758883
1.6722759767599
1.21997390379671
1.34894801132193
2.02058921708017
0.652856638614167
0.217768340753075
0.24107846098741
0.85777058328706
1.07058890580478
1.00374205050417
0.886693316227671
0.535826288890343
0.172638151277675
0.696504629383706
0.939813238219058
0.673693369066272
0.967694015281779
1.16861572276516
0.88220387122452
2.77726305168081
1.24279089685574
1.12452663513284
1.35170304419583
0.97901330218249
2.25676339834509
1.24056273597235
-0.141182436511824
-0.0875303464836443
0.200920185985585
-0.0385098771968417
1.29331657824718
-0.344686133358824
0.881523345263266
0.93462740589817
0.82334693123517
0.705485749237035
0.919157832546811
0.454182353125496
-0.199105855515958
-0.148770222448646
-0.056312556434304
1.13717977293324
0.83916759807037
0.73071787815585
0.967193083154772
0.825809620056383
1.12639671956171
1.14465804801323
1.21445220254804
1.25174152947606
1.25168288470822
1.15747507354611
1.20797885492236
1.20717333018335
0.172930947493479
0.38044587321601
0.848764419195996
1.55044986863136
0.760675258036679
1.15545707910121
1.56264340789477
2.2279511547967
2.1052611879625
2.06141016581785
1.31824425522633
0.925881386051806
1.00740088274966
0.585980188792342
-0.912448814069721
-0.928738722402959
-0.753801622838431
-0.355513562662904
0.494176271384681
0.431125964593668
1.21041992345258
1.06124597641274
1.26763206501226
0.646635271058801
-0.882488839518527
-0.479055409256564
-1.07025717126025
-0.420941110676248
1.6546632325033
1.79809421364305
1.64699260809028
1.30369762023181
1.33451793816539
1.3039490289298
1.2609219985813
1.13443099142653
1.69558894508833
0.834338351030372
0.788375723846043
0.63407663904701
-0.187735984920392
0.73987394339737
1.90699552743979
0.133600144883916
2.10174480911361
2.15458595870885
1.28991087431762
0.192725899775151
-0.0430734450692116
0.0499465526230886
0.612176560092305
0.599539892821189
1.9121480444313
0.82555349277899
-0.0292529143767647
-0.0225778485560706
1.39684949046237
1.09963661118781
0.747496916852499
1.18611850616046
0.0342505755047751
0.297245421910383
0.588186218141425
0.896208208018853
0.0987155470165147
1.12376741777733
0.821012382487442
1.11774967984016
0.923270518229435
0.0752293360062222
1.18756266141466
1.2242419698078
1.5221615161443
2.01112012537246
0.562909713567599
1.13799390902972
2.0594495789694
0.172871495085871
-0.137983466595727
0.0985192200993739
-0.192799642793729
0.877695036203691
0.389113479634247
-0.195569055269915
1.52603606874854
2.00696832243541
1.37746192359945
1.59088486632114
0.919066731695394
0.256315733829233
0.219137953301629
1.44531542643876
0.921163170856229
-0.282979930452923
0.146706113651197
0.64566449103854
1.65572114712018
1.70112880867338
1.07462228466881
1.69467361192485
2.22639627759659
0.562002034358285
0.966756188428945
0.321639383771664
1.06935805395357
0.1240558592908
1.64961617086307
2.00553254992858
1.79809818595351
1.11352076887468
0.841210317227736
0.922258417517794
2.5760254150053
0.127531224384768
-0.000275952720829606
0.190918864822198
1.08446908223929
0.446321106449527
2.05330146495836
0.12025171259194
1.49846043632627
-0.0867894322529684
-0.222258235685156
-0.957479082528804
0.347232974549731
0.165647029234411
0.111707915240048
0.961681026448126
1.63077700223495
-0.569168038467268
2.36973733025304
0.90649235718929
1.31552533257514
0.710670659071585
1.5186753970508
0.805871411107794
0.431682963918926
1.80715002405273
-0.65337121017265
1.14961699057711
0.807874220946734
0.861924825177476
0.678027261800472
-0.155412743554302
1.79403331382118
1.06872844215838
0.438201562654517
0.719441068835276
-0.269965149205276
1.10617394421426
0.997281259309103
0.00420079504775535
0.795837795183641
0.703916531462465
0.545560085744532
1.29091968366791
1.30433293037089
0.206716046339603
2.43199844173427
0.0879461555452852
1.42912005783548
0.573306797465602
1.40466348081179
0.471979565023193
0.343724023801169
0.110103534284129
1.53217322262682
0.595590724954544
1.2221285572299
-0.0288624624192929
1.92901076577145
1.93020137392588
1.30680714892847
0.933425674967259
0.724807890142393
1.69803431429488
0.694083612045892
1.07514278852945
1.78797616980917
-0.0188834929951428
0.850175844960305
-0.12434132247658
2.2586562402273
0.997768278992107
-0.0117252857737398
-0.174125484063558
0.0839593334926341
0.405037612393919
0.840296370638904
-0.301459124220617
2.36659710350172
0.787335530844004
-0.302243187862875
0.913260779646384
-0.0560314579240126
-0.609889345461751
1.388911951599
1.46624502176965
1.01713429274467
1.10468622678108
0.860059128907375
0.606982035771018
2.26232560231987
2.29608483656816
2.84519065710794
1.29774244704294
1.24049782495028
1.28979928847468
0.617429864937933
1.09899746272477
2.18367150309455
0.722662120565122
1.33917928890724
-0.207376750155512
0.937446665020529
1.94340865989787
0.116981173463641
0.700496995164349
1.32622743017461
0.038021654375516
-0.0587003240368244
0.185292377653154
0.287663243202581
1.85287691565317
1.34067813681203
0.554651779129814
0.52496961535293
-0.465321479342187
0.812726551502321
1.44722902993044
0.0275529532551877
0.455196845624891
1.1446518879514
0.716764162530549
1.82159809163888
1.16794555492609
1.36043023290797
-0.0362053900922466
0.864192249418925
2.71330704761343
1.35642683899873
1.90319513212267
1.77763535360316
0.829935440178825
0.151652996978654
0.0610557418811256
1.51349874772249
2.46982016697235
1.98492068846989
2.08645603751559
2.04816977268603
0.49130607747011
1.09927230078248
-0.14533367655398
2.04358120975366
0.410024759507902
0.245227435935559
0.341719147667323
2.57062139235856
1.47590948312368
1.91264551069524
2.08197466505903
0.770588566621038
-0.0755590407841958
-0.422033853206725
0.68843193187023
0.761113364327504
0.645306478412958
-0.0205445334691002
0.203730013315799
-0.0206580455284396
1.21090396832574
0.563949241705716
1.17256721542172
1.0205952380548
0.68397329507044
0.678413115478119
3.2402879529333
3.16059529014811
0.265195745398411
1.34920590678754
0.0435823449734998
1.51654665076851
1.33066296052615
1.99838254284574
0.961077851622684
0.0142522717017231
0.123538917619512
1.56484357501966
0.0857539491895913
0.221379665142916
-0.950154442231633
0.813070820079313
0.793340459537005
-0.0382340751683051
0.570993200101538
0.0466306972990463
1.39353562868285
1.66508819732028
0.145926159679214
2.66545096160974
0.8375350370732
1.14298337262163
0.912396382996414
0.584801945005214
1.96506963394761
0.294416609652866
1.44381894881406
0.286829032734705
2.11850044329757
1.21219831553526
1.84264264571457
1.46723461717346
1.43645950442994
0.888162381554274
1.13971975580173
1.15194562518735
1.3725839743147
1.00381146307386
2.09850982579913
1.02315437352913
0.361737901405845
1.7616468531357
2.02181781371147
1.95151645121196
2.04923100286187
-0.118124245261041
2.37544444142031
-0.0492650472980906
0.240733962496337
1.82219550430709
0.232659134122418
0.357255421364849
1.59181549959757
-0.984442493039794
1.02455834261929
0.853219803441507
0.331971175586294
0.590056141758553
2.99878005430835
1.00615038424048
1.08415504654207
1.28732432957723
1.85429632383252
1.36037684092086
1.09655948321888
0.536359796708192
-0.207701664369815
0.640285939820363
0.273648213753444
2.03099768741183
-0.891673664523424
0.00404820402220219
1.21138595580049
1.18406807407451
0.556740525580854
0.797322426931227
1.69240516363156
1.98853363498482
0.985212029834361
0.252671165881005
1.98793096906968
2.16309521202756
0.681579558948685
0.7069848549056
2.12922409898223
0.872539047602439
1.44872596488251
0.663090833035316
0.479522234905686
0.996645436020331
1.11585850551381
1.45746244623612
-0.158048657199278
1.06092050357312
0.697379680238263
2.01559089958847
1.56458541562774
1.93305192948791
1.79812601384046
-0.610917397092727
2.28191602288297
2.02892171970385
0.63510647962196
2.17470622641301
0.563466610890963
2.11534722873863
-0.0948588887142621
2.24300435825692
1.72794031253409
1.13901051734167
1.44370324439167
0.748940856915032
2.16753792733949
0.718220818415021
0.425023470812072
0.550966366197707
1.85857697172793
1.91662635331398
0.135098130245331
1.5737448684288
1.97023125149547
0.933283375827665
1.19992096638923
-0.652772164359969
1.7709087837325
-0.496202326270069
-0.0193167407448251
2.1736608327516
1.11385729376897
0.81458121561803
1.18712917254452
0.758478723384425
0.078740776503324
1.70771026480379
0.646526880777468
0.627080205107147
0.152187038336978
2.76406542932641
0.14881455446448
0.68706853672828
0.690396362101753
-0.2772299151898
1.185747696288
0.617541922597709
0.539174679929298
1.20891059703654
-0.224012508227618
0.971932679175555
0.0792509086704692
1.44002100954052
1.04511393201069
0.781495513854852
0.904156497278449
-0.0241384934734014
-0.187365395446715
0.577204440395776
0.232484009839595
2.0824071378636
2.77588990837865
1.29717831111769
1.08623339180661
0.73035478507099
1.50056092803686
1.8342158665327
2.26401149915891
1.17028512519506
1.23625167901309
1.20451753731822
0.866351939166109
1.02961287010407
0.765935362976007
0.494150674533754
1.05668186167522
0.930589273427219
0.16576165699444
0.714711133536281
0.0357170074636563
1.24144772710884
1.17219612493781
0.177848232591725
0.0440312872812974
1.48241792406555
1.36164492071443
1.09218748613177
1.41781198641498
1.14127653558826
1.13569649329933
1.96707631238978
0.353665803269361
-0.0413956925708846
0.91814623666898
0.792585983888755
0.979776463369757
-0.00817774781978359
0.868224742527245
-0.0408811081411537
1.00227449743574
0.779517473669834
0.846909351146979
0.214178428407954
1.92582845651581
-0.218392382011273
0.147931164770406
0.658274680981845
0.150755819001272
1.47172910120458
1.7983854350715
1.51185527725206
1.77261952668172
1.58250033736034
2.28246669977639
0.9884961362198
0.838346456723785
0.735817318866931
0.592340070717813
1.25091905788048
0.370330811552044
2.27385107018435
0.679683865394885
1.88462664425596
2.22769620858324
0.478268008574797
0.794418416704269
2.18327894602553
0.962223806337658
0.72738234664581
-0.173846443848912
1.9517842566088
1.17924177272932
0.986533664118299
0.989437954905308
1.76351777589115
1.06308070183594
0.909548542460479
1.24548295590238
0.527517456366541
0.203543091619337
1.29643799652167
0.568377054757754
0.81293267317957
1.35530402856418
0.674371944232309
0.739124942280957
0.870796006913128
0.909635761778401
1.2700285777031
0.0589531164932809
0.185094719741375
0.0746850633244727
0.949982847352499
2.25841031281811
0.414846923624943
0.787262896654145
0.14849340761095
2.07893974733677
-0.0249405441373243
1.91509246787724
0.717157886118241
0.826298499864361
-0.232737197158281
0.136194315076452
1.13701038130213
1.98045419959055
1.54498972306599
1.14829551390636
0.746895076888773
0.304835783761559
0.93894372436605
1.72820701660115
1.40980948961211
0.245956742986678
0.716821526866448
0.973631559335254
1.96657170877598
0.271608535743005
2.22177631930193
1.08329586982916
0.672711014118238
2.04195084505742
2.29881634187523
0.0558532533965352
2.00855301035684
0.395216192646601
-0.751097904064523
0.81222705248264
2.21686402851891
2.18632037414785
0.434929713442651
0.849602279179937
2.58374108720804
1.4406367001453
-0.339757347053007
-0.127845948117145
0.919550636699222
0.811276187716277
0.125548377964112
-0.517962518065875
2.09469821638623
1.69523607178292
1.18765880577359
1.28220498986192
1.50423120549627
-0.204334128497289
-0.270820570737602
1.61517369517978
0.0752164069119059
-0.0194076735934509
0.0275110121217585
0.922722310222618
-0.629258298820971
0.588740519796424
1.12381128004091
1.23104484868248
2.50822631567712
0.818476842611149
0.907777023833022
2.12394041183045
-0.66817157947049
1.39677821659047
1.30452771810632
0.79131556156376
0.909166810900876
1.30393294565869
0.180806368159478
-0.257655871666818
0.740905499188736
0.945038638279394
1.92915499761548
1.67984045299872
0.628564924414904
0.430799613370586
-0.42604136484219
0.687898059141503
1.87037061276565
2.24123136523981
0.953135331744517
0.900837702667115
1.03339792219892
1.03374382581725
0.597191694071793
1.50691357507661
1.71360828883226
1.85776318944568
1.27285357298699
0.861299701110389
0.875307462577202
1.00772060335529
1.21330923682127
1.43180089020954
1.28684992151444
1.0461768800363
0.96311888649204
0.781798367929534
0.672565960879841
1.05201774040623
0.495073772782857
1.15812995358767
0.97956794732176
0.794728129540685
0.36528868173304
1.75570109586243
1.36752433761182
0.763803496508488
1.06928526665247
1.87707796643812
0.955227113899192
1.13382211058002
1.00359464407753
0.304217479023428
0.904758164702819
0.999795340421095
1.76632985065453
0.830700960217376
1.6212389914484
0.604685189023706
1.77971703616403
0.931581248440259
0.546581465750642
0.327772457243576
1.10943664629854
0.522090044186632
0.942858645154934
0.930084840877878
1.07477397928199
1.49610778878523
0.97707216461532
1.3379733319665
1.07925917484276
1.06187083139713
0.954135720104052
0.992041440671862
0.704058139086103
1.128980054925
1.03436141281537
1.89385875180778
1.54215872444253
1.39627263569696
0.861212293838747
1.30402538821947
0.853534412507095
1.00324305305791
0.916392568960176
1.27832715010369
1.05931936279472
0.799629135729472
0.888270741669212
0.875479730072958
0.863022246985307
0.936293510027197
0.762289727779947
0.851774361236663
0.791156514725008
1.07017017933499
0.43837087995636
0.594829974356251
0.992030030480518
0.91480252875305
0.274005374353509
0.540518712719919
1.76371686483255
1.36119142644446
0.942973384019809
0.959574871859448
0.901361723178691
0.908360061829623
1.44574842281254
1.58575938063816
1.59765583968048
1.01569680481704
1.03655415117754
1.8746786832809
1.90489810758976
1.4858655158728
1.02962944962074
1.06252365552671
0.960063711890255
0.582162248003926
0.529312015649397
0.965127093010054
0.946249632157754
0.791738615226898
0.633067868664212
0.741383777019795
0.919998841962905
1.21262614447281
0.932692261979885
0.850175617665974
0.89358942460437
1.61862914805033
0.433149246656933
1.16426900628673
1.11533396820744
1.96889222235545
0.372441192894445
1.61137660677757
1.17281611534151
0.761139348664927
0.56936073710284
0.586252204256139
1.09950974747044
0.760417274154799
0.268921526778634
0.324517109028014
1.02106995161538
1.25549240588301
1.04355159033157
0.846899851481711
1.05016567534931
1.97382667784263
1.76005502067557
1.54762530728624
1.68196866379013
1.40007136904988
1.46884006535782
1.16752988095991
1.26542282566255
1.06584654185487
1.29241017830416
0.844898865012968
0.95211195275724
1.06667412152049
0.915911216751892
0.796287828437164
0.907379406887992
1.02441291744823
0.947843032753018
0.459557847947083
0.271460078215707
0.252328931309348
1.77211910066973
1.2309725694858
0.862512509568638
1.00837546225056
0.939983755602447
1.44066245777586
1.02960754689843
0.57617679795883
1.03002668105779
0.710694275834014
0.669213749553676
0.819526326528406
0.38749927146687
0.504940728099488
0.868115762997807
0.858737048427952
0.905832197761392
0.83200934513386
0.855166774665954
0.913168530966901
0.929532698982094
1.8825324640266
0.720670863764643
1.07504234004693
1.76359142443465
0.341457328885169
0.603204918792112
0.773139428415214
1.18576689729683
1.20219207199918
0.735842066740973
