0.94227964700912
0.622903803133741
0.973317946999218
0.949513847463759
0.345233946881874
1.04044763210373
1.28089092684298
1.32693443836977
1.36927860634885
0.171155234796331
0.657413852278816
0.779865415716223
1.02129542185926
1.0215857770849
0.979866433107745
1.46132327124586
1.46671018328973
1.41570912095869
1.21181208656705
1.06038610196488
0.992546762316116
0.522002160260862
0.754192222263894
1.14956123528481
1.34211744890524
0.742379336676808
0.383520078336127
0.866946329407278
0.361260783069055
0.502747359802073
0.774808244478333
0.648610315044932
1.00524722902497
0.916898290610993
0.885826202514199
1.44769909861556
1.47883026402279
0.70632831964254
0.672326625935004
0.860000826075685
0.641431453715212
1.16089102608225
1.1845207686787
0.310670210333361
1.0260502753245
0.919864052592711
0.39914303442944
0.458494930637686
0.470537923741534
0.895304745389999
0.308783917900087
0.929955517884477
1.07761857151435
1.03847433820397
0.528016511553116
1.11673640340237
1.19392363506934
1.01310296081472
0.381962908191305
0.928807827847019
1.3329062677813
1.03097094847736
1.06739821136677
1.2549501610985
0.15190462295284
1.13347100536149
0.443920005114644
1.46510369172491
1.4053989743916
0.40575707343573
0.511762371445203
0.55348174456757
0.929734369801137
0.858467698451748
0.375078379063529
0.704048566120019
1.01623426458419
0.72020406974901
0.596757744150155
0.421751397819841
0.683469286290761
0.883969668273034
0.63920510811651
0.945635652700643
0.823698548796976
1.19927170816667
1.15534331033881
1.45392280392838
0.541736801013065
0.856461350382559
0.934212170117879
1.48151152136668
1.17647575351827
0.624481434090136
0.910053510228157
0.798194496840516
0.972653458818601
0.944758691978682
1.02580200753864
0.315570466802532
1.11435186470483
1.02649312847337
1.04671531972074
1.17992085539326
1.06869101143089
1.01580646805154
0.29580040250591
0.370369645984308
0.34119901704552
0.97169829977202
0.869992155541295
0.888701630991569
0.279774064008332
1.02838678000086
1.37943531424357
1.27151429960244
0.878138060505631
0.912779237923389
0.807838459137549
0.955129199996753
0.958417778539339
1.07972167183181
1.0551389402003
1.04998239517669
1.01251642553458
1.01088018641834
0.983760029200964
0.933799286792481
0.947149833711977
0.99724632924377
0.678085276962464
0.626772591740595
0.787535076641728
0.698184213600325
1.09689189383105
0.883094102230225
0.964594857514272
1.34467664494003
1.92718102581369
2.358911612539
0.931663020712027
1.44173687651877
1.73019566488864
1.58813139493114
1.45509610434034
1.83463396760818
1.0596961665862
1.67224042474489
1.05921243556192
1.12734065312751
1.62098144724243
0.186701474072093
0.119414175156683
-0.0765779586475339
-0.190584752790951
0.613178235406957
0.308688284324495
0.311647843962076
0.101090766449069
0.376757237952873
0.140859630998489
0.383955428851495
0.359140803412146
0.380936961646927
0.539936232593322
2.756577236669
2.63586850385438
2.19674878856538
2.31183875580999
2.31352149654983
2.67503582543968
1.88901622935425
1.98723042559062
1.76636515409047
1.64548407906791
1.6125325307972
1.55231114979804
1.48988187384445
1.37288177319611
1.24765625422092
1.17951106839767
1.56126298856459
1.68816723335528
1.1940781441619
1.18540254224619
1.33960419445974
0.824996253690414
0.999317621162982
-0.0957028022602819
-0.409367843129156
-0.766030975988939
-0.649320219741609
-0.662686431849455
-0.819028754291856
-0.64820119528484
-0.633759873913949
-0.454667238206816
0.0453058113526774
0.124191562168346
-0.506315520432611
0.605993827887966
-0.676950241036218
0.510262469359725
-0.244895996865457
0.604620795804627
0.694055705941
0.27549760633347
0.377707220503974
0.583763913386335
0.7229217268379
0.941595382612257
1.20626860686544
1.23717220763811
1.01811607442269
0.801849831801142
1.3236978942083
1.30544972850478
1.14332204262438
0.862004413036892
0.808463949131911
0.985666971559077
0.944818196616873
1.61637181925883
1.73959228743316
1.77920332777264
1.86239350601422
1.90022729591913
2.03240185908762
2.25779238624652
2.53565156975568
2.44350673580343
2.11989140921033
1.7845757262418
0.987532786840514
0.871930150622435
0.534044414856262
0.825122650618
0.789424160603161
0.970811401588332
0.734282410006513
0.815433316696729
0.806036987443785
0.758312366832273
0.95014954740936
1.11900282503354
1.20535457161778
0.97856033329097
1.00106494176157
1.08739259314911
1.12237883857856
-0.241300196842137
-0.153614963326603
-0.297875079759358
1.27022793818196
1.00854237303693
0.96452116704157
0.957610268344185
0.979792683952995
0.817317771530717
0.636535343379958
0.617051712255296
0.350255718477976
-0.15039275112454
-0.166194796179498
-0.471750101720853
-0.329447101762909
1.1646043813549
1.13344826716195
0.98101285812952
1.16481461250297
0.995727415351746
0.807387608845365
0.729957998690561
2.08786721313943
2.31522286548463
2.5034083475239
1.26531046605336
1.22445844016879
1.67338597037755
1.60656338496589
0.877926676171914
1.29994105843248
1.0874932905491
1.25796857184124
1.14851233632164
1.34025996138647
1.8893027850703
1.46239092116857
2.26007013073949
1.00009277004297
0.932066957464807
0.865586085228912
0.801672395292702
1.47677889684332
0.214846757676067
-0.169431334019342
0.654905186967693
-0.624295141617916
1.50491827890845
0.942172456790904
0.901341797853745
0.587670995782324
1.39187470143553
1.71524108737851
1.38386071113316
0.822454843247275
1.06301139000081
-0.0575544079430056
1.05639181690731
1.03984211664631
-0.187576192599985
0.320396568754374
1.30304417807804
1.35649576420162
0.945698246412466
0.901551058875558
0.565819987933656
1.5121221851477
0.592058710984977
0.481123317625553
0.962755900255341
1.61443456336197
2.11578259200898
1.68919454052661
2.05673927798919
0.601042171541807
0.243354317274433
0.858472907069894
1.0317513626161
0.236864234823087
1.64718387128088
0.956790176499377
0.778418804028063
1.57112200138448
1.09572597701637
1.88609092454107
0.873314323659136
2.25293126926306
2.61990636050178
0.205788359529096
0.028851116220213
-0.29528853649775
-0.199950623458922
0.147472848425581
-0.493558254116585
2.00801395864124
1.86938180302203
0.464858370055553
1.85630463401008
0.799491200087698
0.983614442183249
0.21294389448928
1.88624070261199
0.72182472876135
1.1226516960026
1.17689794196544
0.932457217902966
0.98399681690016
0.676244477771369
1.03217004584447
0.955270572031663
1.01085430103197
1.33048581895431
1.86166352925421
2.0300062486357
2.69990411605903
-0.167265180213654
0.839094879547278
0.944478706933374
0.511625504354903
1.65520916841215
1.11741844501591
0.446011343998277
0.595634074610356
0.94575545339339
0.717042450367716
0.752044297056982
1.15576553649871
1.40246550471885
1.92165135129311
1.67371472837186
1.24212641388904
1.32265295967509
2.0391764409965
0.582169024004463
0.358681776585389
0.0796401142904271
0.874561434648057
1.21329433793482
0.965649586276397
0.846795562258406
0.846795604806681
0.314145249339723
0.668418884986494
0.709279172626273
0.397487454207224
0.968249066376151
1.10294333192029
1.06268654462249
2.49221118842962
1.08278650078579
1.06113011961626
1.28465513862712
1.04706655587371
2.29065830667213
1.02003588831337
-0.0963072863743668
0.048504534250959
0.290678068770674
0.0282745157879737
1.06557503700626
-0.26428088006257
0.920306034655256
0.952247903836727
0.973989975148972
0.855975607416578
1.03649642110208
0.567308719689225
-0.108497465817699
-0.072636006529391
0.111520329513599
1.1453596004904
0.741433419619023
0.628664032143643
0.917183099789097
0.678253047865395
1.26745564518872
1.17102551989717
1.44442104221583
1.07996395342245
1.03236873071184
1.09472758810042
1.35877069384581
1.24193831837112
0.106479492721686
0.145281383923428
0.602072614393303
1.5051459302136
1.04367807667866
1.20747858686178
1.76314668664477
2.32592969326044
2.11924537352866
1.93324470611281
1.40378679881518
0.904156008333297
0.932490054586
0.761077144744517
-0.737161261118861
-0.733943420564554
-0.580436468379457
-0.319675901254842
0.323530177590539
0.367330056790659
0.997196441293054
1.04334582294275
1.07096325064242
0.690412875761233
-0.706144956145363
-0.426202460356465
-0.781411234577681
-0.294175046213902
1.59473007861074
1.60200661014709
1.46685084853317
1.23165416137918
1.3620786215641
1.21925873763619
1.23077702934989
1.18159847845114
1.54254692036956
0.854875561507414
0.952964336771452
0.667249973095728
-0.0457252115854779
0.949779423312764
1.58698453106466
0.076028329366265
2.19659873229655
2.00822021508317
1.12257070190286
0.342333064838443
-0.0778184637232814
0.220066104672373
0.595013310694794
0.852743767826707
1.57785266058161
0.835905698190082
0.0804062044220026
-0.0117475003261327
1.14412101623638
1.00670182853258
0.856979067654268
1.00095702239196
0.223273856850869
0.427254808537204
0.619987891020086
0.998236596025502
0.299630353766186
1.06091428592806
1.00727560244457
1.02158517957785
1.06707712332258
0.192898675615151
1.11951934711247
0.96659671177742
1.51785935228509
1.75935091101527
0.639500049309548
1.1768944711301
2.10652853794775
0.396879172201422
-0.0518185525818626
0.156411759922594
-0.0522362329897895
0.904459695438117
0.353693101458335
-0.24456529291646
1.68504860847649
1.50701663069639
1.27657072298159
1.19552959758647
1.00712813054344
0.579848013390553
0.245016107928225
1.40395570102632
0.842613058381725
-0.382603034687179
0.0918945499145617
0.84612323376739
1.75508688088976
1.59598901592114
1.01957079977456
1.39766891100868
1.97397542384223
0.550077130734342
0.876345163729249
0.316415566566708
0.907397119085294
0.116550030903377
1.2778458416652
1.83514349760219
1.39619955236397
1.04944426252596
0.971800220319088
0.895954555360559
2.3919149479008
0.285758313553451
0.081734296959946
0.26785846098259
1.15482351128694
0.307629274309121
1.99894191573037
0.0749080577343222
1.13787213378449
-0.0394079199363669
-0.166835428654398
-0.715094177379708
0.454458884404744
0.0752557043514741
0.306792318573042
0.569760546341401
1.15394223742631
-0.394801019043432
2.23986156116731
0.719730473893048
1.20769946319109
0.821259390105438
1.36386658074934
0.651695696014614
0.331540762731656
1.61047232294317
-0.472129550995052
1.10139469685976
0.991417966236443
1.0003836795845
0.731490002224279
-0.18435085302709
1.70332799185485
1.00772500663881
0.49767004109524
0.597698532589186
-0.289111105129427
1.16491776162757
0.909655396871309
-0.0139589491912539
0.74554441642707
0.925627145595715
0.58343978874758
1.25254767801835
1.0989766592791
0.389937514567289
2.38743026001488
0.0280929311086287
1.45795359468017
0.656452826990311
1.34504086467137
0.632695017115924
0.581001912911622
0.290898320975027
1.38087121160415
0.830725490964133
1.41698775570516
-0.00465519095971071
1.58597895397224
1.7178608146156
1.11366800016084
0.975300609579356
0.804612320429936
1.66340496233628
0.923443292963663
0.805458869853914
1.60787392960874
0.0782351387882965
0.746227032638177
-0.126448640907121
2.38807079097215
0.967081071626955
0.15858112639705
-0.0643989530540311
-0.102674810482108
0.547834163709112
0.936855546040488
-0.22860712964839
2.48644201915379
0.779521387201637
-0.222335985013458
0.956318763585077
0.104522429727646
-0.495319242054623
1.14977924675394
1.48023669946475
1.02877888896308
0.869242906939813
0.66920424359611
0.794990621328911
1.97643513551741
1.80060804114672
2.56103282723982
1.24712933201901
1.16960654238504
1.21113471533544
0.667729122521167
1.14372549331776
1.56603680362949
0.767556642729983
1.1363403894932
-0.0679480568124332
0.861933714879944
1.71355662722089
0.303578170670697
0.575978628226018
1.08890523085948
0.107555068085635
0.0148651725392486
0.288203849759099
0.28021218925245
1.46728640832021
1.27775102263634
0.730126471468959
0.415956700995328
-0.468203860511931
0.821095614069305
1.59842536514353
0.0471201452535932
0.394568145711882
1.17077759601299
0.880132904757023
1.98012789242589
1.08722234429013
1.13834031177368
0.153799547328046
0.833712903899003
2.47874009586937
1.40652064542176
1.58289943498
1.4872188011911
0.957783852578814
0.205632924383697
0.179626756789164
1.55649344228298
2.38977430847443
1.83279996815088
1.80451310765177
2.03509724533982
0.538504206159192
0.980321072325746
0.0747131290245248
1.59527630563515
0.696999687321411
0.288212939467243
0.387458531988715
2.6083561474973
1.29143289266083
1.73728819069704
1.98640421832623
0.625126646139438
0.0497211858493426
-0.346843442646788
0.862467821324851
0.905060858548834
0.80027025242149
0.0194554500689271
0.168135696856858
-0.00572874691082846
1.21745978088229
0.745827491430535
1.2788771130675
0.934763745714774
0.598087470416482
0.595197777383762
2.86396376743114
2.88028541163937
0.430362357168044
1.33188300862071
0.0818202543326111
1.50328495108101
1.27537735578576
1.97254506673236
0.953486785094254
-0.0221521719122858
0.0866444424849983
1.29136391910618
0.19559832765948
0.362587044871984
-0.710296012026793
0.852527315311489
0.864767545707883
0.109324182387928
0.61758793702153
0.233424446105302
1.39644369011433
1.47621486366907
0.22830256563039
2.68865866598625
0.902128182621037
1.07557460110055
0.976698900832165
0.77067535898875
1.55672574706224
0.409871572254732
1.45113101229458
0.650750876727724
1.99168078609365
1.25804204000269
1.75828403256
1.33957514650252
1.3129144737514
0.918481350027868
1.0443852737731
1.05334218220943
1.12083277330597
1.02246716524606
1.51913793586996
1.06243718832271
0.251458225997689
1.59346155208389
2.04277971465129
2.08523034714391
1.85021554850338
-0.0510843498732336
2.36684589961798
-0.0639610984053747
0.242074375910135
1.61015243467799
0.301406276692555
0.265643788907883
1.26150487806018
-0.777341197274711
1.12648424713643
0.77458481062467
0.359224348962827
0.652585385264462
2.81394123437704
1.10952303934819
1.14029699674764
1.2300777874441
1.64653844663942
1.38058218681303
0.984846645376918
0.296505005371936
-0.312160382003543
0.781619539594869
0.385684050436487
2.18638991771647
-0.623254103065733
0.178044663012454
1.1412339129122
1.41674090443978
0.725071737748346
0.82646302330184
1.70073760175481
1.79064640210444
1.00398749191699
0.436635494110834
2.01484148398652
2.22002004617651
0.984252073070408
0.665339520348059
1.87668995857912
0.815889193169006
1.27625699358528
0.586687591856508
0.621376174848058
1.10999893370355
1.06188902889464
1.18076401656724
-0.136046389722233
1.20606925183438
0.979287679897665
1.98525504950708
1.19799389849351
1.90243016237643
1.69377511985051
-0.484455696342405
1.75459318687075
1.94373956533283
0.806845923137128
1.68046295443331
0.5856655727307
1.69860635179548
0.0626010663893281
2.17040331624805
1.72864446658684
1.00004969653478
1.33273586974792
0.734192106133238
1.58064594972466
0.689732304471078
0.526455817764351
0.824917198223791
1.67106341880804
1.95233330809532
0.10538459199652
1.53853512060057
1.81559609488558
0.886791540016495
1.28207380590159
-0.484568601389447
1.73736737894934
-0.318573611522443
0.131741493924396
1.93191553902759
1.23654234211666
0.922300918930039
1.03391789497301
0.817473623073095
0.154992190288245
1.49841649437412
0.683544215743663
0.637405265646604
0.349452629174895
2.71629090403557
0.0974737527926073
0.755621537201867
0.604737334490398
-0.227988643886218
1.0479025733602
0.57130346404342
0.56670649741525
1.07727313893102
-0.132018097905155
0.953523520608505
0.0681593554623657
1.44576457579773
0.968503314359644
0.79952827466163
1.12909262741129
0.000750839000084455
-0.139612865187056
0.553209106584882
0.395059152626857
2.00746045558306
2.67007617997483
1.0996755156739
1.07952987929278
0.80360551815411
1.47599962538725
1.41454302330497
2.28245777568807
1.04602478276918
1.14285614207134
1.00402486009601
0.816538124345939
0.983057260315579
0.628714587423257
0.406254766833854
1.01477883122843
0.935250128964579
0.176422576675054
0.558777388510419
0.0352473552585788
1.08922136085819
0.982859853790578
0.219270247987684
0.123745308520061
1.13033388889291
1.0435800311982
0.938652941576693
1.33174882446455
0.946255875792258
0.975245342385655
1.71201684978478
0.30828444271814
-0.0172298993510197
1.00993598407338
0.985539176722514
1.13143769254907
-0.051238360307708
0.723175850452672
-0.00499967190574444
1.07924185494771
0.932560411098488
1.00398734498691
0.31706338625734
2.02211683958717
-0.122427869717296
0.298692475894013
0.720385368654301
0.330520818192716
1.63898866026062
1.88888620447659
1.18477588344682
1.38591752915837
1.5121278623744
2.27149140098963
0.988474985550498
0.880910658768909
0.807852111981307
0.525187386159717
1.0987076972897
0.533394255631513
1.88219333343297
0.787212337696064
1.50635407685919
1.87432406861561
0.542723108388935
0.842269001804646
2.15971002174915
0.943091442460342
0.60579661722764
-0.0488791171530444
1.72960200911652
1.14580319556116
1.02348008779902
0.816376773814717
1.56969106463534
1.00832785238943
0.892805000216476
1.07621455153798
0.578074566866529
0.33635839214513
1.2038060760142
0.777941472422766
0.855381408947475
1.45147674032464
0.881957740944474
0.781590844052706
0.786707774022064
0.589368877986564
1.19688146366582
0.157320157603805
0.323798998618538
0.210737281087831
0.900043969660779
1.66644642813173
0.639506764304445
0.61926619674741
0.281465741513535
2.10835721787852
-0.173546369382924
1.60025848742146
0.78400090546097
0.879398413080873
-0.119323247181111
0.261214191270483
1.06164477201369
1.74150264062304
1.46446079763325
0.914902935406477
0.75743303859133
0.440275017007941
1.00800131313087
1.61394554566603
1.16302720617085
0.210792024428364
0.746767574415954
1.02567933989337
2.02941063324611
0.284751798652071
2.40036438670897
0.926657153983532
0.909489468002242
1.98402326750537
2.13842571371364
0.20887249313721
2.03435082524858
0.479130389963202
-0.524490453428656
0.991165679960382
1.68726906272828
1.56518387808922
0.653616740429552
0.826972602800184
2.42887989236494
1.34030807288277
-0.183129060454079
-0.116299380968505
0.990982406729782
0.660034116797095
0.243103714298542
-0.493918851372802
2.02637178425557
1.56790988423382
1.05159662015096
1.08016073260218
1.184650179401
-0.166645265051938
-0.146543572490349
1.14966801196765
0.276233235572407
0.163501706296202
0.21068379982339
1.06448753181586
-0.48523082394517
0.635915658026169
1.17569802236908
1.22208648232707
2.55701911317911
0.886503587544784
0.881463936943833
2.18944808515839
-0.53409855895922
1.65922686305261
1.24117687466041
0.868351520052052
0.931608929592378
1.23128493403874
0.0342120727916468
-0.30288972017345
0.787134789427021
1.01501511691416
1.71853476232314
1.45680262081076
0.744889033868545
0.540425450337096
-0.3123994642179
0.743342250848821
1.48566521850124
1.77960573629307
0.798470606611412
0.743523908649514
0.880332444814285
0.878686705958753
0.617653572062978
1.08077820360034
1.26142617109481
1.48629179696917
1.02447813154676
0.836094943507947
0.891165523236532
0.879278984641279
0.9098772163765
0.957570474355286
0.962618028491167
0.880920853476258
0.92482557564021
0.694211602784499
0.673291983217942
0.945725857091361
0.480007219384376
1.08319837788466
0.996972521272815
0.706992894925944
0.48856117983524
1.2561167865272
1.03831928396722
0.865817963920492
0.949774898773991
1.27627926264972
0.83981891457909
0.989024390900577
1.08181885034015
0.507975787366204
0.75886652050409
0.885172665474911
1.36053762396817
0.680930691914424
1.15497691656368
0.69196886839522
1.39263279317578
1.02153897995635
0.651927413705187
0.515072587841869
1.10392554834396
0.560457676789018
0.748000870450386
0.960410479158267
0.845413656130834
1.16880352460628
0.913778944181128
1.03758544198708
0.899393495045505
0.880911794883803
0.814690645883057
0.899447998679547
0.655694878897207
1.00846795820058
0.912908471350406
1.27902214549579
1.02557658750831
1.02313211452294
0.896324674035775
0.964107480819914
0.763987268364703
0.967899247424937
0.916365037968524
0.971391230492304
0.900487773483343
0.664622406705324
0.762628468634594
0.726199098744343
0.798441714780967
0.813448657838009
0.708058416322024
0.752408527110853
0.725343567833646
0.879922661985698
0.600340138295189
0.660698547162686
0.99166687911605
0.943342755015797
0.443452657225991
0.620726344524016
1.22281361830611
0.938896418180053
1.04780279995553
0.990275870452655
0.779997702739109
0.753665140462563
1.00050779397328
1.22816359972333
1.16881433473722
0.825865505164893
0.874331516321021
1.4798134424329
1.46038153008774
1.21189129868993
0.909368753934889
0.886713465330017
0.814156647317743
0.632020914174485
0.625074602292071
1.00900329130428
0.991545919938593
0.829921827114945
0.758883744286164
0.827221772019197
0.751772383351204
1.00965461301541
0.907488555646405
0.754375935437332
0.939563757537758
1.24701143542963
0.539424444814873
1.06006077471928
0.982285323196365
1.35019395225248
0.454663795766844
1.18546514800812
1.14249428199613
0.718903461596378
0.547254350347631
0.639006119392977
0.980916584560191
0.663720790606841
0.479350319639121
0.53703228687919
0.921928698619679
0.972861928330147
1.11518633974034
0.703600102052727
0.908953076060398
1.35245372286262
1.2080393678884
1.1080544630383
1.126569508324
0.969252555680696
1.00936679125814
0.960788411941751
0.944815150106469
1.00199796444955
1.00953436536417
0.901384774325546
0.800069328376328
0.920722331301157
0.847962082407937
0.649221203015107
1.02977278691839
1.00972798686168
1.06848915397232
0.592401424571843
0.429687886432605
0.441730969037723
1.2855942845614
1.04647832879853
0.751975415276484
0.996528928500112
0.84133628303934
1.13248823062985
0.913380704953293
0.598116157673302
0.837642918983188
0.720872835600013
0.721708176938641
0.74732667820474
0.562898800758177
0.647023733063798
0.722305762930439
0.70670600362685
0.761881908904383
0.754479180645162
0.734159162560371
0.809315629632865
0.954423888392542
1.32187325947249
0.738361958542726
0.895180591469578
1.41195439218726
0.346672369676014
0.481941221366097
0.630873081251059
0.925065484608639
1.12807319520806
0.845687637084871
