1.03566886582068
0.678377421653745
1.11096577435808
1.05608435371583
0.363005448803487
1.23609611613123
1.50985973782865
1.59763776115217
1.71178461187033
0.169767243538778
0.536063612783251
0.711130072157983
0.91042816749355
1.11139216075155
1.05959477921031
1.81304177652877
1.85465579334775
1.93705799066531
1.51534827500128
1.15608286311968
1.08352373963189
0.309746292529436
0.654824255671373
1.13880915139692
1.58308605917113
0.935107340723879
0.262199980587783
0.848688619624067
0.539428267341978
0.566565638908655
0.845554433265519
0.811439559341647
1.01963975383674
0.946100464690663
1.03128931539611
1.72042747114978
1.95863085493575
0.901149462915549
0.681429908183108
0.965921887928059
0.4501869323974
1.34514704267191
1.21176343236339
0.417788754721784
0.917458044076498
0.923094982888821
0.259965259336174
0.266084713913106
0.420409271891854
0.901406863897352
0.455637449077722
1.02837021030884
1.01274401026934
1.22093013598508
0.723542467083899
1.16264813252401
1.220674234934
0.878847546115542
0.44260397655346
0.977824100538354
1.79630241399311
0.99027130460021
1.20163956739215
1.47512425154832
0.299799390692314
1.31107244710682
0.282226101894712
1.76932286900393
1.6581991638924
0.389848387456692
0.306721114836959
0.340448225103689
1.00599785333589
0.826148986694629
0.291313324756893
0.543388655278649
0.891085589730558
0.747472191480738
0.794891913666764
0.610687104326562
0.887220238942761
1.0704816473922
0.655113679902842
1.10114921093398
0.934425749058215
1.22878531339997
1.18327360873288
1.96380391693335
0.406340948306106
0.829176375446081
0.977558978705342
1.91901773037956
1.38258378686042
0.726524792028301
1.00192687840783
0.952915010078001
0.992090893340499
1.13338704113325
1.0174226721074
0.442199287282563
1.07613935580834
1.10975819245271
0.958691505917782
1.19355609444114
1.15047707065971
0.886729747765253
0.33650077997575
0.453916127254319
0.505346879759776
1.0488974534249
0.854033353340888
0.89537039899629
0.188191957743798
0.950301215232261
1.88746428609788
1.65678301778375
0.863565774259901
0.992788992352151
0.82070074534211
1.01038358323627
1.13097271903939
1.31065162316201
1.34556229536539
1.26474616716012
1.11163470763829
1.14878668128852
0.950760016576725
0.974428715814238
0.843832462356988
0.957465377269133
0.598061951740882
0.594981293028039
0.675853544944458
0.787214700309388
1.00882595032253
0.945627826831368
0.736974817426228
1.35225782892383
1.71577311960497
2.28490925138414
0.903763313448678
1.5518631523973
2.06654460234777
1.92222199176677
1.34382895156824
1.77627841582363
1.05572897853249
1.78128214779157
1.21327963298417
1.15498555748997
1.6461897231128
0.25223646433762
0.0089369443063766
-0.034588909948477
-0.266763819381798
0.611492439489467
0.105929363933859
0.164200157126694
0.244246285088223
0.321487449904747
0.103671721136996
0.299666506988125
0.576519721981266
0.370835321841359
0.392804226645173
2.90072290401303
2.75046536828171
2.17802072027874
2.36852383301694
2.53337833749693
2.93558651572415
1.78344901702512
2.18250746306851
2.00150590816487
1.83441164748856
1.61800683742639
1.67878427388079
1.64242031602183
1.35004623037692
1.07323090695277
1.32023779894785
1.58032523738341
1.83091564372363
1.10432735065702
1.21731428220005
1.50407046846941
0.718439969226325
0.960215428843872
-0.131941432358178
-0.613249510452797
-1.01286949966003
-0.76094293163237
-0.894127373047187
-1.01549099053941
-0.812557886033622
-0.740182106726587
-0.562357602002788
0.013915663813198
0.355161376762192
-0.576040552017202
0.764973946966606
-0.858205319081743
0.37340857696733
-0.521156948994139
0.624985757422437
0.618168871301143
0.00970878570849105
0.241720203614173
0.804330560873878
0.657524043843775
0.93867794023585
1.17103194655672
1.21482948025036
0.998486289438433
0.785564386804326
1.42692949448742
1.45922441021101
1.20268650261121
0.751144802849813
0.513577803863938
0.637970853212766
1.11746483578491
2.05948334733596
1.66527940736234
2.12396123268533
2.26351518810411
1.91757469275289
2.15766128914176
2.19668971054731
2.37566023475343
2.296003832446
2.03098546235656
2.15598075858709
0.813694636872334
0.953864580650272
0.374655367839087
0.646973704562997
0.537518846397946
0.99180641147442
0.513493420366985
0.849061320678699
0.525935000576073
0.776604534465363
1.03409148794873
1.2700620002641
1.27636951244066
0.969688279601138
0.644573586937252
1.12489244926553
1.15406244666522
-0.190457057767493
-0.198022215995625
-0.337404235413356
1.46783193814791
1.07346451611879
0.789939692389485
1.07584559375805
0.99474503347391
0.767103793655862
0.868018910499839
0.688158469039369
0.397553443590067
-0.110147682454733
-0.312462544043439
-0.683263314469618
-0.328170489804755
1.4062648326894
1.68420794194481
1.3739281711745
1.42677024233181
1.38057573570569
0.989426488152378
0.374233902025201
2.0053737619877
2.2277910763794
2.51833219062172
1.40028253656225
1.21794525360535
1.75761027852909
1.71121409176901
1.02073606948218
1.34328527254259
1.14136753294963
1.30635371616496
1.07751171207812
1.28081382838772
1.77031863962875
1.29594311163538
2.4684898371453
1.17729431376278
1.0401333151699
0.905711730840527
0.661048925377226
1.56114432581707
0.0558174232709409
-0.139583101579259
0.40944935840097
-0.775269577981887
1.44880137625176
1.09572830539493
1.00436954594287
0.644222541818323
1.55099510276951
1.98924637663554
1.56659920221403
0.831685981663641
1.33550710321464
0.0358090851231531
0.827518691421778
1.18736964899076
-0.24850489915164
0.314220323990707
1.38577569412837
1.47055593718695
0.97545164154966
0.828416234265993
0.481757935543517
1.71433774046545
0.683935023623145
0.462637245840498
0.947553285352961
1.99614685245427
2.19552155685607
1.93625266005217
2.22584714665294
0.612291991915468
0.10408402275966
0.882657152523252
1.00202281667405
0.164846251032954
2.20843804191812
0.867596021843407
0.685047021102074
1.48915157792673
1.12560707660898
2.03548397057094
0.722095216286428
2.27921690749977
2.70331240063542
0.273135001323965
0.0132333064292767
-0.339642385660389
-0.240183532765927
0.106952129901561
-0.836754128829933
2.12232097158271
1.92563969946061
0.43240020227603
2.00893422714903
0.607629152056114
1.12465730935467
-0.0309411540350873
1.69738748857844
0.669234000274944
0.968625690705827
1.15449565983729
0.809959840867223
1.14746911516264
0.604383902261218
1.19423779643227
1.13446465597016
1.0326887804641
1.34804207029445
1.78757207588146
2.06404957995942
2.87669262941118
-0.111174763001336
0.794960928327836
1.0240884721077
0.589153563277877
2.14152874820671
0.860259953545066
0.540113290368902
0.546247041157868
0.913869480164471
0.597675867213762
0.621467121413779
1.2311830660138
1.67542833241997
2.09290515456367
1.71858440176316
1.2019894453478
1.35344834404861
1.99504069008083
0.672354484827094
0.236265899140429
0.237579208178381
0.92531725588405
1.16099910262042
1.0168592871861
0.943741531142763
0.544112375126314
0.177257294569762
0.705851616645666
0.936210323975312
0.680414319154464
0.966419969561614
1.19056234922875
0.823597361470325
2.79657517806992
1.17099293821439
0.976188782988968
1.38256480146602
0.967224424925884
2.25441232078088
1.15684818888914
-0.01414934143235
0.0929407176628569
0.423311356109729
0.216249184151835
1.27342144752656
-0.247960070662171
0.87918603132741
0.909877287282269
0.793780956423745
0.683208779122901
0.953420540722035
0.40200317594849
-0.153584331858985
-0.172838123985513
0.0401848809430431
1.10527008378044
0.838726257166478
0.769354615002982
0.920044343301626
0.892961383163142
1.08277578680094
1.10136036152603
1.16868624473032
1.26480196228594
1.27014832344862
1.16071062219402
1.20560245259319
1.21930436746011
0.118673269126809
0.381152838753125
0.902134891502976
1.47103434656785
0.723598737464261
1.17213685808635
1.59487026699661
2.23191356323419
2.07405558609053
2.0879702539727
1.32660905843543
0.906954136626152
0.990266796788973
0.652107176457184
-0.941700771072371
-0.958564736475571
-0.771292464099073
-0.378197370762825
0.640358401743476
0.635152464237875
1.12420259243706
1.03572931843197
1.3076437069142
0.669946545131379
-0.880539862060195
-0.39448454011024
-1.08147896589811
-0.24242053691416
1.60473667176195
1.82166712977712
1.65932375604413
1.24134318929624
1.31984266967573
1.26964962996988
1.26328160990588
1.18475073900202
1.69742216820633
0.810362008734293
0.788616424030696
0.593557409740558
-0.0807352422824561
0.747806307905295
1.82578554746306
0.162240452779466
2.10058138446457
2.21217477959538
1.20639310669633
0.147977486033064
-0.0584122087336358
0.138688871435149
0.556478522753124
0.627628371747145
1.8540745654298
0.93212133495401
-0.0119915746599737
-1.44160920755606e-05
1.3131423876183
1.08677929374216
0.798805566759542
1.16993919463324
0.234879651028372
0.246854561240831
0.487370731061421
0.789519388860277
0.271996695254066
1.11208921545546
0.894569464340826
1.14379593983621
0.992727835292132
0.294172031456586
1.18097011013321
1.18642451603303
1.51423537948951
2.01313205082468
0.546141062401429
1.15005911241285
2.03368105381763
0.139246527064396
0.0918088104401409
0.344742251700818
-0.138056456410125
0.876133598335882
0.32415513604217
-0.154232159420764
1.54756297921764
2.05462140456941
1.35028555026639
1.5609967092588
0.837627573888845
0.222666908434399
0.201390206898461
1.44403725022675
0.973595040424089
-0.252387336638075
0.162794253007133
0.560378833043056
1.66872357651296
1.67534041139723
1.10075217743642
1.80922158018178
2.2458643248032
0.523163565216646
0.89372078061736
0.537216729894865
1.07093940993763
0.0748442609634486
1.51101985223366
2.05147607722334
1.65552839740869
0.982452690192061
0.871031568089567
1.02698264249682
2.58118678273477
0.353197264930557
-0.0253284128520046
0.430976742208241
1.12215971661982
0.468647047963883
2.02645818431218
0.141851117723668
1.51895225063319
0.142454449199726
-0.240632329223689
-1.00374485995105
0.347291156695606
0.169461150224711
0.249388365305914
1.03153179749276
1.63768171797152
-0.567727789905964
2.37118054133263
0.930387283547102
1.3665942581524
0.743904211613051
1.53074087956885
0.806092353644748
0.413588799659621
1.8073294601789
-0.538972299031908
1.11087485340386
0.845216625991871
0.845603650703011
0.734204499592362
-0.116532852920467
1.83945659010111
1.07922728620803
0.30942380941825
0.827013926810808
-0.258699377132523
1.1255031768402
1.00499778991626
0.00562781219495086
0.784401401642816
0.774497427643651
0.563306350193067
1.22670380338615
1.26915380153435
0.213961071186693
2.41268611805451
0.0938586525293087
1.44479153334562
0.521879209087909
1.45059704980017
0.466826918093222
0.31548411569856
0.0653834010990333
1.55448078779071
0.54083953512692
1.23451229715463
-0.0162894011199126
1.83531088630004
1.90092637607446
1.1915505918987
0.956935913193262
0.831136288614993
1.67996747793047
0.650026988272562
1.08145413702176
1.76467742633655
0.154795453924397
0.958627139154952
-0.0389248879386087
2.23484177003945
1.03051866965495
0.166422631294749
-0.0466845261211975
0.0648914579125365
0.355681846986256
0.858082662428561
-0.326746426905336
2.32994319916106
0.795397176850815
-0.131431295514023
0.959434886008426
0.0262423099842428
-0.62492335055086
1.40663235460895
1.4993945370807
0.900086637348151
1.07999542088068
0.88525867019803
0.640471478083549
2.2919973047099
2.26607815814932
2.83433369162795
1.30391879543312
1.19456345506076
1.23800721722379
0.497236553066054
1.10664368310356
2.09734317277525
0.724831817402242
1.2916236243046
-0.134722776997072
0.806143786043808
1.92098561000371
0.194849696689232
0.71088508811102
1.39292857275023
0.228457355871222
0.122321621379595
0.420942832938736
0.337836137286297
1.72092592831913
1.32545074799296
0.631927562859825
0.557381479755529
-0.458969027602932
0.806916696818074
1.4206192889036
0.0455568643134807
0.483318593291209
1.17299983887098
0.740708431000377
1.82994060300249
1.15843109425262
1.24809861804166
-0.0486926229391702
0.81814123205982
2.73889241339378
1.36515149641449
1.87952690775462
1.74021459283646
0.85028814229857
0.128957832441487
0.102299326948978
1.51115350361174
2.45503431785988
1.96966065857933
2.05428584774433
2.06917870044997
0.486133430443361
1.18379004393324
-0.149714682177545
1.91363643962288
0.340552749843409
0.243989528616901
0.308933128125617
2.58781115503808
1.57004195338943
1.92633642188809
2.05550502664568
0.764651946806382
-0.0755684738919264
-0.420953243890849
0.697258860940556
0.754471319131494
0.657330365539467
0.00459144033774747
0.225607267775511
0.0144084039669971
1.25238528290699
0.577118936892477
1.18608869665223
1.04696108774375
0.640172021149421
0.623196266193723
3.24304613733986
3.13021052018595
0.234059230129349
1.37329462194092
0.0762859637275038
1.49151852641118
1.26717000350741
2.00224154594984
1.00840160343927
0.0152963656600282
0.140244244246556
1.50878137794691
0.0443999765654467
0.201539813142452
-0.935593327048233
0.872073588185488
0.792742701694838
0.0288573884814336
0.58587782547865
0.191079283378538
1.42099209363954
1.59288573870997
0.385487394918948
2.66369683673799
0.790622301082629
1.01804332179031
0.926825601369304
0.594632218454085
1.83846516940239
0.289613160192447
1.40563216787655
0.302195722776634
2.17229945872464
1.17216138216219
1.85036315066178
1.47336247984504
1.41825982952069
0.920420165381307
1.0981211244052
1.06227562811633
1.33611550116958
1.01330524755411
2.06852173229461
1.01576900227699
0.373228610926534
1.81857075571264
2.04269547224607
1.96114950189009
2.06670415400611
-0.000540501479763666
2.37641878381582
-0.0894664674886707
0.251252141382426
1.84830994476768
0.203061868850652
0.375984603307536
1.49087922383426
-1.03301802115937
1.09141232447324
0.861460353688926
0.318706385442312
0.60349666769632
3.01776699717055
1.05977774547956
1.11593574146833
1.3064208462429
1.86806459115468
1.30739965885371
1.15862701280648
0.491930011791455
-0.176912918973516
0.578504082091472
0.269189248603721
2.02023879194294
-0.88150801869038
0.216091320627351
1.20309825013869
1.19262226109092
0.507107716874459
0.71836164921112
1.6968040631306
1.98399520004635
1.03042450329792
0.24587821569397
2.04061692307841
2.16929910820892
0.662571758145149
0.741110244095211
2.12264047460561
0.913163890501755
1.49041922193454
0.640974954382109
0.503657824780235
1.04558604283407
1.06344432438195
1.41779348964207
-0.0783233125645384
1.06507556547322
0.675565685412834
2.02950023138666
1.55439870829616
1.95200466320029
1.78606200215494
-0.59649129517975
2.2638213246108
2.04098818999945
0.670638990919678
2.21323022340696
0.568092894416502
2.02608173345196
0.0452154170821102
2.30777527361603
1.71823398047219
1.17247642800397
1.42795345054629
0.612018461787927
2.01518761286016
0.698005160412503
0.406231799623811
0.52993035908918
1.84798803697272
1.94459830616844
0.327729243052847
1.56307948704508
1.98739097030092
0.962649891420084
1.21473152317948
-0.661067021548031
1.78770960803545
-0.499643506176467
-0.0293819762806323
2.1648223916792
1.0615520470892
0.779520710097324
1.23047320794032
0.749504500077378
0.011765588416519
1.75989369577491
0.658525979497952
0.59648833713514
0.279533633427717
2.71678536159808
0.178203847045006
0.674965847764082
0.657470593097399
-0.343041391059239
1.19256160149092
0.561469076235642
0.47730840403817
1.08972702019083
0.00217153723258049
0.982580487880782
0.0785927277612518
1.41682143870619
1.05229971622129
0.874231963200242
0.884748458033411
-0.0489972130214472
-0.180226513228691
0.591516802196991
0.232325628763549
2.13861361948187
2.776523960204
1.34154775800523
1.10200859435469
0.703002155248469
1.51067874764545
1.91006684994266
2.25254720913344
1.22088625704493
1.25966157678041
1.12611564998833
0.958039062846524
1.01353046869181
0.759168351981512
0.497339204670467
1.05296483756676
0.963674095697295
0.402999725176375
0.877266558125678
0.0511883323776671
1.26535252287147
1.13437451322071
0.162422978028832
-0.0125655592321548
1.47917918706228
1.40965115027047
1.16752942364264
1.4066630958462
1.00445046318363
1.08263239822557
1.97755975657497
0.339764946194654
-0.0572093596381877
0.901687911809139
0.72590718069317
0.953899502008929
0.0102802792146917
0.9596754356041
0.0902550563423171
1.02092052391574
0.812107533883005
0.903171706928967
0.188426928162131
1.90672418791762
0.00611003717488754
0.10834209654323
0.600468806527174
0.189465938808931
1.48980683399962
1.80006220972655
1.44015093750566
1.65199925486083
1.51662610477187
2.23211571067843
0.97996179363812
0.830080047422803
0.722219285577081
0.739862868762371
1.29504982929737
0.402631310186686
2.26215314678202
0.747793135359287
1.75857090946243
2.31548066592532
0.431175820303234
0.785167424883333
2.1633420219775
0.976502769656565
0.688477160189737
-0.15589415054831
1.96945911912496
1.18364541776608
0.860285407156132
0.999492385466624
1.80121051428846
1.06812039070504
0.984800035882482
1.23338795272546
0.534298636640003
0.189690793369457
1.26861575439613
0.565270074734562
0.795934324156487
1.34482864603888
0.737208807036291
0.778231095799788
0.950696303937556
1.02742270482723
1.29726896881749
0.275965454793656
0.416809659662776
0.282846823993208
1.05054834060579
2.19785742738674
0.428252233119751
0.882785723244132
0.140481778036159
2.10503895574174
-0.0193996287094843
1.84924261715388
0.812559578291111
0.890014712730051
-0.197051072033942
0.116980429045929
1.11275208725196
1.99681507800111
1.55507892410133
1.10463355418674
0.739738563791757
0.302796495866704
0.983977783362253
1.76014196843471
1.38502638373242
0.251818976655837
0.740071248719984
0.955509050736524
1.95170583083861
0.485788245415749
2.18984720482458
1.01088777742626
0.689563274032267
2.07272285446816
2.2798262405438
0.105962390637885
2.00857570353316
0.320249280224752
-0.761225995563075
0.880775176725235
2.11401448577809
2.05823887317866
0.403055697524575
0.754407689824158
2.56499196980266
1.4427105838987
-0.344006965784142
-0.132331166307107
0.887589991108977
0.856213011600408
0.360800379436375
-0.492313401838675
2.12836149695705
1.73802379367109
1.15666940485761
1.21318095746689
1.37743081745112
-0.164775964330737
-0.230460343638589
1.65462333612152
0.278460339172327
0.152285109741008
0.2503339894031
0.887541191903517
-0.674814487817455
0.449419085055885
1.17841919362307
1.26126149507207
2.56395716990989
0.789584903416176
1.016425889937
2.08695303231927
-0.55317915668843
1.36065855954047
1.31141298977947
0.835552916046399
0.939161192553634
1.27461214096429
0.218885564913329
-0.244390311105054
0.784279355491858
0.868218554682392
1.96304636624442
1.78012393302248
0.587800339469039
0.462835434849216
-0.260146954959421
0.742952289399696
1.96310732450956
2.25481155851043
0.945993470468972
0.890571027072262
0.956689389103599
0.919321261551747
0.735011981474218
1.20098211532325
1.39752286601895
1.67258269095795
1.29272590148498
0.816139874237352
0.870118598916549
0.921496206907624
0.992215558049872
1.11046590596444
1.19306484957046
1.06827646203143
0.93239697033493
0.863927879821257
0.719959917816361
1.0253552470436
0.474433593693503
1.10777833456982
0.912558322300162
0.790692388333368
0.602991065164421
1.69495525597099
1.21717690905798
0.810813514217939
0.988721171237219
1.58825545356527
0.971313027545855
1.13844146345393
1.05249240558477
0.463720166061465
0.721867891827376
1.01751072360041
1.5714698223536
0.847582109395915
1.35093846573157
0.549675969593037
1.72494631312144
0.938185691080117
0.534500637963042
0.555463897892474
1.10710012423258
0.710337606049086
0.8775857729169
0.925459896483883
1.01995667181794
1.5542987959726
0.95348263448784
1.17329148543594
0.981365268403678
0.947880932818143
0.878197967538077
0.920466650464224
0.787166859684538
1.04992554355117
0.949404075642196
1.6507688539465
1.2192490892746
1.29766603467589
0.856993403333636
1.08451487458688
0.782992278623441
0.97059228758939
0.90570357308144
1.11305279019314
0.967327596000163
0.775104307218473
0.886793303252451
0.87016326004046
0.919860328340776
0.933238222096648
0.602316206590986
0.780822749171828
0.724172461809777
1.08682362215726
0.466972910135071
0.678996760741962
0.934912730716938
0.891135152157866
0.522364356147418
0.733274779508225
1.46805202520617
1.04632664198444
0.983876457266141
0.960046169292554
0.938881254612769
0.914471971205681
1.13394713330459
1.43016282880461
1.32126528733154
0.858068545019557
0.907705544883926
1.73647085061681
1.65667399336042
1.50384975116534
1.0341155663672
1.06035822271445
0.961157996084877
0.720488161713026
0.698645656706027
0.9054086975705
0.921970159739361
0.773774521559768
0.664701937595382
0.75873394769962
0.933371556881033
1.12531090771031
0.936370970267798
0.904433229589054
0.919500322725208
1.67831092114965
0.422412330805658
1.11077474624865
1.03702204927991
1.72404416631796
0.593326011323469
1.3863793088211
1.15923329373542
0.780660406774698
0.719542333082188
0.462246936050041
1.09832962885667
0.735064259399554
0.374441236078925
0.496915639526552
0.946235365585096
1.15309599532002
1.09750332928871
0.904292241019202
1.03913915012016
1.7959215519173
1.58239740366995
1.4482189253258
1.40494348010197
1.16640534333358
1.22926391080655
1.05992308055702
1.04244172147795
1.01512660185976
1.29727268141549
0.852765701873605
0.806176507583509
1.01480036907231
0.985174008239742
0.788127244934466
0.935662261814107
0.937533933939241
1.00970045775537
0.411404745857366
0.516982503750023
0.489747790980224
1.52748881038748
1.23452992845617
0.674414611023639
0.971098037636833
0.964402615750903
1.32877893090999
0.959085274188966
0.716869488853005
0.85412970991508
0.611922842592199
0.67463859122583
0.702074656049029
0.49645737103675
0.663519470084328
0.900393077667138
0.863015299419078
0.926142585393363
0.862116402751564
0.857484679273882
0.935940158518876
0.898045061778763
1.61758907848213
0.67332486830925
0.996923765639952
1.64366029115001
0.315414840484251
0.64279537750821
0.757222841507867
1.17524826314786
1.15222368366631
0.79361016216105
