1.10481160274061
0.971250969070243
1.11411660206367
1.11767580680892
0.167349324166676
1.06042857085979
1.17115777386319
1.25148620831041
1.31815007693704
0.292261800008886
0.151038165512021
0.387558423701701
1.0874949300385
1.27512767028378
1.3549955871806
1.9670492525976
2.00601388821995
2.06739892478884
1.69246020983284
1.33602651685969
1.18173882042675
0.310315128542066
0.846523546292841
1.08419955354031
1.84987999850569
1.07440460405273
0.30206185737812
0.978340148508389
0.393146757469757
0.543077816892375
0.887925190792842
1.11374982910877
1.01477646552978
1.09656832594371
1.04979788644149
1.86915693297897
2.09366488197442
0.768627353491203
0.830952817823792
1.05730414014724
0.551265177488483
1.78467764539724
1.30072567555096
0.174430473777976
0.946764843964248
0.726830549931833
-0.00938071401996412
0.263192481208892
0.213984129681012
1.02829696084763
0.255359278554577
0.845137274651077
0.978771741852213
0.914960967038401
0.584932941214638
1.21330391941776
1.2385456922135
0.989348282362352
0.14074383775389
1.19806319608385
1.94360062222941
1.134929037484
1.60773950031691
1.84437186096155
0.360434820500779
1.50582374673255
0.28849698264993
1.91452409507775
1.84776149731848
0.177137358203846
0.266133772944451
0.398953739735826
1.12256597528169
1.00315309472248
0.271970497857334
0.672300480842471
0.959079648164433
0.834795978073857
0.675703690581309
0.481573056802181
1.11941330046555
0.849936116537604
0.880306883009517
1.09771753947713
0.966762580263274
1.30012064424426
1.25363803811749
2.09781345852359
0.0551315235512865
0.5643416959913
1.1824924384312
2.0641832799135
1.11135446188799
1.04376393256146
1.07870640924088
1.05002874343214
0.889980228494544
0.985256875098865
1.10557984282624
0.207892849087887
1.01897072758324
1.24900103377506
0.955922344941962
1.162122153346
1.23014041805463
1.03784180064895
0.145356507477966
0.149877342409967
0.31796242496655
1.27828871164912
0.959219933322664
1.0715123995022
0.104270933197617
1.12437423932493
2.02597091768895
1.82009516232388
1.05885265453432
1.11978317965501
0.976581418753838
1.31810478343828
1.30060404989954
1.2424523454423
1.36721752478978
1.39366626309672
1.24031170944524
1.26718134206235
1.17870196532167
1.25853707934158
1.02221476601402
1.15883794602483
0.607571211694824
0.648903644426527
0.19975754184297
1.00062094078211
0.904798774021418
1.00883560587781
0.294418973581234
1.06723717397433
0.916879444391822
1.4531626053089
1.26450093184055
1.6286690449386
1.68655350923004
1.60754475203601
0.452668853138711
1.2504945411568
1.35923229551151
1.61962340493157
1.50480133534569
1.27330813267722
1.45544150932948
0.120130213302548
-0.253035762733937
-0.483444567437289
-0.745864631717395
0.889404482712155
0.197123336691536
0.33699501939714
0.249791508534904
-0.220255659638269
-0.293661155328135
-0.117586224194543
0.859869459430891
0.613413351279569
-0.208945765941546
2.45835666543607
2.62632951287853
2.25196237711983
2.53408724104063
2.74318556106726
2.77128156993007
1.4617770552409
2.56556172562763
2.41391941608513
1.70977422850172
1.38427322025693
1.22008488588694
1.94677393633508
1.21962648871706
0.617507573987549
1.15029122312383
1.157460039009
1.33043142882187
0.841847851738441
0.924923749170229
0.754168332870377
0.744542441496572
0.710548181215982
-0.0230492715055688
-0.554125404565278
-1.00871421335257
-0.921828049938216
-0.881701980078175
-0.775198705816461
-0.707613639043571
-0.661289190623387
-0.636952280565128
0.00366290815782319
0.274059538489951
-0.550345829180874
0.434630428771589
-0.570774247456293
-0.0527566299230145
-0.716830137533191
0.441875679067415
0.732730982564435
-0.0524259764312735
-0.348244801879908
0.211958606159109
-0.0907227614681842
0.201626274127751
0.193646113755917
0.487454147109121
0.185011690847271
0.487623840480895
1.34424605050135
0.890450423689852
0.783995098866589
0.334030245050665
-0.0966592725309002
-0.115606003956552
1.48063299502435
2.25818828624868
1.45555352912088
2.10354869140778
2.22339932619001
1.71643251357629
2.12992038036164
2.04614471459042
1.78061004865297
1.95140797496699
1.94504578235894
2.29947646036772
0.606107573631774
0.69214795994629
0.18406878347066
-0.0371656410937149
0.0595126284466162
1.27249137773887
0.393752617573225
0.478314532281698
-0.135242518570577
0.453398475152261
0.697557751757009
1.09071924171824
0.835077185756783
0.317833980040768
-0.23983191256583
0.735790289744503
0.760152412373337
-0.482571385507611
-0.61515787468209
-0.802422559060325
0.896796021568932
0.532903334960906
0.950865755138565
0.997146844768738
0.862863082579188
0.263458971723336
0.812451325669542
0.365441309264213
0.130517446148345
-0.316969673861928
-0.311252586564459
-0.872147454427777
-0.71827219696681
1.44256271277362
1.43027434643268
0.97793010770492
1.55757300405989
1.19277409270716
0.493653826002317
0.477786467065664
1.28901431093834
1.46358808503338
1.72954404858667
1.24046502858709
0.8014464922527
1.27476872342
1.16569258546942
1.1969326813609
1.21618880715181
1.11705558500847
1.27406477907857
1.13268928821769
1.18076712398851
1.20842135581705
1.11138989981152
2.01186942972538
1.5392486192221
1.44671520418585
1.30283631840932
0.828253584166252
1.4587100918589
-0.309380028646217
-0.583507492795927
0.530365470607134
-1.04863246102195
0.751513233014732
0.35000588511151
0.120975997285455
0.963578350594842
0.719845984777173
1.15091798083996
0.678488402602485
1.04698695130459
1.23664988498882
-0.55002758189405
-0.14137751229551
1.30424667482282
-0.382972939825173
0.263425442769243
1.64991261362926
0.669461163137782
1.15470633916665
0.958978812986435
0.155703752522237
1.35942272482786
0.837954844369155
0.618053176481708
1.16458630642484
2.14387987199347
2.56430550385943
2.02387716223099
1.74712561499559
0.0184286949801976
0.101749259029459
1.02717343224459
1.08203350306665
-0.491239823383547
2.32820734698044
0.00260429419347508
0.510571492881536
1.09773575745567
1.12051528751105
2.30026613081369
-0.0795577001302625
1.87621793725678
2.00657985095194
0.172909092238648
-0.281430217751353
-0.13915324921428
-0.776507016541645
-0.368556220601937
-0.966789058192732
2.47085492236721
1.96215011998682
-0.0198586003291681
1.50493576819071
0.22155742107172
0.976639496571916
-0.368727517935722
1.06636725099146
0.738799452641692
1.20695387328312
1.05672430369997
0.876127349458383
0.868821052771628
0.271713117181174
1.17527635383617
1.14779808472348
1.05588910448268
1.02433814956754
1.34778690396833
2.26230423985617
2.36540897794337
-0.703788371158328
0.155459519247854
1.3456138305552
0.540956291011992
2.26311815346539
0.606346194368405
0.75316325854348
0.752693803793479
0.990971657640403
0.782035193244361
0.701761859192796
1.55837947788175
2.18414788061928
1.57957915982477
1.16157444995613
0.335066002753294
0.643485366192411
1.39372437760934
0.371386034219853
-0.201714322781435
0.342156664114498
0.653749567390905
0.428644450327257
1.08401151875835
1.01284740442927
0.345281751539877
0.228375543419744
0.776945547402671
0.512477502746034
0.59506939116993
1.22374019120417
0.477006129190794
-0.192904367997047
2.65384336285765
1.28787049901937
1.24602893880929
1.40877128052396
0.531926779647144
1.58453591091087
1.24144773620076
-0.479633725704995
-0.281776159007423
-0.139104634956257
-0.0501063851757026
1.36400964297329
-0.408235854005724
0.919191322817477
0.713028209261911
0.641048785477968
0.802701884346991
0.924783171532127
0.526553345669675
-0.553106546447283
-0.422609757693025
-0.176471889279752
1.22165844784134
1.1757349462892
0.0959211816374574
1.11299413164258
1.19133539552531
1.04799880687454
1.33320143075168
1.10882880040023
1.53172667047904
1.50977259374395
1.39114018580399
1.03219953076055
1.45031982751219
-0.0637243993933251
0.125664890373529
0.697645673549662
0.923453680564269
-0.238973571826541
0.320045433667688
1.27242188301749
2.15315710001162
2.32278853840854
2.11124302173437
0.943876011689047
1.24545090090012
1.26800202192078
0.937817795654646
-0.850067533885251
-0.829793436069844
-0.723433833292184
-0.484283973161732
0.301682533800248
0.382430839296694
1.28020416790726
0.337663922106026
0.903882585242734
0.187024778038197
-1.13665252274203
-0.787667187627634
-1.24677094841797
-0.580083074145409
1.26769836240427
1.5182812991396
1.66213038587551
1.33130998277333
1.11422647947918
1.44973197487606
1.24960631402173
1.11532341165958
1.18729494518862
0.0988177021728572
-0.100369442486353
-0.0507745865491052
-0.611010507524295
0.862761266669902
1.96730282449936
-0.324840287310266
1.49426806678036
1.27960866629262
1.41284771570952
0.217740321529356
-0.308246675529819
0.122013409665166
0.776470949357745
0.726813559914695
2.17801056608824
0.982828865160706
-0.325155316361531
-0.0591407979590538
1.83049918211353
1.45344285879353
0.842164160614887
1.35087987035004
-0.0745010973510606
0.246700291885116
0.677014230427993
1.06351849299964
-0.0251580046852439
1.18897758584019
0.917352121277357
1.03417003577537
0.9543981592308
-0.0926159509584968
1.07950189925139
0.732369652972411
0.942660884207455
1.09866225978076
0.661267276661236
0.301175118947124
1.42201405463573
-0.254028908709358
-0.268798413313741
0.130878045227745
-0.587546464591666
0.858686872227026
-0.0445469921376525
-0.62613339956911
0.832689722986708
2.23340434506018
1.4884291418308
1.6528670112228
1.03551837472123
0.331475162426835
0.360614623222994
0.525150792958421
0.657825816091522
-0.2237941590479
-0.268060609089237
0.704236707311074
1.13759580490488
0.920351032198033
0.755399967890824
2.03920843312772
2.3458960835633
0.720254844274298
1.04981453347501
0.347313562201176
0.862532919600795
-0.195881392439083
1.98727332457837
2.39568575467114
2.01417136156766
1.20118666479578
0.657667340403729
1.14061880322618
2.31291364223661
-0.0272585721112394
-0.167084755428819
0.142807622708704
0.232571413778911
0.57038041084167
1.99220921624299
-0.276387060849407
1.37768613557213
-0.0935812575123219
-0.594068417803112
-0.841652742317855
0.624482357031523
-0.0925529320259376
0.0465811220330668
0.83248835341566
1.59150550702058
-0.643256388165999
1.7065308827547
0.228142809568271
1.60196380257338
0.779952884173881
1.64242944157744
0.0111095683271302
-0.031840613666776
1.10167477626059
-0.711350709676319
1.29400008906743
0.911561406265148
0.95750386157515
0.798370550612842
-0.566628406742219
1.39846050168109
1.11174481108656
0.38189708223258
0.60999969557866
-0.234925433004501
0.536522189952636
0.725209981173689
0.00534633079682297
0.997320672913687
0.844410132719868
0.585342949070383
1.05470048848069
1.57363280049846
0.225912299820995
1.80460147652901
-0.27486326883805
0.513406360567696
0.584334888533834
1.03734937488856
0.562211384836116
0.408681938136393
-0.209018256305236
1.14329702077561
-0.246704765272892
0.844880775257611
-0.147401625835639
1.93985433608811
1.95792144652601
1.40005863943661
0.926889286682548
0.932217052898953
1.12593362245624
0.832934781168711
0.723234464724227
1.07756794515022
-0.317187429019102
1.0915747477662
-0.583013058339467
1.55273697747649
0.795987877647588
-0.261434974684901
-0.482137629735486
0.0257242447026118
0.431576921559914
0.91361478470887
-0.809880512773523
1.80150421180803
0.982221602906921
-0.543286600957037
0.224156901060896
-0.371913651812533
-0.72401931920667
1.42419652673079
1.64430652448982
1.11661631294378
0.77301366216396
0.731328588741513
0.737347381459872
1.85909620721602
2.342173229651
2.35789369352407
1.34945687648943
1.24332284837779
1.3410258184924
0.611310112158549
0.91255530765737
2.22860624005358
0.207965320043055
1.86358744507234
-0.731389490759764
0.98768574563403
2.08716337472575
0.242134080083555
0.556450399411691
1.33670916277841
-0.346405015296338
-0.312422335007355
0.0381134224835974
0.266807527943851
1.9566574366424
0.717998106808862
0.755086158852318
0.547195705222458
-0.676099892920393
1.04318961736068
1.12649778876041
-0.159083536175158
0.30190098720878
0.754296010810237
0.608733262956294
1.46256840687474
0.979719045722219
1.47046063776472
-0.332570351421871
0.69756594444353
2.29318845940236
0.219343626437071
2.32056594757441
2.27860584099821
0.854944820123967
0.0842740567425786
0.0594367063066776
0.764071346963194
1.88333673336033
2.00526135206348
2.15096964187801
2.18827801046695
0.0620969001901367
1.22023978772461
-0.326816973204945
2.05052201119789
0.510857504067733
0.467923855403712
-0.149093776868708
1.80633336298064
1.80604157648357
2.32208590484005
1.59974178875055
1.10800700932169
-0.317423100879294
-0.511465378506441
0.526163357564048
0.834051254708703
0.713532579084685
-0.113862497560926
-0.128185611454379
-0.0820976662098462
1.22320622361007
0.53729181273809
1.26898853016049
1.19621745357839
0.91105849737036
0.918840734234723
2.98425043797146
2.56482126145156
0.225502198655336
0.435868737401103
-0.497906932659644
0.708833319744047
0.90852572245092
1.44807706592269
0.829703478580675
-0.443132730537975
-0.291640415140401
2.00559624562039
0.127906799089315
0.2661197264934
-0.95056693223173
1.19770263973997
0.182134650299078
-0.0830161005563285
0.131655331214522
-0.211764493134128
1.1078395367896
1.43178281826098
-0.0612135768679553
1.89854032658066
-0.0148874486857956
1.28234279699508
0.617666688803328
0.383415485223863
1.96057495429594
0.23920093366391
0.496861893035115
0.393687444346233
2.18590157999805
0.741131448076222
2.0245519422277
1.57251489628497
1.54420417772681
0.374042418726316
1.14730979661798
1.20358846086852
1.40871934920117
0.950168620890028
2.214028827397
1.3531013371004
0.413670946853218
0.927158586537865
1.30604251579164
1.28176071230788
1.6010014168861
-0.500523012636667
1.57804796788315
-0.591236059703497
0.10198827302851
1.39433387671465
0.419981042320061
0.353456606218071
2.03386951436914
-0.831320937418377
1.02305549614944
0.0652077344021258
-0.137838908932399
-0.0671714250758583
2.53234204088064
0.991485337895953
1.05494836360278
0.886413594635379
1.46692158890185
0.72823071872545
0.936644456020574
0.281469103995036
-0.147408422554721
-0.19672679046997
0.0646455150731786
1.23932136479205
-0.893923698452244
-0.0872940123378906
1.43086912581706
0.696347778519682
0.379730586093662
0.725260813657359
1.345120640958
1.23061506447002
1.33442675266498
0.234287114240416
1.5471402701468
1.55519032668141
-0.275023108115768
0.485900278840723
2.08186404072057
0.240999241899818
0.851270768665884
0.924115271036342
-0.0347350356699152
0.136821868607991
1.29623991591275
1.5307681811336
-0.615013780293266
0.00107262171051237
-0.11551372542539
2.09569904223067
1.52047401599429
1.43625133310679
1.4324507841492
-0.582177600706808
2.29733654199574
2.39363592853458
0.585173918054249
2.32907716664675
0.791865995905445
2.16217505143107
-0.436370621687574
2.2736820494118
1.11907891782811
1.15321683757042
1.43864798691724
0.800238807854365
2.16001431475995
0.953011575044035
0.507692541912154
0.638533563343489
1.66438806991732
1.32315123650593
0.0385866610467108
1.02588873446437
1.62763457489414
1.04960831125291
0.661732762482152
-0.675023267945317
1.15309116892526
-0.625667610472321
-0.356744080359977
2.23894953213651
1.21145364073431
0.509597443185287
1.20444542470938
0.844674566962603
-0.339364773264301
1.2985562186659
0.760088563302061
0.762335237988496
0.162161330235154
2.2701923605477
0.080469937195991
0.461146248364121
0.128388551901657
-0.759531749121933
1.29596734031451
0.820141484670783
0.666407997854862
1.28951079720128
-0.318269803611217
1.06527945998604
-0.207004318379898
1.14457995517874
1.41021414805331
0.9151362164705
0.79572504088586
-0.457086714940489
-0.426151761203844
0.904694792910744
0.323189503980523
2.37667976838159
2.55411014539967
1.08445505519601
0.560000007052949
0.474614418226838
1.13180766358794
2.08921136388206
2.25472541573223
1.2569476207428
1.02872744684676
1.15940067442523
1.05378245766931
0.708752689345116
1.0964288876384
0.46520195345453
1.32001539506786
1.17851287937513
0.187458154700069
0.497163566738622
-0.287704058226881
0.95795981523553
1.22036509753333
-0.301936305943892
-0.376227295373859
1.48901769832695
1.32473107853636
0.853585616757851
0.69061590456576
1.17048830897532
1.27045149294702
2.32057772535028
0.525595014928244
-0.52186413983527
0.887688312991692
0.64885102570248
0.841763877081883
-0.353419932084909
1.24777402883892
-0.491068332694476
0.965771898823356
0.871222077192209
0.910360145773378
0.336055579196222
1.23197594563115
-0.299030175096599
0.160295500061086
0.286143928602161
0.252940488236398
1.12859232075689
1.29588905448746
1.60535039599058
2.10058444828002
0.709103715587779
1.72117852944794
1.1445685595918
1.19420399530272
0.909337278098721
0.534691747481422
1.30117529161192
-0.0197050288659636
2.40489547722832
0.442818574148305
1.90759119459209
1.54928188125423
0.557371456027805
0.326460351638969
1.60645549145846
1.11404019939578
1.01893040387989
-0.416406508557524
1.75981496382212
1.18517921839271
1.1243919734183
0.878294105870264
0.788746045800695
1.00484015454907
1.19056894438136
1.23916537680678
0.483418573187662
-0.326634675120299
0.927395734436964
0.37670301423094
0.785133223163398
0.798010295590191
0.813488015773257
0.617805238782575
1.04607683791096
0.673752823167179
0.573056483140341
-0.126462519668067
0.0161667972582573
-0.143062056722554
1.07136888614335
2.29785039567548
0.526510279834727
0.625196880794698
-0.166621203840183
2.09638302994358
-0.159728781710117
2.06514322584679
0.875761672985306
0.636143620484472
-0.50303541227574
0.0814331119870048
1.25435157334978
1.33841662584833
1.71144193773559
0.895459628770168
0.408029070789857
0.32133756072373
0.12616402359
1.28927455658607
1.21959703302388
0.212350102974953
0.257345693822376
1.03859450602147
1.35530420519872
0.331369767189234
1.72760959209791
1.23377833190333
0.804871610347391
1.44199458132078
1.68185814190597
0.18948946403187
1.50391494019523
0.30908715974315
-0.798065977473213
0.908205284669868
2.25207648116182
2.19320451782352
0.409810073292018
0.9503383967066
1.96349765153486
1.55141772156516
-0.405069645404957
-0.176338204501557
0.860939405985193
1.1526125116861
0.0609898526964686
-0.808624966038551
2.12449824298923
0.660745685122071
1.61566098283593
1.65766363987679
1.86471699556851
-0.496728462996559
-0.7459567101606
1.41237800338938
0.0237720113006772
-0.220969778462195
0.0296413681355799
0.341940965407761
-0.866032569259898
0.570385788116843
1.11829540665902
1.23023992562383
1.82608053457081
0.360479427375711
1.08405467563056
1.41384317172894
-0.838815070318244
1.09261488989962
0.959324984437879
0.916229662329297
1.15062776684746
1.37866423840208
0.0544429874689392
-0.272507399655579
0.407374644670755
1.04155436619393
1.95848422539652
2.03204123894012
0.206659133741768
0.176382067642955
-0.420703553829593
0.475025781852859
2.18414998239866
2.2410554919096
1.03740378190734
1.00662794559073
0.967542840268637
0.924155541854522
0.869501349785484
1.06783103136802
1.13934328953416
1.20577131407521
1.3451813423271
0.833869296981568
0.874519220233081
1.06295415500682
1.15165841528142
1.1822843952443
1.15690161299224
1.08186835678824
1.00621108534512
0.751360578116621
0.808606666001374
1.25199482274752
0.455563110920227
1.2009922732978
1.02469893564998
0.952330723957522
0.455429910870218
1.76728664067908
1.10178060770081
0.586678672594255
1.18900433335317
1.73066301957721
1.07137282444433
1.26533591972019
1.0308313558994
0.468290023809617
0.876844411831987
1.02386394912073
1.18074053791707
1.07234687360533
1.56804043138737
0.47565606921236
1.84302038967723
0.980207389995217
0.292378302970548
0.477713348603804
1.13798605667035
0.56152953941388
0.966443016497344
0.890023591386993
0.960931814369596
1.630084469844
1.10962108825
1.45301702593572
1.03630240792828
1.10302001559887
1.03039792340158
1.04051449073536
0.859358607082228
1.21799004505472
1.10389406631279
1.76459963109224
1.30246695563402
1.27525952745712
0.835333550393525
1.02189067619575
0.829953371604882
1.0424232168965
0.95403232047245
1.0172238284206
1.14075746560481
1.03988419623988
0.988526406000525
1.01890369060231
0.963754527124599
0.98493047883326
0.704473125037508
0.849773006963692
0.791942915154552
0.932374915754927
0.421988626621863
0.723369612227739
1.01527388263979
0.930590553087194
0.39204272295674
0.697517068549597
1.64326840321611
1.17669950027413
0.984539943669367
0.99525443760874
1.05327693717726
1.03034960425818
1.2814752299245
1.16499217543795
1.10738552935553
1.00238131787826
0.929920863374429
1.28019999012007
1.26667922285901
1.43190608287352
1.14120603702687
1.12054425336576
1.06267482611618
0.834300387437808
0.754221918785216
1.02293131483049
0.982899001442531
0.67903273844609
0.369463593100158
0.57106477337471
0.829747367347296
1.44066290412818
1.08753805485605
0.864237922041697
0.79639526869345
1.77517588856867
0.181527612897261
1.21997233775739
1.24555608122262
1.8596817539068
0.406423932260438
1.66243880141351
1.20921045724102
0.891098408307158
0.591298259118087
0.481963188444838
1.22264271788079
0.967055415346708
0.401308155653647
0.375519409251591
1.14198925720496
1.03073137257858
1.06223408416908
1.08332494164484
1.0622410470333
1.91069883607012
1.65254546408638
1.45555705255101
1.47988576109293
1.18447621032283
1.25346383923912
1.29846372961846
1.22530358042755
1.1084622788804
1.28450874270523
0.77708069008959
0.896148154235144
0.992915590768701
1.00408764915712
1.08131302565328
0.965552455653697
1.07336985358989
0.987349292508849
0.352319896368592
0.303084878780521
0.296507951966112
1.71085950915709
1.0370485859334
0.840663925672347
1.00898195498143
1.06171175925479
1.12993329399203
1.12561089825585
0.843820409071637
1.01744014354146
0.599972795351104
0.641519091713123
0.752866410346654
0.512196338275468
0.63793960917621
1.0591088562868
1.04266317346459
1.04501976286568
0.952750730857025
0.988990158425444
0.982644476612612
0.928120310041205
1.77785679782995
0.587488928513039
1.07546187759895
1.21498020762251
0.34067373643048
0.491440263766633
0.792129747247715
1.29755957634741
1.23571993193418
0.528026099737982
