0.991296036816445
0.689907647481577
1.13465370651214
1.14923871270337
0.131427887207829
1.32568035932904
1.5335029700041
1.58970757135439
1.62959288130332
0.204057204794767
0.625863315209652
0.78684563838965
1.14767567415174
1.19577792668119
1.06029492994055
1.93917183148155
1.95709214656731
1.77188902637844
1.306688334667
1.0958548275964
1.03373277526045
0.419075902455116
0.856421449375678
1.12788126806475
1.70591427490618
0.842985492162299
0.189219643404334
0.897592030118242
0.310103838853399
0.557877206001338
0.763623743018336
0.759005625888581
1.17784132135905
1.12412738867458
0.948517883261587
1.85334379427423
1.9450121860495
0.907299624672012
0.673455917010942
0.926756278571842
0.626794050527402
1.42937443077998
1.33227714293553
0.143793648770917
0.961903220200293
1.01334829650878
0.360049611365073
0.289443383759873
0.255214668648235
0.896504764786707
0.187520375775677
1.04975214436615
0.999479434897527
1.33089596118726
0.589264807011968
1.28800846361349
1.26633270683045
1.0331294242723
0.184471283205943
1.06070078849323
1.54594308073427
1.21883857917649
1.2415119718278
1.58196766963111
0.241187361827831
1.17546776513977
0.260502058752284
1.90154250276147
1.78693336588107
0.18434385888048
0.370450645854992
0.492379165050784
1.14668680071031
1.02868699182371
0.170221282920121
0.742382360116138
0.988455725476404
0.70576941336471
0.724713221479479
0.421011577327633
0.799178914317225
1.14712244152077
0.668704783610762
1.05900943563604
0.841682347833784
1.31722378543498
1.31833145302827
1.87526652182732
0.500300188476917
0.905516610161877
0.961763883665827
1.97086001597197
1.43064729014003
0.71713287328703
0.96482733542157
0.884039425722125
1.11159011860442
1.23884927454168
1.21738215530056
0.17064831321663
1.05431853088837
1.06218813353746
0.964738573342941
1.20256142823484
1.24091455318026
1.08911808322598
0.0889021774142452
0.186174794477264
0.24946654115094
1.13618333276956
0.872051881902437
0.970928551805783
0.267385181561317
1.19074278924335
1.6651147003952
1.41521077759142
0.854377836135888
0.963115376243126
0.840259611188275
1.01428399298677
1.02295635836371
1.24195772075881
1.21715125523542
1.22429734340009
1.09597365545455
1.07477445909589
0.956872676447243
0.949217254590882
0.940501733841712
0.971313915064167
0.578224940272817
0.617796826613422
0.701952824859063
0.757835618119024
1.07203381292575
0.908553604569223
0.85890474683902
1.37542820935204
1.81655841129386
2.26504082845378
0.890315907692169
1.53339805742743
1.99022319934917
1.83494521236291
1.41453275778331
1.85380735178377
1.03285493854421
1.73621707307294
1.17232813957229
1.14251213028858
1.62597613390854
0.223485207148628
0.12080886035128
-0.0667523033824031
-0.241495979388008
0.608446857196856
0.195698872589365
0.20694446190785
0.160717957690664
0.399968774695746
0.119772382656249
0.315510897611621
0.461041320470995
0.40511626866048
0.453280524076498
2.87157450060255
2.71168160531513
2.2023730158025
2.37772472307081
2.48337773416304
2.87468951628975
1.82666049894333
2.11032141464218
1.93332169079308
1.7302371210272
1.58648885638396
1.57716133553577
1.60981201698682
1.38471503513972
1.14385079597752
1.31507627287575
1.68163459229037
1.77024949346846
1.13981387338323
1.18845775716638
1.42462397344375
0.715072713194957
0.946332727691856
-0.152375035553194
-0.585672428272228
-0.982330217559541
-0.808801438892935
-0.856602545677183
-0.989020076202527
-0.756955316623158
-0.713326182233369
-0.526641387894819
0.0642273795275485
0.298140207242037
-0.567190442830108
0.771172380621401
-0.824995242897362
0.427089387346469
-0.440001838376275
0.666434711847242
0.673293112760578
0.098285763849226
0.310264710750466
0.708852648076539
0.660871748598614
0.942963547504867
1.15838394804499
1.26754471531051
1.00682317111698
0.817538130091056
1.45800798807426
1.44232886619011
1.1904726242418
0.744526652297407
0.570419549181346
0.753956183687507
1.03900910889595
1.80316843382911
1.66626819315565
2.00949662078161
2.17424295614787
1.96554221581177
2.16283136775343
2.18213342433944
2.44307483389315
2.35458535300561
2.06156158333466
2.14084171999331
0.883199836238019
0.867259747843174
0.454920599152124
0.64214366815472
0.621330940394586
0.978860602086819
0.582748212554814
0.794832952302096
0.594600333945543
0.751443135195391
1.00894503815271
1.2229388909183
1.29151767205529
0.906316208565889
0.742051780172678
1.12100827702753
1.13975089144302
-0.204907258506582
-0.156211772316891
-0.312643889776272
1.36265324259839
1.05716642703553
0.896376937391113
1.06246888173403
0.993022677084839
0.795793051805749
0.768040545725617
0.647367400238908
0.402921134245486
-0.15886803121476
-0.265303408704348
-0.593372105481416
-0.361849485037145
1.42609793526334
1.54692989614695
1.33509031578913
1.52680325194226
1.34015414878008
1.02176822994627
0.513803381282332
2.03083858577743
2.30863325052058
2.52737658206809
1.3486398989928
1.24316738638068
1.74902963228038
1.65193721146342
0.938298474517612
1.33105163066183
1.09757658323681
1.26275605892516
1.09586195853341
1.26308880660081
1.81662901438276
1.29162495405351
2.39226751448893
1.14762019536974
1.0051051953021
0.865086008077759
0.690633153779415
1.56607678779361
0.117246313741165
-0.246587156136724
0.44965953660948
-0.855602110600817
1.46606874700772
0.972707235412567
0.971027681128262
0.653108182229533
1.44633523480717
1.90001657801967
1.52118248202949
0.74714158430102
1.36149914570228
-0.188443903806827
0.865773389588943
1.12090656012898
-0.246879378929712
0.337784947253446
1.2519396583808
1.42901587621896
1.10665415691342
0.876510954783979
0.46105421105305
1.68825018733132
0.654411012242165
0.423574504771425
1.01108664958502
2.05215688705053
2.20230020137149
1.98951970997171
2.18568145201946
0.601818647011229
0.149798947477715
0.873608592889203
1.00028066740151
0.162854011415723
2.04002397370804
0.859359610249255
0.725128942172905
1.5030445017444
1.11108654603142
1.98904899337328
0.749905022150693
2.30870346313714
2.68783862391639
0.28286726975866
0.00649170306637871
-0.380793844203371
-0.278152214449123
-0.0281401182346763
-0.712702008690003
2.07422193648257
1.9695046817037
0.454273618695373
2.00212756012862
0.665607661088169
1.17086647466113
0.0388378975051543
1.78165931174066
0.62198876721918
0.997040046029283
1.11218062049392
0.747671303102075
1.06979057807681
0.668926314382654
1.20627607835097
1.03531766687664
0.993632687931598
1.37123924803468
1.81543078670126
2.11058103582735
2.89501973875772
-0.207459611714174
0.789683250548385
1.04580474622427
0.608384518415685
2.10401851961539
0.976443734921362
0.520508709125551
0.580923026771291
0.927634694568529
0.726539978257731
0.703089590518511
1.23959118588423
1.66256396104748
2.01021236227224
1.66570242672141
1.23283160253848
1.33346457039192
2.01665807083919
0.641480126814028
0.307597772909729
0.16367821905501
0.976515177273432
1.13752963622445
0.996777663793369
0.900611845577048
0.5985795657145
0.193618483692626
0.688995472866402
0.95273175342709
0.616673027797309
0.975173346406894
1.1338439848387
0.90154515926621
2.69231208640008
1.34928800728711
1.24242351270626
1.36424078138613
0.991691286273951
2.23020615375769
1.23607339505024
-0.207808946624329
-0.118767826502728
0.141134980502794
-0.0836304977941309
1.26347977563839
-0.354424229295628
0.875735401960316
0.946297598634943
0.848920376934956
0.67257451630221
0.912682407065719
0.465798368713558
-0.182417896612036
-0.145546238474517
-0.0561486766003274
1.11180812824637
0.802915454972573
0.686700672256717
0.989473779766744
0.785315173642411
1.13650947898927
1.10172487481992
1.24246465659661
1.19285800295523
1.17533447693924
1.12626119590175
1.23445591239671
1.18555789781593
0.133534775084775
0.349737176509617
0.83994804036851
1.5587681366637
0.805924728089101
1.11492560852243
1.58144855284432
2.23166075510167
2.09207192605333
2.05880115774641
1.33148464704095
0.931769187687268
1.01613240602142
0.624854451756087
-0.887759780106756
-0.893773564796864
-0.741770975826016
-0.339370932174174
0.449198293655613
0.410489785013745
1.19951294661328
1.03378742562283
1.18327408818556
0.644680290467031
-0.919069172877836
-0.580459141817706
-1.03516180474948
-0.479283193901601
1.67004620929661
1.7765769050557
1.63707509813105
1.39546429118494
1.34784730306671
1.25487067365243
1.24107540248324
1.15169988855649
1.6790831886865
0.850231545733096
0.869681511211979
0.633150393643053
-0.18428430864969
0.841653307617292
1.87944409162154
0.117986399152545
2.13585910205222
2.12308449618023
1.34275086594668
0.223146203124159
-0.0393347510343617
0.0495969711985706
0.590976072085267
0.64393770155427
1.84606145610308
0.820945917544583
0.0010731527962149
-0.0597591036886345
1.3310987815889
1.07914607268818
0.787701290296358
1.17119769012196
0.0211332221769959
0.304409538329719
0.590926203892046
1.0192624899562
0.0931525842331167
1.07308594153572
0.868374905360503
1.23290848522379
0.943787746022292
0.0299796034731255
1.26714279174485
1.25516427319524
1.52098658479381
1.95378569002531
0.566323656336011
1.12806592993206
2.07850399041978
0.236716381637173
-0.208792314030839
0.0560415963513057
-0.181397637143805
0.852969215070425
0.3833527526703
-0.300563607190117
1.58020196862765
1.79885275726403
1.42910409646021
1.57430912975502
1.04660050638311
0.344182508647194
0.225944283061396
1.43061145265022
1.00816043129941
-0.325322936619715
0.115583630447038
0.697554922246409
1.66580382433476
1.67922996499947
1.04266413505412
1.52526867317793
2.16854495014814
0.538923262267223
0.961459795633829
0.301770954430449
1.08726443620954
0.108508498243224
1.56360352970839
1.97404757880238
1.72082961361584
1.24183980857629
0.857566655452665
0.905008019998578
2.54541233799634
0.0992665001792029
0.0280857585989831
0.148532954362751
1.08591880688102
0.410765037146117
2.06189886871343
0.0973520824915774
1.44757819375032
-0.119486232725243
-0.197749132137862
-0.880386240986059
0.372714544798702
0.148851119699257
0.109250320042235
0.888993092492126
1.59009149917255
-0.546973355174969
2.3258170956087
0.837418412739172
1.21598016643935
0.760753890113219
1.48343656813768
0.755290460502484
0.470113715937301
1.76535361166415
-0.670921175570378
1.09246088502415
0.90080403591791
0.977192505385341
0.678428034815101
-0.19235375879314
1.76352180872324
1.03450857138724
0.430462044122099
0.726010269605005
-0.3204245953585
1.14400181197798
0.960984036382671
-0.0110576594038453
0.777586745372281
0.750210328831375
0.533239827476504
1.38417852890665
1.24878685227268
0.236677653751704
2.43563582905932
0.0453898203073935
1.45446720321323
0.619011082521633
1.36310371215826
0.500446726510235
0.396749145644008
0.126496037270646
1.50501351742593
0.628262768123848
1.28726808669885
-0.0336388779350438
1.91165172466022
1.93934444279395
1.39603889700183
0.981067574922917
0.73164567434474
1.74211002603401
0.801926164985163
1.06398865468991
1.75549655260925
-0.0694583062388573
0.838578534437461
-0.206962392083121
2.34307545774475
0.956824473763055
-0.0263782168171482
-0.199662281735045
0.0128207114616912
0.422919916720103
0.884668182261492
-0.276384654586045
2.4076115795973
0.781591584355805
-0.387543214817928
0.888753751101075
-0.0522757595142638
-0.559978072953708
1.34383660635444
1.40759821428422
1.14918408717551
1.13914105110628
0.884726324392066
0.581031540382506
2.20326348706109
2.18688685315814
2.76093707914868
1.34247699749242
1.33269655177915
1.3713382327452
0.653162205801795
1.14334917234701
2.00445972181778
0.731790328965344
1.27910262940889
-0.183463731409527
0.964938407748853
1.92432552743284
0.125144984427044
0.726107907996229
1.26043874642511
-0.0395193732522233
-0.126282380150412
0.139670038312593
0.263397664567409
1.79839387701329
1.33141273877459
0.589124023142648
0.499648465028424
-0.545237085893434
0.817654051865456
1.49894991998995
0.056355492746923
0.447089998264799
1.13572512675749
0.736445148946998
1.87192238708569
1.18377146134
1.42544888047862
0.00934249451436459
0.849400037119734
2.64250873771089
1.39604177561131
1.82334886267207
1.69681091025712
0.821208098346055
0.152196871680783
0.0588615544141641
1.52728886530134
2.45265791869669
2.00344181280143
2.06518074709503
2.05999052153139
0.499997942644983
1.0700762932408
-0.0834025312381985
1.99522286711705
0.491948342783825
0.250367986543321
0.361989365578129
2.54095464737215
1.34434889019895
1.88681715478676
2.04824961670169
0.727179625794992
-0.0693837617039554
-0.421688124065792
0.742609542558457
0.777549925201063
0.623132272724275
-0.0274499207637105
0.183901880176143
-0.02128185299808
1.24757068110645
0.634090447535332
1.19183856845032
1.00825022898806
0.649957542892151
0.644196126116097
3.13913039900597
3.11338683571802
0.286248199886461
1.33907048171739
0.0419261691894757
1.50909928111839
1.38158915994586
2.02042070674332
1.09076251268376
0.017240349646113
0.111781598473942
1.49010476605906
0.124032802645133
0.243539174303949
-0.938237875041084
0.807730931638165
0.818013303688933
-0.0380319921954865
0.586600855463897
0.0443417888194923
1.39799997446384
1.60505009102443
0.08956032436048
2.6824025314185
0.845303338795522
1.24287938368057
0.932026945629367
0.628379288578707
1.93343888409581
0.329674420332524
1.4748617180391
0.402938768524799
2.08062408672258
1.22059557115103
1.84557955682686
1.47917437597591
1.48027317146847
0.872055135861416
1.26454315578084
1.27772630861734
1.44214566907877
1.02865345867493
1.89765631758911
1.0195667850552
0.325838763484961
1.72153914376105
2.03614263844958
1.99944317150537
1.99067092452577
-0.163153072776911
2.36085387914873
-0.0523262403328314
0.254906355542692
1.78547854897378
0.262019359890178
0.346307888882884
1.50470660958869
-0.929576163619359
1.05467752575207
0.831176754196321
0.34384394368271
0.604825627154215
2.96921994163076
1.01602312072159
1.08164707022567
1.26751974612346
1.84756539013383
1.37505847513442
1.19656829999933
0.48790758531026
-0.2349714750771
0.657862790033858
0.318499857433944
2.07392966832383
-0.855998551566769
-0.0168086473233663
1.13630644650029
1.25558446191718
0.630081446072705
0.825084249858279
1.68067530439245
1.92730120739063
0.978950119098872
0.27881161778782
1.98066184478048
2.17988484084045
0.736574432684932
0.731086745525165
2.08541719557748
0.815482179409297
1.3789429618688
0.628650571719824
0.497587345141386
0.995044954447327
1.16273434730625
1.4655404802183
-0.2088768247086
1.06823054703402
0.761111825095387
2.02916093358215
1.54426911366588
1.90180016790434
1.75576978035346
-0.615145911295212
2.14050220583659
2.03340687043833
0.690004543297971
1.99097077660535
0.565150092380053
2.06482122212414
-0.101737036162919
2.23051672869647
1.73115364577516
1.12868420461208
1.49868854284191
0.784882590309775
2.05016862701165
0.714962496708137
0.471682503597972
0.598561672880946
1.84881684127978
1.90374452480202
0.104654538753808
1.56612511768742
1.93310132904723
0.937984846120537
1.23393728575489
-0.599654821822291
1.74440861894184
-0.446594085497503
0.0109617068708114
2.12771608884627
1.10465338045171
0.828076277932186
1.16827725740474
0.79845678357356
0.105590361105747
1.66119879091301
0.641731156862137
0.614349128433377
0.151539565588503
2.74838041602441
0.135546679650531
0.68983158741124
0.664632940159008
-0.278803393618281
1.21726756928445
0.588708676595246
0.5274306224411
1.32237734492065
-0.286818978179988
0.982195420431858
0.0796774591306496
1.42769765262748
1.02490430195134
0.778049791992242
0.977095650302723
-0.0192987501841883
-0.189081461159767
0.541477704944009
0.279878777130448
2.07307193951096
2.78275880534741
1.25092697208998
1.09688573486169
0.756701272464157
1.49686676666527
1.6403589604139
2.2454838151334
1.13580617316667
1.21561327423198
1.20516787877962
0.875263221359241
1.02279797462986
0.721101453440624
0.494451910635398
1.04712735738618
0.940902689518551
0.136018650362752
0.688588226379656
0.0361707733169884
1.24896994291398
1.12612977320039
0.172712214816279
0.0509016072454041
1.50442103633298
1.38635922480599
1.17644504807692
1.41917488656362
1.1474422259693
1.1281945640176
1.91494039410231
0.349671055885283
-0.0335390959742315
0.948097614541702
0.858576466619313
1.02829642192685
-0.0176629927705334
0.823060576652092
-0.122404566663422
0.992554809821932
0.763146182447398
0.848901210463152
0.232295373183379
1.9774159205583
-0.263863849432627
0.186224598887673
0.64015295587239
0.1701647055887
1.49559991401249
1.81628425300415
1.53341388586972
1.68338181012389
1.57762713079646
2.2802793632979
0.996018633605378
0.852829682083301
0.77792408212661
0.591822605181447
1.26055789582052
0.485822893442568
2.19452339396092
0.810963947300253
1.85190041482595
2.12498725222495
0.474647379909992
0.769881651723118
2.16242479104047
0.952142512463946
0.687244288883675
-0.168814746666635
1.91592301190447
1.13370771870394
1.11188627297887
0.978843279570389
1.72476002227334
1.19241447678777
0.889683998696728
1.34400883007751
0.524623611448896
0.225664728133675
1.29849050421276
0.615571197517433
0.839110792405055
1.37262119508448
0.683594231587511
0.726981003341405
0.869270330123105
0.841071448474824
1.23227983997069
0.0039129505881976
0.150623379225407
0.0386275653830849
0.939778895405643
2.09710533213778
0.465355310794701
0.786990281337503
0.223046992900793
2.08924337886814
-0.0688325676998791
1.87162998140647
0.721923734307304
0.958936201619536
-0.188569774231138
0.144432204294802
1.07799540048837
1.91701457055017
1.53499493144271
1.18160464371296
0.723811166372688
0.322633040335319
0.937139434481799
1.68727391824769
1.41915605205785
0.229680955047543
0.724342418686411
0.994001148411929
1.97033674957342
0.24748547876767
2.28109367873183
1.06955631824777
0.752137800332546
2.02449175565981
2.25223913146983
0.0622410665398983
2.00973469362967
0.388796091575999
-0.698917564123008
0.833191212502217
2.11643291965733
2.03125659651988
0.481703475743947
0.879659310252528
2.53055799420415
1.4237576303047
-0.322620176418253
-0.158227474627527
0.922257744063624
0.773467440096771
0.0856868366646345
-0.617831877302957
2.0912595573242
1.63099306371312
1.14970630937485
1.23495244282519
1.42957676034449
-0.194683193195954
-0.234743380403402
1.56106378343721
0.0647252510258393
-0.0282811810150221
0.00929337053342057
0.974326301757409
-0.637625811639345
0.606897444554503
1.15916764552702
1.23581854473652
2.48896600874111
0.852536056391189
0.896006482419475
2.14350319589294
-0.734930567814126
1.45716789324269
1.2723554785049
0.828021871845134
0.918613436680815
1.36892238476263
0.154175048015536
-0.270331038981366
0.755670535817894
1.07489488905485
1.83742089631328
1.53645527625615
0.632022544421482
0.525912884072293
-0.449601806493017
0.793415943322473
1.68236041577012
2.10563427973565
0.917590665584166
0.87825328898522
1.03868449922334
1.04770218419632
0.594811027081236
1.55296932306198
1.73950838634585
1.86997709328794
1.27150575628636
0.940497761226683
0.98752906194353
1.05400726058978
1.19968194575815
1.36582186920964
1.20018624104673
0.992444420289439
1.05564187900733
0.801031434385347
0.676787672566905
1.05374109495307
0.54532223484886
1.24075636805808
1.11912682859352
0.771512265832374
0.348961466084201
1.58124343520308
1.41687152101294
0.906354261965309
1.10543043671138
1.78202144535528
0.92819326009464
1.06038515890058
1.08480762792036
0.306094119582194
0.928437100921978
0.996941785346129
1.77519478362474
0.801862377326393
1.56981993117167
0.619470642326627
1.71796403932629
1.04727167908772
0.654595730798977
0.318882671618923
1.18616631766322
0.515053658742939
0.975701491806
1.07714565307923
1.12425649144846
1.34532216929837
1.00089146589576
1.30207560657629
1.08778037501056
1.07570452426428
0.995538109413925
1.06228489014095
0.715120408390906
1.19236778567071
1.08427398570288
1.7571316231893
1.46250774464983
1.28894424307433
0.984019828656568
1.35330007731306
0.912762870525523
1.0940871964004
1.02416891342734
1.32635007773157
1.07548652491759
0.766882360056597
0.874922180826085
0.85250970209399
0.852887245240352
0.929150498458308
0.789719994625891
0.865156899779659
0.806758209365154
1.06893833913764
0.448227635027785
0.59854193668793
1.13584551792096
1.04705749470445
0.258729902351993
0.535716698069115
1.70302717440919
1.32667893140584
1.03821916847185
1.06478946446053
0.883224487017252
0.882035682374999
1.40356044594434
1.60746540403563
1.64039058109354
1.03088233110429
1.05207732055001
1.86060037847135
1.91036722228487
1.47315359282147
0.983046046142107
1.00353461355719
0.923454473168702
0.577737565083184
0.525453218713746
1.09914043370912
1.07231636765343
0.898549765321117
0.764525142059023
0.865068578913136
0.955206622129352
1.18683861487836
0.955793594822847
0.870605075362233
1.03957291453359
1.45077904480008
0.528221950474434
1.23880242174842
1.15474589395581
1.84741776190486
0.352805608525886
1.55377599498804
1.24694372657333
0.744168269749359
0.569138927634754
0.605540356176887
1.0385517638586
0.731423817705759
0.279376431052194
0.324106898935601
1.04506263972194
1.30705150719997
1.11054704316576
0.823501434035808
1.04988700670108
1.80722003386714
1.61206739037613
1.41105621342002
1.57157359955422
1.31536943604909
1.37632810234089
1.15585459377139
1.24414731878958
1.14950271077206
1.18809480661087
0.979604515675619
0.970551302202258
1.07054610511037
0.908964406807017
0.761086919870509
1.01115030367372
1.1653936714407
1.02537415640204
0.469147138640656
0.25229740936269
0.239118532248734
1.72281861069865
1.21656900511137
0.890508568133356
1.15203936814536
0.923003111338762
1.46985699518534
1.06155526039395
0.574926276258501
1.04705860258745
0.730933027523788
0.680536070893255
0.840547779013783
0.392747626145109
0.504289609640023
0.844345090508761
0.832716659061336
0.881029267864746
0.816094937724747
0.83610402154437
0.90513155018964
1.07018413306237
1.81013319569746
0.81102073155037
1.08017757797674
1.75610445417844
0.383612546574755
0.6197562106832
0.797551037341051
1.17399515868602
1.28693590996975
0.878400284011101
