1.03460583807412
0.793587774949714
0.807607207434407
0.764847424135934
0.298957021189571
0.768450359823185
1.00853944515282
1.05828661079488
1.11907545532194
0.190476731067659
0.333251096374271
0.378390974155571
0.593126460458908
0.869722950687297
1.00863554029326
1.22383673283353
1.23253292226367
1.26108324754512
1.20873784891901
1.14138330913258
1.08235739992749
0.439150014152489
0.570820869562558
0.789581243703229
1.17075737371724
0.880934681920482
0.328155631708433
0.921772958437203
0.299770753575397
0.574240247754938
0.783547965481289
0.818132548993386
0.491154963453644
0.707856472446686
0.783187900443806
1.21259971478552
1.2616969503205
0.510067097959525
0.789913244533312
0.968216690946229
0.516222124321773
1.09786175743077
0.837359260668939
0.298664910625627
0.692394645265165
0.435924472345697
0.248831796877579
0.396269146685528
0.42921287601167
0.96465785958354
0.287101673800125
0.834382277158238
0.744963217020706
0.798592724180042
0.399925357876306
0.855466351798893
0.818221121072854
0.640109461642952
0.359326221722689
0.890253256983624
1.24830542896559
0.543698714095605
1.0539737045199
1.1367049608156
0.261717273664507
1.18019752627025
0.38748200790057
1.22170258850886
1.19566836534448
0.361234544874466
0.443140448112023
0.452190265467875
0.727134527931131
0.654399984368276
0.325258772930224
0.54895009177498
0.665441238954607
0.788646129091299
0.436552944243249
0.331017771262538
0.841678210637512
0.658441272466723
0.792063437050509
0.803069779231026
0.776125398428343
0.828145059177957
0.846548583366951
1.26447186900477
0.293901889714515
0.406544049028953
0.985637242286461
1.2495604047286
0.909769791330952
0.802456706474468
1.00726509590147
0.920652068717239
0.465192758177533
0.683555176506564
0.519375047054476
0.302842427356191
0.769342594174322
1.11375385123983
0.718675659802793
0.806823145554358
0.862915402458456
0.616499826133728
0.259311924028634
0.358219680261634
0.303342667083964
0.879131905907574
0.941363842246019
0.904895538629938
0.215045080558079
0.569099778700951
1.25796047640648
1.22994407402074
0.693530645567523
0.786820651460288
0.66987103252192
0.849416347064513
0.793509735362715
0.855403423980863
0.815522677397455
0.786407624841987
0.76085673370585
0.785554819846711
0.78403680534055
0.799596990572773
0.781890511846076
0.788160981097763
0.933596683866148
0.858410413061184
0.997022798136992
0.888793289854169
1.23816696210246
1.04571703009848
1.12968944815103
1.4420110225755
1.99219261986973
2.29318458655752
0.845632358575282
1.11289205075564
1.29406714951062
1.26477978000134
1.47583712600315
1.68219655680135
1.00403572152776
1.33670869265321
0.995747954620317
1.16585170520383
1.39638692311968
0.194438624164831
0.157057809596417
0.0803850482386769
0.0852273721344078
0.508739629269477
0.295552441095832
0.308717944777444
0.111011494887472
0.446134762589702
0.244235925323307
0.473680124789779
0.313521993093676
0.377284515555547
0.611560645513482
2.40423190590005
2.2373872761922
1.79404015684821
1.91495060386093
2.03058864574319
2.28038771415801
1.87766655599025
1.77684137321043
1.46869116489919
1.73798960826567
1.7694402325321
1.84370183263872
1.41562878904378
1.56082637414126
1.78477497813251
1.05046487238438
1.30626061659239
1.46608749087103
1.06987206731564
1.06664956624553
1.18347567214505
0.738993426274209
0.895090262345206
-0.0242611647772853
0.0016799883436082
-0.0347001254379143
0.0643948334577789
-0.0879825899336584
-0.053133675451702
-0.0911214484991346
0.0481779031168126
-0.0974289238842435
0.0162759359937688
0.142805560463278
0.000304126179275661
0.602818706878118
0.0400431158441302
0.616447440697138
0.312268960688279
0.252995111512031
0.658727179486942
0.381859066367721
0.465315571541837
0.612005035880814
0.873110169518296
0.982581906088257
1.4521226829612
1.32014992205537
0.991228939602547
0.720834648383921
1.01465261858335
1.03319553745147
1.03321897793558
0.973243112039612
1.11364302801205
1.26872636955512
0.789352901333523
1.44104739270269
1.64972562820533
1.50207457929738
1.50001527426631
1.6692430740134
1.7261342982285
1.95139537854216
2.31738819773401
2.1174556792662
1.74683605355843
1.40883755533491
1.3170273735343
1.44952293960231
1.24275877181141
1.48187345510816
1.53131482101462
1.08368173405834
1.05849210906052
1.47378363592925
1.44894286600192
1.27851330471699
1.2841866198872
1.2397295396498
1.31449696676897
1.27461455208086
1.5107400166004
1.16690233070074
1.23393898620168
0.0816219531334363
0.141741697923201
0.12155353535398
1.12798605315642
0.926613032051825
0.618719919991153
0.524876457607304
0.681557572289497
0.698129083607108
0.280772164553865
0.504648592657158
0.336614938214804
0.184566568424328
0.0670268819966645
0.086461121141318
0.190787303205163
0.478593048370581
0.38738735420802
0.414600823298542
0.464491853507314
0.346818893239927
0.271743285740045
0.956254103776837
2.01272923190142
2.16518259669659
2.32049767319676
1.28267221400974
1.28156534185795
1.63840003824137
1.62959504811002
1.01214682667428
1.35059770293858
1.15072854511018
1.31260731473052
1.23754798409207
1.40798933556
1.8721366960675
1.53831106044206
2.07888712335233
0.921243588439646
0.896640929349074
0.844150623752013
0.928184722047645
1.07313092664533
0.280825002003141
0.156127428694214
0.840947283998977
0.0861134973428718
1.36654546181571
0.945157453986072
0.935620768745345
0.810240172634484
1.68959096866156
1.6598199335021
1.65120475420177
0.819497482128936
0.389456121244836
0.370391063904394
1.45768298021696
0.641214338146009
0.162289136050861
0.28961646875128
1.31387250748333
1.28978900230037
0.718730983875324
0.820413842442533
1.22189062220209
1.13499068865474
0.497800613420862
0.438572389546913
0.80567566807902
1.30702167414329
1.77529880206537
1.34203895857599
1.70961108802971
0.621505681804564
0.326747756453717
0.694427210998669
1.16731220328433
0.43018718845495
1.37708613360305
1.41916970094123
1.14139932275969
1.6010422036058
1.16612585158058
1.80835323393582
1.05221568670177
2.02657249292874
2.37610806284193
0.202485044153328
0.11628599390781
-0.081116289677605
0.117667696766321
0.281339955217857
0.0980315820380814
1.6296519366303
1.47531320172073
0.538471772251282
1.51798918512529
1.35038210152663
0.381932372092384
0.381389742588477
1.95292425941126
0.812327945337647
0.977033991344624
0.9333165459782
0.716309623066377
0.831621945561148
0.311702554526714
0.833377503284756
0.804254857759793
0.777336631715235
1.40078009779955
1.84247080173577
1.81032918513893
2.39527974744947
0.275043350723519
0.855199243970088
0.821812234929544
0.159174192766433
1.34839098111796
1.21050830049038
0.354843028590751
0.487197842359427
0.72984470783333
0.555552301166289
0.938298109920539
1.22454612246666
1.24248574131514
1.93557361164258
1.62442251158613
1.17250648991065
1.5480365918485
1.86207019605945
0.355266275479069
0.206294289779844
0.10003766309465
0.367017832983139
1.23352671329827
1.0521345039171
0.965862559994413
0.746036447328845
0.325100450150679
0.619038766543014
0.339589375879807
0.198443437055396
0.820606614390101
1.19566173494844
1.36638323424692
2.22872613207075
0.492984921349019
0.561694729304335
0.832056724059093
1.17427610130057
2.25169332630539
0.787773843349111
0.230343427660001
0.208282124903639
0.474506756469113
0.214885823380121
0.820100020916332
0.186641038533031
0.810506372014462
0.854447681213767
0.838660420849134
0.721427202755186
0.769845915063905
0.81791929863522
0.135862736687413
0.0554052407880214
0.170444690052778
0.945058525371119
0.57069068694632
0.680679286575865
0.699200954546587
0.850241121966902
1.36258833723203
1.25162612518608
1.51345262592828
1.05593615030001
1.02577435525918
1.07312064865221
1.3413178011621
1.16634624629511
0.486457398876675
0.412360978670618
0.502828617237461
1.49115904399438
1.70576923897823
1.67843080470056
1.76578442511303
1.97090121121309
1.71071351464621
1.5184569863716
1.2243969005897
0.803998876520662
0.822742902893763
0.851210023426687
-0.101115040382873
0.0391667703490185
0.11066611858606
0.208224357484418
0.503206464228202
0.397145785737191
0.750835009051427
1.04553781459979
0.957765157070456
0.701709421008211
0.054210749631554
0.165019019411294
0.0222690773520411
0.162305234611728
1.27878339218551
1.18298353872952
0.959304750596432
0.863989116777727
1.0895639058306
0.873959624587943
0.850848968285067
0.808783996465212
1.37349926612291
0.88152237771681
0.964580285743673
0.774789343482328
0.191883732130157
0.647026540336489
1.2905522586422
0.220496033086097
2.05832437963741
2.03809885326413
0.532337803070888
0.332778760271276
0.0485142111723553
0.224816888448305
0.802318849816718
0.651897879793353
1.30496131811108
0.790435733467716
0.227665693120837
0.381210672321598
1.11728974454122
1.05099317558547
1.00099325980133
0.910583727364328
0.264096466651314
0.387860691909889
0.529465581231116
0.595178940580699
0.318298736263277
1.14587690469608
0.717567448602021
0.433928092271785
0.763930852246064
0.311569247599241
0.88538397037006
0.788447881281976
1.61355084781484
1.77825059456433
0.808691392497956
1.49077024769172
1.94015026674896
0.616937472766424
0.213332786913558
0.224422457204535
0.134064780490539
1.06212998166883
0.400881115843447
0.304259307544756
1.98558780958854
1.33093880541147
0.839544138475412
0.431988407628919
0.613100236570522
0.85756013835424
0.23499950216333
1.26082535912967
0.310201077664144
0.190207212745797
0.267231472590005
1.03896003587277
1.66051764387821
1.48377702656312
1.52206582853676
1.31080282479149
1.56927857636075
0.81138628370985
0.931224393205959
0.312326021376869
0.729681195665909
0.198599285946857
1.16299970483128
1.46729304045929
1.20650325364781
0.558684314712833
0.82036416042079
0.795597133368503
2.0849082279512
0.344474115794082
0.153530611688326
0.314124763149977
1.52492957579649
0.250101327843164
1.64441947329798
0.161369653912935
0.455170290675073
0.217413099135828
0.0551060769421953
0.0123314132278462
0.41153531975961
0.165402921612242
0.314287332253003
0.529923704345693
0.376569142544454
0.204443041014936
2.16893412885977
0.738034559158142
1.23719697544697
0.957447293866549
0.900738891727836
0.702384932934616
0.208430542141678
1.85234199263822
0.0956003083631276
1.18780045394737
0.673033454487499
0.646161522367319
0.798575543671275
0.192966592528567
1.72493458285351
1.08922385992076
0.427039435686367
0.490382067960566
0.0774356908041477
1.04367292340832
0.844105554595343
0.202159997152137
0.624500886826392
0.680564269062029
0.848828898773114
0.974631266429138
0.567727211404225
0.373060436064839
2.25028732843445
0.208276460180837
1.6225270668532
0.536324326147414
1.74050735722242
0.821361754025364
0.830783657086804
0.437419612583672
1.22181860333575
1.14475812194816
1.41724352605059
0.109850644604078
1.28456110569342
1.36476683993271
0.515145720076767
1.08657681358075
0.809648238554424
1.52222005093683
0.624368282959142
0.345808060455064
1.58533015655717
0.298324691076822
0.890220290078562
0.309620840178824
2.21575201528533
1.12695055067576
0.278732942846308
0.175903100852272
0.0437202861135678
0.832449327878867
0.756252416502102
0.17044383375084
2.24897052749274
0.625962015510381
0.197242610485476
1.4147286491089
0.219972928264685
0.0256638611799571
0.594508897661511
1.44888934985039
0.590950176157029
0.680677267745317
0.498504654723499
0.668491780822385
1.53462594117144
1.43239010233762
2.30394342603119
0.828542361623042
0.85296446471422
0.844031391758444
0.540327865232541
1.24517605146446
1.3184695408065
1.22588817433638
1.14560827130956
0.189369011001924
0.661493673733453
1.37143405264609
0.281787603219664
0.211757286606853
1.05369738562616
0.407652846199594
0.266184249420282
0.367879883947867
0.333312076453494
1.2317056423352
1.14974452339772
0.8266136898757
0.0966438410846794
0.149670077118454
0.643392410127178
1.75836226053974
0.155436472371724
0.313809267597036
1.6944360230841
0.808972761862651
1.87596406901473
0.872246620250431
0.515828450119534
0.496469160839144
0.601189156311405
2.20798114045724
1.63249732364569
1.33495502143863
1.3271684766859
0.771120359040607
0.234031303261186
0.210518951763617
1.4155771132818
2.1844039861954
1.43857700949866
1.41725360094942
1.6227139277565
0.583446426664876
0.806292011717849
0.477976784000302
1.29015477734232
0.958245389543115
0.277143879824024
0.498143972020402
2.45167186395032
1.27032947799071
1.52793948145765
1.70535776894903
0.819172530824023
0.131756263481441
0.259901260874215
1.12032664273829
0.666301154287687
0.718683632749885
0.118339543451839
0.33255673126921
0.206369822718497
0.817732584274325
0.972488243770547
1.10319773464253
0.770339011217197
0.821667305855088
0.800818724836126
2.49055454138668
2.51400653203863
0.396575226333361
1.25253918799151
0.350528522305972
1.3657645633144
1.12070757026988
1.70696599778998
0.424270062612029
0.138690288704453
0.197036815248504
1.22507022659663
0.204045600224159
0.345052541587556
0.0251909457076792
0.8204930367005
0.877974890573436
0.153597268945816
0.593566964811621
0.309928395440918
1.40703057718834
1.42346509712003
0.384643992951892
2.47565014191979
1.06491676402763
0.55857391677162
0.806501813229541
1.20615645263603
1.268052942044
0.450565116244471
1.32531250768957
0.883268622181865
1.96296408150124
1.38321858841783
1.68257666798741
0.857166523649497
0.861917120594611
1.42495552781237
0.489272228553711
0.520416562714581
0.456456903666482
1.15826445668806
1.31324578433205
0.921357688202584
0.23320217240098
1.69426495711513
1.95616202430877
2.06083434908213
1.77367687215159
0.244366931330668
2.31050571063687
0.18591284064093
0.151392897251315
1.31365784042238
0.281512831474425
0.238193472700171
1.17431260332778
-0.0673735562183931
0.784637693748144
0.793620400375378
0.406130331035891
0.702863015489172
2.38756561562884
0.787807301509916
0.802073445488165
1.11681283670788
1.27261981225139
1.45229345578598
0.379903120011044
0.50467477262887
0.202942009984563
1.00189665286454
0.58979170070482
2.2124168011816
-0.00308243893037014
0.236740027496622
1.20807139342472
1.79778271641151
1.01999935332334
1.03300085865615
1.52133130052298
1.64977478050079
0.939434262997758
0.403579222666775
1.92614217912117
2.15403918943969
1.37986778413115
0.60358684569201
1.54580901031021
0.908021443681556
1.14530851696916
0.481711752690763
1.18758979447506
1.51206651670059
0.565852322280877
0.495303743290129
0.23753648242804
1.55504970554998
1.35211233623476
1.56654755442714
0.434590257685599
1.83989179423966
1.63510885037673
0.111675837937972
1.42647914698555
1.62525786335726
1.02557208002633
1.42169557487048
0.476716834311932
1.35093391248974
0.241179731522188
1.84309098575932
1.81322829111626
0.829815980871401
0.932791347302711
0.561053904788323
1.29763846359222
0.551907123787352
0.469830209619153
0.650224351951211
1.28210033179718
1.87825802133765
0.350818543970934
1.62593334361655
1.45086680103212
0.991842023546497
1.72601143988884
-0.145694475947341
1.81854155226306
0.101277913836973
0.305714626311167
1.55943160098836
1.31711388101748
1.38759795635397
0.841295265034724
0.932742184765833
0.210710354898975
1.24862482955395
0.798197601837442
0.800355177420464
0.332532148778788
2.35833191178202
0.128649935383779
1.23461701975435
0.62602326471883
0.256288817967174
0.883132797642444
0.806299336200935
0.80962243540627
0.527731195282429
0.176477627025165
1.0442718169211
0.121489674595598
1.49414250267165
0.797427000138376
0.788488485189466
1.17018188391908
0.129584747322194
0.0406882818900848
0.482097997590809
0.37954442372028
1.61192156083274
2.29887823908585
0.910896622172073
0.972776249604767
1.00301219234844
1.51048318738641
1.29421969751688
1.88854529663668
0.789219734793717
0.75491489188529
0.801882217990812
0.946250877317679
1.24409092230714
0.82859496137497
0.178793245638345
0.920429958123212
1.01170286179359
0.266049838180729
0.591877291435459
0.146266050943826
0.893602046457793
1.00848146335117
0.368363861898466
0.215014274261021
0.405546442838703
0.342236513639046
0.32328322839172
1.38316158687224
0.719288782959211
0.725750016168379
1.39158776897353
0.24863011720437
0.200417909182419
1.09935999246614
1.13867795886198
1.22761864892651
0.0755668181825035
0.885369888912141
0.367136289852442
0.806704405129776
0.730822829223367
0.749338827963509
0.30863619818514
1.88709688852425
0.203926413215522
0.298269030230498
1.45494192261461
0.316241982736597
1.66766683670752
2.00906096052059
0.478998259528482
1.21456254397563
1.48427290427209
2.10902487728833
0.897715497309839
0.787860632505696
0.729124969594085
0.437194622121017
0.956336810283287
0.269949600115043
1.48056339935304
0.36219553318769
1.24468147704401
1.94466949391975
0.816667113257977
1.49774092813298
1.98139371486423
1.02126358089836
0.806454675424755
0.0665695118402746
1.31532936169856
1.21541855361832
0.587624610711469
0.314382957023205
1.71457647754666
0.461544344430625
0.803006997653808
0.453841851028523
1.20876691440021
0.486228651128466
1.1874453303491
1.21473928545665
0.784702955868568
1.32017861409283
0.6850370651423
1.00140613687327
0.917110799925599
0.617562548068868
1.53409653978881
0.310942714754411
0.383518796967617
0.33084284777244
0.794756526081348
1.36930096418293
0.830974633290151
0.532766592570694
0.197206449712157
1.75831500424058
0.0444123499619631
1.3062478589087
0.802516153606847
0.395549505179256
0.0146329430608568
0.340061619120377
1.14801877308052
1.58622033467815
1.50281566314503
0.692703490431166
1.43205290727184
0.422007981096771
1.38327199771484
1.66559797651904
0.456739584882919
0.131875137445814
0.727054320642879
1.22787305810065
1.91971993688527
0.268604617403801
2.13485373382479
0.901708719644257
0.648702591031118
1.97434962516908
2.06342260919622
0.212973131426249
1.9714647285685
0.432896534074114
0.158109692496753
0.728905057136097
1.35466889652081
1.30405012964344
0.92247843752976
0.637689744288994
2.23650569816676
1.07892022134697
0.362851128721084
0.25153828848983
0.845214838669862
0.832932564956737
0.294751147228183
0.158352086059828
1.62098719285012
1.43207693450844
1.08882919180324
1.07614774439403
1.12063793436723
0.0376019499981938
0.142472955417404
0.430797729073815
0.277774306825037
0.251991169978742
0.217507737124897
1.71821183393272
0.155111934727001
0.527953180803959
0.803283520635212
0.819883827032944
2.41836927257653
0.71531601591463
0.787455768445414
2.06034682068224
0.0543124247461122
1.66741513564319
1.302032003729
0.978302450174337
1.03837263578516
0.835284539538739
0.356734970641645
0.0250008320257008
0.777349827269822
0.614897947804566
1.53020097225363
1.35880520017583
1.49314109107623
0.253392841103316
0.105381036200885
0.316774837985791
1.34475088258865
1.46165293745792
0.870985125244202
0.790695628609966
0.778133406090603
0.742385002027474
0.381397164441701
0.832740317205653
0.997145354908801
1.2042567777394
0.72118423705961
0.550159636200144
0.587932603045374
0.829164564981548
0.917837395300928
0.942215628531578
0.950620330408237
0.930002335495359
0.722754492987641
0.487814384040094
0.449520221546707
0.956696396391408
0.314305897104136
0.832905850468079
0.59491097170275
0.774751517405566
0.356340168926693
1.17334557915233
0.728681307685142
0.455730390578664
0.873306367390106
1.1353885320083
0.942356332835994
1.07343105570923
0.748846391043577
0.360475030106955
0.580089894420147
0.786916903579922
1.02252977730139
0.81196413131967
1.08044930510243
0.55181213831031
1.056048281568
0.662844323943833
0.364422705283619
0.35343652135773
0.79989344439722
0.41146503155925
0.514103207876272
0.513665665316955
0.573714571601751
1.15147696263657
0.914940221489454
1.01426375640467
0.758726284923139
0.857239135324691
0.533573071461325
0.796151337119886
0.402410378907736
0.854876815229264
0.846057132384987
1.14887762433271
1.00399916195449
1.01874478681613
0.554897514165562
0.733121524254997
0.460177594486465
0.756151907719952
0.65574774394129
0.704068450968971
0.881045356798197
0.791649923393698
0.729569012241433
0.781767232903687
0.759413618383112
0.757825612132146
0.540065017108515
0.564753616164895
0.535486695568964
0.664665436764213
0.466930800198907
0.437089135748657
0.551675719935116
0.586527615085251
0.319955091180314
0.39627737612071
1.10746136176635
0.938259149385444
0.705179485608327
0.698975550607696
0.893788855731063
0.841726768813619
0.995492854460356
0.903449716793263
0.869385268516938
0.657725356654231
0.738038883279794
1.14102922173093
1.13468671488196
0.895568519706511
1.00327363579864
0.964200329913274
0.908908016449435
0.392098885103636
0.375813703687822
0.617475523008807
0.636798150909266
0.494338639318392
0.399772771612867
0.467102401871325
0.525547572374267
1.00379468894661
0.940083828849721
0.502046732510319
0.477625221177706
1.19496555871289
0.31354466219662
0.853209346022858
0.868353399319373
1.17895159340158
0.361643428203657
1.09561227959735
0.816837262914309
0.77539407006641
0.402616281949139
0.505149710418654
1.06821610767535
0.781629509185568
0.366904374056092
0.43170248936151
0.891474568464343
0.687384857378275
0.773080070339943
0.841160710439656
0.775944049294383
1.1979760922849
1.11999510677192
1.07607282411461
1.06490264343927
0.955909846857458
0.995938269730269
0.955681241316374
0.958838129616771
0.804905989855628
1.03045731888107
0.521952218885113
0.63680634851354
0.827226973487423
0.771189254431549
0.801493884402214
0.682212294049265
0.567046365964907
0.729606101285785
0.482310362421
0.348578237784447
0.349083160310939
1.13881594629203
0.849641678516801
0.568479415809452
0.522079919462186
0.947143214546605
0.828545936435583
0.873528436814945
0.338464390926336
0.648005047477605
0.559910380150955
0.535902808940053
0.571610185508725
0.39769781123704
0.44231546808022
0.839777829434096
0.800847602526666
0.864817369016298
0.757093138110549
0.750875614544872
0.752364460432946
0.556400762916794
1.15334209457645
0.431484777731175
0.735682776809821
1.09837820869485
0.253337276064665
0.395732456219239
0.397822825369213
0.627496735449812
0.83835844937489
0.424545589851436
