1.11022458645237
0.998199121039235
1.1279201679815
1.13183080770037
0.0627028284878275
1.05481773225997
1.16486798588021
1.25453517688854
1.31662690346641
0.290006933016041
0.173958552148194
0.352261437341542
1.05205895205259
1.26992731492777
1.33987817629311
2.0737006111909
2.13212015893175
2.23635352344152
1.73216910995368
1.31637334680508
1.17360485137197
0.305573736875337
0.909018282592139
1.07141250016229
1.99719265246599
1.07945313733929
0.247225484589383
1.01627853582629
0.272254968376265
0.547029868754002
0.952599349303649
1.09268419678044
0.893679145243781
1.12588240783376
1.07011687484473
1.95066759259536
2.24550638438366
0.720838189860696
0.910519366309367
1.07187361126615
0.573284236976846
1.89603413087489
1.28385607886958
0.0371768817388602
0.955114099195388
0.635159916000194
0.0330146360261116
0.218185996983734
0.152945084037295
1.03019452020959
0.125440107973583
0.844838669827448
0.981109455398919
0.903937381314658
0.485413184320226
1.22813905659879
1.20678976117747
0.998407830990817
0.0106063920098227
1.22290883078629
2.05992749509212
1.04060055293978
1.65030329004196
1.9881937565474
0.361082037096835
1.49418515971058
0.233243944272579
1.99424427427641
1.96606686134041
0.0969124319526114
0.241351861070478
0.417242299304778
1.13811112425137
1.05684748827012
0.223519357322176
0.727874499595468
0.971037242812142
0.915421026742211
0.599208430170503
0.370400783664922
1.10297281905799
0.826531622144309
0.94084617021354
1.11183763342029
1.00785889254326
1.26754861931233
1.25666298596046
2.26064542544935
0.0868509280046622
0.497208019498406
1.15948364550551
2.20401262961618
1.10179737345355
1.04541148092429
1.08912764608272
1.06618273869108
0.77671328360714
0.97578298815712
0.988457015696516
0.0738750823110513
1.01621087599329
1.23439738364035
0.959780744501638
1.13598180787332
1.22864334559967
1.02878257972618
0.0266481136787148
0.0146876185059628
0.190793951222202
1.28431344662361
0.981725550097506
1.11091401656406
0.121065167050219
1.05890881907171
2.17639247630602
1.89475065370602
1.05247465473315
1.11930116898183
0.976111445183879
1.32218738361656
1.30339324737154
1.2379830825299
1.37674439242116
1.39214198232125
1.24184173004657
1.26470177044327
1.1690826978018
1.26085284319252
1.03220596744102
1.14950494755366
0.597020685483957
0.657961972475128
0.195018299527433
1.00921328196959
0.895056384364601
1.007192604923
0.283497494373042
1.06886413854295
0.915717151653386
1.46169119044677
1.25679611959542
1.63573903420752
1.68034907139353
1.61643404533966
0.446138995359294
1.23078974155082
1.36415290043691
1.62035063862285
1.50049466268825
1.27021255447684
1.4549191434812
0.128303790347176
-0.264657827979409
-0.482280620659804
-0.747079306715841
0.902765863155851
0.190778740645463
0.324658225415439
0.249112590920065
-0.221306538320055
-0.293630111858904
-0.113409812461279
0.858488032395897
0.623910561795719
-0.215084821905459
2.46019619884733
2.62617122166182
2.25119303778016
2.52235705501734
2.74651726624676
2.76953269872706
1.47565035399768
2.56423962232652
2.41341266554006
1.70635179580035
1.37936800434137
1.22391907506556
1.94685153237058
1.2204123670474
0.618611960483764
1.15450095994707
1.15802917038055
1.32032655708794
0.849897282742319
0.921285090455357
0.757570414470009
0.736154523699745
0.708984598526823
-0.0211034292867626
-0.554294884651618
-1.01096703166448
-0.927841121860037
-0.868272328681699
-0.762545789761392
-0.710061090437705
-0.654850868570876
-0.641013434918624
-0.00650085672680889
0.262827098256502
-0.548096038754067
0.439810557250464
-0.569943359131461
-0.0420996507479679
-0.721778181386005
0.409668812640635
0.733347088426088
-0.0603642369580754
-0.354421575125106
0.213742190406733
-0.0994236283442011
0.203579544377103
0.201796290310478
0.481520283437063
0.182158007507952
0.482983919015794
1.35009944375448
0.905759086941411
0.787062151112927
0.328537907841938
-0.106791756328538
-0.108164993546194
1.47496909432067
2.24636269303347
1.4594451311964
2.10005004131889
2.21654814991574
1.71903080281607
2.13884439869148
2.04071128780218
1.77347195862839
1.95347002539339
1.94541250595798
2.30691623983752
0.612649541841975
0.693301356561085
0.190861068312957
-0.0221366412914959
0.0648489589665445
1.2498340983691
0.396835457311338
0.476060806473813
-0.138557053791763
0.452071958239703
0.698092342696231
1.08788136362256
0.832330976381176
0.320336301917723
-0.242142040839095
0.747111553863088
0.76078361460835
-0.478907656073722
-0.612773194099545
-0.807434217374504
0.881904034887117
0.537141519076059
0.949413613666015
0.997112042329377
0.867845299921965
0.27120357712182
0.816013127326346
0.355956850163074
0.137827227379763
-0.315147306271528
-0.309410570670879
-0.860237660826255
-0.715463959892218
1.44606532199771
1.4293906311622
0.973557964339971
1.50778949556417
1.19171889837581
0.492228761986293
0.471970073167966
1.29697605179058
1.4700304395731
1.72929241255563
1.23232403846906
0.800503740243848
1.28148623113598
1.16795554403043
1.20692249223682
1.21895850299607
1.10503757135155
1.27979371510233
1.13718960277321
1.17588785177691
1.20820831751664
1.10493240780145
2.01039907405514
1.54062975839139
1.43833687966318
1.29488615767711
0.824982552847835
1.45819137968404
-0.321739451615109
-0.610035334538677
0.575377720189324
-1.04578267169424
0.754714502427477
0.33912474580608
0.123578341864139
0.973812669916299
0.714140217727794
1.15112635093747
0.68531029964613
1.04669999665761
1.13261913956379
-0.54090672183688
-0.1463636814676
1.30802919261323
-0.377465126844556
0.252309661330535
1.60685374085248
0.673726179802421
1.18758244008474
0.965808683338977
0.155438579870442
1.3489260889519
0.832747379762119
0.619567128732464
1.17486282522887
2.19387959803887
2.57067068432707
2.01116203772488
1.75183269993325
0.000925833656333548
0.104299643217397
1.03289700375096
1.09091122429012
-0.500283456550839
2.36356802780398
0.000230753204582778
0.504812447898659
1.10554053804896
1.11127634799273
2.29569461093093
-0.0714927718171661
1.87662797930979
2.01015641091435
0.16518809411264
-0.284336472256539
-0.13881293352178
-0.78439141050525
-0.423980679490571
-0.967477313805608
2.47810426209293
1.96559837228316
-0.0139776681642486
1.50269349054209
0.218445196728817
0.978974183628013
-0.373017985055632
1.05687115747196
0.804358238566227
1.20479006978618
1.05050652167477
0.87504137855087
0.826416619042164
0.231981276738155
1.18575793779912
1.14950089971214
1.05918712177647
1.02951952571812
1.34856903588203
2.26313244493045
2.36101978702088
-0.724140822136041
0.150685135471489
1.36039489296852
0.543664934258613
2.32301567265674
0.617551357535876
0.75316444841584
0.74587857062742
0.98737857285545
0.821646312435942
0.713675357075727
1.55878014484734
2.22577815243969
1.5697831502091
1.1568293374647
0.332251441995537
0.637459423224085
1.38245605653006
0.374794792822909
-0.19610868140828
0.360617203570029
0.595336419481034
0.420919010536456
1.08847139468351
1.03231132832554
0.343213682970448
0.210702394686514
0.784260056123308
0.540812311731043
0.584815470054357
1.21771101733731
0.475080369441383
-0.195625236125147
2.64276033667949
1.17585523995259
1.22394706350462
1.37932439531735
0.541676366847239
1.58556166355339
1.23461794304507
-0.516771515700633
-0.372657511417412
-0.212748124289528
-0.114508839448031
1.36437019562725
-0.401963580464207
0.917370587251909
0.720388216178007
0.637125696809003
0.814287631198364
0.932967864359963
0.587600187145621
-0.55014744892378
-0.42816631204241
-0.216507541513815
1.22244882308717
1.17661039221193
0.099731186617716
1.12820023906117
1.15810229956021
1.04951720517945
1.28802223179019
1.12045228584944
1.53201136100035
1.50904228908953
1.38052507168148
1.03232035144781
1.44756517366108
-0.0643220123169165
0.132501889070676
0.688092596357548
0.923607025547509
-0.230313405905928
0.319353215589272
1.27186806803772
2.13833476351303
2.33139920498512
2.10247207239937
0.945841589969271
1.24014201152096
1.26653485756621
0.939127983869291
-0.860063521518683
-0.832880406833887
-0.719488017579052
-0.480517551253607
0.284514502263496
0.303190901275663
1.29187436993013
0.337195274620442
0.904915046308404
0.207264039996131
-1.12991152097892
-0.749975796231714
-1.24951901633567
-0.588896291782783
1.26706697657076
1.51870094425673
1.66360732378267
1.33846037988844
1.1091516242021
1.46996120398266
1.24256298481627
1.10298370025722
1.18373372483548
0.0990244624740274
-0.0992685726257663
-0.0518799739480165
-0.652322812524071
0.881603524026541
2.04603802126029
-0.323918154120733
1.4831959942197
1.2949184898723
1.40202461269507
0.231267274019569
-0.310095858718549
0.0991681879800345
0.838254756673311
0.726938514829431
2.24167688990849
1.00744057884149
-0.336624909658914
-0.0583972255321833
1.87123781466069
1.42408124031289
0.820522787374007
1.34820551177964
-0.174441416001363
0.250688398710081
0.653674584898656
1.07733575491908
-0.096868820926767
1.18109382589418
0.917330467418998
0.924840532683824
0.959048298235761
-0.195492481337817
1.08360236881579
0.747121874762945
0.926668971456644
1.09994276936458
0.752565793336683
0.305564998016434
1.42492859314116
-0.247465424459468
-0.309192536111972
0.0365213706004824
-0.567852883525268
0.856011384083323
-0.0436898007627396
-0.619648143376871
0.820751323970053
2.31915057480527
1.46425220178457
1.65187582078877
1.04851275480365
0.329378329254251
0.352042431287335
0.529976071203007
0.654775394198596
-0.226668470341753
-0.279842733173995
0.721160801487107
1.14051508344253
0.925280003042484
0.747294038855802
2.06573614065743
2.34366280058828
0.738032122786186
1.06779973860487
0.247995735591268
0.855510086493324
-0.183036915048881
2.08707198518171
2.39749298389679
2.13357161180359
1.14394697350619
0.653341971793738
1.13208079379045
2.31121742411829
-0.147488939965904
-0.165753104024407
0.0348264170956986
0.229728675028552
0.571588569547377
2.00625770414825
-0.276926932929475
1.37291560689099
-0.140755749315617
-0.59375491851368
-0.844606051283414
0.625693654913789
-0.0957682401657202
-0.000437260367372564
0.826212764963118
1.58516903457415
-0.628968821102747
1.69784470249535
0.223447084467648
1.56977020372944
0.786168430344626
1.64473489221946
0.0110860505828478
-0.0234097187795454
1.09850709258445
-0.726689943826422
1.26394993952986
0.923462769228084
0.976238015089544
0.873253893702426
-0.553380468385569
1.39866278443789
1.11042799922494
0.408096386801095
0.544424243275779
-0.230616880670037
0.533071682161825
0.719773183779696
0.00118076269883918
1.00290410003442
0.841038681665629
0.580357944580522
1.06347584764898
1.57076826445495
0.198220554475915
1.78561997535445
-0.276475985332862
0.511348753339434
0.583533720371621
1.04029583914029
0.637937310549307
0.454431079943122
-0.19315495696407
1.14632949674464
-0.243655594782873
0.845145685479894
-0.14702933302397
1.97586482359178
1.97657720060837
1.33460215835161
0.93393912336922
0.951266950993188
1.13697846823431
0.83474908770551
0.7241677969672
1.08384728427604
-0.389956486467887
1.08598393373904
-0.603045042628088
1.55483209239618
0.796319288733523
-0.351772131764412
-0.541606805580752
0.0223949782244767
0.44887098282743
0.919491105554821
-0.813140820580145
1.80602248035948
0.957783735935115
-0.534416215477497
0.224449029607943
-0.395170040196925
-0.721061082449135
1.41979840979186
1.63015708064907
1.10109208280926
0.776218875869281
0.702872711737634
0.736187777745422
1.86270094648495
2.36265821485414
2.35693864385072
1.31512773012573
1.24892382767687
1.33306876149196
0.625254028940369
0.913590904630233
2.32625733876885
0.209565858690705
1.87207423607776
-0.724054492104354
1.03504474806282
2.1461002140293
0.210574652242113
0.547231176909914
1.33624205113132
-0.3769239696012
-0.367420363846075
-0.070372021662534
0.264907205218318
2.07605884371197
0.725664067068502
0.787446726932055
0.549445821589449
-0.68143269225366
1.03530023841146
1.1335741124179
-0.151776667076497
0.293420614076556
0.752928275444218
0.613146465571915
1.46045947472149
0.960779364924572
1.44143497406746
-0.344286942258384
0.682293318746401
2.28575168735517
0.222724336539107
2.33848832369481
2.27975687961809
0.865866848693211
0.0906608656100356
0.0560835304912706
0.764367629764745
1.90005477134199
1.98761956479475
2.12361742618921
2.17358913102903
0.0544057776333575
1.20801436002483
-0.330303408201422
2.07739478884366
0.509521614937492
0.478307596172103
-0.142117537442483
1.81026885949266
1.79945121678254
2.32015322233696
1.59113775460056
1.0894305288544
-0.327011311100914
-0.501981877783865
0.522792338325487
0.837193923767811
0.708500559819448
-0.117146804726522
-0.11869902506408
-0.0952593058608943
1.19275399945966
0.525838990019619
1.26544407042803
1.20371709504106
0.919629091967814
0.947492658295532
2.98239610194057
2.56658896041826
0.216095979496658
0.431351443711864
-0.503957184069387
0.703109048731699
0.911280280265961
1.44531817446143
0.733198170152251
-0.443724171719506
-0.287660079963835
1.99748386500998
0.128495599402271
0.26839026766037
-0.961688657424521
1.18304160746598
0.180481536641908
-0.116561745752998
0.158765591493409
-0.271826929920135
1.10802410272392
1.43262106926817
-0.135531489251927
1.89237989296063
-0.0156572968830374
1.2766694242979
0.62515223419549
0.392426303728085
1.995112626608
0.234055601412076
0.489349553088703
0.401058336157738
2.17901927288366
0.747537586446132
2.02939451458498
1.56907995801464
1.53927769023107
0.367177177921236
1.02157025970548
1.09487136535062
1.30557667053249
0.945811128355429
2.32609193677355
1.34944367987269
0.419040255235201
0.927678440523115
1.3122985655255
1.26477537505103
1.59537707094148
-0.542100950363447
1.57616372492375
-0.578317444977706
0.0984215446091164
1.39785327817663
0.438607229031735
0.365119655412878
2.08555960204615
-0.828305135730249
1.02143828846228
0.0673878097421335
-0.140244288074618
-0.0605872102501913
2.53677668349914
0.996070483889256
1.05225827937004
0.875335308033621
1.45655519171373
0.725938501636499
0.860096612478686
0.277779382949148
-0.151423775438987
-0.195819316316207
0.0653475583515841
1.24516719804842
-0.89709857033113
-0.198832082433043
1.39287437182672
0.695703779708526
0.378038188300951
0.732816498629557
1.34812355069702
1.23090722316511
1.3384939360003
0.208810295553533
1.55305800919482
1.55852201944536
-0.27710069346505
0.473992080313022
2.09299268406685
0.237655973822068
0.858150962387001
0.931489486881808
-0.0349723523330558
0.140177866556365
1.2714328292588
1.53061105248165
-0.631985681860334
0.00260626124772901
-0.101571407594111
2.10653241492986
1.52234724098328
1.438414386798
1.41744996021631
-0.587963836914815
2.30512417846085
2.38815483860235
0.585075610474231
2.32685520382084
0.787438969916819
2.1642240783135
-0.502867691524799
2.26574608091182
1.13536802230603
1.15949523531877
1.4323609260928
0.855838332872802
2.24700129033671
0.943598233963535
0.502018629885885
0.651395767792249
1.66389840967244
1.32634387217691
0.00679156441829638
1.02630044545609
1.62463122084717
1.06158030938973
0.666293295754192
-0.671352466337521
1.15298956476364
-0.628206961437544
-0.356244184733771
2.21938135580714
1.19756614851101
0.506171096632924
1.20594140358081
0.869690009089761
-0.366100531874127
1.29667802239193
0.847701937564779
0.842910615394702
0.121688351874876
2.27223111690961
0.0853142193617615
0.467484909224244
0.134369779511859
-0.744791758263754
1.2785994591396
0.851364902087844
0.722545966286411
1.20812293955804
-0.348890106713423
1.06561277743782
-0.205286906610841
1.14292675068037
1.40422306014432
0.962944602365432
0.797844132073334
-0.46548095385557
-0.424771459720347
0.906668768164847
0.318709076253541
2.37129274812186
2.55638599357248
1.06627397459369
0.565497497129456
0.488833472558032
1.12216852976675
2.18178411429223
2.27259644614344
1.25787038287751
1.01517914347091
1.16702442958952
1.05605485129776
0.702438932405463
1.08589224032484
0.442883886415814
1.31464581652221
1.13688083159009
0.109506140941759
0.441376972682278
-0.292945185309203
0.926768361322728
1.22315836461018
-0.294007421688149
-0.349046760276264
1.42341696417454
1.25464495607931
0.804594381035061
0.692669964397208
1.19387056611563
1.28836617241318
2.33217812611676
0.518283218197613
-0.523148172043147
0.889347616859683
0.644773385741185
0.833407088377081
-0.353762195178033
1.22955657117302
-0.509981652576432
0.965412174661654
0.878042821356038
0.91639827190147
0.348762154899502
1.22842827236206
-0.332284590416672
0.164892149875188
0.296379765577409
0.221244588166467
1.12228841861123
1.30235778720945
1.58308669022065
2.19012597006316
0.705093340606637
1.72376969898775
1.14322930903293
1.19668473831173
0.900692436118246
0.446528085703295
1.29348233956696
-0.00255875706406386
2.41176014750619
0.385982295437081
1.99167694155357
1.53399671944672
0.587735811199376
0.322651124916243
1.61410571024288
1.11373219669752
1.02349361711701
-0.418054078113612
1.76539180062253
1.19115352945089
1.13198911518421
0.865724680217199
0.789340683596565
0.88686572397209
1.18658006113575
1.11730310021156
0.465268606574074
-0.335619507349277
0.922595657832865
0.370291415918032
0.779409925446953
0.797730391732766
0.809338030847731
0.600782040406389
1.06066371078469
0.672319850114792
0.572751927785453
-0.213844032328878
-0.105667140823293
-0.248073338151368
1.08207948808666
2.3413497436821
0.585871064848345
0.581092038579699
-0.14693477036503
2.09090140520979
-0.156199128122889
2.14587522842127
0.917129284603187
0.562411354902316
-0.500715031687524
0.0836633852393812
1.23640426371244
1.33932961968212
1.71542910119939
0.888370136533369
0.410684721068273
0.321892618093552
0.110548622297627
1.28328073459781
1.2337408321059
0.218002558530849
0.259220915344556
1.04081053838297
1.35476771014048
0.226144240640872
1.73070670939548
1.25018201992616
0.811245290438952
1.43604762362157
1.68200439131641
0.173270385566858
1.49587420737908
0.330714884979552
-0.806742090119252
0.908056753747559
2.29652794244805
2.29587418684979
0.414351488404804
0.983940303839805
1.9695408568889
1.55598684783494
-0.403584735348142
-0.17717576746689
0.888496922866799
1.12113594296799
-0.0588342678432218
-0.782785180140571
2.12629083165264
0.660380942695527
1.59980437237165
1.68403635220145
1.94968384130063
-0.487033171581802
-0.75000793055195
1.41192821974396
-0.0710076395016436
-0.302524260706556
-0.0868893021998425
0.358304788721651
-0.870826439722573
0.573465301883017
1.10224314051381
1.21341127486665
1.82008004875036
0.372362090270624
1.08634621364506
1.40404727622483
-0.823307566666956
1.09507324903279
0.960654053724692
0.906313024851274
1.10897744301144
1.34751530521163
0.0442218032691887
-0.272950691803811
0.383556843436695
1.04448590789809
1.96153265136326
2.01991162227065
0.198229157046225
0.137682748187791
-0.436724259041244
0.426460227852477
2.22439396977719
2.23057780491347
1.08560599977202
1.04210473061646
1.00468403364841
0.959032025822071
0.766488845225122
1.22865364683789
1.37746347800345
1.42784609606137
1.3717824402043
0.859871367076
0.848453738678812
1.1170448673884
1.32703423106343
1.48694643180552
1.40736100013407
1.17175704450013
1.00348516147928
0.656180662118532
0.75653356843459
1.27926528503595
0.44648240594875
1.1957726178711
0.967249377030265
1.00877467388704
0.303987284867376
2.00633690420316
1.1348659526848
0.541612946518074
1.22611589952009
1.94119819542511
1.09190654465944
1.2757736789014
1.02314900137368
0.371635138225545
0.933554851160661
1.0551410954053
1.27681352913326
1.07529193889001
1.76107362928076
0.450458584798386
1.83963832338827
0.977614514394373
0.340532995041196
0.361927341259292
1.1199725791972
0.423019997613818
0.955103264010054
0.783536644522245
0.922625258573371
1.77559682173009
1.15893775420498
1.58316028844865
1.06147346885523
1.20228400551147
1.03560699059477
1.06449756071294
0.766607425738213
1.22658831568487
1.15137580873392
2.01367833559483
1.60667002516994
1.54176511617193
0.79946298690288
1.10262816437953
0.865449483494302
1.0439946880334
0.925749123506276
1.0648481276345
1.22292194359392
1.05311721797815
1.02880753446376
1.04761927294316
1.01759985164231
1.02824987117783
0.759985322477896
0.86432757132534
0.798814137198992
0.937836838564061
0.346548202923286
0.643896143281915
0.919068771432497
0.873757983906468
0.250386246730315
0.568667856496943
1.82779856466393
1.41990909900288
0.987095751907993
0.990805770109266
1.0750421294952
1.06319862115791
1.52108504636099
1.23077557405759
1.2472926622875
1.03580844691008
0.966008537567042
1.30659129361732
1.48309332951762
1.44738819735068
1.14934009635969
1.1986888625159
1.10093235682297
0.735778618595093
0.645125314905399
0.998452712919948
0.958094034733834
0.701946648539787
0.382690140227032
0.579168766023133
0.768526775721358
1.49469085609058
1.11270987597805
0.773061046306147
0.69753978977973
1.9215783708473
0.224786539090382
1.2232175064838
1.25700756902
2.05890929786277
0.263966604539229
1.83676560448602
1.18359733935339
0.966876236276019
0.473844777744759
0.497360247488095
1.21833409659253
1.0081895628364
0.313762841794858
0.296276492477998
1.19023344524859
1.02797522569479
1.05017156372261
1.08524585946755
1.08377682401492
2.13755712355584
1.92793460931587
1.73439361700785
1.77841946818623
1.48817926183533
1.5620187971731
1.38144347115358
1.39993393978316
1.10658629638189
1.46532918426265
0.72712845135784
0.935809455903848
1.02522895838512
1.03975646705551
1.07388637771249
0.972961402519644
0.993196606175954
0.988228662923611
0.313614673120354
0.159649979533143
0.174307633311376
1.86355918332335
1.03597089830047
0.909497632994459
0.891728669594633
1.07973340594402
1.158808589371
1.18658520791976
0.739390979409762
1.05420875444968
0.615498130109631
0.595213018159072
0.785870766637552
0.408651792474176
0.528640072440613
1.07452331877222
1.0618106364272
1.07255693902105
1.01236764510869
1.03306607231833
1.02954681936879
0.851112294598716
1.93375393187692
0.625574918100225
1.09411619671993
1.26400937052396
0.328388796603644
0.479607821237183
0.807656301531272
1.29692181109918
1.23185966274267
0.478847897974011
