1.02189897369385
0.688899767417186
1.15599660780563
1.10507369104973
0.41255992003405
1.27398529239954
1.51589504093565
1.58508482096005
1.68650467529053
0.132616863453586
0.594469754915732
0.768538519047779
0.937909900385495
1.19472690609405
1.06606206950562
1.80396636172875
1.84027481470736
1.88352444097469
1.45588976893438
1.11742801265876
1.05490450788103
0.372896515714773
0.709450657870094
1.15806879246847
1.56759194792911
0.953155564171015
0.298960213636604
0.93230900323391
0.612317887197504
0.557328427769238
0.867204531558423
0.822579181316556
1.05349403876044
0.993777851915971
1.06295438361219
1.71571666493355
1.92521950439959
0.985640911626466
0.697515127586385
0.981301766127011
0.516099943011306
1.3237871537296
1.25938723671683
0.477145293671687
0.94408504045011
0.968887186625382
0.27715002233897
0.311782987365261
0.462358630183337
0.942037215638702
0.520618923775238
1.02359698509111
1.03747001210871
1.29201816349829
0.806125600894118
1.23309014737935
1.24584713109996
0.905573846398996
0.497430993121971
1.07169980614984
1.73211449469797
1.01848683240092
1.18944902215679
1.45410441083628
0.261627785410299
1.26030586164513
0.321377906730202
1.76463328220066
1.64900828521731
0.436028313842301
0.361036136431858
0.408358974404201
1.05499528574991
0.876241194528164
0.329321928297742
0.605857692046388
0.917642622163286
0.76639893932887
0.878908890148484
0.687965676143489
0.900905227033564
1.15260828056967
0.668258060770441
1.14047290844846
0.960350615822078
1.26421456883902
1.2438045356001
1.91979033524128
0.451539447566185
0.881601321127353
0.997762952770893
1.89578016251444
1.40156659594367
0.736326044184208
1.00223490883031
0.974093213233127
1.03093403120642
1.18660401471058
1.04729877294275
0.50414056006563
1.09789360239868
1.07666061977432
0.984813869505501
1.21282711450723
1.22516988668433
0.913622125772222
0.388539155746205
0.510983333923144
0.574296754030293
1.14158044260581
0.918081792591037
0.988893078476976
0.17393537886969
0.977548306799336
1.82679120793379
1.59360337905218
0.859990571339076
0.984857646499942
0.836308527660391
1.01851345052723
1.12570242278952
1.32527370839716
1.32804224282548
1.25891345348558
1.11130260403029
1.14772396825007
0.955670542696777
0.975275379504977
0.860722171752228
0.96557584076815
0.579423230895679
0.599168192994727
0.683081686876561
0.78666815224802
1.0082689682854
0.942548065059816
0.757933813536309
1.36859730489317
1.74817900882095
2.29637803448852
0.919219982108228
1.5479389699313
2.05279894762479
1.89822658626685
1.35640452234031
1.77761363301004
1.05651482245754
1.79936896068001
1.22175079601339
1.15926984034238
1.65309389694921
0.250479308386424
0.0157153688288243
-0.0456334437936196
-0.274921648027536
0.610059289484568
0.115257282915025
0.1715261452181
0.241170956466322
0.315034553574315
0.108491818040694
0.315607055886152
0.508377643945361
0.370811482660761
0.405152640131958
2.88786123797073
2.75331190749338
2.18153853431338
2.36426415265241
2.51913576480002
2.90592860298535
1.81539666457901
2.17259132830794
1.98894319295666
1.82325003543839
1.60950826680376
1.65055430101941
1.63917597151902
1.36439106432255
1.08893694501161
1.30982107467872
1.57646895730196
1.79377089865789
1.10510098760562
1.2150577573995
1.49464429427492
0.730875095251498
0.960041475115762
-0.140373056119811
-0.607288597287255
-1.01930098890702
-0.768726394013377
-0.888743565851505
-1.01340921418871
-0.807704376120008
-0.738297837216779
-0.566273092519766
0.021111979654519
0.346622458515509
-0.571463216861873
0.76030155894285
-0.855813035927703
0.387524109401594
-0.473158115738293
0.674095097921785
0.637897002896976
0.0242367311568977
0.252579173515415
0.786182458309907
0.652470271544965
0.921710892314666
1.15038730573621
1.22437667736553
0.972653899468866
0.781004334384075
1.43384740481629
1.46936958672655
1.21781645252256
0.742654601486038
0.51046888832204
0.654091286943097
1.10896301983241
1.99437450923259
1.67696382971994
2.09789617505928
2.24493970634285
1.92137334861155
2.14668911516005
2.18407254244544
2.37426038438314
2.30540292263026
2.03832030693858
2.1457623757554
0.824807464160651
0.925035627980189
0.377973539366152
0.644977509465235
0.538962436794762
0.953423707087903
0.536982708911984
0.825593005046757
0.536725080272876
0.771374550148246
1.01542342899627
1.2702139835432
1.27228123944429
0.967762619704822
0.658874660934285
1.12833188831437
1.15244044153332
-0.214176987845474
-0.191091138263876
-0.334366978633941
1.43319170898651
1.06849222231949
0.798484147903149
1.09105046898044
0.991818994326006
0.760888822316741
0.861427385549376
0.672012387547608
0.412869410618905
-0.106780074686045
-0.298878268523335
-0.668943737724213
-0.334812033815781
1.42124530820726
1.68542979527152
1.39013016930754
1.43035795809781
1.40538753146657
1.03615293064099
0.407069508299421
2.04669432187959
2.24768905718282
2.5362596260077
1.39108754968107
1.2275536163533
1.75320461016623
1.68449538864479
1.01391371138512
1.31539831239311
1.10567800677907
1.25967438396707
1.06133985798616
1.26413865064066
1.8057136515589
1.29098348605316
2.46409564235055
1.1814220892073
1.04339447120748
0.911707820987589
0.678721011918002
1.56044086171579
0.0786640314494087
-0.104097242959136
0.425356427704388
-0.749851409645532
1.44474086640329
1.06674458382871
0.991622586577697
0.645753010239804
1.54666853428419
1.96864588807309
1.56105265864377
0.836017917697675
1.35571503261744
0.0637482347070452
0.828769208040145
1.18906543285863
-0.235939701702625
0.340008198984347
1.34955253964051
1.47212755323082
1.00364087106533
0.855771215942857
0.472797528435092
1.70821740683804
0.655250530891749
0.461992688395125
0.964518210727645
1.98438210305924
2.2043370873389
1.94247771662052
2.23071513174459
0.629460511501001
0.105234171243591
0.889569670627841
0.990419501972011
0.19699289576239
2.15686132916172
0.864830312944268
0.710662728956432
1.5043546623589
1.11766581307425
2.00735999181505
0.733747073315694
2.28534359697486
2.70989690925703
0.268599381225877
0.0304803254457252
-0.353076702872667
-0.196818544879814
0.161496986836124
-0.831319770665842
2.13249532009668
1.95876442119824
0.435850947089658
1.99711970948111
0.628905479384831
1.1555910489859
-0.0382785256366878
1.71684430429377
0.681812659775787
0.992032800091018
1.14008949124709
0.826944929807221
1.11960468182683
0.668301169174075
1.23149485679104
1.15857511732255
1.03550087382551
1.33315389838259
1.80437517146061
2.11987098971523
2.88688834787497
-0.11330310230325
0.804701987894482
1.03541849586359
0.603202857999058
2.11080538200938
0.889480521831308
0.518518368358655
0.549587712042583
0.926249928524016
0.627820341317192
0.7086570148122
1.20523157205469
1.62847558368724
2.07931428282248
1.70603261204133
1.23569634897473
1.36378734434091
2.0085844626647
0.677110459110389
0.276934872488301
0.206120216307001
0.976003289245975
1.17004165751672
1.01533622830832
0.96265190831497
0.55986118624658
0.189944464155454
0.692994576268698
0.964245643722498
0.649850675969531
0.968178710302852
1.19135650806583
0.830951176649959
2.77185136978277
1.19091428506136
0.990918649822465
1.35783923980844
0.966076861633704
2.24054130168882
1.18910823376895
0.0204960351734889
0.146736875117295
0.477281306993839
0.270487429349124
1.28339418411556
-0.204608726168539
0.878603370771934
0.922025206841328
0.800487377190938
0.709074643309161
0.971912432975533
0.404602171280833
-0.14331555369801
-0.143935385710837
0.0789029754001858
1.0940547313861
0.808408191574047
0.745815640561628
0.931894032804814
0.899121305576877
1.08264992742983
1.08038946596297
1.19577644265328
1.26019739603286
1.26076207555519
1.15677677981588
1.20731688671573
1.21122621820095
0.111266914778953
0.387416718134322
0.954794625663787
1.48041468013428
0.731560501618194
1.17247023479543
1.63805188477007
2.22796111308395
2.08302131996564
2.10884754836487
1.31343092914901
0.916015712769649
0.997479701249944
0.663391315664572
-0.945899635470205
-0.942167242135327
-0.728005348269491
-0.348511263612982
0.663697804351336
0.694721639629847
1.14439153783831
1.05529320874459
1.28217634914325
0.63551180332973
-0.881783397415629
-0.379266892581051
-1.0631475689294
-0.201572808853894
1.61370048119228
1.79549070801351
1.63355515896926
1.2755840558593
1.33269857675743
1.25956062061876
1.24854442632834
1.18730514429015
1.67994080182307
0.798857884509445
0.811822266360673
0.585895754591078
-0.0224203195965304
0.7668209542606
1.81763378836802
0.132864045551221
2.11827984454945
2.17296809277268
1.20661287700746
0.163429682011033
-0.0479032361980539
0.1671642005851
0.561814912890016
0.642402724426165
1.82514670047669
0.949118672117544
-0.0192961548940192
-0.0218786126767408
1.26907578122701
1.06631478426106
0.815646512944113
1.22877882695734
0.28735055612241
0.289997442042372
0.526765890444246
0.803457174659195
0.318572180571449
1.07991063278135
0.917696947961977
1.17524739123266
1.01290785762816
0.349921815484718
1.23541854866971
1.22623247206543
1.52080805579766
1.99507658397425
0.558070193917237
1.13046446474273
2.04679027686746
0.192899406157257
0.139122992302347
0.409016178683804
-0.0817513279719266
0.8747914879806
0.295621380454176
-0.155613319061544
1.5535028256115
1.98925946302387
1.36324102044698
1.55941070972428
0.858203225708329
0.236188381297054
0.196623930354228
1.4463109218009
1.0192144341736
-0.25832481742529
0.121798939073758
0.590320304942514
1.64811419021124
1.68954410918026
1.07141297824132
1.74097411117718
2.24317795223046
0.513190864187612
0.986044636842274
0.608053935515739
1.08391350089144
0.0784243934901209
1.47113304772107
2.05167614986102
1.62447354029603
1.00460971134474
0.88150057561755
1.03339288437936
2.56035627235901
0.409370153210297
-0.0585138521954487
0.495179925820867
1.10495500927773
0.464883299557504
2.03980939945177
0.138706950719913
1.51818583357473
0.188166899236216
-0.228213095782885
-0.968995240276816
0.342633335592102
0.128466232709627
0.28850709451746
1.02080274151703
1.63415544176609
-0.558579061833042
2.3481394047044
0.936263748460839
1.31653767966352
0.803983158154886
1.47583379083702
0.800636797267993
0.442540298929685
1.7560274772937
-0.49228980130444
1.08097022347009
0.867733399593019
0.869071026684872
0.750194984761242
-0.115726032274122
1.81508430947729
1.05474137015474
0.365551151435578
0.905466067559908
-0.257341625938187
1.12161313624977
0.97543586711936
-0.0170690476409427
0.793899576161081
0.790058294718115
0.544819465597318
1.24746370258367
1.26773639302045
0.237920556163544
2.42459137041434
0.0841946514993494
1.45182701346131
0.553221679760025
1.42717637226704
0.478307704462885
0.324648640943776
0.0576561500267021
1.55415716568573
0.550349191141331
1.24168289379397
-0.0313711444055206
1.83358290635682
1.91033233657284
1.20270332411578
0.975161035138914
0.840294863039087
1.65001199042993
0.6703973135163
1.10195286871137
1.765287401445
0.203816756354238
0.971482499124008
-0.0245249721237011
2.28571317000127
1.01952904803222
0.221277208911231
0.00443882039066204
0.0482349554146378
0.350838316283865
0.887099249162334
-0.314909495280945
2.33864529945512
0.783954079732261
-0.0959697632723375
0.955452375607037
0.0753825189034854
-0.60475815114082
1.40235095234252
1.48971956511871
0.922712128235004
1.15002237349059
0.96516487979079
0.650364811672779
2.28362423606072
2.23827290620406
2.81907135816593
1.31208628983294
1.2485749637645
1.27947930776548
0.54881913165527
1.09834709131931
2.05370024790927
0.724167142984723
1.23294559781801
-0.0833070029397911
0.842581622936385
1.91944847277644
0.224040609814094
0.736447281722387
1.36474124337128
0.271374502794988
0.167625952021598
0.480788305057091
0.318333266047731
1.70211170204477
1.34138797451118
0.64221320592302
0.550366358881885
-0.461310042137281
0.791762962888022
1.45231154570774
0.0125118676777253
0.48377033332832
1.14916492108724
0.752273609363769
1.86010958474438
1.15610436684938
1.25195829752902
-0.0152534434250242
0.81782967331
2.71275866861549
1.37555032521685
1.84172836009264
1.71109968998321
0.846296471965201
0.123329178385234
0.116569269726038
1.52499748644787
2.45070477804469
1.9952210920848
2.06443543913519
2.08913402390262
0.466154173384339
1.19301505579681
-0.0989712178347229
1.90986647869671
0.363225985263469
0.238308018865618
0.302136061291809
2.56758391148946
1.51047851615498
1.9302915548526
2.05122119829117
0.771267441285484
-0.0402564577012071
-0.413774217623906
0.701421378855459
0.760566186000199
0.660707938712879
0.00261979168734616
0.227051274355386
0.0293479693201386
1.25709561858326
0.634767667902813
1.2108482139416
1.02885597989974
0.643017907691794
0.62787213217791
3.21703153649697
3.12965764433174
0.270294870878471
1.36614034174331
0.0914075570832406
1.4869133389985
1.2747432153657
2.00232002972901
1.05014579880143
0.031903726978897
0.102311200109785
1.46333551516407
0.0419267246942261
0.222437588627757
-0.89112420926251
0.875617846995302
0.808905459065349
0.0562488531360135
0.581857516249122
0.239909739118877
1.41335910192277
1.58755809721585
0.442581213116413
2.6892828346361
0.791337004509331
1.02587591202332
0.913915287275221
0.597120677878723
1.83625946945516
0.289183195652502
1.42238044781106
0.323984550211612
2.15113912431122
1.18871699267588
1.88350562706811
1.45233712371831
1.42104134953106
0.908051322443677
1.1255768941221
1.08699016371797
1.34885572948578
0.993343705342601
2.01406312222943
1.02878329175371
0.374508006125573
1.81012688572884
2.05137504098949
1.98728671788223
2.02326314522617
0.040289392675605
2.3692421527909
-0.108951302387951
0.262953646516069
1.81464947481537
0.20718473437738
0.383387333930663
1.43810802615833
-1.00519451787749
1.10744345011973
0.874264185293555
0.311418345502978
0.611343334410911
3.0165324737156
1.07395316549381
1.12041336014106
1.29779311783124
1.87457647742946
1.32004638851838
1.1930001392368
0.485645802308542
-0.192372919267921
0.590217085513129
0.301554603708408
2.03172872397713
-0.880435872965879
0.270579359289594
1.16469742819226
1.22539618884006
0.576162731939037
0.788734437192367
1.67838418444234
1.96905590086104
1.0404265624031
0.278863799047647
2.05800329190249
2.18336611770866
0.659782450183413
0.740494093036981
2.11456878669483
0.890158964526692
1.45669129439984
0.630589493356398
0.500410508658323
1.03201786343591
1.06143675635692
1.42166506255162
-0.0562362367881215
1.05000192756295
0.677859368151657
2.05662681386408
1.56579715042248
1.95766051346794
1.78693830808007
-0.599629961993458
2.2264279878423
2.05746205669395
0.681591023969207
2.15758910426673
0.556020386280217
2.02335922199056
0.101433652473112
2.27486541291686
1.73391341612197
1.20848868295198
1.43634401177884
0.657831520701446
1.99410741552734
0.698765275247177
0.416069777161557
0.546664358495434
1.85129224133138
1.92789797222556
0.364886022537374
1.57997646111445
1.9957820388416
0.979630721056499
1.21839959065732
-0.659741618423198
1.77386509503175
-0.490541026558427
-0.0296839103939323
2.16619332224637
1.06108705959106
0.804447917396008
1.25839783553839
0.833962635604717
0.0360473824711657
1.7530907483268
0.67359968971023
0.608331282027083
0.316282135810297
2.70966647000621
0.179974928462795
0.680239475547081
0.667119802131753
-0.333468139459035
1.25030207332106
0.56010839404417
0.477770900442342
1.10832165708638
0.04814461928051
0.993788475807975
0.0819277490618076
1.40345416958714
1.0462785680593
0.893622534760683
0.903094483611931
-0.0424476369004216
-0.168366293359733
0.579705343851879
0.241849964626259
2.15335215471728
2.77687634384564
1.30411998116274
1.09083450980145
0.710895597883463
1.49899946071589
1.84303971996699
2.25817801736946
1.21138594395145
1.26411355833841
1.16933449183776
0.966698868108936
1.01893234118536
0.763675745961439
0.51191574126175
1.05104099297402
0.966855589102892
0.462712628937146
0.92317862968982
0.0647504063157055
1.26309018193227
1.17849712946201
0.183329478515919
0.0149930810149686
1.4854232237143
1.42659388025176
1.20261828947246
1.41339561078474
1.04032992289873
1.09095624011767
1.95463456005093
0.342710286517768
-0.066327307563706
0.911666753709298
0.765069878240612
0.988123724051251
0.0148126169271127
0.959809056951412
0.121268697489205
1.03067693340642
0.827339723922518
0.923972557256134
0.194184457587212
1.93189272395107
0.0525890261499025
0.119071090404237
0.599399369189617
0.213259410526538
1.50938910416897
1.80814922542178
1.44029599195974
1.61021724042351
1.54067516731036
2.23539954180656
0.977823427974722
0.834400057067494
0.741996738411343
0.819343008918883
1.31364266479786
0.462567714882205
2.24656685876878
0.806428111276809
1.75070591686305
2.2223302358875
0.423601175452547
0.776748784525906
2.18030399199369
0.9778656540518
0.694223521420449
-0.112534677531802
1.96894308178918
1.14568032446633
0.876333083816315
1.0068974879661
1.79829273513742
1.1019090641998
0.985916590850499
1.25522382837988
0.523538793779494
0.182228668157063
1.26315047528259
0.563600540056482
0.819816822099715
1.34312578609312
0.749827375165966
0.763414263684618
0.970112681185144
1.04268605981401
1.28663508384443
0.330092645876777
0.474616212168551
0.338144721883923
1.0747728567706
2.15671313446386
0.441023722153818
0.950185719671866
0.151318442606781
2.09359350507566
-0.0242222624547005
1.83338750713209
0.825990156361851
0.940921566960328
-0.174118640760611
0.0940583482141635
1.08025868720873
1.96556133751169
1.56408796996117
1.14109560384609
0.721962774519453
0.325537639230505
0.975168341418241
1.75070669308488
1.41168064652886
0.245946727190938
0.740143756902896
0.942203427782764
1.9599812601239
0.55765146266923
2.20131981618613
1.09730786317467
0.707380059220481
2.06076651684887
2.26660001390312
0.125729330970337
2.03214734097305
0.364467686458774
-0.746020909046027
0.902082372001888
2.0949889491796
2.02465909487813
0.411640696017321
0.780976770945859
2.55484215659414
1.43994516360147
-0.331066894600295
-0.144122216057953
0.887074801293559
0.865612600263476
0.419994597904917
-0.491807172536797
2.14181406024797
1.72068349511211
1.11479622287584
1.18655413302136
1.34244991792252
-0.174757590724111
-0.212583865393892
1.66154203243719
0.328086885783767
0.205201129444069
0.303646541984848
0.895626243488151
-0.672605639086643
0.508284955480517
1.1893596476953
1.24988006919587
2.55525019444245
0.787930644917406
1.03145073135627
2.12085786379156
-0.523782749234243
1.42886756049059
1.31524661247147
0.870780251924352
0.92350951429855
1.30315003599268
0.234042071547492
-0.248559754735709
0.764731383538969
0.891955607372694
1.92927381270198
1.72477110569842
0.590022182645267
0.524230581793554
-0.214151963056608
0.801163698755601
1.89456304456077
2.21879775294495
0.949617088740467
0.916273878203776
1.0017115421417
0.9649895082775
0.773611293351527
1.25250772718858
1.44922649589566
1.71433580863994
1.29301398256022
0.848482176033119
0.908145171031049
0.966860109604573
1.02573909255453
1.13265216054373
1.19118990931586
1.0522678097942
0.983047153077499
0.939869796405102
0.75895294690575
1.05698730935886
0.459745992550462
1.18014323000762
0.946303113708241
0.813920674802856
0.661662377074879
1.65263982327298
1.28100215788551
0.858504445513016
1.07735833829993
1.584458487749
0.977524239400321
1.10008745838297
1.08786755022272
0.509736817424129
0.783272818934151
1.06049590241693
1.61439051331001
0.865800572362971
1.35928831103772
0.612535179406198
1.72197858542869
0.971256889638718
0.57333416262686
0.603485080403803
1.15525801252108
0.777369763737855
0.922072099400068
0.964147809238706
1.09672571247693
1.49876956908626
1.01438597071814
1.18935361387329
1.03580883397928
0.986657472475296
0.89556238155379
0.971495961625207
0.836636546089685
1.1405046665199
1.00852209343954
1.63537089394738
1.23384611880524
1.28510187595929
0.895017993100727
1.13447927422437
0.80026301690485
1.02696423888526
0.946638669493061
1.16904618712282
1.0104313001948
0.792765747766591
0.921254732049677
0.896350875197891
0.952090703298453
0.972884289889007
0.667523076559718
0.823739222458288
0.772473843120418
1.07331149833374
0.523349729627995
0.722388856313371
0.969269738303545
0.929382762323891
0.575892248225305
0.781930360378298
1.47285593696973
1.07588291140229
1.01650820733355
1.00285766630692
0.958702226191269
0.934234923986158
1.15811574438518
1.47646057435716
1.37795845844834
0.915731883800742
0.958130121577068
1.76516503998407
1.70391177803321
1.4997454864426
1.01595030383892
1.04219345210066
0.963186809807909
0.757264255515456
0.739557383511069
0.936920348825248
0.958509900265777
0.812013291716097
0.715187032610781
0.80252764907123
1.01549318983781
1.13801792682316
0.986959345902126
0.963839407900367
0.961560528298232
1.61917217955299
0.448928499818546
1.19320022300638
1.13020840065322
1.71040677877849
0.657895017874777
1.38471253644866
1.20601251878903
0.803273552174706
0.794936690750652
0.531369814034479
1.06664596488513
0.75281739076489
0.419344978236566
0.54165254791963
1.0363667990074
1.22075824640887
1.12746550134749
0.92255022495439
1.08531385751773
1.76633727639489
1.56136550149348
1.42541020995416
1.40474902845685
1.17855720475069
1.23613084293178
1.08834618517672
1.07311732668792
1.08085119119084
1.26708479423653
0.892639876421094
0.861329717182045
1.06267463702151
1.01945400759615
0.802435645809525
0.965832934447837
0.968985278207804
1.03929303041431
0.473271217065333
0.57311148676863
0.540989670363777
1.52766039317473
1.23260889313816
0.735730414534215
1.00538897666851
0.977249494789048
1.37284832123411
1.01799425419239
0.758415281436253
0.910462378439483
0.674717025330471
0.726543676962918
0.759289118748085
0.545781879306108
0.70791130905373
0.920518909640119
0.885258499973757
0.944493162838363
0.891766370133818
0.887314644110899
0.974360663459259
0.93568059908032
1.61581002943852
0.704228699039973
1.04837019330802
1.66757884700809
0.292466157415255
0.609817336539549
0.740878128002049
1.1658739074387
1.21806345378409
0.844861746117214
