0.922603545797221
0.662819801279307
0.889553422699138
0.880954594108525
0.170657447255222
0.674428012965129
0.997508086390475
1.10448231567408
1.19412334221673
0.117429131049925
0.349251072929213
0.413445715061918
0.750996918902189
0.958125286078299
0.959731628767498
1.50470970713388
1.50742707304898
1.41417196183813
1.19199715504047
1.04823422771556
0.971891212622573
0.501211401475757
0.733914600709092
0.997103916574434
1.3469144706265
0.787050401790941
0.290587992361463
0.885076180101651
0.0620667540774525
0.498806635894184
0.72031039321132
0.708056106402744
0.581435912488361
0.877006111362686
0.796089550759857
1.48025127588982
1.50177012585039
0.325591297774997
0.672738481232638
0.863613092859314
0.631817794622068
1.13331124555016
1.02187893848294
0.0778548819806055
0.90125870445093
0.492224040260494
0.211492728900824
0.403704383214684
0.347167885742725
0.901073686891791
0.04418987903924
0.846406696333782
0.95808127277917
0.646510331643076
0.18750242889628
1.00176716429726
1.01795719114244
0.830398284356746
0.183345217925551
0.912588201552259
1.31416148781395
0.668655473267733
1.0385416185359
1.23995812104766
0.1703261772271
1.11882264649968
0.368833141502165
1.50276406537248
1.42790149896191
0.256961031914776
0.477420352521347
0.541348944522341
0.876714889413826
0.830863218594404
0.265980019316885
0.693126859920614
0.866789517745224
0.694233507372852
0.238146303299698
0.104680123376559
0.743261504234451
0.48884914440919
0.661845235316477
0.852304741800948
0.748680738423926
1.02321081114447
1.01464250524291
1.46675984295586
0.285428999229561
0.451924743842214
0.924514613068937
1.51414986882548
0.848435954505668
0.677716157270148
0.898721010309597
0.825362048775673
0.538303492809219
0.556332151432508
0.62690467588271
0.0680846567132937
0.980571778047457
1.01079420534416
0.932230175040084
1.01141159973199
0.979044865050479
0.792031617642246
0.107642037850563
0.156793623978143
0.0585179174494587
0.933841449073991
0.886755521488723
0.894956237104075
0.157271567200274
0.71179596565055
1.36684394211165
1.25035803318535
0.806312353778512
0.877885441191391
0.761182688814431
0.933031819353492
0.854682768026139
0.974101704751918
0.937588981719197
0.947455435012626
0.921809258157113
0.899244935627688
0.916870739385032
0.84385464437821
0.869636866678089
0.917018073485034
0.76618495808893
0.716640350892501
0.863519056783106
0.775871884577362
1.0934074196444
0.926519426223274
1.00169204381577
1.3458221803986
2.00946843753556
2.3609437986329
0.915892086534678
1.24014126868421
1.4722502658507
1.36873652691299
1.40917008597506
1.74459061181394
1.04804367212512
1.47746723363775
1.05473104261155
1.17390183881352
1.4915447411292
0.147249565416393
0.0945863659044109
-0.0569534456106003
-0.156287173621961
0.585599276663181
0.331580005345388
0.326193814556632
0.0470810008685972
0.357475182161324
0.102291826822256
0.38666621105078
0.302817719942849
0.362276236084248
0.548822996175757
2.64392690726459
2.52476915062574
2.11122368907788
2.20783998022567
2.22824101326754
2.53798276501358
1.93377318815033
1.94456832847766
1.69716994139059
1.7136423111716
1.75875096237591
1.71811530544837
1.45273632957661
1.43587699412981
1.55913212965283
1.08151766949387
1.3900439990452
1.5471132763629
1.18808303341841
1.17827640627583
1.24324961091937
0.89180257640392
1.026210902596
-0.0628685404637347
-0.175318559436162
-0.37368030198115
-0.311935225242681
-0.360764598444094
-0.458811110240742
-0.497326800258444
-0.419564732961035
-0.378036905877307
-0.0247964764433196
-0.0801233439748516
-0.460020925351176
0.32570683587847
-0.47564182598116
0.377371182648688
-0.0711334174298988
0.183285579072811
0.688734485803093
0.284342098543935
0.358127288249868
0.520273466083965
0.735095381759658
0.873697255286921
1.24930251781065
1.1973502634173
0.92095030967921
0.669636142644259
1.09732514188023
1.07928932540025
1.0169899079404
0.883770728615534
0.955987002310149
1.08983014851993
0.898933064163978
1.59277928558634
1.7384563501781
1.74445940520191
1.8037698985294
1.85869794769637
1.93469216909169
2.1644798204165
2.45245989374512
2.35210780499759
2.03564242659486
1.7499347426874
1.09436376484047
1.12125880437717
0.870940595734441
1.09934410427985
1.11047421952503
0.966067743563523
0.851554794490932
1.06905039056108
1.06710005026184
0.935795142673415
1.04261351583873
1.14646095258118
1.20552294260108
1.06904407047767
1.20207293426414
1.06644037510575
1.11163001490896
-0.211354995701928
-0.119302258680434
-0.212323796555778
1.21357698109864
0.945843073483035
0.833814705982338
0.684808268070051
0.821261275814979
0.735459721655403
0.395433859376802
0.511180495184834
0.284452526207912
-0.0628906146499873
-0.0730815056068178
-0.241435665022964
-0.16932538475101
0.699286179145973
0.564623371460007
0.493551221249624
0.624110361424493
0.430092765184719
0.274055409836413
0.822011406931853
2.1311859502302
2.31767125694109
2.4602153069863
1.30613733600172
1.26203365655338
1.7078728458214
1.66460070283021
0.901793493079525
1.27923017221041
1.0506837397495
1.22314677281213
1.14795310130722
1.3319933460576
1.86155258557395
1.47769479377985
2.13304260299976
0.982780878582699
0.915908906494524
0.840341659444569
0.85235715922182
1.22934161311649
0.215666302535414
-0.155912732894941
0.701127963351196
-0.29238206496016
1.42249965214031
0.843444833199096
0.838733631946658
0.6663489907823
1.47019278953713
1.63353214292739
1.42357826112948
0.7780255780992
0.481696068947831
-0.0039854396345682
1.21020077235638
0.843822722224844
-0.1487438966866
0.279469539552144
1.29777895372726
1.24575112116849
0.894028607035712
0.895682154284543
0.855151637749088
1.24776506811453
0.542359808342816
0.490572381785551
0.915684557119946
1.62256557528697
2.03134104064248
1.67552487873865
1.88008064593161
0.537376752127065
0.253582881182882
0.797931564600444
1.11065575142599
0.259341139613918
1.63173982467354
1.116285321717
0.918071846589733
1.54812946573654
1.0701864258786
1.90307325913905
0.927407817404158
2.15145264117529
2.47077217014548
0.144564543096403
0.0330039964725958
-0.177532174027417
-0.161796337458632
0.0959116864602924
-0.199374238586038
1.94333985001473
1.82302647992668
0.454916590419238
1.67718018814274
1.02125449393161
0.597907684257742
0.281147025764878
1.979762066544
0.705710262525713
1.0479551239838
1.09502361216812
0.926055278811806
0.745099262407392
0.29339399373307
0.945163852486497
0.854959913021063
0.924143318649112
1.29830472671783
1.9157176681338
1.98577987258998
2.6341739664725
-0.0883232107902274
0.81684283276638
0.911376364397586
0.290178380043649
1.6486661465073
1.22082495586093
0.376972347488609
0.554718109016188
0.869860840788894
0.685541875377733
0.827564933932782
1.14527623476505
1.34115483414062
1.92089224426196
1.72071688416067
1.13553826679424
1.36462611280156
1.99331523300317
0.405800545591406
0.0979272707091472
-0.155921578401471
0.38821727853301
1.17347162104263
0.945656413306769
0.862772017354638
0.927944598306443
0.273269276581489
0.599793242882622
0.289081509889194
0.0203836871710144
0.894098297514541
1.04653645133558
1.15643818902246
2.40481985562307
0.612115171081531
0.739002514506832
1.03415301299613
1.09718889942725
2.27735699421969
0.949606240992681
-0.108478139151393
-0.046659591907736
0.160422573732228
-0.0877774816782305
0.972810632582173
-0.158409927231374
0.946267844252448
0.98298036073917
0.995092609379465
0.903145980548317
0.958990222045655
0.629482197109264
-0.0707660727815511
-0.0653890053262715
0.0633732059938849
1.08900399527021
0.661368301140459
0.563593306078287
0.858903827718961
0.75117723880349
1.28738728560244
1.18252870232463
1.47127930579934
1.09138342622315
1.03880014379055
1.10542321697488
1.37262760122015
1.21060213104825
0.0943759693368954
0.0612531781155404
0.270775074186856
1.53650041514412
1.32458574664061
1.3782187539675
1.76933156707957
2.24068223935686
2.02933710395806
1.86584172773875
1.32916551468935
0.852994218583535
0.896212286514952
0.775018333726511
-0.484637969400839
-0.420801966626101
-0.288235963499018
-0.174661366752362
0.196448887808477
0.136363000288742
0.922993313937937
0.974344494138674
0.915072761326478
0.605346658374709
-0.324223687793633
-0.222821175565768
-0.343390833952608
-0.190265608599302
1.39861053676445
1.3219332065747
1.14656115456407
1.03465002961546
1.22133839169627
1.03432022948529
1.03247274488699
1.00857545808644
1.39613376731803
0.790293900583878
0.87343740739982
0.650384973089681
-0.0536158256955554
0.865087618718911
1.57534524661197
0.0504245329137712
2.16905712025405
1.99457977549745
0.732937905423333
0.311652327298736
-0.0556613668423237
0.153602309324161
0.643787904110652
0.869873807671928
1.5322091792283
0.763102365152825
0.140964574119224
0.128702729753691
1.10213823193149
0.984626252408051
0.881450709085635
0.945784397720019
0.0933410925462372
0.418896204169278
0.615318854874853
0.804186221137483
0.191738662930711
1.04224290976381
0.935110992081924
0.505651456630987
0.973101124963677
0.0377313206584779
0.997622859525177
0.585812062561684
1.58248238277673
1.66867175659547
0.659321399146526
1.23523281120837
2.06246390922988
0.427701475170046
-0.118973866653099
-0.0555787535589081
-0.0502692582117945
0.972581454895999
0.293562269558205
-0.0893095614428229
1.88461444261628
1.48985295455972
1.03993652428354
0.632072649889907
0.809922585687086
0.676572870788921
0.202867282995301
1.26598314509069
0.310539001144899
-0.269813661197093
0.0703445629265809
0.974722928113249
1.74325548014265
1.48887463524865
1.25085380610298
1.37546652494583
1.89939346907501
0.633938547425217
0.894262558745226
0.0598657324059892
0.558391069633839
0.113756963736819
1.23558920515532
1.78546081686639
1.36733627962644
0.709629991458798
0.975682481801448
0.808800225171507
2.24492597827825
0.120703132896623
-0.0102616368624812
0.0398752555604978
1.26978148019466
0.225041421720275
1.91017449374811
0.0647955997865596
0.669323397845926
-0.0915570166802855
-0.143546719543269
-0.518291706989155
0.467756958356521
0.046298108913705
0.2192907353204
0.268027823421498
0.539075429625597
-0.212357638092578
2.19451008185428
0.651169219875683
1.19727356943509
0.861862504289725
1.0887078729995
0.598768973230848
0.123703541017819
1.69673756916052
-0.262577985419886
1.0987021766426
0.886769089547545
0.849233772971745
0.703117345826486
-0.138681242873131
1.67925056111571
0.980170940646585
0.494798162510152
0.269698687826117
-0.303102718145364
1.14032038849029
0.787306308112545
0.0134341313310321
0.702099918016014
0.901738825184049
0.673679079122773
1.07738672349507
0.78174453683402
0.337449398395518
2.38334980176544
0.0177097334819367
1.4406250759496
0.63427058350861
1.515912870811
0.663339803468149
0.647930404049187
0.33351020358566
1.21979023281871
0.967977058724699
1.47014297465544
-0.131795805667595
1.58819239405867
1.69294680131309
0.669831634091231
0.974721604152124
0.755358685649505
1.5605910205521
0.844844558617186
0.443331062481558
1.52885437417663
-0.00166889351843859
0.801005345766354
-0.0623866249831506
2.36502065863848
1.02580209829512
0.0674614553506582
-0.0987475215363868
-0.283039404859414
0.632984485105038
0.876560118167864
-0.12997543015495
2.37648697916045
0.724369095331402
-0.164615726339678
1.11778756682449
0.0739867838817608
-0.42183776084962
0.807937087771395
1.47788352440188
0.765596609202057
0.486393729865906
0.298331668463119
0.865808503396553
1.74274765558055
1.75940151931336
2.49897344193179
1.03193141775312
1.01592745813083
1.02850188351549
0.655178064726623
1.13140857518389
1.56918282299639
0.922233329307348
1.09546297864277
-0.0425226660732679
0.826267381000851
1.68070249261182
0.226366795749004
0.122264954601392
1.04283118654098
0.0604828612023429
-0.0603444654398242
0.0914209315504224
0.266803464871203
1.45678997801386
1.25061007191723
0.725478840446982
0.20993976730379
-0.232452260533204
0.766572883422836
1.75045211960061
0.0665237645370045
0.303864292689392
1.43960554657782
0.96185233419672
1.96187041644734
0.884997159035741
0.695797412455256
0.179202438396149
0.672362356161744
2.30705431371936
1.4438332894502
1.51567183973066
1.42011175520912
0.944147809612528
0.184118448595896
0.148045923660852
1.47039076292584
2.35550179670062
1.78903748353276
1.76556595501278
1.96428693033835
0.463386263875736
0.874844979483818
0.217258127183397
1.60610570906352
0.807165869653908
0.272313298491968
0.403635513419567
2.53351815564309
1.27363254567836
1.67234793578262
1.84578968304439
0.699812954073534
0.0390151313460394
-0.200272522326384
0.926233011086894
0.869138453658765
0.887719129459653
0.0280687720977811
0.179829570405717
0.0458331901018693
1.02209928540532
0.826484101022598
1.17841031437599
0.809531578623648
0.686088011152594
0.654032580888225
2.75950724208431
2.78215251126362
0.402218137186439
1.21139587308602
0.12796484118741
1.44438284739958
1.14179258938259
1.84472099406915
0.477314002748869
-0.0117427548873587
0.0371742251878096
1.23837674464279
0.157706394651661
0.354250667917116
-0.358061908961173
0.804731815098839
0.807820653862511
0.0727480879298938
0.572772268278147
0.162521464583005
1.45984348512067
1.50184875757437
0.0776726207547236
2.62148859960439
0.900603140313183
0.752587143089754
0.928406818732304
0.940847852812326
1.5713213163856
0.38457328185032
1.33601772383738
0.733215202301982
2.03071946067385
1.30134411929683
1.7528541979138
1.05777676573686
1.05086287374761
1.09903085339513
0.588815773433665
0.640722975938427
0.581741481110163
1.02151965813467
1.51421865705724
0.996814108770598
0.193306798901783
1.57368018990801
1.99059281056719
2.09671760628374
1.75460079552302
-0.0688213193594202
2.34108456798021
-0.0506111215442372
-0.0228875935273092
1.38034461168775
0.29733132462173
0.201440266016662
1.20796738165947
-0.55626854456237
0.992107660539222
0.701431605185964
0.307490920158496
0.626545002405262
2.67166807301683
0.986752500859336
0.99026423845216
1.22656953253957
1.38993017342151
1.43242583677077
0.431287113990157
0.15723871139629
-0.214344979348362
0.836171966797118
0.444071918244205
2.24571133025853
-0.268808352003489
0.0360861834683065
1.13833609431077
1.6876922022245
0.847423164736483
0.908281040553115
1.61067008508938
1.6785055720275
0.999527615943727
0.389400786300711
1.95886569987133
2.24352273851258
1.16724218094251
0.393104947917216
1.80724884332568
0.783124286507889
1.17584863110128
0.530778467008882
0.84546777412234
1.2409736956106
0.776088355183655
0.702628652579831
-0.10488421093944
1.3224181246827
1.12407894434877
1.91172012679769
0.65354335091338
1.94431172082133
1.72854305561817
-0.350515599272962
1.72140350867137
1.87916655750516
0.86037874778814
1.65425723822794
0.548737549922892
1.68575144596669
0.0161508480573134
2.06069909534573
1.80298645113299
0.903848303353771
1.08864866997452
0.709999642160454
1.59472942651272
0.634454020303182
0.514464300810552
0.858986426945673
1.42275715236445
1.98347261010998
0.0408998847236164
1.57712543508668
1.62066309375661
0.886845222288689
1.53118173675073
-0.362268763224701
1.83131939008703
-0.141742099322363
0.207196601726507
1.8559752230027
1.25728965057103
1.10817989693863
0.932684897773236
0.860101011567084
0.149069879616909
1.30058683015171
0.67860835795518
0.658795150951759
0.255151465492205
2.60624467798109
0.051482170389165
0.933633992415122
0.535063941597343
-0.0655253279883818
0.963764724687131
0.64257600084474
0.630414085190187
0.668730677490978
-0.156302380163817
0.939087558520731
0.0402438456744045
1.42188148916552
0.917250930961699
0.738188774652047
1.19503084222946
0.00887170672456616
-0.118548838393887
0.550261319636922
0.416080722114731
1.9505710753186
2.56196689197314
0.89966156122697
1.02511275210225
0.873782603287939
1.44839598293717
1.39450636145509
2.18994926967795
0.937644572736189
0.933339563617204
0.933753979437721
0.84420360184043
1.06544557538967
0.711615535774748
0.0382915138976228
0.999492810236751
0.927659248579454
-0.00982823167890197
0.326128059204292
0.0602350865884088
0.784036455062684
0.976354426967621
0.223331179493495
0.130064410923298
0.541859325583948
0.443569489950215
0.367633672897742
1.28466949429444
0.894400191772269
0.896929129874287
1.65468847198955
0.253213299586978
-0.00751991284543822
1.10210887373932
1.10364081258385
1.22193208856797
-0.0413736330181285
0.79450824153366
0.00730049801584624
0.983852231121268
0.922988919068368
0.953074942512792
0.298719153871462
1.97431341558264
-0.123493611595639
0.258901882484442
1.03527859477598
0.268938476145434
1.63494610831044
1.986028299683
0.66424694492662
1.33871257369548
1.43318712661112
2.25442054095404
0.977836444898341
0.86313438275936
0.791643479103229
0.211033626980053
1.01044594589841
0.227777657914989
1.82353323976428
0.378872925864612
1.51469148387022
1.83704614052703
0.623036983924971
1.09423119718583
2.11317199834041
0.983956060752789
0.672431590852545
-0.0586796618954853
1.4901412430242
1.1208332886072
0.78342695271995
0.495389365506123
1.52405061622471
0.540079011230713
0.813374542430397
0.552903301991364
0.877480070257113
0.386648142904453
1.14740642799277
0.943379272819014
0.843795576645282
1.40839052352434
0.899029082638698
0.860098352746251
0.822701738013744
0.341780646881182
1.26492003590163
0.0140624511553281
0.139759819730461
0.0751959813098517
0.807369562084357
1.65338302540262
0.677270884117349
0.302662047628103
0.0994760144849253
2.01410747486088
-0.296604806240803
1.5716609032676
0.736453616842047
0.431918873950257
-0.0648677327717745
0.236662833895966
1.04962597460426
1.6161197856359
1.48182729945272
0.534361829612197
1.05061074275345
0.450262957269594
1.10412975099912
1.60720934349933
0.685395491151615
0.138713562053791
0.714838335208425
1.06357854942162
2.04105222939267
0.0170793534675157
2.30462961902831
0.909291393342337
0.870009110348459
1.95990836769614
2.08041964042544
0.155079824838658
2.07234870736044
0.481254531269719
-0.309269537208652
0.94231815419454
1.67686988961342
1.57596947553721
0.75084239505255
0.787474647011096
2.30454658079771
1.17122045096919
0.00937043903466989
-0.0212726565259282
0.98791163405321
0.729150335449036
0.0388734052908566
-0.233580340106224
1.94740735712683
1.44135885322131
1.02222616135154
1.0472705196684
1.14534277863876
-0.138621296389265
-0.101654873726354
0.569317568942109
0.136512422016692
0.0720729595996031
0.0435394599984822
1.40763253075239
-0.198448345303678
0.628881168160421
1.00870710910776
1.01554328918657
2.50980634502304
0.797803030772678
0.793829530175814
2.19563995911728
-0.317679345669282
1.6821171110534
1.28195574757596
0.887031659149059
0.930580954685279
1.03209998801202
0.00882253929491887
-0.321220152495065
0.638300280904418
0.801140787659023
1.69577799710668
1.43716965280357
1.08457435277823
0.185098259465452
-0.229236634745258
0.29905566101326
1.46357665370979
1.73964716202631
0.765440337909368
0.716621244407091
0.802751856396142
0.830901279668987
0.326419481829667
0.9460941086578
1.17827539087675
1.3531863947133
0.855330480573595
0.709121154560809
0.714879194838278
0.870125333060557
0.948027441658505
1.03623173525568
0.923014744402297
0.828237357220426
0.817333539930066
0.319148010261623
0.583192533900144
0.933455440936154
0.363967117966053
0.986908533542122
0.731215505353539
0.68699719853124
0.192237869466942
1.2583022103443
0.685463168757399
0.536345520034091
0.929971066763496
1.35591627829504
0.834950295293176
0.966036019248973
0.947910816296595
0.348788597855657
0.742093168733832
0.800741462741748
1.14046036149072
0.711289475631032
1.21608671900861
0.649516297168503
1.19388230344179
0.840964461465609
0.434256959914183
0.282556803270859
0.982205564671502
0.222555620029809
0.428323774393318
0.610064001409357
0.450940510713966
1.14379403101385
0.908099290367195
1.03848878979134
0.835490508967262
0.877134509357883
0.701882088536266
0.858638837450776
0.315506222800265
0.963639781530749
0.903736754648937
1.33749022610998
1.12377322364633
1.010187523618
0.686255479100589
0.747231361015558
0.633132009717631
0.87787486309074
0.751234576272414
0.67638617168652
0.894086051030044
0.683544860269934
0.694787900303391
0.704746775093744
0.725777107239335
0.738070729525909
0.697610112419113
0.711236327898959
0.692735365710997
0.768176500801705
0.516823367136679
0.541390440460614
0.668796058144292
0.710247404578084
0.18605886568368
0.304310786328546
1.30806266935146
1.04447870765861
0.90155942038468
0.844427133228384
0.796013729279726
0.746843886117555
1.10633067684344
0.93790282675747
0.972454415708136
0.785642138783759
0.833752633452691
1.28072524191029
1.3135815675791
1.04015828496219
0.889553894857969
0.852524276905273
0.797661840845446
0.436023586340179
0.390193723805488
0.775989284221132
0.780917279459574
0.634538637948161
0.466605962543609
0.579413290203019
0.366083487579577
0.992991492363109
0.908276388497938
0.382409664558657
0.556262760527598
1.2267258017984
0.340235895582854
0.983436963253185
0.945905150652061
1.40834168266712
0.156230220974435
1.20860765894002
1.0023084645934
0.689257225621997
0.20296707942803
0.61983366537931
0.959973469560741
0.672225915565005
0.361349341718138
0.381810536574193
0.915019971575411
0.588982900999283
0.975878065225368
0.746625979539257
0.824722777583885
1.38760551037439
1.23924125745887
1.1043832939842
1.19911863634614
0.975386563250679
1.04610936190215
0.960527654628788
0.985983490126102
0.935067951529949
0.975715379780671
0.639435979577722
0.769444239618778
0.850938049012016
0.762021075831695
0.690016780431515
0.87846366541201
0.69519486088077
0.937531718993147
0.546162409381743
0.182493784474953
0.224683798567821
1.34538253176221
0.924218647250404
0.738627336454319
0.62446306032712
0.843378149926735
0.798850786549734
0.907041658917061
0.286417419651447
0.804584717865622
0.694391776087205
0.652207135994234
0.729619209879924
0.43069697107291
0.460167153332081
0.744374034500654
0.709405414664558
0.766812838219401
0.700589688670776
0.688182835434072
0.732175056945147
0.671651621719911
1.39260518252333
0.568082468700877
0.824262896798164
1.17159373180786
0.246216453725734
0.430724362762401
0.52085962908118
0.773243766292183
1.00548907056434
0.485522923302789
