0.9989
1.1156
0.8339
0.9182
1.0872
0.9437
0.5506
0.7809
0.4033
0.9063
1.7975
0.8633
1.9189
0.4513
1.3905
0.9339
0.5987
0.9472
3.101
0.7574
0.9777
1.3731
0.8677
1.2169
0.8747
1.4312
0.8744
0.4018
1.9024
1.0488
0.8351
1.1138
1.0138
3.3594
0.9382
1.1112
2.1609
0.8625
2.0706
0.82
1.2433
3.6886
0.8029
1.9989
1.3605
1.3637
0.8183
1.51
0.7365
1.2371
1.1231
1.9429
2.5495
0.884
2.247
0.7764
1.1325
0.6093
2.048
1.2351
0.6151
0.7785
1.3662
0.8131
0.9741
1.4095
1.0055
0.6527
0.6256
2.3569
0.8298
1.3
0.8257
0.7361
1.822
0.4757
2.0769
1.0805
0.4603
1.0452
0.7272
0.9879
2.5036
0.7989
0.7115
1.6229
0.6571
0.8197
0.9196
1.487
1.3803
1.2464
0.6875
1.3759
0.9251
1.6041
1.2019
0.8356
2.3661
2.0277
0.7676
0.8431
1.1675
2.1063
0.8577
0.7497
0.7463
2.3739
0.6798
1.4424
2.1736
0.5624
0.9212
0.9669
1.4005
2.5276
2.5396
0.7247
1.2774
2.7984
2.9353
0.5277
0.8342
1.5125
0.8412
1.3075
0.6591
1.0746
0.7625
2.0093
2.1645
1.6764
1.4653
0.8728
0.8344
0.356
1.839
3.2174
1.1407
0.8349
1.0538
2.5798
0.9294
0.9212
2.6672
1.0409
1.0959
1.1255
0.7241
2.2927
