0.787935885069806
0.856350068065327
1.03816921348706
1.07025407141333
0.298428047581026
1.15299232617892
1.39160221870033
1.53917181428673
1.68065861440309
0.140329456900724
0.163213971711442
0.273554683067916
0.857984803212291
1.30427918559418
0.902716332881615
1.80439890183497
1.84507296408236
1.71192948758586
1.12538150145672
0.859587789576123
0.803926513066667
0.691712684457338
0.946715241433092
1.03904590254278
1.63037748254174
0.869650688737057
0.539256033459245
0.910228371716122
0.410745547864919
0.605595168759313
0.775018306899054
0.917753291965742
0.671133034415438
1.15190192992096
0.885097128965881
1.69500854191302
1.87904365117321
0.864148775995778
0.76987645479908
0.796123982442693
0.776554958592495
1.36104576918494
1.28261384582109
0.278694503030404
0.856468881923501
0.467440313277173
0.057685755050387
0.630625539346914
0.499551062775219
0.758473360630086
0.317009698018141
1.06316156178008
0.911080966080152
1.2018311723419
0.628334598306674
1.28601064236206
1.19164108284013
0.860038705644158
0.321145453198863
1.21728240418772
1.44048401112369
0.809682400505318
1.12452441711763
1.52807370624731
0.302914232827591
0.955227126595395
0.620645787846993
1.74094995906783
1.66793185844275
0.38464315780414
0.673948253187655
0.713014751693015
1.10991137954892
1.10417715892484
0.481012760751623
0.850772191009105
0.855647464408307
0.75857693672544
0.726319625263773
0.496227307621647
0.911665512766531
1.05594234234192
0.805529601527067
0.96896687795536
0.813325524745076
1.25312376228413
1.2852148485745
1.81810362344614
0.102586484312625
0.369154672690435
0.798586811036135
1.88637438122577
1.25463908526456
0.891049698985371
0.785410688005646
0.827816857200928
0.575842064433707
1.08102920574971
0.753627187341373
0.302507625392083
0.965289617231238
0.824782814445056
0.873355547811881
1.11700731495933
1.28923181629168
0.863183262266513
0.239300676539963
0.321091613608803
0.368234051781913
1.29853312603227
0.795592525423638
1.0726040910026
0.0776555204407602
0.843440214375529
1.58909250786401
1.26874871666114
0.899362570976096
1.05874051260087
0.933891105396561
1.05011703906722
1.02751012219485
1.1764598364007
1.21759418749792
1.31337644488292
1.16946985553372
1.0519384278772
0.849910214752337
0.955761022058316
0.826196276000751
0.837380997962794
0.390296012617628
0.630136190794258
0.376002896988392
0.891653564898237
0.785974204473183
0.895183122237334
0.442818986688964
1.0194237684706
1.47617652649998
1.84231182618156
0.979682695427101
1.73188928734871
2.00446530564776
1.8746978860271
1.12749049734259
1.64583644086429
1.07209352422022
1.85216745404117
1.1918386832693
1.24274666515533
1.70156957164378
0.446062199817257
0.0816590045392774
-0.0436243821097432
-0.236808626902821
0.870140791387269
0.308280183534515
0.42991719513816
0.338893877532207
0.41813051386826
0.237619079010373
0.40206247110145
0.770376677165184
0.698460090191253
0.503531673184575
2.6928357360879
2.69639021870995
2.12177025869649
2.4118059147106
2.61152185719471
2.98535924135087
1.81683545686945
2.1553323488479
1.97396607246229
1.4258154869256
1.31504531993863
1.18999787971009
1.53035992174047
1.05785960929438
0.800499268551714
1.33493598924686
1.6044229274814
1.84362657087076
1.31351876929162
1.38179489591164
1.51356482715251
0.741677623736352
1.05408959021248
0.174009110542849
-0.223965763477967
-0.611774676127928
-0.454045316846145
-0.443830556222477
-0.448370827300426
-0.431044490135154
-0.389437908575455
-0.328499338396255
0.168002223470821
0.476984134211348
-0.202240345895814
0.613260228808399
-0.512939988773296
0.134952533719799
-0.50490983028851
0.263909695869624
0.904256514144967
-0.00119128920099533
0.113401198520319
0.66332682843195
0.353182216956227
0.777024128077191
0.967082313905958
1.18736460833632
0.835196830946483
0.698024503848906
1.50871711156186
1.28347894216114
1.00919436329884
0.421419497939103
0.193858953470957
0.3283234110994
1.13060117316751
1.7209599448981
1.39774700015682
1.85651257417145
2.05462377750024
1.74085260788205
2.04614172033628
1.81861701332023
1.95602179943296
1.96884383451351
1.75266901073602
2.02756376543375
0.355846979075052
0.401976604058511
0.0604863121958335
0.205521491079483
0.24059198712138
0.68039922044257
0.0713560319617982
0.326801721981032
0.146963233173333
0.306283000400104
0.676741224828448
1.14175946890821
1.10497631234677
0.559127473252263
0.265245784703632
0.945317502191481
0.92803664774116
-0.0130841197307649
-0.031217598932863
-0.171190852432864
1.49814935522761
1.12893251575988
0.961140629325884
1.2013072624778
1.12584838263536
0.903685426863299
0.978692123869411
0.843825116188466
0.620566988310506
0.10993475501303
0.00373509827165309
-0.322072472084727
-0.0773925484588466
1.44584075476376
1.47975791463342
1.18185243467527
1.2317679411239
1.04324845624006
0.591656645323518
0.387512877213385
1.90047797299754
2.3184336435306
2.18758373204498
1.29349395756454
0.896507782836953
1.53658593498363
1.36029751374022
0.949659948160191
0.998157971650417
0.793647011296672
0.955379888134107
0.763608390284213
0.890349937433613
1.34028847713524
0.902122295934996
2.16021108409011
1.17082103551917
1.07484796397271
0.910225188108356
0.649605164237348
1.56092227549215
0.153208783239071
-0.0997589603976733
0.358727255404836
-0.446522505081854
1.53352475950087
0.628738817913344
0.780841412225357
0.851651885940433
1.13864908223585
2.00126956397344
1.16336420788861
0.728926145445389
0.885426634334263
0.129746300076547
0.48521562782138
1.29173966279565
-0.102280133383601
0.525151050549615
1.02167822137176
1.47877700276823
1.2033366401444
1.06991321823203
0.0129333002241245
1.59064174777406
0.862464470816901
0.73854774899212
0.908318455744221
1.93323337848783
2.32310130345184
1.7928053608917
2.2778207467568
0.548780210518467
0.308256222630872
0.939382223536829
1.06979535836696
0.207818223229695
1.98791642861735
0.362676198286254
0.299924356069019
1.06429760850395
0.810160695886783
2.00269168140852
0.428954371094729
2.08786917531521
2.47780001478568
0.425432308084971
-0.0444096491211245
-0.0222086101601479
-0.251635276174679
0.0502984224465252
-0.453840268401174
2.13194083683809
1.75448287143727
0.627766014324613
1.9628442071948
0.0230510330072622
1.21468905334909
0.0222793742406785
1.4873137967981
0.615601091391254
1.02487238909394
1.18772024249327
0.757441500190847
0.896434335065921
0.159784105532187
1.11429901232182
0.955662227692179
0.909014642144792
0.968582166392969
1.55717041151329
2.08098293677471
2.95858711956139
0.00359256855224153
0.778543276964189
1.03407792380061
0.684850271137849
2.03535863693745
0.917613955029097
0.756261379576395
0.717881595506699
0.903511175170198
0.788566647524929
0.495602555715037
1.04685111598506
1.68687761286205
1.7015588876721
1.52185076545013
1.15431526316418
1.0299378639932
2.06438719550833
0.785112911662323
-0.0647558646544777
0.258409929315994
0.426931708577119
0.839945899298581
0.755641241190896
0.789599736157284
0.556577615377774
0.584079797140344
0.877778242443383
0.801761316231596
0.594474675862775
1.21202990988284
1.05860998722401
0.591397076885087
2.8392305837185
0.906537511964863
1.02007863141829
1.35836278059529
0.579250843852227
1.96392623521659
1.2263313051459
0.0166816610155416
0.0180529577405853
0.353152992399233
0.16912410729636
1.28195046535271
0.0132626215393349
1.03250640632056
1.09296869276319
0.875248544922217
0.658935260373251
0.88397494821271
0.468094433604211
-0.153498033883924
-0.133195434506984
0.0516662445790036
1.32220881350733
0.990181558854315
0.469658205076392
1.06509365849569
0.954279801093407
0.76024964283872
0.804338447143015
0.902874097549328
1.28197931629529
1.26781527505505
1.2017313793149
1.21712070732324
1.2702594006013
0.0630882193069194
0.44543452982622
0.881996280844485
1.20257947206707
0.346800563297272
0.725621434117454
1.22495790106659
1.92819892258705
1.92494052595148
1.8326274225649
1.43645779196677
0.911070139944044
0.971945012371426
0.577722944316827
-0.503613521931059
-0.442528127668055
-0.245494079150329
-0.0452824795685828
0.650442602549693
0.561054435892973
1.26874562660746
0.696388865658019
0.995687413293614
0.419871988182544
-0.533514510173845
-0.196476188454257
-0.620053123003013
-0.114925777234915
1.61786751861604
1.70168521151866
1.64229905827028
1.3328828142831
1.39086220550716
1.42037380995351
1.26759099724688
1.09848382560168
1.54461682157689
0.636024275572268
0.598175175612213
0.337816315004961
-0.128354992977048
0.812440188681048
1.76573146854223
0.252039082417435
2.07806073682621
2.01442402870719
1.26073544311495
0.590832621844534
0.0466628533315721
0.311427134574259
0.719661587040203
0.686903519618948
1.84305539272453
0.784878056127481
-0.00736937102841272
0.113674104276541
1.23784560995174
0.880263784744759
0.467760849631283
1.35273925632998
0.14782222874493
0.593019411054484
0.794915420626834
0.967153042599428
0.241138974986717
0.797092645335871
0.82641180145488
0.695962221038234
0.894157568695506
0.197394781990015
1.25596727372612
1.13332725878749
1.11054652799551
1.79782726159581
0.619294624891525
0.760198769233706
2.10477647148719
0.0848483462389105
0.0722141248740808
0.241744043221001
-0.146134373329177
0.761265312831339
0.517727622794656
0.0458120205813757
1.35509151939811
1.74805895154296
1.39960462278005
1.465612159219
0.907755663327968
0.187286701311488
0.595677163434083
1.40310334157584
0.525033306915927
-0.110769237896888
0.2470312908879
0.667691521426454
1.59935928713429
1.79000515066816
0.729895992520609
1.40906057637267
1.98568552112391
0.620794441696815
1.05822332007408
0.437383463854223
0.903854869094687
0.103365989906854
1.54354706807891
1.95209535747441
1.70112456382354
0.916520621741744
0.893341723041554
0.867452721783035
2.40153331650275
0.236679181483191
-0.0783983540827932
0.312748382545719
0.760613540140193
0.640017134599114
1.85202903052118
0.0742699243208963
1.52827502281796
0.166396543223007
-0.1446583143437
-0.567759545753666
0.594429440029626
0.327271359891907
0.3028455849376
0.930126335725634
1.34526002388112
-0.358440951563034
2.08619229411086
0.803295798350299
0.989724613154863
0.552517669690754
1.58864738604639
0.51197964934624
0.445351881673873
1.54970809122316
-0.254865914424857
0.816769219532965
0.830348807585264
0.859093639807369
0.702282125579066
-0.000174272721658888
1.35807025644436
0.777629113940606
0.706239144345978
0.768574714896124
-0.0284297253736667
1.21290275778
0.899277775886057
0.0661545825782231
0.983677335720152
0.761751417804354
0.4387319122649
1.2886171092407
1.39703789953324
0.625926455323054
2.28263697547625
0.200228424966953
1.12142115013134
0.66911979821547
0.916537196994881
0.487172786473471
0.313558703520328
0.0467258269871594
1.41383169227777
0.280973833267397
1.18049436128846
-0.0493208684851502
1.74036173465515
1.75297370481631
1.07453048761744
0.752878927006265
0.70230936273227
1.60009878074189
0.817060329736183
1.02942801228744
1.63640267072078
0.110389344297291
0.88428547004997
0.0668884020722817
2.25519710439315
0.729555809389145
0.0814191913620114
-0.0770534664858457
0.244975634098175
0.320864176715146
0.819466301361802
-0.136063293092047
1.99875410470901
0.890487658004687
-0.0440090012140815
0.465343991932561
0.010106818033899
-0.262561745665827
1.45241423958065
1.18446582618638
0.914982364846792
1.06814821177814
0.863841149988106
0.615822085810785
2.29876104854843
2.10479244478824
2.86253680179041
1.29609361482878
1.29468607877856
1.32731351605011
0.753558206817839
0.862170573888268
1.95263998375798
0.249748582172565
1.16462283792565
-0.170193768836926
1.05426054307404
1.83169566960831
0.465508040866656
0.4294062561046
1.34812849139423
0.228984809191713
0.100223197386939
0.307182827838368
0.448438100888031
1.73255673012936
1.45314962345057
0.544815820783697
0.684401045975027
-0.196967607877796
0.870608848422716
1.33310176569488
0.156231590884025
0.673619493858896
0.742924483120545
0.77640385580956
1.5712513363353
1.11190473456505
1.21562211207542
-0.183877837645639
1.00600783766171
2.49473865159067
1.1306350269137
1.86589860973848
1.72780743893311
0.819551112735696
0.452667731113203
0.298947069082974
1.62898232377065
2.56639083153498
1.77728349474315
1.87820839508472
1.89895653373034
0.25703311933667
1.01343204632815
-0.0997714895428358
1.83522768020666
0.374586201956928
0.553555251698514
0.369466415649523
2.19687443529231
1.16464725953401
1.89490250012008
2.12001639531888
0.927665029491381
-0.0270663653658984
-0.333392099878069
0.228960591360528
0.874499192281981
0.627381201789065
0.0111729688599692
0.419182658611974
0.258447667905931
1.1841505680677
0.26992705767371
1.22448876020395
1.2028509318334
0.818371595920881
0.820119978105741
3.29469405017183
3.10104273782562
0.612419177884919
1.22792130906222
0.158453626136041
1.59407597060134
1.28916104137899
1.95476009570906
0.536795819658211
0.0750735212743047
0.26163851423499
1.45405194008446
0.519781507770111
0.532139565366535
-0.467852911315157
0.812204618227573
0.717404962795658
0.105784461781106
0.721744872000053
0.146198347546808
1.356356603764
1.53318019464741
0.307306734688944
2.26826634371575
0.596686736617827
1.10778305135718
1.04001262195518
0.096269642174889
1.75921522901802
0.397491800240953
1.45938641165138
0.252592830365238
1.91750722984364
0.81317609686642
1.70105286813249
1.49585564064867
1.44929550399037
0.493857514917825
0.771991788914262
0.843793845679148
1.01863568609257
0.878529561858917
1.85070732152937
1.17671653706066
0.646544110798462
1.5810158950459
1.89141763112433
1.89159267253012
1.91133490442138
0.00772225410221653
2.11037696458402
0.0543905756308779
0.0679973210717937
1.70685116705356
0.498811620420674
0.558856880408333
1.48434400713484
-0.570416781923719
0.984694386293448
0.729376659082932
0.412021042210636
0.597302156546507
2.92747258320263
0.967053179267135
1.0540351725532
1.42200938374754
1.82596400040007
0.914085344365455
0.667010833419267
0.465065260970431
0.0100383205415308
0.329516517460161
0.301173239084252
1.74322867565533
-0.462771537385472
0.111884520859288
0.880223489394149
0.914891894921309
0.232858524230025
0.60163963828659
1.70609255540643
2.08440103870506
1.01721163278798
0.641478729306745
1.64655827426783
1.86297965123407
0.343878564440274
0.495282455606158
1.94079921165986
0.553029861129353
1.4858353190176
0.844113556302664
-0.00827190197655159
0.619240346396706
1.18857926477302
1.42213725315627
-0.010930389499209
0.790487753845431
0.356551176216341
1.82082230156567
1.53122263989914
1.73955035633352
1.58884642999871
-0.284332731514605
2.05987691948871
2.08259576609424
0.243938781816388
1.92007201168775
0.773667715869084
1.91503829721564
-0.0183798064357865
2.04071954889723
1.4098283493476
1.03061737970292
1.42438317221526
0.871006486665692
1.96282973025423
0.843890838513
0.592679540773922
0.65502580540222
1.9505500360173
1.80847268722056
0.370931333841513
1.16695096571717
2.01149474451499
0.774445295243666
0.921026244135608
-0.372330830692657
1.46079464375546
-0.183204937399769
-0.00501987429660419
1.96526410778587
0.778685916986624
0.230068790264968
1.07788595138745
0.708552168010706
0.0684298578166813
1.59258572416028
0.701359706202303
0.713026248096004
0.407160744485504
2.52088473621978
0.211062800668647
0.205678179733134
0.713057757523327
-0.0366508142381452
1.31780326577761
0.734752643903665
0.608691053035492
0.954082637214521
0.0210069818121555
0.74400309756314
0.0126508201233741
1.04171082739777
1.01673643799555
0.765392924972832
0.932474016722353
-0.0325256831125286
-0.145020524041725
0.867119653959531
0.469921779798064
2.01813293291665
2.85909227347583
1.1920886083898
1.19180240433262
0.594374590846962
1.06233341204789
1.55881064193468
2.1015639631266
1.13915510520077
1.32550865255775
1.13860318213004
0.832377401825927
0.714836788209958
0.928514904304659
0.278849983333967
1.13043499180356
0.70826506749539
0.332133720820871
0.820728101084095
0.0206824934841798
1.05746417249831
1.24696769020419
0.286223949055237
0.0437630552755328
1.13589464348178
0.98787526896134
0.689335220937069
1.35829848427314
1.20644313069493
1.23449731362866
1.92220021806027
0.57263139791029
0.0318338129167382
0.910679717480699
0.825770293887609
1.04219949036111
0.0174491798957863
0.991650092870902
0.146526651486284
0.989243562734722
0.748400015313146
0.82483157807959
0.561023190375419
1.82661249825537
0.0539133043557101
0.585452212103687
0.250367490784045
0.552289867927417
1.05160707570672
1.74749455568562
1.35389421134949
1.69207537114085
1.62284373462167
2.4180628610285
1.13216037891676
1.05509724775289
0.997186159159811
0.656543693394714
1.35169693411544
0.0342445696860828
2.08310121965656
0.275543998980194
1.72026229199864
2.02581646556663
0.461430009873985
0.360563994831151
2.31460021057389
1.00632340213136
0.882061152280911
-0.132173222070704
2.05238010161284
0.822069139647454
0.978425778626942
1.06012339376677
1.41809967440766
0.661031981412824
0.881461272127421
0.852559784490125
0.16648727914087
0.15760776137908
1.20433059603105
0.0167521939407557
1.03287856066723
1.49114024438814
0.717131044945879
0.483432812833015
0.838768401843773
0.964686611131401
0.85335293923365
0.196704615544704
0.295196979718073
0.186697938217128
0.875805493932645
2.03724281015545
0.407754443602758
0.840604313726991
-0.0562097276872391
1.82440875597512
0.19899391582704
1.811435129359
0.704026696419983
0.406045573461871
-0.250924903735629
0.00550074606264661
0.817689466215405
1.98991204130797
1.33435846405325
1.02420405625175
0.286149825689293
0.567907676886702
0.501408426378366
1.31327652503013
1.43646737325805
0.491834232621587
0.80875699547833
0.610576904847873
1.9407910746688
0.378203876692672
1.80488225745992
1.2518526588822
0.764840833142012
1.62011862275944
1.964074003126
0.390838311231643
1.8068623285658
0.677934355154868
-0.603399667762313
0.812392006588286
2.02672631858658
1.96830751304947
0.317552806426166
0.954385892480154
2.35070062102243
1.64922429948559
-0.203782223400101
0.00544466904903883
1.07966522911916
0.935099870230925
0.239034947731818
-0.243920688667272
1.83112661101334
1.64707362877646
0.966526172702469
1.10533010343805
1.36899795599195
-0.144781423402889
-0.251614837669653
1.37725639836956
0.211259981435107
0.0767491293132822
0.145983558091906
0.603993680233523
-0.33545902604802
0.773961890264939
1.08576458702187
1.21534963538542
2.07617772816862
0.9504629319178
0.844303765525751
2.1729986169056
-0.339530200016244
1.09910352990333
1.08839884442962
0.605059123042893
0.624774516411532
1.3208221611488
0.354054489103069
0.0196193786079897
0.543494742713277
0.888004965830133
1.67826740760307
1.40505057505993
0.247775334939368
0.0777892626837451
-0.0863786719365982
0.284685690059855
1.60474924329777
1.99869571670799
0.833690648995905
0.860382219374618
0.968249461428592
0.990352924753387
0.668107764688396
1.34022934263661
1.58153917364073
1.71450512388243
1.15456446072675
0.729157183415641
0.718454585009205
0.973408562712243
1.04905027715889
1.17578825712808
1.02526081567993
0.860327282878596
0.865581015210808
0.770653242500921
0.781921060240611
0.979618824523728
0.368240969250329
1.19228155569682
0.779621164159028
0.855201416296093
0.458214945684632
1.48013169549202
1.23203320182453
0.436809891284737
1.21147648827038
1.6408237314202
0.814408373929748
0.858387957567883
0.948542514386184
0.58834186262441
0.957298323436447
0.931986713918831
1.68157425496195
0.885756104312201
1.43266194963987
0.827158337062932
1.86322694082215
0.845395290722118
0.310073400035715
0.518017464308652
1.0802447985882
0.565654686726568
0.850903224338548
0.603917780304558
0.992521329885461
1.1905637622617
1.01819812157321
1.19429951315925
1.00011537549176
0.995562475410045
0.826905489693278
0.929790036501028
0.710988280774391
1.23898957412861
1.04764548040899
1.64843659284785
1.28674313894535
1.12465894999067
0.673226654823157
1.14999915821905
0.725613407506606
0.930216595676216
0.778628550245071
1.14434799984111
1.02975556743035
0.892223565759083
0.858661052869541
0.874925257868054
0.844664406923201
0.897190192543827
0.892253838101163
0.879227338172203
0.863904238201162
1.04532837509092
0.726809664978227
0.75907881863892
0.717580738623103
0.719008667787288
0.402119710958308
0.626745635838779
1.5417892399568
1.13458668090589
0.885946416417441
0.86069415253817
0.834669086090079
0.852017227101616
1.22921654914365
1.45167888384412
1.44470434507071
0.986364184604948
0.994784112045
1.87629590035478
1.84151044470676
1.40035069765073
0.816193653213718
0.866908537649734
0.833120095414049
0.704490384822355
0.682791664099645
0.827201798982573
0.803468087729532
0.608934738590855
0.329561742005933
0.498972573615818
0.884128004886601
1.0750834931555
0.908814899308577
0.815731383403402
0.528973583679225
1.32145560851736
0.210166154971955
1.25879192357278
1.26860439333036
1.73545910423688
0.447846423271082
1.45357004118371
1.16360523719658
0.813181628185755
0.602640328382253
0.784093813592499
0.828703268018945
0.855716038820827
0.608945859142564
0.595844334499592
1.16218980613512
1.14390058559029
0.997510026573089
0.884794726860239
0.964313620021297
1.72776762295137
1.4948397538103
1.26827409364478
1.42425265779754
1.13356750404229
1.20273794302005
1.06137594859957
1.09667402050826
1.03102049386954
1.02001890449603
0.601800723065673
0.950455187630673
1.00090143985555
0.865351143744083
0.901336387948397
0.861194324033007
0.783164652361257
0.905124213195291
0.738221947732124
0.383516632379387
0.400684910990379
1.57546082462421
1.23904578921532
0.967939147010019
0.680325436937908
0.807370764559047
1.29620467344937
1.07801556471583
0.646930467713898
1.03905617070123
0.874666173808554
0.844045225043044
0.908865262561111
0.668149521944525
0.718560705301236
0.863278361671324
0.871795857480779
0.840827057969816
0.847901743379606
0.861368392379403
0.879717682256786
0.682082392339859
1.65581012742351
0.546954392755906
0.992116491061906
1.66458561619805
0.228655413360629
0.553468388166861
0.692837425720795
1.13866904263152
1.24217689840021
0.375032651222332
