0.793393902617762
0.79215020336148
1.06672315485891
1.09977934019158
0.274278367051759
1.14902498484969
1.34707007329334
1.46694132594226
1.58919649526345
0.187267787339852
0.387979397760553
0.492827320540182
0.975320317363222
1.2989174602755
0.854949559013624
1.70006839952039
1.71060460308567
1.46486296415998
0.975426408861515
0.809215619285395
0.789623128069799
0.701285418064924
0.965750314441074
1.06819977830515
1.55801010550607
0.842529099795879
0.526759845362072
0.871658021116063
0.338490626266668
0.607841199586688
0.772461653573812
0.842614454660252
0.834838095153877
1.15982258385381
0.898959226730453
1.65577550865444
1.67662378350543
0.849194542831697
0.741205841279249
0.81095012661594
0.813136430216372
1.25629585325167
1.34648936862628
0.223340183597819
0.911129259344334
0.66269356638832
0.233460103274334
0.636625567397412
0.485158267277943
0.741426903921248
0.245918484078169
1.03830823258703
0.940945033732888
1.21962581319282
0.575319818688679
1.35431765463886
1.23298195152864
0.950896366741878
0.285713849304849
1.14501491922204
1.21716416976292
0.946618517138816
1.04282266697269
1.42946985355412
0.288063074550086
0.863320641674299
0.618467373747805
1.67922028972931
1.62120765948915
0.366993464506501
0.684103408243779
0.733290038391602
1.13374598311822
1.10885798427094
0.464782262333705
0.887061283680073
0.928912530337877
0.74566265454508
0.689334771840732
0.431141326444109
0.851662859092659
1.06348695726205
0.759248032883561
0.991563061275702
0.819235306297364
1.30573111808287
1.35813679007151
1.58775278717487
0.311771454956704
0.577332350150016
0.769556854562998
1.71523891683516
1.23067243022691
0.81669206161634
0.79928634335657
0.828080169744209
0.755100198379988
1.09128580415345
0.902683234748693
0.239298430780435
0.991818366039876
0.794045377037817
0.911865978857731
1.15078665017932
1.32665743534529
0.967742603059401
0.209268598564429
0.276130877934131
0.293526088552107
1.24486180677036
0.774759779823154
1.00991618860745
0.196214621234636
0.969632173503499
1.34387369776144
1.08132758203421
0.890675119080215
1.041646633655
0.945470180808767
1.04127401609027
0.982460597450995
1.18147271575082
1.16977473205104
1.23870286175615
1.11520962534676
1.02317242063673
0.884710128932562
0.921938840069776
0.887837065708247
0.88627603478386
0.406188286843903
0.576938690597482
0.452010358860388
0.782408753288845
0.810310428719414
0.824955225794805
0.554554360390288
0.986296902479582
1.55502726378145
1.89061707916307
0.99136064110772
1.67887754192007
1.96903378880569
1.76324859407564
1.24674436406265
1.74856047346116
1.05591138939025
1.81994020471007
1.17195363611008
1.20379023318189
1.67277194417609
0.422823025918789
0.159754337696773
-0.0406776089302307
-0.178310580004731
0.823511099118542
0.426179555579788
0.486701855070922
0.289598891076196
0.479367465510186
0.247041589473379
0.401657348857373
0.687078784626945
0.66554326270346
0.559947906151914
2.64712561897688
2.61369069228289
2.13666706031473
2.40357311497658
2.54444450388112
2.92695237257635
1.82564266288004
2.10306262401524
1.9281502371445
1.39988653381344
1.34941725349313
1.1686019682237
1.47632395583808
1.05947572133196
0.84344585149001
1.32983299667606
1.64384645701603
1.81540254971229
1.31636251821559
1.3555095702623
1.4507517470214
0.762978216323726
1.06038096656905
0.135229195741423
-0.211931771128907
-0.595132661477419
-0.485472514884973
-0.431711302178675
-0.492823735451513
-0.401685992394322
-0.353113519603674
-0.271440296349425
0.226611584524965
0.395857546535419
-0.215069795477111
0.610199660859966
-0.518523097705135
0.226924821765016
-0.406145963923365
0.408517841976904
0.929836441911094
0.0814435564878384
0.181778087055758
0.572556134171922
0.335236586663574
0.777364417666936
0.964016502947036
1.20197933194353
0.865892990211939
0.726214123312645
1.52740460096772
1.31144328941009
0.963014237300375
0.442412501148859
0.251736612460699
0.453744658839405
1.04767894309222
1.50752851491473
1.40171901255603
1.76110906562756
1.95858872858836
1.76169944775102
2.01924760451401
1.84266169755209
2.00709528785772
2.03687697281209
1.79560163219631
1.91890941214138
0.419780364101125
0.349231051001388
0.0685660374550465
0.211347503184308
0.2261434898908
0.655758576429837
0.165719704861438
0.282215538452396
0.188519036559272
0.27854999659528
0.643729331492191
1.08294635840403
1.09415140394281
0.58354360414129
0.367157370781152
0.938577774483069
0.904185056880066
-0.0765664409574163
-0.0330543260578477
-0.138068010093501
1.44549936469312
1.11196810530333
1.01402313750411
1.16722168058211
1.11324863575743
0.940244004287248
0.909601394848611
0.818002545443874
0.597845910721482
0.0747196233113908
0.0398444160637097
-0.293792401879156
-0.123625347555455
1.43478662745488
1.38131050907294
1.15336539837534
1.26781378414444
1.05145629555178
0.732799754165437
0.532919831941389
1.93433385426787
2.36292483232265
2.22813624317254
1.22223673697486
0.908100159467461
1.49404891728954
1.32451864720242
0.894321824116363
0.968362177724004
0.78186875670824
0.904831292985122
0.75653897064068
0.886207656981584
1.39316362341563
0.92039643758391
2.08392813980669
1.13935499732224
1.01171014120655
0.863258074039667
0.712043782994325
1.57457262950469
0.225214638406044
-0.121980476072306
0.449042110625738
-0.473906266128613
1.55720659469675
0.595302275997028
0.761191046909661
0.756810528978034
1.09786013829406
1.89628600303138
1.13996528976494
0.729287665188212
0.98767345033849
0.0258093422701932
0.515880054679988
1.21853440543325
-0.0989542553695656
0.58021763201096
0.926058160210971
1.42399390021251
1.17584445301598
1.07691284098747
0.0321815802028902
1.59712789589464
0.849595884913793
0.696644533411487
0.953620614792058
1.81933673221363
2.30590620761048
1.7829568796596
2.22747131466556
0.562107194446811
0.325663884670124
0.935897695715857
1.06691087446152
0.263463392184086
1.76765518821255
0.39416639549768
0.332318511344519
1.07066769677226
0.829535398500616
1.94620694406603
0.426170908451301
2.10014715929392
2.4309380511299
0.425031768367896
-0.0106198215325673
-0.0560089215392656
-0.211065063172765
0.0581861818846774
-0.3659269815787
2.11305776709505
1.83935361387508
0.62272119353779
1.96157542165189
0.0780415126541512
1.22959964083039
0.0890851289413136
1.53068058621008
0.634072504527824
1.07917892928378
1.17058760863087
0.739868039778786
0.870526435666687
0.383777542744912
1.14244020741753
0.970022973620584
0.935577759762609
0.995796430228995
1.56947731243363
2.1051232105058
2.92459186543881
-0.0276247287267773
0.79354288275666
1.03617856914792
0.710753519761112
1.86120506605069
1.01413202311879
0.721582004895305
0.742213073890817
0.930527259873346
0.832528504319131
0.528940541513996
0.987815686256169
1.55683839361571
1.62613817373151
1.52185130579926
1.1671473755623
1.0268134591295
2.06669353408203
0.788816806898385
0.145015678782139
0.183020929548414
0.616642632628094
0.924757806018933
0.78510020500305
0.811127727540095
0.647150796218318
0.56143725547624
0.853163613056229
0.81888750479494
0.537267798070881
1.19713044620718
1.00405631673444
0.623005677192549
2.73658260884673
1.02874110475389
1.11752478164256
1.36502054234605
0.613235248692443
1.93584913310753
1.22808597320983
-0.0480952005945534
-0.0122371647149909
0.268076586875095
0.0757867117177167
1.24894826745078
-0.0357474245747392
1.01566872711235
1.08759453692667
0.921359123579865
0.653999221346575
0.891264237378165
0.477371792504878
-0.144036906214753
-0.111613424068036
0.0712708262892849
1.26693466768776
0.940801161795599
0.402800195566165
1.05101366159701
0.856701878269561
0.787443763665902
0.775627589039319
0.932472947292559
1.21709622658777
1.19415689439171
1.16364855439192
1.25503969711939
1.2300947143209
0.0385904264642083
0.422482062943231
0.842141960763178
1.24979208827912
0.401586280402677
0.694911894814448
1.25378882522235
1.94687631002379
1.89909104691131
1.82960285639697
1.45836492829702
0.907259321708414
0.987884023825997
0.62001203966821
-0.479285472291157
-0.420360969559648
-0.282087441080279
-0.0270345125279455
0.5789631841604
0.490860827874703
1.23042610190445
0.697656379536706
0.911620693083859
0.43271370377186
-0.550538219631791
-0.296836085008327
-0.571673844412685
-0.20133847024705
1.66766076268487
1.6795070706188
1.61899788888409
1.42561165369776
1.42978890814204
1.34510111451134
1.26140497228491
1.11667049219523
1.52138932123466
0.65990725921969
0.717841281686536
0.355256801971813
-0.112265874856982
0.873813556497025
1.75036330797316
0.229065658419066
2.11534179912182
1.9696973813055
1.29595334763123
0.59660995204737
0.0315319531440634
0.304071334205255
0.67382237278896
0.705683374125973
1.77302493844053
0.793384196230731
0.0215265268350325
0.0560203484143886
1.12718744354221
0.82849128013183
0.499354613631812
1.26206962619545
0.132178035476753
0.606715817023932
0.806371441593878
1.04969731442292
0.236774734132477
0.776985489239147
0.844782318033584
0.852768466837934
0.902007386175143
0.136894891374528
1.34169620896143
1.15654716032719
1.12261075327352
1.72107432864802
0.616153851279233
0.73908192080985
2.11799317700047
0.16500681922984
-0.0320309006643807
0.150757412484263
-0.126565958298587
0.714142510440132
0.493524945845491
-0.06306997734631
1.41763681327474
1.49033961249147
1.44113730629316
1.43263135507559
1.00129440733217
0.302971609016557
0.572711805068183
1.40509407762015
0.669782104844595
-0.162112513472633
0.214144202936155
0.725504844342425
1.61912320964636
1.76942856546503
0.690415574482645
1.1983157366752
1.93209304582588
0.566460813301669
0.974819980557613
0.362156066930519
0.898003985205716
0.101612182836678
1.42024739381208
1.93403167153673
1.60471479103543
1.03484139378951
0.937590958481417
0.861177797094483
2.35211124580953
0.197396360451247
0.00552461349055658
0.22898090179217
0.738833544340135
0.612406736453387
1.8525846537733
0.0643725827745014
1.44266263199083
0.0868265205543403
-0.126180949175994
-0.479030128088134
0.611853422772276
0.289086639236235
0.301367553391479
0.845595245827339
1.30346642057853
-0.341508700461441
2.03594880063414
0.743510340088544
0.887755805667525
0.574896023888985
1.52658064320768
0.482317458372096
0.503738648488058
1.49932147714963
-0.305039821591735
0.782051064354237
0.886465446014224
0.938566170487775
0.70293168039546
-0.0444289001865735
1.31482714754801
0.782085102471065
0.701033770385708
0.726179652471651
-0.0926961512965327
1.26953920356319
0.848521867137836
0.0548642569743789
0.946938134486008
0.774821096371563
0.42231392498099
1.38957977462568
1.32560898595369
0.620845765425393
2.28339416950248
0.154955886424019
1.15345543499321
0.761306911915964
0.876390785308915
0.519356330429476
0.382108109767683
0.0676851597960327
1.371027409501
0.312626218641623
1.25137122764981
-0.0107338381817461
1.73372534467955
1.78936331225895
1.16181363281437
0.821196210640155
0.714648833661976
1.64053870004733
0.888528470109141
1.02296972719501
1.60759887549009
0.0577631983047853
0.84743316197024
-0.0127544381864739
2.36476193197492
0.677914640768075
0.0700033226281392
-0.0931830938575208
0.161486269294603
0.353643368213292
0.871410284050125
-0.0948149228343345
2.05203980670023
0.893495407157488
-0.150900163977216
0.440530740394128
0.0298377672371006
-0.208781255855123
1.40842197890934
1.10640393271758
1.02342352069208
1.07541955980754
0.848736795088575
0.587356569755465
2.23158994430277
1.96054619266301
2.74946440266936
1.33137582539574
1.38420183606543
1.40118102891621
0.810229746084543
0.904395395035569
1.73444071081459
0.275777352270103
1.05035289987643
-0.135957903122852
1.05550593684384
1.83287255255687
0.449129356614238
0.501111627377205
1.2452414283692
0.131988048441257
0.0217302843122678
0.233099899808281
0.412019995786071
1.67543203304239
1.44847406493184
0.584469514461323
0.649693215676115
-0.271003183337978
0.877214390751163
1.39670943094103
0.156475540755911
0.660633254486088
0.71700166541692
0.802135316459448
1.62144066131083
1.14563441588595
1.26898061724099
-0.107271975865594
0.989066054607451
2.40524250855586
1.18074914792726
1.76821481123542
1.60734622036341
0.83157472193396
0.428099499758711
0.297694955126705
1.65064120460667
2.52047332919327
1.81001572409925
1.8424701906559
1.93503976379793
0.261273811886533
1.00941858528221
-0.0421855414739827
1.77131243807369
0.462051501941238
0.553229856605297
0.376772890499973
2.16620196084164
1.0107021430863
1.84799471336686
2.09225542933965
0.829692550794719
0.0152263421491504
-0.321932342422502
0.312398951872831
0.889308291409698
0.630334551439416
0.000253059165666363
0.387006093487988
0.239906511485102
1.21274524303147
0.345477391182069
1.25329391623975
1.17773951498627
0.716789900163073
0.748588114378885
3.16905320635449
3.04222331910495
0.626914220363895
1.23075091769178
0.184187036580961
1.59617628101788
1.33497404720565
1.99508288313882
0.720253903384121
0.0883025869110103
0.239425351218447
1.33233680372836
0.503507268800595
0.559881020413286
-0.482404438651393
0.791411344902522
0.747070588546502
0.126662103581022
0.727816429528511
0.153266431003297
1.33845405022365
1.43838106300834
0.213806382018099
2.30231676707393
0.61817163279942
1.18171976239507
1.06705950530206
0.137812561923996
1.72571947124219
0.435980477005915
1.51937413155455
0.397620957801864
1.89008262845985
0.827418799092869
1.69874005511302
1.49218958060234
1.48559637445693
0.465658677883373
0.92006185563978
0.978792016055269
1.10700334476129
0.877256538136148
1.6051736897468
1.1750855550805
0.588877418038944
1.5405853856377
1.91897956165624
1.94267800703069
1.83274396538949
-0.0297198524657071
2.09543293057449
0.0549754124260367
0.154047209385697
1.65231396881599
0.527932546891342
0.546627065787178
1.3503918477652
-0.511317158254913
1.00301732525993
0.716748858899268
0.418553931953115
0.620676821980852
2.90173714416739
0.979080226863844
1.06620576441413
1.39005908533988
1.81905970298151
0.959075799670757
0.816190546723639
0.426406259079366
-0.0199425700730583
0.360028899159524
0.348838066116138
1.78864069230796
-0.431975031907776
0.0857727414047823
0.818289023237593
1.01231637819217
0.318203830088308
0.629876811826996
1.69102905296031
2.00385283237664
1.01148334131432
0.646425909868881
1.64124217497424
1.89111667989675
0.40524258696068
0.521828640471384
1.89658793660472
0.474948875963548
1.39540015901867
0.804256516799945
0.0309542306013383
0.599461999631211
1.21448026418009
1.41964700108434
-0.0508749519173007
0.789244429715392
0.418354085382027
1.83719115579133
1.48916276627831
1.70895375814605
1.5415821784334
-0.306785730262038
1.89718411223081
2.07809894333746
0.316478569075167
1.71305289673794
0.759246049959753
1.8393091372045
-0.0160264018873169
1.99207846263712
1.40772116767581
1.05594379801398
1.47873709662714
0.900302249171111
1.80863638159086
0.849069227390316
0.659875155220506
0.692801267240681
1.9227147501624
1.80025887957478
0.299509999472159
1.16516615254468
1.98008576949018
0.802175153879069
0.966753198730883
-0.308764848978887
1.42544713603675
-0.138419674474272
0.0253144362592877
1.91801269133382
0.77915649273569
0.270070847043903
1.09724848512756
0.70180879274938
0.159628215505067
1.52982292116456
0.690504347890071
0.685760333230767
0.397056027336681
2.50444542141143
0.193296267818204
0.198615335164498
0.669047232180704
-0.0311188042386
1.31378267209416
0.66907387404894
0.577959182706671
1.06825108711552
-0.0785368101601203
0.784079016374156
0.0476270275302101
1.03032178924157
0.983646017822709
0.770152601621926
1.01035350025573
-0.0165075568459142
-0.155413436556023
0.796118646110756
0.537634927795711
2.02415798271655
2.85859160094596
1.11913214530796
1.20678949662497
0.610833969807798
1.06545318492633
1.3172850881351
2.07628207370291
1.10556263865243
1.30592673718466
1.16423171361469
0.825774392830584
0.724123595108033
0.815613608491621
0.330545470856722
1.11474224711923
0.690900534924679
0.250242133683609
0.756589114815452
0.0272388576744433
1.03919628863497
1.12943208158933
0.282178108650697
0.091063111960384
1.17369277104493
1.03748228238607
0.821548260525278
1.34757495724872
1.19295930513694
1.17629305364657
1.87433988364811
0.577066335511281
0.0459532498588095
0.93525400579668
0.9182269537349
1.09381196552296
0.0037260605000082
0.873794865864649
0.0604737228300182
0.999477268246645
0.741895465254313
0.821251617733277
0.568964314228249
1.91591050648756
-0.033303559995881
0.579610225336601
0.211479354244696
0.536610439240562
1.08842339915839
1.75000314893422
1.36462645013765
1.57293229006881
1.61596383793421
2.37951471814992
1.12895203512573
1.05073301475161
1.02537965415258
0.601853556239611
1.32501423552724
0.265595242463222
1.97056514281207
0.492837900087602
1.69387275779476
1.88988732192006
0.450942362640486
0.324369469736507
2.26308278987176
0.992654576556802
0.795534993196414
-0.104578978377128
1.99311146406724
0.794427977942738
1.07079896213682
1.05193569508794
1.38499888695276
0.827151228936378
0.857924595221211
0.980134101576497
0.150841133103454
0.188174445446004
1.20454235840607
0.0756587583726665
1.05610856928095
1.51407650992103
0.703577731408945
0.486127609253715
0.832434631370414
0.873471533521798
0.806772953595416
0.122389696280589
0.24356913520352
0.14287342911707
0.887970986590733
1.84322513484093
0.468632646104555
0.798637678848558
0.113419041988724
1.82306923702453
0.140293036610326
1.77554057286352
0.715205241352054
0.607783145676765
-0.188011395237734
0.0215837229186497
0.786386080382278
1.91363978988599
1.30234558838406
1.03684622000884
0.254550544366841
0.602631996703072
0.498238754993321
1.25797737038484
1.43352026898642
0.460708033876333
0.811534198053657
0.623687405608867
1.950002572431
0.300520587986518
1.89052523792947
1.14953020482995
0.809197209327796
1.60001022830227
1.90850601510756
0.374477655690666
1.80408804442628
0.674595497058565
-0.529729790221353
0.813724796714386
1.88640863110475
1.77472548961631
0.383991200779842
0.968122836637233
2.282403187028
1.59908480341284
-0.202393976428213
-0.0293614071599516
1.06964148282514
0.851590109826181
0.174909490337439
-0.328655254720322
1.84004067706549
1.58640712717534
0.891546017746535
1.01956994893804
1.2539867642144
-0.14884006792781
-0.193858127550979
1.31485735110254
0.196365182141256
0.0720521761106505
0.118267199996271
0.629660418382471
-0.327915684348872
0.807156500186122
1.11101572000363
1.22623887182942
2.06772034717918
0.994432937693661
0.849990636176392
2.2034907908527
-0.415515356718354
1.16695268998181
1.05691766996545
0.614418643807437
0.618324023351682
1.37444081401469
0.32522760909696
-0.0146333360052266
0.568764323021388
0.98774658071828
1.57138950438146
1.22333559346766
0.235430286587462
0.284747254893745
-0.152152849182077
0.477425492835495
1.36887400940057
1.85917112534331
0.814165006968335
0.841264609328981
0.968380088644927
1.00443047629987
0.633563388890112
1.34706781029318
1.56202466374203
1.6753862112281
1.13141598693709
0.799622502368904
0.795368849863788
0.984079074560919
1.0187381727792
1.10136098531261
0.92904767730227
0.82242639907134
0.907827510601037
0.73440403693145
0.78316369990179
0.928990790400842
0.476474227789142
1.24299129642486
0.900547438832977
0.822295880885932
0.406109378978949
1.26551724736074
1.23893876757635
0.623560153950056
1.18389051597841
1.5289976923877
0.811189573220553
0.812174476167527
0.992320930161587
0.571451448581488
0.98410201542857
0.94269728488584
1.65380275678579
0.841063774765302
1.37014579882885
0.844961533620166
1.75126951585089
0.92702592595234
0.488165057602331
0.484205243504687
1.12494079740292
0.509172066292635
0.835535571158687
0.766764326355364
0.993316873075418
1.01823643971399
0.97597086939007
1.1285183619954
1.02591072474014
0.976059501555607
0.869252255151991
0.956324910076814
0.677784646773968
1.2588499412633
1.05571465765911
1.4820891948269
1.19800472502954
1.00293647225787
0.773675072136151
1.15889085887737
0.80166711371326
0.973478644088897
0.838861931842977
1.14745045711076
1.00294720680342
0.840337878061955
0.842217593615684
0.849239927506138
0.840188108151761
0.889415901286377
0.918457317814564
0.893515263994199
0.881617187442857
1.07088538178437
0.731351419804526
0.756006636421375
0.859418910789278
0.824413765785185
0.359480644619353
0.583305136659269
1.47401861686576
1.09643744085136
0.944213389622939
0.922083162511102
0.82546555442715
0.832972313422765
1.18264921255088
1.42912909285138
1.44701439961477
1.0152286420531
1.01423276003522
1.83228242699533
1.79752028196063
1.36653388672094
0.80170014508398
0.826337027903295
0.814680109119954
0.684243554707048
0.655799877302637
0.935974460372414
0.897985986786667
0.727206645507914
0.52729507912917
0.654046534804417
0.867889192867934
1.0101124766605
0.874343896951197
0.781838102956926
0.709997287446503
1.12084548374963
0.385801997100181
1.3026236710063
1.25058206208691
1.58645708623005
0.387398759368836
1.37691506252955
1.21193976132136
0.790182915397642
0.548544933480461
0.811478856351568
0.799549766995049
0.808950590998496
0.599781162963194
0.576480483667
1.11142418780434
1.15654732363321
1.03424174807095
0.845604126705071
0.985076830133971
1.5224669657397
1.31378945235197
1.10542160629451
1.29323861069312
1.03346004337771
1.09479254983966
1.01186855921547
1.05709185969034
1.07225007513478
0.914097954599886
0.736000209744541
0.974893576462233
1.00890137786303
0.871410025830634
0.838935576046061
0.929551901039442
0.916208197793164
0.947878195699638
0.749444489382222
0.338786246412966
0.36731919746835
1.52179581602754
1.2385467668161
0.98880342213917
0.836451379653057
0.812565523219299
1.28393505892398
1.05716528693041
0.609727080701659
1.06373042967735
0.897704455850463
0.854386029132952
0.932915089767986
0.661191607168313
0.700982984361387
0.835773742421741
0.839987590673191
0.825087548856811
0.829906111361665
0.838697627978611
0.874110549676257
0.812529461529072
1.57138438981309
0.67457079595569
1.02004958844668
1.61969712363486
0.327122575946725
0.611979313688602
0.753625571083703
1.12745895456946
1.3042168729036
0.578166133341706
