0.761751495601708
0.660124787506747
1.0259804917802
1.04409735977944
0.28825903469221
1.11305484777294
1.33314658699443
1.41548079553321
1.49217772848499
0.2035500865947
0.49643344767378
0.614791240945462
1.05743659722737
1.25935738032403
0.898442207411648
1.60560118280337
1.59052964588455
1.33607902347702
0.961702766996447
0.802571913686052
0.769534202725228
0.672682777680937
0.901946674015164
1.14490794011868
1.52466066999152
0.750097102103088
0.494472976282127
0.843034803082123
0.347823975745883
0.570748768728607
0.718142459071616
0.710417448647984
0.953270834975506
1.06361905472211
0.863352080702733
1.62324131777777
1.51882178766431
0.820897751009345
0.646428234737416
0.759036292714088
0.790233160164265
1.23904736033234
1.370153002865
0.235090741265543
0.989941465786557
0.792250738741762
0.305957298426998
0.614569900786005
0.481388895765931
0.773573010409831
0.255196122134629
0.984367920889857
1.02543025934551
1.16454034243273
0.57786063281277
1.35535079138591
1.28554725035875
1.02379230729139
0.30360103833479
1.07401740955112
1.14864494022341
1.04519093113056
1.05727359119276
1.39667459705078
0.260822331363909
0.860857210439465
0.588638726664576
1.62430616475907
1.59086094955028
0.374554528113105
0.664258172054557
0.704688535784749
1.05524059992111
1.01306988788166
0.440946738055939
0.850408445349902
1.00373072328841
0.672956517673872
0.679865843502444
0.438121636634273
0.734200939873723
1.01781777014887
0.642774218513844
0.956941026915431
0.777717077459889
1.34319439313355
1.37189602462765
1.43669105232117
0.40536216839489
0.704355475825186
0.8162012287232
1.56878899788288
1.21917669639542
0.680031912550246
0.760018974582869
0.757426253508108
0.881439504839117
1.04159714693966
1.01220133494352
0.249393726179893
1.07556194951378
0.781393508811379
0.99508935809783
1.21874930416105
1.3111052992213
1.04370442266283
0.225098145201744
0.290955088226499
0.303923725937367
1.17990259339933
0.780331779421354
0.951460388218626
0.243980747464328
1.05916019102856
1.24403926411133
1.04638861852556
0.923577479496379
1.01939410606479
0.935724227184449
1.01211694397669
0.9369064704365
1.11526620299514
1.08614112765336
1.12942158344312
1.05303091578198
1.00068988873141
0.933278626336568
0.905152569454725
0.918018920283244
0.937859296046728
0.457314007552319
0.502224560967365
0.503158634063178
0.651515669352016
0.827923300468477
0.752050172973597
0.627324821169512
0.992507316771123
1.60931033448736
1.95636348421837
1.02940151797874
1.63110873028544
1.90192341801194
1.6576728086646
1.2689080618166
1.8021381432299
1.07555223942541
1.81030961255185
1.12744488306161
1.18519833417597
1.66104636320457
0.383343020973154
0.186575231100131
-0.0532249534463365
-0.114307391485931
0.791701635613136
0.496115485241933
0.522852340992695
0.244981731833285
0.448516964893988
0.238030603260959
0.417836843066039
0.626770962525309
0.635989621315313
0.60169453753344
2.61926143212036
2.57711301339145
2.13888249283152
2.38282791641985
2.48496645543232
2.85992521607369
1.86350378778384
2.06146569180181
1.89350110082084
1.37510918336449
1.39130930074248
1.16794990390758
1.42858977817707
1.04420161297491
0.880848025820005
1.28767109628791
1.63696627318567
1.80807265844082
1.30650574289125
1.32063904020968
1.42167517064643
0.79398545826496
1.06871758124642
0.129859272830169
-0.179175795694513
-0.551133345729375
-0.46493234712227
-0.394387867864789
-0.493959439283697
-0.355557663555211
-0.342576119011306
-0.220082219021704
0.242064585813658
0.320471474865299
-0.243756692302299
0.574035880363223
-0.488855220046051
0.324250075545774
-0.307163490208462
0.469603709390101
0.945024745711116
0.187289721649921
0.212154368338557
0.510221345971135
0.350621677645549
0.776016618246805
0.948683436505289
1.17493624579557
0.886116385566634
0.742374550867832
1.48159177225893
1.26473076626732
0.928660556718926
0.48200287543183
0.325658157677876
0.53739717173299
0.995372675709086
1.40301177199361
1.41996152161789
1.63719384324712
1.79236500549494
1.72018563702526
1.92167021773724
1.88342841304247
2.09578070788502
2.1040508679153
1.84039117228612
1.80396986919157
0.499841154762204
0.327173050085882
0.0532205180438972
0.250749264398335
0.237034744130361
0.707580518996101
0.264278551752949
0.254120991094595
0.255848845780251
0.254602501743258
0.615468795542849
1.03074847721928
1.0841608808989
0.64427168701662
0.489804129136513
0.939676453340248
0.890410764026084
-0.10147235117922
-0.018507157235984
-0.139986465814443
1.38791453123025
1.07238945611513
1.05471570964063
1.1303869502333
1.10773876262142
0.938678702555494
0.858948174740694
0.794784196844922
0.570729930146704
0.0614466242013403
0.0537281883133272
-0.27350053595854
-0.145610018757146
1.36282788288691
1.26276394134235
1.07106417896867
1.25989109692615
1.01025609985359
0.755619074239392
0.620575671638287
1.97499577697234
2.35697960007985
2.26340031944257
1.15870158329321
0.914199082545785
1.43296085636578
1.29598335882211
0.805080164967309
0.951386141370843
0.768999964779983
0.89132682487943
0.773234108782885
0.904242628935191
1.4489124249487
0.981959971197017
2.02150396623153
1.08265479455767
0.975323663421611
0.855641277325902
0.750965354137014
1.55997705237619
0.275969769180343
-0.133408813946188
0.504928030919579
-0.450632320267223
1.61037879558467
0.601626853274779
0.749158333762618
0.606872982171514
1.07534375042764
1.79969064696629
1.07664907789109
0.732178639500632
1.03272781125444
-0.0106469514747491
0.552729342383822
1.18323872780854
-0.107216867965857
0.584672266649667
0.948934170708883
1.39407090778639
1.07533751259732
1.09243553572133
0.0503292934762948
1.57363957685393
0.834956515955547
0.675745682469713
0.963588395378098
1.70729912383229
2.28584514918344
1.76232165059645
2.1868848201686
0.564416589267659
0.363859129655924
0.927611710939085
1.06259353529012
0.324864114896958
1.58631827400505
0.420699115679573
0.353886966562637
1.10045976516992
0.816122939161508
1.91262224828893
0.444335661070912
2.0951940965417
2.36391886351031
0.382600122458851
0.019293306286833
-0.0557188564300079
-0.165518594400869
0.0937090557877929
-0.305606987740072
2.10383333676537
1.87089760045537
0.622573464266665
1.93911850243525
0.162636556627554
1.17728144177744
0.182157028526599
1.56254897390045
0.612787543221094
1.17186148096547
1.1683120720879
0.817643104777377
0.903372489513437
0.498976269881501
1.08924470803238
0.935413255174615
0.965158894452539
0.992118068841011
1.58928693634436
2.09487776459831
2.83052970158814
-0.0604309818299596
0.81887967971333
0.996964855909026
0.694347073972457
1.68992200327888
1.05455687325403
0.693854331981196
0.765603503553876
0.953594962230568
0.837055890135204
0.538924945381219
0.963984664453378
1.49233271527702
1.60152454219129
1.50546376944898
1.18077695836654
1.02530653968366
2.06969587779644
0.776952909887009
0.233945834468912
0.124276160111482
0.72604783338009
0.953465058340088
0.758158955860551
0.75321540668235
0.766009262218108
0.519563857713206
0.838140712727264
0.771074079192465
0.44767480896057
1.18053771990384
0.96885837900252
0.661265709140021
2.67821532086868
1.10477744357244
1.16179356916541
1.36002406151202
0.650284376152705
1.93526603651005
1.13218507306612
-0.0792597073826344
-0.00520901946891622
0.257316077544745
0.0679963817614832
1.14577144303127
-0.0645122687277996
0.989183372822675
1.06036111482805
0.94797752270184
0.728583388340177
0.947934005071835
0.448964826659336
-0.102232295160008
-0.087078601498113
0.10352979898781
1.22527261090285
0.896855455371921
0.36677739912555
1.00535563565537
0.714326644850466
0.838557316703938
0.808322538592169
1.01268791308135
1.16264275936256
1.12314522682412
1.14134196218562
1.30234573454258
1.24444337454262
0.0567655180979892
0.34065128749178
0.765714084330263
1.23899473534941
0.478073675020776
0.727536349130381
1.32164064231309
2.0056860369358
1.92308805850174
1.82580835547772
1.50148242524262
0.906706425674796
0.970618445596185
0.660413401075822
-0.43957129619977
-0.406056866538653
-0.300019124389828
-0.0550507845432155
0.512874535490997
0.46777621483771
1.11440764629377
0.706255780682488
0.875861962300969
0.474441370612347
-0.518923333729654
-0.315802848186798
-0.515495436519927
-0.208697942280651
1.6791920476757
1.6569643703666
1.57639216105491
1.41620445856775
1.44336426220583
1.2909946501164
1.24960057403064
1.1656163533929
1.49402041219766
0.67577922447876
0.789362936840956
0.381691119370969
-0.0733939206577296
0.941272194098611
1.73112282342333
0.201713593427486
2.16955865654534
1.91111522076856
1.28341627913124
0.581136694789732
0.00268196171288839
0.296501247203476
0.564679880569539
0.791646282323968
1.72989380305801
0.765197154575031
0.0616034614755252
0.0403734285755898
1.11205269103994
0.868288535047029
0.576755297332834
1.17812995427171
0.155706873887276
0.605527001140694
0.792962282003332
1.09158195350565
0.259765649513027
0.767225674325996
0.924094369026181
0.951690636830721
0.978978652979931
0.134572459759143
1.32984119838551
1.06621392509904
1.13046302039634
1.62419709739444
0.555871484994882
0.727934007826512
2.14677387213206
0.262972781334231
-0.0474096826159186
0.149045298343341
-0.0851751043574606
0.736354934534599
0.455099455804674
-0.113022448407906
1.45833847453488
1.36028504386637
1.43314826412264
1.354313840774
1.05841317926103
0.39504267410392
0.538942375815401
1.42573158564519
0.727937021047735
-0.185084517707058
0.213253329975101
0.775041619616878
1.6497902823099
1.73494837104598
0.671288658689529
1.14517108954784
1.84926707632747
0.477257135127467
0.899158118811637
0.359879591937495
0.880707545617056
0.123636014970328
1.37474351153889
1.92568989578852
1.5568882177447
1.10825269080695
0.991530352487862
0.837327619832243
2.25604524643954
0.210147706459678
0.052287742950205
0.230962381906029
0.737093326411996
0.560974210324285
1.798483411557
0.0705115009974231
1.33357578370506
0.0687881499117671
-0.101941688530254
-0.433484858602367
0.63609455105916
0.225396375588964
0.314294099460011
0.724773960159167
1.23372179530791
-0.307437703159985
1.99458466636049
0.69429135269317
0.895810301638184
0.611304418002715
1.46503848823043
0.453148728659011
0.494360009357889
1.4123861341076
-0.306341069102682
0.788135211409089
0.958810459762724
1.00568655070094
0.652705925451655
-0.0781301108097213
1.30889646625732
0.761049117451959
0.671008051902923
0.702356774463903
-0.140168964128202
1.27346109337091
0.851520666727299
0.0498176302504447
0.938194519307359
0.85121035377769
0.413401931388897
1.38278724858874
1.27752250068551
0.588533574983098
2.28556361080584
0.141096619501453
1.15484567897252
0.794506353441825
0.861895048549428
0.508254078044666
0.419516874893938
0.151768054837451
1.33367531042117
0.370149250177348
1.2978002957947
-0.00124018506647152
1.71724580505915
1.7957964114705
1.20096395396705
0.801466597267444
0.705626234489226
1.62752705572184
0.952300728317207
0.962025123821863
1.55785748818613
0.0454675495706059
0.746406349122414
-0.0554992050214708
2.42148703043702
0.691732185871696
0.0948617418912647
-0.0863185753571713
0.0665646863152225
0.380095654180681
0.922287867041568
-0.0622806258916803
2.08300287549186
0.901930433294739
-0.172801757221322
0.457510322910379
0.0679219926153554
-0.203394228996634
1.34035491525244
1.12762914047467
1.08860193820549
1.00580024979854
0.801379145635496
0.67479693167946
2.16642642902853
1.79169904876502
2.63595683356378
1.35290669911793
1.38434880333049
1.40577713978395
0.812815048006699
0.896522695266444
1.55930295523863
0.292071167743078
1.02713765433446
-0.07929794980724
0.992002939874392
1.82320620850718
0.420332443838033
0.502896479470213
1.16372838378063
0.106746886833308
-0.00206584626733748
0.232976754285199
0.410571433223359
1.64024257651772
1.42194899128774
0.602754053257209
0.619737579029416
-0.292225121802045
0.905054844234454
1.45071036065318
0.126730184116881
0.630820520335234
0.71628511391166
0.854030979489446
1.67180289314193
1.12586774065878
1.27059603092584
-0.00306319265788679
0.984480311561842
2.32274238979072
1.17989665640084
1.71175095903276
1.54026964959787
0.87700467275069
0.394524393833287
0.292927576229412
1.6849046750862
2.46122103620645
1.81935225778358
1.8038422379316
1.96148801932668
0.283347120933176
0.966084600133731
0.0245797904853702
1.70759556619612
0.543684967717347
0.554660510935804
0.367358148232659
2.18941889874172
1.00073108984588
1.8065033573016
2.0619435703103
0.678339299681805
0.0550793820693303
-0.283406503143417
0.422868731987475
0.946489933492006
0.703233011371861
0.0259431298885452
0.374034003606151
0.227318627216496
1.25935343928524
0.411001760837962
1.3094765714284
1.13968038201501
0.57645996417362
0.612111924948907
3.060461022148
2.94342558257713
0.620551104532263
1.25524070003432
0.227309975953466
1.61624859622391
1.31761232531258
2.02252788135578
0.8392881419004
0.0678555508947851
0.213767475354964
1.27215521856897
0.45713130818328
0.571940759224785
-0.468297616184868
0.794546484744631
0.783803824503462
0.151256790360026
0.726227138188366
0.18639635097164
1.29207241021282
1.33271524620859
0.207065958967404
2.35459661618213
0.633122755401495
1.20262027403059
1.07521853803065
0.215074329571729
1.69051778093475
0.477811027253135
1.53926216392372
0.494488984073417
1.8738112684935
0.856017311451167
1.66985723490512
1.45856930091359
1.46013713121274
0.468420968137971
1.02279563665899
1.07112618699664
1.15027358347295
0.841144346703502
1.44877746767836
1.19722054946598
0.523635095744524
1.48965261076871
1.96346478927326
2.00135699417875
1.78224423314348
-0.0454066893356742
2.08573649621722
0.0621042961491603
0.181520801250009
1.61647202467355
0.546401370376936
0.498419400534066
1.29897880556125
-0.46833909369951
1.07719435981069
0.699396243640111
0.406913425837816
0.63967937963489
2.84696357074758
1.04110175135036
1.10093978214323
1.3587995898941
1.75807845012739
0.976863374996146
0.894670226951186
0.363081875886328
-0.059826500730443
0.404024160283632
0.370920927336775
1.83533162287949
-0.380261035946595
0.104407652268274
0.828961958001046
1.10373923353405
0.363861136618013
0.623014846099465
1.67977401299391
1.94274820589628
1.03932088771842
0.625300394435226
1.65445035285261
1.94138767930517
0.471089833452899
0.553603123836955
1.76806446850867
0.455876683725288
1.3329353736917
0.800645554648678
0.0688834136061551
0.612823914396763
1.21378020834302
1.36386325625935
-0.0814935721864496
0.802874245808989
0.469763414678329
1.85976376696659
1.38635328041823
1.71018061445725
1.48874471168963
-0.305863087062924
1.71366714211853
2.06565517982063
0.418861243682735
1.55359695997795
0.755639538942397
1.76255978549864
0.0151016489516856
1.93606185431223
1.40162281164761
1.01713872036987
1.45924376923375
0.867947838565117
1.66174816075648
0.850808371069153
0.710877503741506
0.785773733945063
1.86278129698367
1.81963719523418
0.261686239151645
1.17036932317498
1.94617389110988
0.757051451322181
0.980226067198505
-0.256351227613677
1.4138967342266
-0.108869739085051
0.0895302214746956
1.80730591034437
0.832512008234016
0.335080204573765
1.05022630653235
0.693037541963908
0.210478146083877
1.45122258875093
0.620137806454245
0.593802956921746
0.391228741755216
2.51337950727812
0.1749520569157
0.214959430363191
0.628393667282479
-0.0285248820671126
1.26698085067142
0.548701808280106
0.497287813904115
1.13578039709399
-0.0917834599560641
0.758178623120305
0.0710648620364795
1.02927744495073
0.974054295853528
0.730525177996744
1.06690864615772
-0.00753407938564289
-0.144774686448437
0.753722637958143
0.580716034481832
2.03548010550865
2.83685667419644
1.09796879144524
1.18566830859125
0.59761765916402
1.06912434936541
1.22833494204438
2.09260105169686
1.05925772217992
1.28564237439559
1.09832469498993
0.750199113258924
0.709076285496485
0.658017191277268
0.336979457625262
1.10412777777499
0.751994334492381
0.239095328361665
0.707713535164123
0.0408207802436491
1.0508921653331
1.03662856011032
0.297185886307166
0.13165658250008
1.17051643087467
1.03667798411558
0.867329779362649
1.30073906972202
1.08441408223511
1.07357098777453
1.8430535038258
0.563876311826018
0.0766484796312408
0.933984622916109
0.963522390387853
1.12845865734877
-0.0124811028474939
0.72899071543041
0.0246040649307999
1.02930354728864
0.813503731287407
0.89504145355782
0.567543899588328
1.9886125493067
-0.0439951041086905
0.545045607987161
0.182741262360884
0.499694930806356
1.15284694291428
1.77193758458685
1.3286108209213
1.51561082222227
1.58233498672015
2.34470369497373
1.12982597913037
1.06264832583791
1.04251024707247
0.594709208191328
1.2689185332507
0.371645288056899
1.84448250105105
0.61608747211703
1.66990332794217
1.75423575072034
0.419760694796702
0.310033225412664
2.24354050670164
0.975250910216918
0.648512977965246
-0.0697025120835641
1.93070353066683
0.790503073109512
1.11490467621353
1.00931035411666
1.31398256746335
0.940921026528945
0.83662557238759
1.05793674188891
0.143654161776564
0.242127804881521
1.1844441495294
0.188353186899708
1.0752708199143
1.56412784100861
0.78367438925524
0.523385646272435
0.753646456362112
0.775975400642844
0.775664989598081
0.112468643631658
0.251811645986593
0.147914041578864
0.857820308776032
1.65791394735155
0.494307874318625
0.754170986775391
0.188551761580832
1.82421914248448
0.0592226295144582
1.74763561884844
0.691243850523121
0.731238572394418
-0.134519134135647
0.0858006394785037
0.780387843344193
1.8477655738711
1.26825383110979
0.977353875181932
0.223464414612679
0.626676815543082
0.501243927086514
1.24867745784892
1.35640076605689
0.437185932421891
0.809097429909435
0.669839281553937
1.97317131340184
0.30172614661539
1.97358860172243
1.05924759313903
0.881576044271662
1.61025719659269
1.86608861213416
0.348448545093269
1.83693578939519
0.658734970606135
-0.453308960735267
0.890750163517632
1.74219082991756
1.60464976729842
0.460083803264541
0.939739684199332
2.21663485260846
1.54341150588758
-0.161833484489019
-0.0451807585515299
1.04981260257646
0.715643728089126
0.178470878369511
-0.342393275891729
1.83780719380383
1.57776034968401
0.911294703598415
1.02934498574316
1.22925716698218
-0.140903774186014
-0.119162757202141
1.22586083795083
0.217445965744149
0.101132679885771
0.136757871964974
0.643712430335373
-0.302052999939272
0.793452086606192
1.17467462140255
1.24171493430387
2.1244367862354
1.00507401736224
0.824270602328376
2.22263194157675
-0.417107044856862
1.24787427772669
1.04795243215605
0.666327738584816
0.685554240919387
1.39023449351053
0.260649402429607
-0.0400959032271365
0.640790957899297
1.05413814234065
1.49649216943764
1.17883700927484
0.226394114427622
0.381111712641852
-0.16702435410725
0.578495943866393
1.27513519786098
1.69006642504908
0.779588763052305
0.796232899324888
0.95439756314497
0.98072788568785
0.628732563474636
1.34620653875206
1.54757288676155
1.71328443026802
1.18490797050601
0.84195492078275
0.870331382841016
1.03407482613412
1.05456794716977
1.08516393715653
0.92900426516302
0.805152747284304
1.00516598923962
0.746861769298928
0.734346310880282
0.955390006481538
0.511862801448085
1.28891852660744
1.00291652904509
0.729583371667297
0.423751777420081
1.1830415724939
1.20643350131913
0.740206395441711
1.15023408011783
1.44267321658211
0.763944021611606
0.797302624969578
1.08952863632444
0.540367009732305
0.909733120095558
0.907361727056509
1.58267505354319
0.742586490064427
1.35424768266178
0.803497133497443
1.65643759749518
1.01455611358493
0.561444196418799
0.477853575502679
1.20550424171038
0.533532325064609
0.868280523505093
0.891548247286044
0.979850737451187
0.992460898351097
0.967504789043828
1.14461997496549
0.990109030110233
1.01280939504917
0.911922715162238
1.03769744923888
0.696050754223586
1.26004003768271
1.09043549840261
1.37116942261129
1.15916503121807
0.983423812520535
0.857287951508309
1.17531936039765
0.835265753404785
1.07074065166711
0.929097468091053
1.15656405437869
1.02904961831217
0.728732339232804
0.804013465155001
0.787645941731709
0.786315314161989
0.852388951957118
0.852413172877354
0.852368393825105
0.829394550684987
1.05921340748713
0.69362602696242
0.711592528383938
0.973257829272163
0.923662421017934
0.373018284285358
0.595570997308173
1.43220814206505
1.10733144887082
1.03462707790051
1.01964224734601
0.760394602625724
0.780689469218267
1.17693529672569
1.39318468057423
1.42256267495526
0.956096943417081
0.98394413341204
1.72263314493378
1.73813288158854
1.39840885190217
0.770278674544317
0.803879031149775
0.774108767227186
0.651648849029701
0.632597588998589
1.02434468745294
0.993828387108275
0.787703225730459
0.628315168460362
0.737370207423484
0.859178329117722
1.03927657262958
0.881776170679624
0.812475368480415
0.838801651260419
1.07319953303708
0.455422083741797
1.3092475763588
1.21488880304732
1.47080173418079
0.405063250164124
1.36072548232874
1.27442160010827
0.705109025356549
0.562389877933422
0.772600529426583
0.78083704357411
0.697390050490099
0.564146626734518
0.555624861350297
1.06154617983412
1.11631240208922
1.1238545808114
0.749552932455987
0.950257163546702
1.38934812021522
1.23014814439831
1.06342949016869
1.2257034277737
1.02214802323288
1.06807387378268
1.04165229650799
1.08800428420207
1.15765771515266
0.902427896898845
0.83581682268224
0.92684445496784
0.983453417577858
0.831044634168662
0.718216210284954
1.01201384589153
1.0191714703627
1.03851393976917
0.715244944610861
0.355093501082678
0.378617825831107
1.49198471141817
1.20529696127743
0.907851182840947
0.956959662549976
0.761007100683808
1.25320993173215
1.05866209894784
0.609631686288196
0.98434223798102
0.842969004023286
0.805815366084461
0.872639706228166
0.621815838310906
0.669039706736087
0.757797560170414
0.765191783405606
0.767043822228232
0.760200789916725
0.776231288689519
0.829986793848784
0.922064253412423
1.50523441119654
0.722528390050659
0.977740899757899
1.56514999969177
0.360436629712845
0.623238176665555
0.76681346456672
1.12582531725051
1.33730489924177
0.700959545863978
