0.842324557947191
0.868865425125556
1.16930941726272
1.18846170379472
0.308559507238493
1.12717469157828
1.34138272959421
1.4505302573617
1.56489511290315
0.156222097832266
0.409236662235365
0.537084457126027
1.00579922234571
1.36541830222227
0.839898807771489
1.67000421035649
1.67575669887174
1.47148395670183
1.02619961364159
0.84690086689141
0.831513347518549
0.633826428180118
0.955375213611694
1.08697361992682
1.49579062401633
0.947263780643624
0.534397167420544
0.884532727922408
0.377368494097997
0.565228622401993
0.842881208577765
0.952816791079487
0.910867246346739
1.19284456283427
0.996705359039882
1.62937002403213
1.64513275418193
0.860403066533908
0.795256403154404
0.878412550001667
0.764388726800193
1.18238576742939
1.38658757767615
0.262311577782513
0.913580391073683
0.733915327976975
0.217829844138076
0.615148862677254
0.504614087199199
0.745800707861599
0.283225911562362
0.999908758392478
0.950926093869963
1.19984304719624
0.611180832138252
1.41137871088221
1.26180192723947
0.956493669881274
0.326298165694802
1.18196094761293
1.25619554377296
1.00510231442675
0.993728581009366
1.354737458447
0.267836125439629
0.904945287807657
0.613360426332097
1.65643085643933
1.57717800938859
0.393777304606084
0.641397897533631
0.663242610338704
1.19724064531705
1.1146325074082
0.478515397601128
0.857076320823431
0.930941912471778
0.803776732032081
0.71609517565326
0.469323910526575
0.967737567181741
1.05746233671032
0.818977947282672
1.09697967883199
0.90383769607738
1.34011132625541
1.40699821294166
1.57274676203287
0.317177378791406
0.636874906952581
0.767511191128773
1.67772224026102
1.21984404594238
0.909520426136064
0.854460215623268
0.915211843558271
0.832386189024471
1.06782294978263
0.972870016113069
0.276990983635109
1.00669147075845
0.832121533230436
0.918445882054582
1.17548906973645
1.39245564435514
0.984200175521002
0.247249688104367
0.315980768711971
0.332261555638394
1.30020987687473
0.78456668595383
1.03086676714227
0.169773189954503
1.01429213180304
1.36938929914523
1.13008494302553
0.870890989071751
1.05839424047742
0.95207581945084
1.03845112014789
1.02834613280775
1.24721314379716
1.20922850241413
1.26067267381217
1.13294142102657
1.03287004851682
0.898131961096845
0.946453224006642
0.869641993076249
0.907475646694331
0.401923382981514
0.589883050576586
0.456125584939551
0.831615076871156
0.789186745316594
0.833073590739629
0.503986943246465
0.985197332306717
1.58331586910318
1.89082413688586
1.0236932423723
1.65678464823781
1.95526900421201
1.72565809558136
1.27623410670774
1.79973131691974
1.04474292939505
1.837752019317
1.17292866556979
1.20152423867747
1.6540073579712
0.445718926487258
0.0953345396536818
-0.0463636211132772
-0.175337330828753
0.740417154053541
0.422599536997458
0.47244297874262
0.261409366856704
0.512434296286044
0.217900674970177
0.472677519539199
0.676241774177036
0.649646250839186
0.628813579260421
2.61361918605776
2.57649125890734
2.10459723616164
2.37625851002551
2.57204081372838
2.90932158612124
1.7925770321404
2.16473027032215
1.8958786850836
1.47289843972243
1.34958537935394
1.19788079729488
1.50701271603832
1.06907540638846
0.830619562955307
1.32043446965324
1.59021837200225
1.81014013530097
1.28577402123573
1.31909737827396
1.42926485573553
0.758868528936192
1.06636549740042
0.150107679589395
-0.188523068741401
-0.603574770109598
-0.5328846292183
-0.419587836824728
-0.508440388615268
-0.411392711334996
-0.357537457924841
-0.281019850095195
0.223987763155708
0.451477737721521
-0.231087041624525
0.573830782410557
-0.517863352123642
0.202699709558025
-0.359449237363068
0.432991373128784
0.943787121594666
0.0370576982913364
0.21763502790392
0.601699218229545
0.330825755812869
0.797191848968644
0.962323770497365
1.20287157797498
0.875550604255881
0.697239616491052
1.48665560270506
1.2939993001926
0.967508873204526
0.469409806084628
0.227676504695648
0.411481237029123
1.03579679283049
1.516496602706
1.4249681456623
1.73071258356456
1.90760811582417
1.75066606972479
1.99814948729415
1.84018974684219
1.9772678824252
2.02243453470817
1.82026995212994
1.86795737947022
0.395391888211632
0.342274124020423
0.104221042854369
0.223994965698
0.253116620979775
0.601483741188136
0.167154852986148
0.275570209235711
0.166371360149665
0.25484374084528
0.623848721397903
1.08135544394549
1.06620726989214
0.608372008476921
0.33546773370232
0.914456911963319
0.892014912509201
-0.087092320028921
-0.0612367489090675
-0.146027537023814
1.44914075304088
1.13965188090322
0.98962589203504
1.21020199221719
1.11451964907209
0.942640666361045
0.976206236923409
0.826693742412119
0.623837710021263
0.101217227552338
0.0378579381699194
-0.315550491329254
-0.15773457860486
1.42267576928251
1.43051619392489
1.22595507707867
1.30942330509279
1.12324468853029
0.80267865419092
0.488259809772348
2.00552832006123
2.31705491639115
2.20453432346946
1.19057183666352
0.864967952204629
1.43857944661098
1.26692387306183
0.952829750630398
0.949035625952982
0.803079958161844
0.911708071127633
0.755513653815909
0.856255106807948
1.40925019786115
0.906878113483188
2.04604606186386
1.12087408537466
1.00167965226242
0.868505968543919
0.714615451428552
1.55983323776027
0.155208031959009
-0.107041512777721
0.457957438984467
-0.480502922906314
1.54302476435845
0.608193018054435
0.725434370264341
0.818242587224487
1.09220940818876
1.84911795786767
1.12582900456485
0.775073064718198
1.0661193659079
-0.0204204733299318
0.496921217158777
1.22523131462648
-0.132597299263095
0.600067089567681
0.954504569034838
1.42143705219646
1.18479068398162
1.09511898849964
0.0776802882895338
1.62582479557098
0.829134528215149
0.636533128024093
0.936565321805792
1.77916547079659
2.33551042841183
1.77162281985361
2.22251766606645
0.559792313387233
0.287511793021278
0.921990088772877
1.02446911092908
0.293621984780131
1.73374878450096
0.381103525475379
0.335505897647864
1.07704087580097
0.839894419178344
1.94946092669808
0.436295066879485
2.10618032758905
2.39854533012005
0.397043428066567
-0.0100346755834547
-0.0349487409099806
-0.15592095740421
0.0856867962419274
-0.407469316180803
2.1201362628698
1.85271045250937
0.659555544444289
1.96983131118805
0.0610760975116457
1.26202592608134
0.0320704673972935
1.54142049066592
0.671150941235152
1.11561631954153
1.11115355594235
0.729306159330902
0.855023898658254
0.42448064551878
1.23198763627912
1.06263918432834
0.98028647594056
0.965333916539098
1.59545665334326
2.15225714069922
2.91120710566029
-0.0716223727789889
0.853119496231499
1.01875443655265
0.728349966275245
1.80790598616866
1.00422207260168
0.714133497511427
0.725798694404959
0.951652937098412
0.812371918728577
0.534049356714426
0.935666435490417
1.47484649836263
1.65094059943022
1.5958457618964
1.16006802908021
1.04937321348987
2.05102535931853
0.786181966714119
0.154641897638186
0.133937722296106
0.682980547951015
0.958882321265045
0.824105043798655
0.880493347201705
0.651345550956477
0.581736526571285
0.825498445826196
0.889921411516855
0.533210605752864
1.17377807459214
1.02183576708884
0.615423984562965
2.74846169056254
1.09582714774525
1.13276491770091
1.33763017449832
0.600684159728871
1.91938534057298
1.28178604991508
-0.0721164737939868
0.0125434042856169
0.268388645955394
0.0803136774845489
1.29119791153129
-0.0712009640905972
0.990161605036001
1.04608142900907
0.896885091054353
0.645178610151076
0.855361437766218
0.475973140851122
-0.106088676886534
-0.15577214240624
0.0655508076948151
1.26339424465973
0.900259400934042
0.389420457098697
1.06215027951519
0.965666087331749
0.75601843583513
0.779602218135005
0.90545565843514
1.21103216112032
1.18027538281717
1.16085463149121
1.24022453365188
1.23580995733294
0.00962247957947371
0.4030399479439
0.824317475083421
1.16424116520622
0.401160530930365
0.715267248010872
1.28448686871817
1.96202835543755
1.88435608518925
1.81719044665228
1.46737039526922
0.89360919238295
0.957823546216944
0.643366382627008
-0.500750770839193
-0.436097018066911
-0.307963623786455
-0.0910425115276001
0.547454220880911
0.496876911407924
1.25744500777534
0.716418570732013
0.881518297822337
0.411246786453538
-0.575935974602948
-0.346103860995188
-0.528389289948
-0.217126965312988
1.66409666818468
1.68922400890717
1.60763973592826
1.43708961495078
1.44157911204858
1.29820118566836
1.20440114916095
1.10124673358312
1.52865030668628
0.671639421353206
0.758992342750196
0.352577535376029
-0.0652374140606376
0.853441712503075
1.71240316123294
0.223827347220986
2.11327939875062
2.01948232988138
1.29220165225102
0.588818502770681
0.0206492742545339
0.312707178280685
0.706284617569147
0.689990807334243
1.70672610991317
0.86905512621559
0.0570268661819678
0.0439260875219646
1.04285792729553
0.783773844747769
0.493559019773009
1.30163473886131
0.165487472608714
0.563568581182387
0.739171270555316
1.03453640149519
0.259111665687956
0.806779742689323
0.838126039203908
0.933156606882287
0.893472800685606
0.154141778526258
1.37575918783882
1.12305623474474
1.11381021102067
1.75591282215286
0.638545554493594
0.694806137739413
2.08010966033463
0.141412181653481
-0.0425059969346824
0.169305782426077
-0.102763643577501
0.682511178423663
0.429089237496277
-0.13077809938157
1.41404527543016
1.49770862349782
1.44320191817394
1.43985103285044
0.996163673842856
0.283807133281364
0.570260926059715
1.38382872229798
0.724872736702716
-0.161434501365096
0.190312386907863
0.659787090948712
1.66568362482668
1.78266492437025
0.723828330188177
1.23559484218837
1.88976381567201
0.579941914946387
0.983746257148523
0.385895052320394
0.860599138264277
0.00857284522059413
1.32838245480959
1.9218092260626
1.52353944901762
1.07306092992867
0.977507424406846
0.932386157072575
2.33162039032267
0.230165850137666
-0.0321773923194385
0.252877365251421
0.744760569280233
0.613632433298231
1.83283280329648
0.0265815392223128
1.45216162665577
0.0800656122259342
-0.0920328179314224
-0.514869411092932
0.556882034534165
0.240185744031354
0.31384766085907
0.846370263867151
1.35563408973238
-0.340479477649503
2.07616994374702
0.740223522047439
0.923494635551262
0.580535863314076
1.46586238245031
0.475999804919676
0.541612625724321
1.519332003923
-0.311086027183292
0.80298535123864
0.876081851432065
0.932002597021924
0.752790765934039
-0.0359793802778511
1.32661692272782
0.819048008989969
0.615981019015181
0.738943558655283
-0.122090862375042
1.28757612486858
0.80475724229545
0.0252891480355867
0.944944540891604
0.760952947969123
0.432346076310021
1.36071504624908
1.29486471382064
0.625158181409598
2.2921699418172
0.153252941096162
1.14324449192339
0.714750944413865
0.886333884154598
0.530318338442999
0.373207339942127
0.0196309862669409
1.35762873939696
0.306311266929914
1.2786662342485
-0.0461667102642869
1.71362689332819
1.78148577000655
1.20335731554307
0.863292588949827
0.770944859011951
1.67259548936793
0.860549284723866
1.06287838707957
1.59604733664409
0.0608966334172714
0.952683319315176
-0.0637588189649048
2.36250728976234
0.660537367411209
0.103889486452848
-0.0684517934027159
0.140029901363744
0.337176680826853
0.867601651478895
-0.114355514034038
2.00596991148345
0.84716466055874
-0.181892675814608
0.471458148697668
0.0339853016087344
-0.202806804726002
1.44043262781629
1.13454615089782
1.03910722451437
1.05465640911403
0.845192358803881
0.594079619665404
2.23241043700486
1.89721205250349
2.73092493687399
1.33624239002315
1.41877824873351
1.4264844064563
0.769474009047062
0.887009489265583
1.69940333113517
0.26541482380329
0.960996969302208
-0.0852758006236679
1.0537400563528
1.80557398538978
0.463362634141005
0.518925208216352
1.24647799369835
0.108526581407894
0.00807626141766876
0.253446832708748
0.352466173538484
1.61364528715464
1.42089306259714
0.616785982056319
0.682302217988197
-0.329384544535286
0.862743179680356
1.35470933741499
0.16009571955078
0.674234978926003
0.706006103765764
0.821407604726186
1.65120128371653
1.11075762846538
1.28670206203955
-0.101898022041311
0.966816959263663
2.37224956888195
1.19124593638114
1.70585702477674
1.56737514677603
0.791040620633429
0.438146878867739
0.29693395065849
1.66806256865738
2.47426949207528
1.80965329873057
1.82302288844807
1.93363113979821
0.237991099248307
1.08276125880724
-0.0150483438017703
1.74633729962883
0.396062132365041
0.548488762906274
0.425782065987984
2.11649768402515
1.0540214820353
1.85641869842452
2.04936201639508
0.927798041172205
-0.0325680848549147
-0.305977794069629
0.298387680455149
0.882294852389981
0.649364122638579
-0.0207051460853521
0.425317880399179
0.292220564219543
1.21774375788612
0.350913113562935
1.28554700075879
1.13680524333663
0.764446120440556
0.806813274065206
3.1867483104657
3.00346746873431
0.604464689779607
1.22784595464751
0.194666137877569
1.55763264859201
1.29262766459274
2.00429685948548
0.796607434536861
0.0938114682227174
0.204834906155626
1.2567492431704
0.512330908660546
0.53893960792785
-0.46982305026268
0.825531209693514
0.783548536493613
0.113029665367717
0.768621008622517
0.171464339456906
1.366420209078
1.40378188714829
0.219427222195037
2.29417421033662
0.615934376231001
1.18203076591249
1.05698863347406
0.133164342799987
1.70649310570937
0.402002635935327
1.51953390500383
0.392051941998167
1.96150573480685
0.802051885797781
1.77666341680264
1.46537287537308
1.48208907980059
0.473683939636496
0.995799590082849
1.04290574267484
1.1748937337886
0.859662101005213
1.59253433577008
1.17561339987844
0.609712205671583
1.52792373917474
1.95729134394746
1.93966284396171
1.91229905745068
-0.0298372094886894
2.09857172710035
0.0235321517682556
0.138896930942747
1.65825324714526
0.518834309407819
0.545090340339632
1.25446228993342
-0.529169320080136
1.00325590748693
0.688650868017763
0.411120369319301
0.667033654394007
2.86458611791049
0.957702275854592
1.02508870967309
1.38352020247396
1.81197538234723
0.902324516349289
0.891997983364244
0.405235550517292
-0.0329093763438249
0.349558962235151
0.335036145875341
1.79750842016481
-0.396181834327341
0.120726991532988
0.844563963543668
0.986163104388777
0.322910261355588
0.635974068698256
1.6793502366977
1.98221418147688
1.02084181519464
0.636275989804388
1.6659799479208
1.90900316722003
0.390121155195057
0.491954719998513
1.85535221690723
0.472100778813687
1.36641468912559
0.772364755209712
0.0383011040393646
0.574380686112886
1.19840309172355
1.40840852048665
-0.0747464709740332
0.78171492937607
0.37449973591923
1.83124013503787
1.48350427333162
1.76248071986739
1.54880548173984
-0.305983461974238
1.8463687363502
2.08188062647288
0.309647442134348
1.69071843911955
0.71574191677501
1.80795740486112
0.0213097490888474
1.98563607092972
1.43142660408647
1.15661301839828
1.48661984932765
0.883179138014661
1.76156691142569
0.846349658886731
0.645694917548951
0.67365147114774
1.9069706748639
1.87423300250862
0.277906566354483
1.18601091984037
1.97857032883329
0.860058383533854
0.971605183108813
-0.334950869623378
1.42552442006938
-0.12324907993373
0.0187887117286446
1.87628702102858
0.761432509996176
0.248299239987813
1.18649436498812
0.706953149139378
0.0756524686716065
1.53601104462538
0.732052766969674
0.722731252003898
0.41106891108579
2.47242823436145
0.152989194356987
0.176613575332104
0.610699662044493
-0.0502690078538134
1.36799644727326
0.703342293544911
0.590426471117679
1.11781491931471
-0.0895030236578229
0.819993256181908
0.00493272939180085
1.02379268334822
0.977005955649894
0.84108053179366
0.996073813659147
-0.0838812145305154
-0.150397336261532
0.715406644641885
0.507911973565097
2.03654269859313
2.83675333045835
1.09610631796823
1.2379363533167
0.597983484851134
1.05220071091917
1.34599797541296
2.05708432694209
1.13546688808343
1.33733774226025
1.24331397452461
0.90332336859711
0.730156635684027
0.900663742944738
0.322828837432272
1.13851401432242
0.676195605299491
0.260433733139369
0.746055049580495
0.0360959428776972
1.02039264739455
1.13379769166628
0.303310939303502
0.0076232163732244
1.23799705478401
1.11194712659506
0.896229146787887
1.33552180968294
1.21712520969531
1.18998236870097
1.82733137638961
0.579422755602011
0.0505865037781926
0.920854599616241
0.882828366470771
1.08067071638715
-0.00402682130941927
0.969134343054761
0.0222757992392673
0.945018679390585
0.722347767852633
0.80390937796062
0.55788813758407
1.92791419923613
-0.0410326399684374
0.58326019957182
0.236840592493287
0.550649311652612
1.10477969644749
1.74035843062229
1.38025363713099
1.48398316761772
1.61688463368802
2.30575376778933
1.14254869997626
1.05815944849724
1.03800166155759
0.626586710074569
1.35391357711623
0.285330999979287
1.90926671425137
0.546164860723658
1.65721089043538
1.95238632980761
0.450213018163035
0.302567966479406
2.19974185775702
0.986690698076196
0.875663012265123
-0.128897045655999
1.9938518459262
0.814139765015131
1.06678943194936
1.08114254300817
1.36696300538191
0.906434995153068
0.910536665269566
1.05747827183721
0.19718698427381
0.212496691588407
1.17561254809814
0.0584411197891463
1.06850548733808
1.4970656399268
0.696136902513677
0.486855653371933
0.923794207760286
0.848863192670679
0.775339461652481
0.128934634051326
0.273536080764152
0.166819743327128
0.98065375010646
1.79499695604217
0.476959049702396
0.796656507277618
0.0986760556999416
1.82314300769771
0.169192553218988
1.72495042309618
0.772949734023588
0.674496886679469
-0.151990278144472
-0.0273290884713376
0.816899073924627
1.86038024836389
1.3546201974353
0.999827961890981
0.260002229119555
0.572963151891362
0.463396367101219
1.27682040075928
1.43597638185456
0.469308650238208
0.872965346605848
0.584074248088428
2.00182424043801
0.32810452161101
1.87309346872537
1.17657745937774
0.786547934499217
1.61657220152388
1.90691327679486
0.388670782291497
1.84483274828931
0.608426825402014
-0.509927725899301
0.802207620173146
1.83245873199978
1.73096825878065
0.364099111657509
0.962574439152566
2.26612569971578
1.54026356280409
-0.198572146325879
-0.0565520521720139
1.04793029337016
0.965457821947288
0.202021594130577
-0.386557506880761
1.83024898576914
1.57531911247969
0.823020898478993
0.955557200226076
1.16927200042881
-0.109973015515715
-0.161028212498149
1.38070999172204
0.227321913404847
0.102180452636991
0.15539568912132
0.647250468910755
-0.378308901582601
0.748475182890374
1.11677687861507
1.19264118895167
2.046586360455
0.977728885708122
0.932050691229105
2.18844277769897
-0.43970015563106
1.18593293097293
1.01505612628452
0.614529314969675
0.587649800373144
1.39533800937374
0.28343636026189
0.0157956163018818
0.544616001134187
0.993568633115389
1.5697372823061
1.25378440272081
0.288183327593856
0.312195182028653
-0.166344708812211
0.525727259611734
1.39011232934715
1.81713150230632
0.870645768352085
0.923838148061085
1.06169029944266
1.07126296897166
0.677528528527351
1.3865544858619
1.58635896348512
1.74373074802009
1.20311889758075
0.820169712626976
0.837971164699211
1.07221566978364
1.06334982397479
1.13777571964561
1.00108567217899
0.879757802366085
0.993631357115985
0.784405957777903
0.781696500305221
0.942504771921157
0.462022798919634
1.32470143338014
0.9502847378327
0.908339511952626
0.459235409251667
1.29769179016619
1.24025940244932
0.670578898966315
1.24749911876862
1.51048255658136
0.878758092062603
0.862450118303993
1.03691509075414
0.576934274934261
1.00503746986534
1.04967464732995
1.63398125507907
0.951452319907994
1.34572951730793
0.803436833373032
1.70377387091587
0.953846139000219
0.485626283390775
0.516546576696422
1.18730718535905
0.569292469746714
0.91352205429511
0.835096934148174
1.0184538382126
1.08052595531115
1.00566387968453
1.11706877112896
1.12554155969241
1.04111646666227
0.906258984027455
1.05476796272618
0.742524352550225
1.34662780561425
1.14268432404845
1.47259818217695
1.21884120325548
1.06367560501687
0.815144960293902
1.2165433380215
0.814027601328176
1.06438206986084
0.902189823023557
1.19889181825557
1.06143897361258
0.943251066286991
0.938514377439113
0.948655574416608
0.933178348593321
0.990490037227143
0.90058252132314
0.91983499385185
0.889169037965915
1.08443608137267
0.699090426658439
0.748013637902389
0.922431853501628
0.877259327995372
0.406700037166132
0.639485910876822
1.45643407138717
1.12855666913183
0.972242385455155
0.983622097718092
0.912591344287243
0.915912566631281
1.19547474232726
1.42828199537042
1.4675834399689
1.0816909767057
1.08234864194936
1.78598911431777
1.78585577582672
1.41986306471273
0.854766803839446
0.883907132134048
0.879188519341745
0.69730545713094
0.676418535086787
0.967852796718462
0.943379507662252
0.742268378416131
0.550730082415441
0.67630395626867
0.897235911739853
1.00047776526477
0.888896487348319
0.855803254146449
0.779225936561751
1.17176026051727
0.375807478142712
1.3814248639446
1.32196186379611
1.56340693576656
0.437505853127669
1.33433730087153
1.26830402955524
0.862494075707546
0.596743064890308
0.760911038067914
0.845855340000249
0.89315288325869
0.597122470379883
0.591082728730278
1.15109484545167
1.15005935990397
1.07215060190781
0.958405194812895
1.09246354110465
1.51173583528702
1.33492884569042
1.15816663307523
1.30764342302627
1.08992751967176
1.13932183757369
1.03262994931853
1.08890451529185
1.17123219871698
0.981761788335184
0.781862730257489
1.02253339465134
1.10984702722852
0.970628397287665
0.947726699271024
0.943762020730309
0.970927444621765
0.971840935282163
0.699080549553562
0.385207300434742
0.406892131119865
1.49323590597427
1.25982349856792
0.985017816607859
0.908147029738252
0.882752173884363
1.27590375254969
1.11619077299634
0.658039601997301
1.10947820328499
0.86763549396596
0.833045152564437
0.932796379900089
0.648106808203274
0.706932078993923
0.937400280432704
0.942717865688139
0.909400679841724
0.92000854686115
0.936246485067235
0.974992174443675
0.870474153938556
1.55098487381822
0.674358244049984
1.11884216221574
1.60453463114908
0.302927508448727
0.607209524402301
0.756507246449002
1.14604394739107
1.36863272446506
0.628405497047154
