0.730006270622363
0.645312138137465
0.910239699785895
0.933503753570343
0.235618757100386
0.769474079759867
1.08898587607345
1.26283616327487
1.43760744103236
0.191977436442001
0.417451985697757
0.479473311012219
0.813742971561312
1.0955959042551
0.661424766886672
1.46724095027876
1.44913700440759
1.23931933294939
0.917914594161087
0.791041526392016
0.747445651867513
0.699217851907012
0.906027293044514
0.992791684755536
1.32620822199058
0.694397576753872
0.52960545039753
0.791019006474343
0.12891279840925
0.596552543106243
0.683280286932082
0.664069495787114
0.660719725083935
0.991925330481295
0.776127844783348
1.49591377123425
1.39233687484079
0.431089905039638
0.6432037174634
0.716269437798757
0.82991856200068
0.945164479643399
1.13634696862952
0.126427318524524
0.903270792243549
0.56399860593747
0.2871288144156
0.63761562453883
0.474648610548537
0.650218056080509
0.0995871332058397
1.01926454501818
0.936112502588354
0.753643461987719
0.269681760908834
1.14767813456962
1.06875679576717
0.869817191064692
0.225910433337171
0.981580752761562
1.07895162758366
0.747296666433371
0.776799752053682
1.14255869412037
0.25483295572574
0.844551000876495
0.621972642974741
1.4955118980084
1.444246873056
0.345080912421676
0.684573421899682
0.741733024356153
0.961252338271563
0.976240352935741
0.467871683432337
0.884028003564243
0.888941297386819
0.658843955625329
0.330227707718034
0.179560504022767
0.678268125001647
0.59960417322139
0.640062021509159
0.849703043979569
0.71722973526684
1.1088231046416
1.1488083963638
1.32636055446801
0.356857182404721
0.521053756405468
0.633482615731066
1.43004606717949
0.925679767466003
0.650661126745445
0.72434152520381
0.706364243190397
0.613348026059703
0.663607075114805
0.706928640141151
0.117871153608021
0.960287123889836
0.767326048111078
0.917407234064979
1.02912574816572
1.12303453067332
0.845085413015515
0.163448358081523
0.200174031832632
0.117752662530543
1.05201311583204
0.704787704405885
0.890348097796116
0.232886416252143
0.784083704593678
1.1595485776825
0.987355485165123
0.996853344296525
1.04407091797185
0.978660392910632
0.997237524945295
0.818454410064228
0.993367016009247
0.960191204185059
1.0382439633323
1.04357442214819
0.90925796845895
0.987849514501826
0.799364998964833
0.855225318234979
0.945886739501397
0.462836875240424
0.456580855961376
0.474126496640162
0.55873079925044
0.746115561127277
0.638460781130274
0.6017129760893
0.909426726411819
1.68844938564745
2.01708590894889
1.03968794187591
1.53357982656106
1.70213266723087
1.50057984499057
1.3571482275727
1.77173326092388
1.04907411115137
1.67591263329247
1.06442409163191
1.185682336707
1.56685597047422
0.316744480510619
0.100659502262331
-0.0986756400313641
-0.0549176078786276
0.824947240779953
0.559728021841408
0.562951023626839
0.182386010400732
0.392642735112055
0.220780852443616
0.451067631703315
0.574858363078452
0.610241420687138
0.6299176899908
2.58255506505002
2.56693724412797
2.14913562816161
2.32104577866104
2.39213162374977
2.73622070527107
1.95622720561447
2.04053052601469
1.74800938539269
1.42866898793549
1.50534579986953
1.26944095759129
1.33828920681373
1.08973145734517
1.00438709794265
1.22313394962768
1.45008651496981
1.65187670605202
1.31453929296126
1.28454416455257
1.34809166910003
0.916520446395477
1.11795995144626
0.231957324342282
0.0384863004664258
-0.242707414536069
-0.20744111539036
-0.0879714846968261
-0.18784061466865
-0.193942620786763
-0.180521782915391
-0.0644838519963786
0.304020906094141
0.231859519007166
-0.253316748844875
0.396948290723599
-0.398901413581936
0.344539186775283
-0.0913108720675477
0.333771064025747
0.966160036666291
0.140524514827196
0.166381767844146
0.375055076545488
0.33561747326729
0.838621732936937
0.982015505435916
1.12854772219133
0.922174036042319
0.662259031578547
1.3839291319703
1.17974903353235
0.901659354033919
0.565976534000072
0.471069039046973
0.698334262326795
0.982443124830886
1.37692156372615
1.46553561815461
1.60348838660597
1.70523926542824
1.70629203539269
1.86200898813362
1.91497788799347
2.06447932995043
2.16773005761119
1.83315281044949
1.66724232791247
0.531812760517663
0.399366833870592
0.111658316362634
0.327978978112393
0.306962160514892
0.536720669702566
0.29064861459647
0.299036133454124
0.385590209693468
0.321616937875094
0.662649953335119
1.03107530314348
1.08343197523833
0.784146826407883
0.640609590132898
0.998250576032417
0.954171643821641
-0.0772925857568043
-0.0035574317900243
-0.093529530780991
1.34096085820433
1.0618041378324
0.950157689092225
1.01315251286185
1.06609825757898
0.925150006461386
0.758237226546316
0.737841382110757
0.522111181585924
0.101546674037388
0.154167350298546
-0.113850408438973
-0.0603772562395795
1.00037215415413
0.87641058125352
0.781565639090577
0.853725574962504
0.698375937258358
0.530828374334973
0.691686043139928
2.04817469026673
2.34231893364389
2.25315787490406
1.16262083740166
0.860456757060745
1.449355181503
1.28508929411496
0.718618753795512
0.926217680899222
0.768298794266396
0.887695948043853
0.812950497965311
0.926920389348703
1.45740594883432
1.03305173588513
1.90256623553572
0.987992855991234
0.869047680139404
0.761502594257988
0.746476939925893
1.42759241869534
0.235615567098553
-0.0540321671990134
0.546820519772299
-0.17301458973207
1.56416921656436
0.550164543226737
0.688216411297502
0.582122325834755
0.991156931169961
1.58711770724063
0.97958441159452
0.677226764883123
0.681558632589566
0.0777185032608581
0.654833013811625
1.03514223627706
-0.0817014831486772
0.587101372666093
0.955066046326216
1.37301044040423
1.03686512665683
1.12284573532669
0.0986838336830458
1.48033596548041
0.831006453970838
0.698967911726998
0.931144820592242
1.56528867458356
2.19877973555355
1.66334812332294
2.04500892398538
0.523938058212242
0.346382621332205
0.957642602261729
1.09289574365056
0.343294339198124
1.49515052993325
0.467183448214902
0.422656256220928
1.10110990256601
0.801007114124452
1.93035326376584
0.482473301674187
1.97686209475745
2.28080524418512
0.296329074771227
-0.0382361902978236
0.123073768437206
-0.07787912557004
0.0997209945736398
-0.0867363720960304
2.04326997816692
1.85127545253088
0.6062077271981
1.81494686200127
0.286213432518995
0.960610756070872
0.169825152709743
1.69085618394665
0.611017745487624
1.14788988786337
1.17255683076485
0.890593116850209
0.798531038844174
0.387905539981292
0.976853782112245
0.833671386957481
1.01418524450745
0.897621766559084
1.69381620033129
1.99407681824887
2.77139210174284
0.0239777262814985
0.840741551402059
0.951670999783941
0.648401084955922
1.55473148828937
1.21694695471245
0.67358405244126
0.769272849468654
1.02588475658481
0.893242688468405
0.568360119925584
0.835392323279088
1.26386700947599
1.52860767317839
1.61412214879729
1.14538363797169
0.953552587135466
2.05620114952654
0.702561564897906
0.213442442274419
0.0506898094417288
0.501019137162036
1.03357233058205
0.737131326483974
0.710668474225803
0.897266628373534
0.54882089468739
0.803896177044219
0.581632457189304
0.307263278898578
1.16077767899475
0.973170872431164
0.73762989494235
2.59684130780275
0.752778326410617
0.888037545790872
1.17033909290775
0.629515895928746
1.99812916034462
1.03641835847541
-0.0265031727093743
0.00211620462343102
0.211324858279784
0.00709343614795841
1.04294916170578
0.00741239544188135
1.04071912370448
1.06867265865112
1.04251533503752
0.859874452479641
0.956811360179353
0.480193032545999
-0.0595430876088959
-0.13603662515094
0.0783608790489038
1.23751771672456
0.887066405884641
0.264068766192046
1.02442080423305
0.646577389480312
0.890258954733178
0.839830628023529
1.05871938425315
1.09221740677207
1.01942536495483
1.10925016827309
1.3944195201689
1.22835557620549
0.0601159273634223
0.248300318107611
0.423542520763678
1.18169330479073
0.586573958172562
0.731129853451107
1.37920836518922
2.06429895004471
1.94455874476371
1.75375454555867
1.48319079728983
0.811077303162428
0.882388406088315
0.648498752966847
-0.175187692529682
-0.143917448297331
-0.0772964942698432
0.0351163878362192
0.356800741995019
0.248010309932949
1.03251999066153
0.694757522340538
0.835021495875442
0.43224488729855
-0.206171928194982
-0.122256173281727
-0.171564554287082
-0.083511492753955
1.54273544444547
1.51441597535249
1.41073937360219
1.25485445575333
1.39813701999892
1.20651772532582
1.14483650607753
1.04070314158685
1.37102968310918
0.707958303353946
0.776717861785102
0.384038336689223
-0.0125211332046663
0.919218172165138
1.6213608227109
0.211025420958814
2.18214542111926
1.86964364625131
0.959530306515295
0.60600268569941
-0.00872640518058451
0.308691138098536
0.577914446040426
0.869962244006884
1.56704972109422
0.707201766986897
0.059946929414849
0.169426506430178
0.838901525484646
0.634287631696727
0.469625838178349
1.08356641898675
0.125422580257083
0.630684852793528
0.837637460888467
0.947125633276159
0.23135888586407
0.771996575105893
0.919573104112819
0.635756676178623
0.948901036387491
0.0863592213424073
1.17956058283064
0.706660248505662
1.09906343954004
1.57699796864609
0.577130079285511
0.722475182000021
2.09217089319907
0.455816895935706
-0.0381321428410269
0.0216681340138542
-0.0627900523768695
0.73844482502551
0.416507560151739
0.0104930761519167
1.58791531637233
1.29258898773367
1.22032901457084
0.927637447581711
0.903126201875995
0.463113448134557
0.525910308452391
1.38938321784125
0.487019385729785
-0.144757514801911
0.209734821795499
0.896054135551238
1.74687909816082
1.6340243245113
0.669589797837527
1.11135066366497
1.76005664344628
0.477000096955185
0.883978979435835
0.148761477435336
0.627521579579378
0.0254112116688641
1.10657176898743
1.8555838614252
1.34267812189541
0.816492072040305
1.06851749198113
0.748062382143511
2.10749322874019
0.158424257852768
0.0708617282751809
0.100165123368155
0.791942993868776
0.5258678280355
1.76758989775621
-0.0174510900464967
1.01838591796638
0.0292743346581361
-0.0589145503301554
-0.345805460823029
0.6529220500821
0.185378679525802
0.300387973236173
0.423232129120097
0.809963839262383
-0.180190716580521
1.95718698363066
0.576202173040834
0.889365929326857
0.56653560034247
1.29964219411756
0.351463803356724
0.429612552418598
1.3745004713388
-0.128196394770947
0.805339903287363
0.911644203202359
0.898792342468437
0.641939290066886
0.00787128238360755
1.23170225279553
0.747323003488605
0.709251706504585
0.375642179165309
-0.152599287915651
1.27256546634153
0.896953547764473
0.0667302791832594
0.948691746053477
0.904182145903213
0.406914253200172
1.27950621006733
0.986500192733244
0.622934893749244
2.29608890466424
0.15103120406004
1.18653551488354
0.8623781458236
0.953076371281234
0.536598969729783
0.466116882744916
0.131262924699442
1.30546196353465
0.470090543350558
1.45544498867458
0.000343541067268181
1.61712091923488
1.72942248665673
0.844621139082448
0.767706759930695
0.664923416864698
1.63060356283958
0.926507402099557
0.763740715340991
1.35791210555963
0.0553585745090159
0.687118114478973
0.0291485165789582
2.45453485342666
0.644596029163041
0.0950923917561301
-0.0359098407584582
-0.019236781271027
0.407560294353939
1.02457013116227
-0.0279873629040959
2.06453343502049
0.945743204419667
-0.0707190906830902
0.497544204881862
0.0529943620222286
-0.164161950288717
1.1082635045519
1.16747893137851
0.85930817648884
0.613443827664651
0.422776527939619
0.814067108477751
1.9734473872035
1.66235631699813
2.56742609141092
1.13796550199611
1.19310316488637
1.19212388177716
0.867257067691377
0.836831709437127
1.44529485353942
0.273703079179733
0.794166543132834
-0.0161574495627131
0.996808844405884
1.73995462864548
0.455406814709298
0.335709220915476
1.13534938163251
0.126955641632683
0.00754005353681512
0.140414309994212
0.374675719822442
1.47874902633734
1.34530021924103
0.598513209608392
0.568774618816042
-0.122024057263093
0.96522238124803
1.59664281623131
0.110124366356771
0.594983216733242
0.816838626141851
0.987608539685874
1.68854066999147
1.03610129387269
0.912015217531923
0.134004276796442
0.926337392766275
2.14266199039451
1.13320530031064
1.52668937356868
1.35707094240294
0.952710996642889
0.37824953894493
0.292667593962766
1.61057547299145
2.41123972782826
1.75876946978529
1.69554656982299
1.96493961159778
0.210779610340378
0.850621954702675
0.242195686520781
1.58006689931945
0.627059615433851
0.580597981378848
0.328990610169643
2.17710450075381
0.971801523022627
1.66017038356561
1.97480891313682
0.632966205788564
0.0133481203099436
-0.185948387196681
0.38538390089906
0.925306325440454
0.855902065643393
-0.030415319853598
0.360336073267875
0.261887256976051
1.07378370692753
0.409423980839091
1.24329255974475
1.09538940211519
0.528285618302711
0.605749369618467
2.97561093790227
2.88328544070941
0.643253093412479
1.22718057106659
0.241381902794798
1.53967035144675
1.26649421939799
1.93821363267918
0.575376055511509
0.0548216087323578
0.214081644300571
1.05991005080597
0.466312092849217
0.598152922863606
-0.192483946790655
0.716046017386324
0.775539616519819
0.132665809911117
0.724686610166122
0.166819112213277
1.38821899911852
1.33062602891538
0.139836176117116
2.32364657149176
0.677229741783907
0.937735113944291
1.0900389916679
0.287072368852179
1.57476587190333
0.437512242276046
1.49341535194602
0.565760376278349
1.90065744621477
0.825797982833635
1.63206109634052
1.26731843831302
1.2899783146882
0.560631977281318
0.696687676293685
0.746501719886799
0.768024079016074
0.743667025911484
1.35528707301193
1.17056068046996
0.46212229745857
1.30215066526076
1.94187867029435
2.03653116755237
1.73035053362065
0.00823259075788281
2.09054500600933
0.0765048866334332
0.139178142810535
1.51260442928419
0.593426215145871
0.454116296543536
1.03652632086681
-0.294569548503996
0.981546638930376
0.623258740038055
0.37577364936778
0.641134753286528
2.79109587450844
0.985866719837217
1.03239556976454
1.32621465853478
1.60993163857036
0.938178270809327
0.592371544689549
0.260847268634514
-0.00782247306725643
0.44658542811143
0.520714016254141
1.95530620387305
-0.0745198921332532
0.0741139075621281
0.8372713013056
1.29228644327002
0.415640441982331
0.669758204295571
1.67888091663471
1.75566471753652
1.0400683400252
0.653551393253732
1.63938976613372
2.01269981312846
0.612436600057646
0.423309643288382
1.72090435848507
0.402535531208869
1.27014122693662
0.779329778139256
0.133498012431205
0.66599828910568
0.971329045152265
0.979688851383462
-0.00483803933472998
0.875445115144812
0.596623211245377
1.8416086131997
0.987378910090928
1.79635006750092
1.53971265609164
-0.251619768231372
1.61205289436689
1.95094118219745
0.359346763173085
1.49556456722391
0.762423930478941
1.63117388779914
0.046205582068585
1.88484162373167
1.38864034949837
0.905606394294443
1.33256679847443
0.90399951007665
1.51872358671451
0.867066480072431
0.724163279710726
0.861380530394438
1.72435313103117
1.91291002351597
0.182464649933211
1.11090146462232
1.80077623200689
0.721905522378788
1.07067286172549
-0.0388911562239864
1.42371504732338
0.0276420992966425
0.0833334598955674
1.73919924280816
0.875101696317448
0.442778216050819
0.936838120666289
0.682246047897197
0.143747896341555
1.35125992074742
0.623632415796495
0.605031686489506
0.397633652442128
2.51846042425717
0.083786367232013
0.302481842582257
0.565399015683446
0.0538011457285391
1.12463681620493
0.550306460455833
0.517186601319712
0.803385693871976
-0.060491949432959
0.732959600634731
-0.0232819298643398
1.02803237974205
0.975586123678427
0.688256976478797
1.21793582779681
-0.0841735007804818
-0.160714633605323
0.78932823353963
0.622044785310941
2.00792861034965
2.71854740769958
1.03174489263548
1.18019439618284
0.539934442283897
1.0120141517884
1.16556201347413
2.14197933114916
1.00702820889117
1.17755713550817
0.992256024399804
0.692195330953658
0.754298902299709
0.602454843576582
0.22517609142069
1.10975060703488
0.565456091021454
0.0917960793981139
0.455450382646285
0.000509828793845661
0.836488849988476
1.01326725879394
0.31923104861859
0.0659381036868278
0.773500193134441
0.685398155041228
0.581142306073374
1.17036511623744
1.01622264514281
1.02581732822897
1.7115336425504
0.557989240678462
0.10947997944783
1.04704661106716
1.08477235797455
1.23040566733069
-0.0607337278590672
0.639817644260443
0.0839308001291777
1.02455703267377
0.889993238524456
0.923525077010229
0.590462991878279
1.97462040912567
-0.0161118042369093
0.569794132649617
0.230211686437156
0.539060844284188
1.19976974505941
1.86231470266347
0.919072399077585
1.28193243303629
1.52149626325449
2.28749329401546
1.1544090176751
1.06930664007495
1.05238022521644
0.301865851038937
1.16438136590278
0.319306769642243
1.71584717123398
0.460981499204908
1.54808315504988
1.66559108516196
0.436759299146014
0.377730860192346
2.16696016285006
0.937856482036316
0.622968953141091
-0.0985026439146947
1.7752644009563
0.807149773225454
0.919330674744047
0.864255917752208
1.24612242214426
0.64036316133611
0.74422502918076
0.704608335902862
0.185274981025382
0.22803498358306
1.17225056946506
0.266449575025457
1.10216014593714
1.54329667998716
0.873779020997787
0.493500237006824
0.701845360446543
0.499117833177785
0.710957970341272
0.0693979981806378
0.179513920879296
0.117587931955024
0.772257618883926
1.54208559173582
0.527004150024622
0.427314426636408
0.185426805228474
1.82025220240356
-0.00135071028477705
1.61851775169381
0.660088092562736
0.5198288579952
-0.135075379137039
0.0485359212729071
0.782324822601309
1.61863163059146
1.26797234101305
0.640794392171788
0.274960939920479
0.658982723113603
0.507541951552072
1.15571579931815
1.0278042166276
0.449895740946141
0.82214844749633
0.599364619775808
2.03119872461378
0.0991263311883954
1.98913840933392
0.993717697052381
0.908153577300143
1.55570993041825
1.78609276071807
0.374902013212409
1.91332279304967
0.685688019044754
-0.290220603966443
0.917831322622144
1.59876681904258
1.4740397570961
0.510188401352659
0.973982559927023
2.11821134961028
1.48357770916569
0.0214197056715388
0.0224715914721188
1.10233827483301
0.659881317715279
0.0882008562207265
-0.131102814545809
1.78416640236908
1.52172362827115
0.671624640234421
0.759628032957175
0.941464141026022
-0.130060842059253
-0.0453526663298844
0.848085747004937
0.17857876652091
0.0909370876596079
0.0885447126645229
0.714255464462571
-0.0994174331581951
0.838888027687764
1.02440508227453
1.10151971469472
2.11775631984988
0.994497094902751
0.743283416224153
2.22147288686981
-0.202960312980556
1.32015938591185
1.016643920637
0.562363136062437
0.514125116907985
1.16313059581215
0.203573677426307
-0.0180875337724718
0.653083525070216
0.873786395620307
1.49279628578339
1.17292784344896
0.27662653289917
0.303935238916441
-0.0925068318016595
0.414657443667067
1.23430623072909
1.62100911240836
0.68414382958696
0.705359348859147
0.824621222662062
0.861474856488411
0.46541040333029
1.00242984476575
1.26817584088966
1.36668375060479
0.881331259995628
0.69242232803731
0.691241542828714
0.824369401210291
0.813565271379537
0.963538852381056
0.789865167835006
0.698038873752665
0.76765766587521
0.390991732031163
0.693477506558072
0.748422732433227
0.457578383231769
1.03869495419459
0.751956838361308
0.69100009968244
0.257396170977786
1.07735314422456
0.785436223431227
0.576004482114557
0.992432778939486
1.31020293808629
0.70626817319679
0.752603421772036
0.911467565681815
0.542973755685982
0.852403013353489
0.803585791459167
1.30502974688993
0.686076179513054
1.15033797735238
0.81086819940401
1.37654769537621
0.83563276347821
0.494455267123586
0.412299803418594
0.976808729915112
0.276059560650783
0.497487574318245
0.648049674882288
0.537787985463223
0.910678065899037
0.829350531293364
0.860699852055605
0.867579125584924
0.800532062663228
0.712103250948978
0.801442999737262
0.419417484671829
1.04368557050102
0.880192850659238
1.2416275296956
1.04073721944332
0.859821409352473
0.67824000043986
0.784920421031886
0.682523862702122
0.826216150842405
0.712370064752036
0.740302764189098
0.821211726386315
0.687886566162943
0.70653572315799
0.709322229014062
0.719009207759875
0.750244362505297
0.845573487435811
0.770873273819576
0.77818448808503
0.907579430779849
0.703713096831728
0.681567888911595
0.706564053877181
0.704273239680392
0.25688870691776
0.410035469351281
1.28346021282045
0.94668036622863
0.879167796778879
0.799110783637358
0.700255428152394
0.699209203209105
1.02269298132544
1.04767240699478
1.0556611995886
0.857939822854398
0.868897910531844
1.53016609760392
1.45700151541312
1.08935884072376
0.720008234959076
0.711786828346796
0.694050192791636
0.586954097246894
0.549805743452928
0.802336375834106
0.771043683856392
0.654224726391275
0.519635779509095
0.608376288536571
0.453943006764613
0.760611185491187
0.755767482254709
0.452842468647435
0.607126066371168
0.993000976407051
0.412176996318202
1.08799237687059
1.0461327411422
1.33486925582443
0.210577555581747
1.11937839750592
1.03627692591473
0.678480255300068
0.271047650202036
0.796433416527012
0.746634256918913
0.670851835965395
0.588294434081867
0.555765034824188
0.948444263556487
0.692183056583264
0.952468725061969
0.689638352019132
0.836490709423481
1.26540349822985
1.10380524427729
0.94164631785335
1.0995030982544
0.884161476526848
0.939742809607321
0.794104321669535
0.838187264351493
0.900449120734629
0.796689908034763
0.65251306320773
0.835329381710327
0.86286586672304
0.748343719968036
0.67416371564933
0.875598650781617
0.744420809986737
0.910506946466186
0.730685777364236
0.238374765446627
0.299263530133226
1.33825117861347
1.08308194922112
0.884823264035301
0.678301500808607
0.710524330209638
0.897293473313441
0.889008690564462
0.425496928298112
0.902717242265302
0.840598829237662
0.790104811462965
0.834299785955534
0.624282136310947
0.633991046051337
0.692702885827937
0.695340910786117
0.694891022576348
0.702760421543491
0.701778064648361
0.739338150972546
0.68821088720405
1.36776139786578
0.619250040039707
0.860755641749838
1.31827205523911
0.333131079115014
0.55321843830389
0.63586968276512
0.882437626249175
1.09297378470586
0.538830899046892
