0.783319183352305
0.901946292917145
1.00200716107829
1.03235463182425
0.278973052091376
1.14768922378313
1.41331435555574
1.55568996961582
1.68366776571913
0.14221998329319
0.0324078634816436
0.15430256837295
0.819992668262471
1.32405719540515
0.959463142175141
1.87668072444742
1.93665174885699
1.92021427194446
1.30666840885653
0.926483492795108
0.822481397476286
0.603755873922095
0.880950137712621
1.01616906601796
1.65921465049816
0.888592321261874
0.50523992542621
0.89560755712528
0.409007374359835
0.624484178911752
0.749808981875682
0.981307745828728
0.610555605058622
1.11439344673467
0.85617418472346
1.71269571420053
2.02164545177423
0.838826157873705
0.769317310154225
0.780386670996048
0.692418953509221
1.44280953479935
1.26567561233967
0.269847944095348
0.835708743236975
0.377201314115546
-0.0375246383393151
0.566894149116656
0.474853185659387
0.761234530998842
0.313280481360729
1.06818282185584
0.893449094327343
1.16238535264181
0.621733397472274
1.26731299270292
1.17289950344404
0.826569495777218
0.305885195588336
1.24136846157038
1.66516318259196
0.767785432654613
1.20530169380981
1.58493326141543
0.319160440874386
1.07664079308145
0.571197301356455
1.78127686824385
1.68209084177308
0.361963776963076
0.596915957435162
0.626522787983396
1.07117671936287
1.05509924083713
0.454424330375017
0.764845259769471
0.828185601619862
0.741536149600014
0.713019509640907
0.493150569173099
0.961514245146439
1.01794797317709
0.826751804348771
0.935924430307372
0.785601456853218
1.23699506313293
1.26483829836897
1.99544903232427
-0.0158792206589909
0.264781597991966
0.828432932423923
2.00195481602269
1.27149220647658
0.950168177527141
0.772303205367399
0.821679231832378
0.50115751454583
1.05856108206461
0.705058431957622
0.296420632281684
0.944644983460796
0.863538731363454
0.857321304836204
1.09488476106034
1.2866555623861
0.826914525973558
0.222031136948178
0.308614066074276
0.366140496542566
1.33326913495495
0.783164215914535
1.07375995053565
0.028329348039366
0.804692799218967
1.81490753437545
1.47694597174977
0.92493705408265
1.06239632806875
0.924326099706859
1.03602107856515
1.037968114581
1.15203115108696
1.22883497775071
1.34369581883608
1.18935417161897
1.06456700704723
0.864504650849287
0.955456888731258
0.774675942582985
0.839168313566405
0.410206285763051
0.646249899679126
0.288198181001656
0.944425553592148
0.797600976258651
0.939761077358885
0.345780287391907
1.04159417981483
1.38920452043368
1.81594361545822
0.96884239740102
1.75655578909448
1.99963066279945
1.9745149540691
1.06940708442025
1.58124331308919
1.07049029904408
1.85174520620344
1.197144902141
1.26630722226275
1.7173583205082
0.459924294014287
0.0392601336741128
-0.0575750044674899
-0.290267056921603
0.885898908824365
0.238426035328515
0.42965235779449
0.358052843719119
0.373096419996662
0.232128360246124
0.420923026891185
0.824621148017097
0.710311257973068
0.46469657247788
2.7296322295618
2.75256527543079
2.09777478466734
2.42363824477005
2.64883440312811
2.99672317769351
1.81182021301959
2.18461142218728
1.99533702725243
1.43720212553562
1.29314502261126
1.20040183858635
1.52553361021951
1.05060390182034
0.789599761942833
1.34409915007146
1.56248552519298
1.88698377492391
1.30911778232447
1.41644391551907
1.52546826131048
0.733512798448677
1.08263466916097
0.185460007312446
-0.237587115916215
-0.606072561083114
-0.431388952481512
-0.446522755629711
-0.372931482187526
-0.433509549811537
-0.404764553513019
-0.364385206164823
0.144847046762093
0.549840920873419
-0.199911429481919
0.601565969708173
-0.491383244532924
0.0910167278881724
-0.54915450816497
0.220813450799945
0.883474666923309
-0.0124087663905277
0.0633745629545497
0.718861963862465
0.346806415359488
0.785108262282187
0.96385238456316
1.15526104463247
0.843698392853825
0.675311485153853
1.48890008899256
1.24547147972886
1.03189471871175
0.43966085540798
0.189758364223622
0.265251028336776
1.17920703565996
1.9204213840113
1.38993538462135
1.87583726381565
2.07142162425836
1.70319778749903
2.06135661477596
1.82139913372253
1.93967054186113
1.91849266024785
1.72463547740421
2.07322318399527
0.335301266261156
0.441446937568038
0.0307363383683011
0.211336280277448
0.261305705141705
0.725711396443611
0.0383529332162003
0.358934866627563
0.111925777070465
0.311851211337894
0.704352554916627
1.18352940081991
1.09256524570466
0.529981346642916
0.186685272839421
0.945250583097816
0.949228822455349
0.0215716131000362
-0.0181291357098562
-0.190011400199779
1.52389244513255
1.13201447873809
0.936694706635819
1.20027733483851
1.14536484785126
0.866200701074553
1.04358908364469
0.871285499306405
0.636070096510211
0.153158132243091
-0.0143120568670435
-0.331782320743773
-0.0601585124659802
1.41884064881923
1.52497220689998
1.18888622362791
1.23813730796459
1.06696417947388
0.4695928176863
0.33789916461276
1.89632874229331
2.27712689561863
2.1517747186666
1.332153641515
0.89201342095697
1.55611354689864
1.39428653834722
0.993888261527248
1.02313021252381
0.784134915361637
0.981261871746384
0.757794964650566
0.890941401590595
1.30175046399816
0.90477728358286
2.19736373777016
1.18527190251818
1.12794441422729
0.954762731257101
0.627676555522972
1.55203211328845
0.107772372745119
-0.100840328319963
0.298767638614977
-0.458240507201389
1.5351069074518
0.623093956832136
0.792813854045257
0.912238756924839
1.18466365634888
2.03303517582547
1.13019364930531
0.72736915058379
0.859771429056567
0.131066820827093
0.466379649607797
1.31594754784336
-0.129237520142796
0.482844797954104
1.15338870707006
1.50839785958259
1.18776789825854
1.06239440187364
-0.0020346231776789
1.5812938105718
0.863136190251427
0.753319070493567
0.861183298450889
1.99526501355816
2.34387698209547
1.77805359065681
2.31247294351097
0.541407070315704
0.284200170291483
0.920560292763877
1.11478056092512
0.178880571043099
2.13249109283455
0.343105290090805
0.28422735339438
1.05940982035064
0.801525718828155
2.03861607813917
0.43277603187322
2.06942021223058
2.48238960343603
0.42397025244674
-0.055687700320111
0.0206571570647457
-0.273132929299254
0.0235841708156457
-0.493171955620738
2.15257267417159
1.67237496767881
0.658100907705624
1.96097381273389
-0.0129726222773853
1.17067267199289
-0.0177087819152052
1.47610016365301
0.575308969436856
0.986702849699035
1.18175785594049
0.777662943520308
0.934502870141046
0.0577222592547543
1.07763631721428
0.929481386015061
0.898804213347989
0.934654570942787
1.55034916841374
2.06129783826383
2.95217731260089
-0.00668038330692984
0.794632962704841
1.0210441673354
0.664490345907677
2.13156000469171
0.855334101532882
0.772306232803348
0.703518554486354
0.895835945691717
0.73036998027744
0.462364751282696
1.0822970130704
1.74048606009613
1.75753019632432
1.49376551324672
1.11926041776769
1.0392542851538
2.04863230221023
0.769070475860142
-0.169419977220633
0.345309825213761
0.345914519449407
0.797998623020637
0.734686928358244
0.769855625594908
0.477125956703158
0.58083985629672
0.897271380164172
0.780809675524165
0.643063542601595
1.21634656724297
1.08460013579883
0.581232069383956
2.89833755094371
0.87980643263909
0.99150551908824
1.3470949579479
0.582390855087938
1.98505807229453
1.20392478819497
0.00958503575974983
0.00260786157395435
0.344869011305513
0.166622542376634
1.28535213584205
-0.00791771615448624
1.05402836273421
1.08250758068324
0.805429819096091
0.675796282354095
0.854712517582385
0.443975583281159
-0.137293802584521
-0.146661577670104
0.0317215262185143
1.38049185287515
1.02103578115093
0.492969017111592
1.0593126984569
1.02892587990985
0.73870799579311
0.858625807923293
0.895375889490453
1.31799584536073
1.30863783948122
1.2033673616487
1.21248099737078
1.31142325734283
0.102222628117912
0.412287092924503
0.865655651250229
1.16852546555569
0.312806969623003
0.7709312737647
1.23072179787986
1.94786932018689
1.98152378105563
1.80559371500852
1.4274926389691
0.909243485759886
0.936779930456563
0.583712243507307
-0.494102578833812
-0.421921938291641
-0.240023759355274
-0.0915289475724834
0.659713598718159
0.561040671937175
1.26719415508418
0.662582519477074
1.06690794999168
0.407897655898683
-0.537392711289334
-0.180661267685297
-0.645429155487696
-0.121186091194521
1.57767546366717
1.711808241655
1.66362154827434
1.31237075809449
1.36042772364308
1.46856117566276
1.24661243808374
1.06570616714331
1.54584937511816
0.650091148263896
0.545324212009492
0.314164651789668
-0.153841652757478
0.792542828506699
1.74473858579979
0.256688075502735
2.07603349346252
2.02393519006897
1.24513655681411
0.567144422734327
0.0577706667718753
0.301085122695791
0.735395111781208
0.697370959141575
1.8588969835649
0.757633628538477
-0.00767893159200982
0.15412559955389
1.3271566980746
0.945818496476424
0.456457792598076
1.40163520222432
0.127746043623598
0.537091662124918
0.767479658732881
0.932665395422308
0.219768062098006
0.808399668282274
0.82393091615843
0.63909988831787
0.878541595808151
0.186985421706766
1.20976444931141
1.08475338858198
1.11438573821348
1.82897018889871
0.592066168813297
0.803894735758644
2.08707803833226
0.052388000451794
0.0689259669515633
0.23965531801298
-0.171712649884829
0.802595135485972
0.535026946049112
0.0771758204855959
1.32549900099195
1.97006463119034
1.39401943198961
1.47618822283957
0.873285441238003
0.130160486413708
0.62072663604879
1.39930419940267
0.448049722094955
-0.081629119735597
0.275766125083173
0.644464226599836
1.59438197274487
1.8032665598475
0.756677176458159
1.63269232714589
2.0155178986897
0.65070792487483
1.0629747912276
0.435750443788299
0.918994391070603
0.131377947453208
1.61173978045463
1.97771278568418
1.73561412074608
0.88439316358469
0.88936964532998
0.858106022428347
2.42585249694885
0.222001219033016
-0.105569613322903
0.308789704022078
0.763743230250341
0.639177545354059
1.81044002144949
0.0923810650530338
1.58806984671258
0.162921321865461
-0.145437254594445
-0.599839227309203
0.598896342245243
0.357921920445694
0.284743553692728
0.983792444807519
1.38111310799033
-0.364317060332402
2.11046711503596
0.86706274099765
1.12678490600276
0.522874939312245
1.63757706866481
0.49711548869576
0.391251557204681
1.5624194472627
-0.266291737394238
0.860218666610016
0.812234317628629
0.829660002731049
0.672152879765227
0.0260468562518912
1.39777715862926
0.769428670569974
0.644103249925023
0.754731503828368
0.00642312970739068
1.17390902166774
0.937490599673212
0.0744265560745273
1.01608555942003
0.774376859143129
0.440947358020713
1.24262906927709
1.44832674759975
0.590094425400877
2.31720227299955
0.227111626636274
1.12613024269238
0.570813206824201
0.953056401446587
0.441149878457362
0.258678061798101
0.0794804321149877
1.44634602985839
0.284179331571948
1.14492541502513
-0.0497379409960485
1.72451540936385
1.70092501740106
1.06054341671418
0.711325431358139
0.677396368330948
1.58123069551558
0.787683053397734
1.03480962354009
1.64144371896638
0.0985930483951072
0.91047771974877
0.0711921627393139
2.18062898138772
0.779978300611921
0.0602909481542395
-0.0921683967447932
0.276960798096396
0.301036388104932
0.801671693856455
-0.162562131020236
1.96413576981359
0.889761250897573
-0.0449771497106713
0.468715078241349
-0.0155740703701019
-0.304094816362557
1.45607039086473
1.28271547865115
0.880047702771871
1.02396264569727
0.833844671966484
0.657797357429915
2.3078774285941
2.1662709106905
2.93659976397372
1.27884368454509
1.26570183475666
1.30682048483574
0.67172557139208
0.810728767834929
2.10042013975425
0.231758963112586
1.26023574999626
-0.198383664683449
1.01544093479287
1.80629925779751
0.448196088457108
0.407326267711685
1.38718679449007
0.222872599588584
0.0926838839113091
0.299827344905167
0.472857542126603
1.73941501065565
1.42795101906008
0.506898726652841
0.698574436122182
-0.15713130907939
0.881181389940408
1.29057608081165
0.177800674900157
0.685592305880743
0.753319676115757
0.791466260955558
1.54830195491878
1.1018594376511
1.20482685714518
-0.19283676682231
1.04066430003918
2.54669300674802
1.06250086559792
1.9021250340026
1.77395020462461
0.793238556780108
0.471002738240065
0.299686366101346
1.60182699271051
2.60308605336171
1.72448800232801
1.87445937110642
1.87287657926686
0.263061086812182
0.998827430641865
-0.130357853016804
1.86707498645391
0.365047617019981
0.591043822367253
0.391219663214251
2.21228370349972
1.35104136212179
1.9032123371245
2.12877051971114
1.00250382187841
-0.0540931195673158
-0.33391797642612
0.18121111951739
0.859675305966553
0.648860276520626
0.0320926716409639
0.451922369552677
0.290219045530722
1.15957568513449
0.222014700324078
1.19947349808398
1.21214557893579
0.871474189484467
0.865525225358192
3.38324731249237
3.0933670467229
0.565563047117527
1.25126018901873
0.152749729111474
1.58055418722934
1.25978078791149
1.92433052840247
0.461202585317738
0.0574198349999821
0.248250964578124
1.49924010892571
0.502119910001034
0.512621659822858
-0.470068087226696
0.835941791252163
0.736248355546743
0.0934182004004675
0.725020789251502
0.121890753836091
1.37756271564014
1.5904120952337
0.301721426729117
2.24476347621573
0.564504670032019
1.08159045460505
1.04646109011191
0.0967924485685148
1.76976682945709
0.381456249352336
1.39700009782111
0.175297081798019
1.93817427707653
0.826641421549869
1.69695271954676
1.50586567172599
1.45202515343415
0.508710121030122
0.72758753018599
0.807673033992537
1.01023954052236
0.865875352928419
2.04086836452555
1.19338127651188
0.691677723587528
1.60463361058845
1.89079392986348
1.87231240585479
1.98206253760997
-0.00296146364926407
2.1133513641721
0.0355001263294371
0.0628784695029936
1.73251347516587
0.511543227697003
0.558169466463416
1.55882675528151
-0.579510580478311
0.959745384949713
0.727825623876787
0.402224074493254
0.597072201682797
2.90825763223692
0.935742572524265
1.01471961672959
1.45684157753502
1.83494889361557
0.882369027551194
0.602091288672784
0.479370291384678
0.0290046954733044
0.305920737531518
0.265818542519476
1.72207213520098
-0.478646000458518
0.0946088035569397
0.968179735082309
0.875328380955595
0.171229025912679
0.590296448479193
1.71169719250563
2.13277374631991
1.00485627984055
0.595328502957472
1.64661694145404
1.86336227023898
0.304032411627657
0.492184654910911
1.92619972248589
0.604354645540907
1.530427017161
0.897162161986102
-0.0389485917971124
0.655484273563981
1.1825837444357
1.40392672830774
-0.0210771241099148
0.814802303078118
0.329869457016851
1.79560680474789
1.53344896156924
1.75794903587926
1.61297738945371
-0.278243819715025
2.13343676639796
2.0800914014706
0.207147811730786
2.0609915545911
0.75558354671009
1.94588725727033
-0.0419390039682747
2.07823023701971
1.40214380223513
0.996745926164227
1.42762539238289
0.805424193914085
2.05341175957296
0.846091377049748
0.558882532680221
0.645244084710538
1.96153888091929
1.8247128986558
0.36890015182967
1.15094937219156
1.99793102383344
0.751021328821673
0.884946286319013
-0.407309045590659
1.49349638218174
-0.20179594433862
-0.0172623502537412
1.96558763759425
0.800293143914717
0.21448522587673
1.04771692636976
0.679397607449311
0.00901295323067502
1.6599736343609
0.680394968475074
0.709309189743184
0.388336262473853
2.53857051102115
0.241988722234861
0.220420907430196
0.746447287787293
-0.0416627942858585
1.33309757670532
0.771033106439543
0.613828445322175
0.928655169986228
0.0167698336693239
0.718850800007464
0.0196302192565762
1.03814535323298
1.05851578128294
0.736487594891735
0.903866984132211
-0.0518064174344567
-0.127585533953744
0.921594538620819
0.435450002204398
2.03227934166669
2.8439410700046
1.23450356905779
1.18523937014553
0.54537918441787
1.0604748116473
1.79038787163671
2.11660493420803
1.13882894291083
1.28396721441914
1.10268760202931
0.836636442847255
0.709555193980341
1.00428528698358
0.297804056498457
1.14191362825869
0.740400751002898
0.331108410129075
0.82506378436432
0.0321377373938144
1.08718107127753
1.28265217265622
0.293447719342222
0.0184417076982241
1.14886824325462
0.99462929063413
0.613916781591847
1.33858778715406
1.18325947749677
1.24830660915801
1.94074497448577
0.567368983493415
0.0279068909654153
0.892069589537009
0.775442959131246
1.02424780279274
0.0263924378278097
1.07484765275031
0.143535429551804
0.949853977363535
0.750891093482695
0.819226000922436
0.571378585188568
1.77537834112762
0.0478024683011501
0.553204953833373
0.267178552186275
0.532182086633941
1.04704060393373
1.78071629509045
1.35551338608626
1.74117143492011
1.60030512038442
2.46009707724552
1.14434218983537
1.07669130339591
0.973947460775313
0.648552266171255
1.37435116110547
-0.0863887099779903
2.13516843066234
0.172671236886152
1.71417526614371
2.13817938030848
0.458924185082153
0.378475558012996
2.33494570066503
1.01434262005164
0.944870067095201
-0.156240894889867
2.06483324990617
0.827455663129278
0.943918613705607
1.05746765337411
1.41415012287443
0.600331492480976
0.886529259520975
0.820284731014544
0.189947964700081
0.162377458793937
1.19244078733351
0.00532608001608178
0.997585598363231
1.4868755207033
0.74648266526862
0.501444688826441
0.838702184055163
1.00643415498837
0.909112364454617
0.188279749074973
0.283476909914619
0.173028762895108
0.849212383180293
2.14884753200657
0.352020007861033
0.826348061214539
-0.140823844406973
1.82994796927229
0.207188097474537
1.80387637013574
0.672465868505399
0.314820647365192
-0.291661004348699
0.0398058054105967
0.852377457151362
2.03324290915349
1.3497242464096
1.0019237252715
0.287516973346729
0.541074870189711
0.509838159347066
1.33886349749422
1.40307126725855
0.506771601368185
0.817881257846795
0.633060558767777
1.9511795890202
0.376103245913167
1.74908137470066
1.28559399446123
0.756608509666789
1.63648411801395
1.9849662067634
0.386951175780918
1.81837501162639
0.621029103894638
-0.646377589813362
0.815617328735522
2.09680688911412
2.09147632406256
0.296418625454513
0.918961794565934
2.37659466756491
1.66910876793045
-0.180639940097812
0.0227142874527826
1.07469258636578
1.00354706181351
0.230960925251673
-0.213013362348935
1.82033146943573
1.67307292421467
1.04812499755663
1.18740512878798
1.45259657032276
-0.130072931365133
-0.280321328997353
1.42349841277324
0.191235544799089
0.0538896038770084
0.129108550571925
0.576643651772787
-0.329873763263197
0.707476798233666
1.05862620488028
1.18664999014779
2.10012615488766
0.903674607559232
0.824093762824774
2.15535250144398
-0.342021058598536
1.04293595156155
1.10148238576735
0.596569832527848
0.654292886075185
1.30668943433158
0.340007297015166
0.0461965732753353
0.550966202455137
0.852893039492496
1.75088824701891
1.59823071664572
0.264604044048386
0.000181740151687118
-0.098251767901769
0.208584907903527
1.83050582402137
2.04790826672446
0.858738376882267
0.879375167710118
0.964207547801819
0.9666443406003
0.656849007423098
1.34472569865107
1.59616006933612
1.78390418863908
1.26465997479308
0.66593456694974
0.647892311635858
1.01793432500515
1.12440575145809
1.2788205300538
1.15051028812081
0.919956596743307
0.868180675368124
0.765346215760114
0.725843222614661
1.02311033331462
0.309115777794974
1.19331343359524
0.734070895422704
0.872625219088773
0.450909892622416
1.68070789185064
1.21254899001051
0.320287215624221
1.23833908924839
1.73791859417924
0.815223380110505
0.925387589138793
0.933219512595293
0.540112546764592
0.893287302262903
0.9084330257271
1.62872824832069
0.926180271326371
1.49359441782652
0.730566365178923
1.9997992646569
0.814077502018157
0.189070872798405
0.490571593583468
1.07195726614017
0.566476230110704
0.869903456229068
0.524670503053186
0.9746733386792
1.39049101136979
1.0317078656192
1.26931571284032
0.96789745917855
1.05196322279489
0.835731347535289
0.960849718630947
0.714669111297759
1.26084863361874
1.08713367843909
1.78596410832599
1.39564913768058
1.26616468165142
0.589329017183206
1.16123201242242
0.679676017855208
0.938931358557038
0.744341069448281
1.1454541829567
1.07972617760325
0.938689452734265
0.874634780902089
0.900837910139895
0.829010448254448
0.898457985258834
0.805079058494885
0.833390776720418
0.800679656530494
1.03345782547892
0.641674726775469
0.694615400571355
0.66082538512443
0.656606625000622
0.388785383512146
0.618417289883301
1.6095360651074
1.21861925033074
0.863387041597535
0.845456357023274
0.837169215181124
0.868123582479356
1.30772328459939
1.43333187859667
1.42771850353802
0.942803235250375
0.964906593151594
1.80608351458288
1.84358807591178
1.51576101525171
0.837703746895646
0.92732132738199
0.853653136917787
0.668113029726185
0.647370524947626
0.787642625622249
0.764902814724964
0.506742613847116
0.200517643219507
0.381382132655496
0.867843124292221
1.15027464807697
0.916707412178148
0.824254607659319
0.439913179981371
1.53470579938347
0.101896425378661
1.26225087836378
1.29787350702441
1.85095859286136
0.445033180583086
1.51250749928416
1.15281452424596
0.811441738227416
0.600093443489073
0.686064296157274
0.870073426684207
0.88761182083802
0.555287537293525
0.558782557464315
1.17730434523403
1.11700857516218
0.980642141728589
0.91689229047624
0.933827037499976
1.8900729935162
1.66080829234666
1.43818404945746
1.5529735546835
1.25506658276171
1.32743880806418
1.12817323821622
1.17427788584907
1.04733502397571
1.15721793452017
0.505396227497359
0.903847582032887
0.986511890954645
0.841263316797506
0.957367763665149
0.834644556873417
0.736880674198752
0.886976002902755
0.643365505537272
0.371867410998839
0.381460576476887
1.61623788808045
1.23615097973822
0.895546799919556
0.618687276106438
0.798959420135808
1.28797731910875
1.10922325585663
0.63690861830458
0.99147233768123
0.780795852573657
0.761936209359642
0.833753084740069
0.600287278676456
0.668901568647212
0.885275791550643
0.901891630227948
0.85121562400642
0.848876920673531
0.879355821933024
0.872761144156718
0.612737764019588
1.72839570183206
0.449344034130586
0.957056221322859
1.64346807866578
0.188187099658341
0.508756257974591
0.667183788012655
1.20950972135166
1.23147465469736
0.258848700230346
