0.850043660681136
0.922437475019689
1.10663853201036
1.12954878389222
0.324623539485428
1.152114553967
1.35571351475036
1.49475698913339
1.64274626622033
0.13258894429336
0.307941939610362
0.427337298109155
0.954171523625972
1.34342209264455
0.806619813853456
1.71110537588969
1.72792556171596
1.5023453000884
0.995771316922174
0.83388245120787
0.831526741605384
0.643706219385763
0.929467042563532
1.04537754098815
1.53381741528924
0.983834660689451
0.543495831302225
0.92165483451219
0.386520796738198
0.558556063378754
0.841973023666266
1.00297463377175
0.809429561747874
1.16433483023371
0.954402364629763
1.64378794174402
1.70403510336003
0.859542966890074
0.832383200248127
0.897899136262169
0.749858034373568
1.20654869795666
1.31407866234085
0.286266134890663
0.906369276241794
0.620707883899563
0.140632556387044
0.607119533990141
0.526585411013208
0.728332201091077
0.305370163869375
1.01578008610334
0.935088340491706
1.22527430326212
0.60434329641661
1.34364557149489
1.19716315346299
0.935656921649001
0.345076012071699
1.2290960518009
1.25145865591474
0.92582063137579
0.986324847286081
1.39545403846574
0.271625496965212
0.879508659489458
0.608760701074034
1.67854739659608
1.60229539231835
0.413358288765186
0.639712236754792
0.667270955374775
1.15282210705671
1.09476674674654
0.499523261354747
0.832272706141413
0.918944090113787
0.823713629368505
0.708766248748217
0.469932766902447
1.01264754343815
1.0688145617062
0.868355018187573
1.03993485328086
0.881303557602369
1.26894026880348
1.33404449929018
1.62025649318683
0.224798033327181
0.524422742099232
0.734582587056257
1.73792315405178
1.23112266022823
0.963418610626616
0.866450026794339
0.9445169212471
0.72301370000537
1.0951559742526
0.880641539248818
0.30113454458569
0.978952581108197
0.826714016690914
0.909633272281573
1.11965199688411
1.33977077552375
0.948689466416376
0.263948822981981
0.338315208874974
0.348933536182583
1.32073777456862
0.792716268097278
1.08348985652772
0.115133270192321
0.948418623309183
1.382110068485
1.10800851947694
0.864749253081384
1.05736241881863
0.935522702027967
1.06848391649736
1.03607609213151
1.22776529033407
1.22307800079625
1.27422658548986
1.12990311750384
1.05197170846652
0.876382010122396
0.957730273575134
0.846200933382857
0.879972115974092
0.392197036261775
0.603807440200252
0.390013659555423
0.868461293167629
0.755487527553497
0.836849545582654
0.437592495290023
0.994340196382763
1.56753576430283
1.901777088608
1.01175499399233
1.70641417361911
2.00740310663412
1.80139294776558
1.28413134929941
1.72723446445369
1.05472541217171
1.87673582915065
1.18732291188135
1.20833112059109
1.6943947843407
0.439020952493894
0.0275410744800311
-0.0423065795663922
-0.238040040857126
0.830851709107486
0.374137678592973
0.462642897051126
0.333796762989415
0.48400798825835
0.222843939111428
0.443985071609817
0.709470327492354
0.669651458799787
0.568770309628963
2.65023697286768
2.67075146686494
2.13408647593718
2.41300837581171
2.59715688291202
2.94470463605848
1.81989216269842
2.1586951108332
1.95341039548433
1.46252842966633
1.33894193856996
1.21007252496645
1.51158684586142
1.06566555258006
0.840757535013076
1.31816484412867
1.57799433184758
1.80351311137757
1.28813307478703
1.34561816076387
1.46946891329144
0.754615834073058
1.06073585386951
0.162645594613853
-0.181521223025268
-0.60874259945328
-0.476052118149793
-0.432456097532735
-0.498792839299124
-0.43546431181583
-0.385120013359889
-0.31537823810355
0.217768748550527
0.468955849529633
-0.213870651893633
0.5928409596689
-0.515130602625433
0.147642833843849
-0.408846196433918
0.371592352834896
0.925623754597422
-0.0202179613965345
0.154505140383358
0.608699193655724
0.33211834282756
0.777910560725833
0.968162618689847
1.22199056774083
0.831547304457672
0.712230026641196
1.52194489876799
1.34933673099993
0.99442577031684
0.444027734653612
0.2023183337743
0.383343578912776
1.1035007219317
1.52899136455158
1.40732572035799
1.75044533174917
1.96792207251052
1.71770629051258
2.05788810150511
1.81664079279784
1.9267654244924
1.97482371906885
1.7768905176158
1.93769352318254
0.368081487452231
0.359778424719858
0.0776688049207052
0.223994244410075
0.219827849371339
0.568170365456825
0.0805350418006609
0.268977783637872
0.145129318196524
0.282560255751329
0.646777181053087
1.12225984278456
1.06239899380093
0.590487610329901
0.289931342184051
0.927011302079356
0.945307242555809
-0.0734823267748426
-0.0701978858370252
-0.159547870617141
1.47889117264055
1.11773836956879
0.992663948181301
1.21957204623882
1.0992201017528
0.923559305488226
1.00489363205689
0.833508061303657
0.615103683243761
0.119981271334027
0.0113401333559223
-0.331475920234571
-0.0872180891849962
1.42985261450605
1.47826429388008
1.22569770319647
1.29505710489392
1.13226377644497
0.791964165731843
0.474852830154181
1.96233763247006
2.32930381579707
2.20723085759333
1.23700860496065
0.894338687977066
1.48261915182592
1.29315902260919
0.985854313878952
0.915936335124818
0.796675384888091
0.896900599239672
0.747353133469964
0.85727564550773
1.38239878232628
0.904071034567288
2.06845975230029
1.14312734371162
1.0318300471984
0.892746023369226
0.707189292598811
1.54052278132584
0.141603446279867
-0.0625416327403279
0.449298882120068
-0.455743762953607
1.50909645512947
0.624760945736441
0.736686656493406
0.886425673682244
1.09786567937463
1.94229275669491
1.12710492488905
0.771687625631154
1.02356853031558
0.104306996119998
0.488129783754524
1.25367602269599
-0.114660103059649
0.581748254828635
0.92117590298314
1.45669572738503
1.17012661601347
1.06865098120954
0.0397809298149944
1.60413280975269
0.824239911087013
0.654908113561907
0.92034072496644
1.83393638883518
2.35810113646074
1.77908222162748
2.25190374416997
0.544783947231302
0.297333136719021
0.94930788508178
1.04063913877449
0.265332757205327
1.7868012742864
0.399879457299693
0.32775221645477
1.08161739784288
0.819455508815262
1.94018599728388
0.445923775798396
2.09154421657474
2.44860992247372
0.444061447060715
-0.012789132541558
-0.0170015916193737
-0.166713260906604
0.106384825579928
-0.448154336671144
2.16304384046662
1.82771865303156
0.62601641528815
1.93639897029633
0.0170805432431623
1.22404520573918
0.00840729416856831
1.54989544779609
0.67829032623631
1.09387511304923
1.15460659776339
0.757979751230812
0.843403147825973
0.314276354004695
1.17840312712606
1.01819250777468
0.958983102809205
0.95528375724722
1.59461406152295
2.14472294193725
2.94842026799617
-0.00195151999093999
0.818903010959396
1.04990969672119
0.696490265613185
1.8808418728637
0.969792606662537
0.713031100724799
0.700856158180972
0.912416958583579
0.77534659639131
0.528500787831075
0.950867147936109
1.54712966884136
1.65932030683332
1.55134980904923
1.18956253013712
1.05335454950717
2.03439117821693
0.785323754903088
0.0566614173145032
0.167899338709013
0.58650319460727
0.949090186827915
0.824002877190656
0.901985466164774
0.615715995556924
0.58215792250023
0.859597665660861
0.890184729574159
0.542243594868673
1.18447159999936
1.05105031739001
0.547137295831606
2.77904506510485
1.02680468940487
1.09836182705826
1.30064342213796
0.595973510348025
1.9588444506695
1.25685795795658
0.0174639141162626
0.0559782760713573
0.340287953972071
0.119576019702884
1.2868384583615
-0.0387505424148648
1.00722893520081
1.07832633731767
0.895355364158007
0.642714200129143
0.869983671271413
0.498219543906791
-0.109589778093752
-0.143100243889572
0.0767240761219108
1.28494266454465
0.937836821300884
0.429769452150074
1.0307425443242
1.0289988006414
0.72584348135316
0.748761924919169
0.895086459036204
1.23300215125734
1.21935215404008
1.16507160033159
1.23066136346587
1.25755216598211
-0.0105903050486073
0.438846345392527
0.850069021664746
1.17051240694516
0.373037160647466
0.714030797532888
1.27897546730747
1.92201366915877
1.88844468236297
1.84673889160926
1.42151747541765
0.89719565177427
0.961013869958086
0.637960610242136
-0.527391201427874
-0.471637503179206
-0.28600858212213
-0.084116016838829
0.580165584863134
0.509451544307959
1.24800498017968
0.719938710927567
0.975948104729816
0.410634171273369
-0.551504833001716
-0.232595029074104
-0.567796965753875
-0.155021021656296
1.63925724651512
1.68608285155355
1.57368165279474
1.38039165346343
1.41253201767982
1.32944911105209
1.20585285133649
1.0766696034053
1.54661954138283
0.634138473370189
0.68349191460094
0.313314969664101
-0.0486903883928403
0.864388195575187
1.73369010212158
0.239096313780825
2.08074781289471
2.01620324797067
1.28247310667248
0.573210920066713
0.0339067060166378
0.33457047707487
0.761236570067095
0.711054038727921
1.76781527117529
0.847611623105111
0.0287274921457708
0.0540240239018516
1.06367206934839
0.754185609565994
0.430586869550214
1.349239235389
0.186221695369375
0.559748236389981
0.754207182919519
1.01913895628223
0.276197919696604
0.806730429990142
0.852275082670996
0.847716126425631
0.896503555056232
0.206107056348641
1.30862970940714
1.17102839953895
1.10788787345825
1.76662151885135
0.672591515345924
0.70008616309289
2.0959304215675
0.117400895820211
0.0346567766045806
0.204556234607272
-0.0892270037724821
0.719754269651357
0.44827336170463
0.0158100176428872
1.39272646387625
1.52422570976889
1.38972546835046
1.46272481076139
0.98070490792188
0.269584994334659
0.559637472109462
1.4087344945495
0.677008591926726
-0.132198889076672
0.16731805090954
0.668518085951511
1.59456362479406
1.79759901427495
0.722650587385107
1.22607192771229
1.96251959344332
0.617269448783429
1.05186062742141
0.395651088971563
0.883753834383116
0.040413792882016
1.38364560357394
1.95892421212843
1.58329478425791
1.01715649008793
0.929070519064197
0.912325565403629
2.38247994942993
0.263011816451347
-0.102311415856743
0.290556130576945
0.776401659471509
0.646748060445247
1.87527319752619
0.065332533045147
1.48998491956161
0.109557395693996
-0.126006500657682
-0.542969398932604
0.582109489500518
0.254594766263701
0.331947691245282
0.904267002655211
1.37914841268173
-0.37238922136015
2.08091637979893
0.770289086085699
0.890162177226117
0.556291881333801
1.45694525734161
0.496085915531323
0.517895063460507
1.4811471117717
-0.283867682169895
0.78957869022641
0.882407096189007
0.92587062924371
0.765511132832212
-0.00541361690227688
1.324569795373
0.820403894709941
0.642693988180036
0.74067077859655
-0.0644822284957981
1.2749182679944
0.823179998831484
0.0157599720467304
0.908443951047929
0.789530075684595
0.421218875534206
1.31554809884652
1.3271120926128
0.612553517432232
2.27138476438856
0.160167650936304
1.1502921372422
0.711649786325163
0.904668052955979
0.545534946127619
0.372793949797009
-0.0451813112129143
1.39977759348322
0.268092678967865
1.2002407198766
-0.0397818649006731
1.71878107264615
1.77276367088888
1.16097789237001
0.838419052817448
0.760363871088186
1.63962427723341
0.863600278616589
1.06856998432946
1.61776300123912
0.12777667300982
0.998302884960778
0.0512422713406966
2.34013439109893
0.703180396736898
0.13154044505241
-0.0260857669898463
0.157412209210775
0.331733712006535
0.857802247835775
-0.131550661729016
1.97582498591741
0.869286443767278
-0.0825940825540831
0.495710033893412
0.0488230662771474
-0.228224218250757
1.442542597867
1.11831094414908
1.00280420868994
1.08095816802631
0.854446101042543
0.604053658395584
2.29127971949517
1.97786020145535
2.79628304654233
1.28061867569068
1.35021762192029
1.36092810370441
0.7475257033002
0.855998079910932
1.75935134782622
0.256450573605563
0.982811161208444
-0.0889835384894798
1.0259877288012
1.82574942869103
0.480011950289881
0.500453908392124
1.31704836107038
0.20782958912557
0.0932696214556218
0.300549920332118
0.413908742948958
1.6560830625382
1.44334979824437
0.612302906074293
0.680005704096077
-0.236948652576842
0.823532020808065
1.34519525637749
0.137443168118904
0.680378159584673
0.729500909320973
0.783439687975642
1.62581764654503
1.12189112809911
1.26783597655615
-0.151270487852387
0.934439603886582
2.43920742750891
1.18156246382611
1.77881914703875
1.6251504617251
0.805420821990555
0.440612771274242
0.314858856317346
1.65342670877633
2.51451031805404
1.80702550513261
1.85436997357599
1.94395303863694
0.197237074714275
1.05854690705364
-0.0443934622518447
1.77573891614769
0.401411403158118
0.557796938131288
0.390739612059565
2.14175168408132
1.02406117223017
1.87596246924188
2.06996910136432
0.99330767104416
-0.0231749949741401
-0.323987485547663
0.226408177106761
0.886449665819578
0.639098747359534
-0.00964458745799291
0.4248958162939
0.289339820956147
1.16901715998873
0.285916100121103
1.27096122771685
1.18113257390887
0.819622573846449
0.869745393661219
3.21409064071955
3.0615333118285
0.593441965763229
1.2371916860175
0.183173630471658
1.54866745837641
1.29623528872984
1.97559528090857
0.692683809406824
0.118748756609951
0.216767547957359
1.31398731697459
0.48609106850234
0.528463375422693
-0.469326506528744
0.830519528890023
0.746363694533691
0.120855795731914
0.737942932438018
0.188681280279939
1.35171504595116
1.4324645201888
0.280037525679533
2.27732418420354
0.573840929006566
1.16078012770002
1.05759702676326
0.0931964727774356
1.71945469125999
0.401245734774184
1.4935174390392
0.369121247431624
1.931973124808
0.813102247776895
1.74824950329761
1.43103786650548
1.43838955707319
0.485685727427897
0.906340337796064
0.964024372944806
1.1276893388536
0.856922090965015
1.63641593591293
1.17468725494798
0.628675290864535
1.55435379027122
1.91884954464114
1.92284062793881
1.89081819496323
0.0344896848937817
2.12556030986131
-0.00517070985580002
0.112441138886695
1.67808124242496
0.51356597338583
0.607457272746984
1.31203959182438
-0.571106638075468
0.983800993705849
0.70199975953336
0.394680191892237
0.630116052179783
2.94329961841692
0.955129184275564
1.02481451233741
1.4032059283875
1.8602180197478
0.890657457164109
0.826812112944495
0.434983788091018
-0.00396707915519837
0.30999176168408
0.328966534920615
1.79829906856932
-0.416893666801342
0.147322240296393
0.818977651093495
0.981633185646554
0.259746605464976
0.623346053492832
1.68537298133026
2.03349186943953
1.03597797327057
0.624141332654129
1.65376171208031
1.89698754935256
0.344996742199798
0.477059880327541
1.90709785287962
0.5165082821724
1.41529899362716
0.752979618734931
0.0303268638227343
0.624981087383146
1.19406466207755
1.41445806928791
-0.0018401674455083
0.772567534376825
0.34736563456965
1.84252913264622
1.51868424655467
1.75131872836086
1.55736344688459
-0.303076646053601
1.90964531091132
2.11796021414368
0.227423150290314
1.72620622657093
0.752884074819484
1.85120323573617
0.0458087345815012
2.02452706150748
1.43677253086268
1.09991757296129
1.4406112197303
0.850254556258367
1.82796076693431
0.819582458604411
0.605618054450309
0.682686031144873
1.94925020520835
1.81886394087587
0.307347030256774
1.19231755283541
2.01409104250308
0.873905544158616
0.964224811933149
-0.356490242863624
1.43260042452543
-0.160706219292542
-0.00308696861042147
1.93652392207982
0.733239879651922
0.229096649781974
1.1409034206396
0.727846913270381
0.0315168583965437
1.6084097609257
0.761235735518984
0.766923203373053
0.433848104654392
2.49195639238162
0.204807522049815
0.193138192191163
0.64043149783698
-0.029503585135888
1.34781118640061
0.76099075526047
0.633431681710134
1.05849572828277
-0.0237036424024818
0.813701347231609
0.0101369074457934
1.00473461874759
1.00375992934265
0.830782866136596
0.95919491527313
-0.0749468011706025
-0.135922471652656
0.785558593053389
0.482726603178177
2.06532751841918
2.87077896016421
1.12224573797726
1.23232744123334
0.56324497510961
1.04647718130585
1.35215511025429
2.08918426090724
1.14096696433631
1.33529270584476
1.19283665884028
0.934613738183424
0.73136867594916
0.971431288376159
0.307482817818192
1.13827207268326
0.628530813598258
0.281049374428329
0.766089345797981
0.040417362727598
1.02215959132202
1.21560840219011
0.294406499256382
0.0224143621115153
1.2222991753519
1.09979812956368
0.86240753968833
1.36625426567221
1.19865579053817
1.1864562393954
1.88269025584677
0.570478853665988
0.00123533532693377
0.921133943286601
0.865822364022611
1.07655624181372
0.013306797199126
1.03549289122449
0.133009217711921
0.967042368912185
0.737323766138453
0.821913064512007
0.554911892910698
1.88104559896467
0.00492282012766561
0.56009482798297
0.206897348258091
0.553759546730264
1.09601419648713
1.75606846669628
1.38036376196121
1.55342545238683
1.6480968077169
2.35989051943998
1.12941774500104
1.03827254536753
0.996564904669232
0.626232047556171
1.35223975292724
0.177309855555849
1.99459017724985
0.433402789371237
1.67603555523456
1.95562730861191
0.464479969853036
0.306018378448709
2.26041728259961
1.00036956148167
0.940187016693746
-0.115959299178253
2.04957372873195
0.813657407813414
1.04576510118212
1.05520624189083
1.39271502855966
0.807832192193974
0.908710346774147
0.986904364825802
0.172177752477549
0.164870571416153
1.18276823648823
0.00791567219739928
1.03338326081234
1.45017123804136
0.726457619024248
0.464301303553171
0.95776196703753
0.891635046131569
0.789400789864102
0.192755581908122
0.310799342427228
0.211801212366527
0.941168349740842
1.86169836059881
0.478627092045353
0.807686405888912
0.00774982485910055
1.81865532366266
0.170618628630335
1.76397152538804
0.766276645201137
0.564955383499533
-0.170683403624399
-0.0685482383889361
0.81075933901567
1.92923449722365
1.34952460133752
1.03914065797048
0.259375573056156
0.559392091583026
0.476291042602119
1.28747912380816
1.43470504149866
0.476844022418625
0.833947010212907
0.561750657923331
1.93889842320446
0.342649375891493
1.8036992984613
1.2452907561053
0.804777380808417
1.59962639862746
1.9126670529478
0.403739895970535
1.83351702394104
0.620560999996638
-0.54759852163507
0.823394836975639
1.9047153442483
1.79774644480102
0.357027156620902
0.926836947300855
2.32451525831034
1.60149697379765
-0.225864474320841
-0.0464793541081227
1.06356903724997
1.02094028859129
0.240951547823227
-0.278017160296545
1.85079819621179
1.64046585580134
0.811810756147872
0.953282122544333
1.20139417176054
-0.115302953717306
-0.2011095674436
1.4072342818151
0.244580016000627
0.123682346352561
0.175623078119437
0.644199292052088
-0.365805568898265
0.743901147332572
1.07864097924703
1.1715258543943
2.06404595502945
0.942791328241347
0.901584979652118
2.17741679076192
-0.371732288556681
1.17330885553383
1.06542165203727
0.577030485781578
0.536105805802382
1.33051364175254
0.310180010892705
0.00984021887574653
0.513382179280606
0.968518730901353
1.57052855539234
1.2478475543976
0.24920539463421
0.214963042097331
-0.134962547158183
0.431840184369105
1.39984761355116
1.86312314787221
0.863179366884145
0.905947245987951
1.01076319708189
1.02835755034215
0.658381338643017
1.37975859096367
1.60607547875695
1.71814589638959
1.1544711104857
0.795955355943175
0.787759420341243
1.00002822170135
1.02052197790923
1.12842851092585
0.967521936185277
0.862200460557043
0.906009629166638
0.763355721418617
0.784260123368063
0.927084046748309
0.432631427075196
1.23915390797419
0.877477980820592
0.925323690990885
0.460229142369747
1.30638827694712
1.251779482252
0.573976797162179
1.24591490254917
1.54510491781984
0.890651937834007
0.850628644963934
0.98320845301308
0.589459876522292
0.976618541329067
1.00024222754603
1.69621481602776
0.974860686002425
1.35423196910345
0.80162693463555
1.78076721598853
0.9141224584114
0.425625636373735
0.529166105547532
1.10983251070131
0.556673221955972
0.85662679286591
0.731606063134967
1.00542154927933
1.05226601843364
1.01663243663548
1.10229244243987
1.06108173553434
0.995114598901516
0.871153276217207
0.961495795611
0.70741266184704
1.29065996716302
1.08025569150659
1.51217905750743
1.22326906649778
1.04278898761555
0.757174889670871
1.18110895737679
0.791770753659691
0.971734670992076
0.833017185848942
1.16929863602437
1.02717719734586
0.971402125251116
0.904450701375821
0.936292633886116
0.913440705858568
0.952254079144128
0.885385008187924
0.900845257382781
0.876351673846554
1.08054372907337
0.702408754093906
0.750470251014813
0.831930698629839
0.804351436953699
0.412659111667121
0.625191502040119
1.47176527525525
1.10391283609137
0.936048411872369
0.914048582725949
0.931731904153504
0.912440241779838
1.1857591092266
1.45235040229049
1.48046597392707
1.0310572591001
1.03621282649431
1.88587615553426
1.84714895044962
1.39327394249229
0.85742875039979
0.870455382980258
0.87820266007892
0.697756630033567
0.67628996755565
0.916003655838791
0.881355077168104
0.703734575813016
0.46585656669767
0.614429244630536
0.883837325804408
0.976279217060401
0.892829499675426
0.812224245203534
0.669633817196815
1.1558604837694
0.312761661242149
1.31430581762259
1.3076472143882
1.60948340568849
0.442356289415658
1.35170352368518
1.18943270968197
0.881238370283503
0.587275157230463
0.754199323095857
0.840968719360024
0.926951926533067
0.602529998109395
0.611643603861524
1.1822807356137
1.1650699094356
1.02011853506128
0.98808274440708
1.03257626277004
1.55634071120709
1.35159241329918
1.14677673677902
1.32459383708544
1.06976481040844
1.12982414255024
1.00453512935112
1.05289052452784
1.07101876564346
0.953800670780094
0.706752517695782
0.983626884415566
1.05691105503026
0.93466665111723
0.985083386625889
0.920582891426717
0.892164921106438
0.941961813934987
0.702851497136188
0.396228137199962
0.419905187634676
1.5088311031797
1.25096725950523
0.965251462005668
0.807610137591779
0.89959991256988
1.29553435564928
1.09852064186087
0.638032435597433
1.07087975946721
0.861962789853896
0.833090553264604
0.918236132949378
0.655219475197124
0.715185567337315
0.953554598450345
0.945560024231988
0.916924453094791
0.915146166227777
0.921613590818491
0.941919404083287
0.785867224950383
1.57679977602292
0.642673618654284
1.05463749589108
1.65289654551712
0.27004838479816
0.598087011442466
0.742766312999363
1.14165831502265
1.28802038755325
0.522571940028527
