0.799329355666297
0.856191342004095
1.05436997460464
1.0883575992041
0.299429490118879
1.1756928219208
1.42837943547123
1.56276882175887
1.67935280306434
0.136992682361771
0.147254053703825
0.269927289884316
0.885226912704517
1.33302785170246
0.956017545838108
1.86067827206223
1.89604837511149
1.75276167722303
1.17868947765671
0.88669237354607
0.820378234217307
0.688029827464706
0.933027099683065
1.07634637707275
1.66430615736438
0.879436368548476
0.53358951707637
0.904810719839745
0.4471127416996
0.602550739299323
0.758091893165777
0.933465553227991
0.707658034747436
1.15451807877564
0.887659677090362
1.74593803811887
1.91732040489391
0.89895606215946
0.750064219249681
0.800954557656335
0.774663134591057
1.40878152289649
1.31813668129556
0.295956676484463
0.869810412101784
0.487725672625976
0.0415293128788513
0.633858129173482
0.491374903720145
0.779386494134545
0.343187661915994
1.06131780344619
0.934077974485698
1.2200769570536
0.672260631137373
1.3133977319579
1.23586887401234
0.874113164839807
0.330531578340645
1.22537608696049
1.48939425940582
0.847951623254318
1.17904152980039
1.56546602638461
0.303167586716649
0.995836256443187
0.620826803318273
1.79790282568647
1.70731729808238
0.379660394856009
0.674530362414105
0.711841553043735
1.12290720957783
1.09361142281205
0.470863643042966
0.838374317678401
0.867960260233361
0.737217338021858
0.768373287902448
0.536832712597732
0.927419339246795
1.08153814302785
0.792810440758049
0.9793633589012
0.805560471374815
1.29442652241033
1.31502679531262
1.85620660301947
0.0866741533451443
0.378108142010175
0.83810923287848
1.92953856398989
1.28743844219399
0.899727808243318
0.793421775791062
0.832458729595952
0.606014273891829
1.09931333224055
0.79356279775822
0.324274810375696
0.995458322641464
0.84460463130043
0.890747684556592
1.16045100105182
1.31855431380611
0.883078515481421
0.244145919118144
0.334179728399733
0.399711723442612
1.31952735159369
0.80078920069788
1.06943368675633
0.0685270172571868
0.876958214177165
1.63379712563434
1.3220925034734
0.903326283137637
1.06012284189509
0.934303430825616
1.04781897136255
1.02312474545542
1.1801104794834
1.21342878715061
1.31133557155569
1.16749329287699
1.04928624351012
0.852973344422674
0.954353359763078
0.826619469305306
0.840876895793092
0.397311691493643
0.622419013280574
0.383375193349042
0.886345039250812
0.794251743071461
0.894050758434648
0.448414046839646
1.01842037698522
1.47580269090331
1.84031171166979
0.984197967640661
1.72425971163041
2.01063274257244
1.87012302197867
1.12798119545447
1.65553135633383
1.07051958337794
1.84985638575092
1.19030065195182
1.2451669998188
1.70343859201114
0.441784630881035
0.0887261010067992
-0.0460004404428024
-0.235764156058681
0.86259037120294
0.311242638551529
0.435514778156637
0.337580482503437
0.416407942358414
0.237464750227238
0.400648462859306
0.768902048640341
0.691770782287551
0.50666216856347
2.69110252012451
2.69184117598282
2.12249481583615
2.41531761898208
2.61153498184263
2.98615794491491
1.80786631644552
2.15732475818517
1.97412501463226
1.42717697735757
1.32049326163647
1.18916626582276
1.52938996576728
1.05536878586489
0.797192332026414
1.3306328298298
1.60477592935666
1.85149966274036
1.30950718797288
1.38158558567576
1.51390099709552
0.745608940144879
1.05272418552645
0.170352495025634
-0.226323715917309
-0.610986136292257
-0.452649624759669
-0.453305441443915
-0.456162448703634
-0.427231223351077
-0.392190327715343
-0.324723326447532
0.172210252303465
0.475364009500012
-0.205815202722475
0.610494246171672
-0.512725905596872
0.134943254699115
-0.499527918299186
0.276411759298285
0.903880988344166
0.0028447229248314
0.116153910095523
0.660561184552922
0.35439352784442
0.776757696947445
0.961556909846587
1.18960361099086
0.836020153411354
0.702848370668771
1.50864119883405
1.28044940295423
1.00601187664754
0.42563362948267
0.195559392675847
0.324051107718305
1.13015321349853
1.73527427988934
1.39656631359121
1.85825908999958
2.05700712823249
1.7364813876798
2.03806690133029
1.82249425867161
1.96242139833927
1.96908041079087
1.75483493828582
2.04431007047722
0.356371520003904
0.398841325896098
0.0587295708041093
0.195861520098997
0.234094748430429
0.706575431598393
0.0687894557494565
0.332342327325454
0.146893260100466
0.307350962155543
0.679142470328948
1.14345760698948
1.10753240083391
0.557839112346605
0.266264354468017
0.937619778844554
0.926338587026449
-0.0190510877870777
-0.03170686477539
-0.168012639658351
1.50392226087954
1.12515914915905
0.96090564194213
1.20240200694395
1.12636316346174
0.899224888150619
0.978041775214823
0.843376367451679
0.620002343987474
0.106123981869135
0.00656232207657534
-0.327859608967581
-0.0809782662481124
1.44466291968348
1.48208373574711
1.17893938257894
1.26526589604025
1.04804837578925
0.596656304545022
0.386467733390596
1.90033949210581
2.31633624076405
2.19064270216546
1.29996874990349
0.895879032489328
1.53212076591394
1.35787047763949
0.947593747079905
0.997401612636305
0.797879402043157
0.953372529680945
0.761693722431808
0.889834548443054
1.34259050552953
0.904026479622306
2.16217116764935
1.16870356284945
1.08124417628591
0.916975611121211
0.653851758476887
1.56044941630037
0.160071145575955
-0.0975825225204866
0.338877840568577
-0.445788912930287
1.53210307002186
0.635598480762529
0.778848753850569
0.845996159207501
1.14296807719396
1.99888165649463
1.16294230891866
0.72129078009477
0.924071963699142
0.124511785407907
0.485702172004122
1.29188328087836
-0.105871899045983
0.525955130566554
1.04893809481127
1.4777659629424
1.19286940764026
1.06689600476868
0.0145517420506173
1.5945001548682
0.866371553324087
0.73606660827362
0.906725392492519
1.97141964806832
2.3200067452391
1.82721054793522
2.27309888998746
0.552660702097355
0.305582525258698
0.934983030183071
1.06417138001075
0.213543012340573
2.00737105945875
0.36603943445228
0.299084982840457
1.06221767536035
0.812712994589601
2.00646056943256
0.427800072530136
2.08764132145034
2.47458058308581
0.42578749710755
-0.0405109403768324
-0.0252285971446146
-0.245773730955064
0.0491792328807552
-0.453015579474127
2.13026179582657
1.75859623854138
0.622428286154359
1.965048576474
0.0259080855018438
1.21665188258827
0.0262151367548398
1.48803118049094
0.585272410928627
1.02730465689799
1.18954333155802
0.755780064414843
0.920268712974794
0.16645952028081
1.12592383741176
0.959567637537859
0.911575364385917
0.969067453743447
1.55901257554034
2.0818819672638
2.9567878834869
0.00749121891443352
0.781330238194456
1.02644981371313
0.688646757557588
2.05867730458356
0.909372864161041
0.754972655592688
0.725110144130058
0.907057977272656
0.781999707100846
0.488035848731462
1.04943384679272
1.69531064471497
1.70712631947581
1.52616409910808
1.15573313082987
1.03339554740106
2.06853715179925
0.786205236180837
-0.0608740107835176
0.258914829722265
0.450245200035806
0.842199589300762
0.761281561611852
0.787550992121525
0.556420996278238
0.581069197484414
0.872208121458577
0.79026104486714
0.596534333577072
1.21262926320666
1.0590683014684
0.592338326456927
2.84454231000022
0.953028479220302
1.04495213233303
1.38290970879002
0.573598898375785
1.95981759043648
1.23540332465524
0.0173959784855246
0.0237781812321849
0.363459746865699
0.188548688280261
1.28325113009849
0.0119548257852308
1.02995441381709
1.09031568333447
0.877973746443185
0.657832543853388
0.89126002231283
0.439528005041402
-0.157403920910341
-0.135744756962052
0.0503279316895188
1.31745535197976
0.988490490233358
0.468134330124274
1.05636708687176
0.963818660862754
0.760869384247121
0.822041298270962
0.900250363941978
1.28417052391034
1.26968289723137
1.20682925486449
1.2181310490426
1.2738641531794
0.0625123713823618
0.444909978853037
0.890812538038061
1.20281330110124
0.339665041215179
0.72703406954517
1.22270642148011
1.93346843401147
1.91671544271103
1.8370382795919
1.43738734234451
0.916133013499666
0.972829141326323
0.578214583458516
-0.501456614991056
-0.443614432409701
-0.248803448157138
-0.0471883523243323
0.655493730379347
0.589717179561154
1.26768782915947
0.699347285956034
0.992984033517727
0.416466725425538
-0.534534961882775
-0.202488766917043
-0.617581940515962
-0.111878986825426
1.62030265473179
1.70173144428208
1.64490786622743
1.33691908190084
1.39389478031552
1.41061388770443
1.27679289293172
1.12578492797099
1.54621482776478
0.635258914799186
0.600633606324863
0.338885921601322
-0.124925660163185
0.809637224567041
1.78137212027146
0.252055728567067
2.08456132292982
2.00854858729157
1.27773500335142
0.597615136955609
0.0466762980000675
0.302922849029875
0.695902244186966
0.681154567779922
1.84604153137169
0.7738565050902
-0.0056505798679915
0.111190723164205
1.27218334700793
0.925715072733009
0.489293072054895
1.35844363676853
0.150748493341267
0.594728732468488
0.801945273459407
0.970801187371177
0.239025652800012
0.803364025991649
0.833120709584195
0.735228508506835
0.90793086740089
0.208118182768771
1.26430801057892
1.12678569872902
1.11311200171071
1.79806056737146
0.583852412840194
0.757984727307033
2.10178908801488
0.0819025224993386
0.0798466046839399
0.267046076663002
-0.152872439142841
0.763832249351255
0.516733659879933
0.0414782821271323
1.35609319612474
1.7755422768265
1.41953548126129
1.47468407074061
0.917029143103634
0.182524736686994
0.600616741102357
1.40059585650828
0.54059236179712
-0.110090547043572
0.250548196133315
0.655775328002561
1.59744662430088
1.78711193816478
0.732769377778245
1.4446004456858
1.9849636439948
0.603608757645855
1.04667562565261
0.472627481603123
0.90878787354939
0.100800555784089
1.56889591254315
1.95124459804318
1.71797738447495
0.950962695139128
0.894542398667218
0.864627438059129
2.40150716721232
0.246249448990926
-0.0792091185642401
0.33625920374025
0.760624889707136
0.640181415716035
1.84627873597277
0.0728572169475158
1.52885639142091
0.18202913421066
-0.145744320109813
-0.568291630602506
0.593263157459303
0.328601341013376
0.297577738337807
0.930259788063721
1.36176546902197
-0.360483097746082
2.09088999498503
0.806224923980555
1.02821201189087
0.554849477138023
1.5865394184817
0.513026287024951
0.439151994343739
1.55279526536924
-0.250198586429227
0.831893074026539
0.834502419105356
0.866010125542263
0.674997083895123
-0.00680177457513101
1.35871652998312
0.786288721708425
0.70266434429381
0.802189367808924
-0.0325830225791823
1.21321964932354
0.902971804660597
0.0667772932740169
0.981313103888055
0.759507446766003
0.436196467039695
1.28633513335751
1.4013939724965
0.627845200039621
2.29274723919669
0.198230197754505
1.12222854953523
0.674203328190211
0.911906526487722
0.453293029835896
0.289321506484526
0.0398017591839408
1.40977182620544
0.281994406288472
1.18093856261041
-0.0482601592620083
1.77515840073267
1.77020740156843
1.11370318200032
0.750633948658594
0.686475231245748
1.59758290662796
0.813299930231723
1.02725869416101
1.63140353128338
0.115150427880606
0.890651302011846
0.0669355267404741
2.25745449223688
0.730974322682145
0.085420103019778
-0.073415999120488
0.245829848541607
0.310774842556424
0.818395386708247
-0.133725314980143
1.99851328512368
0.895996026572225
-0.0463048402248873
0.465428289723198
0.0069160678111107
-0.262078065504667
1.45259927310555
1.19593525316737
0.936989733525162
1.07679734566809
0.887457383009205
0.615197000965343
2.29541967804525
2.11446867970189
2.85908447002113
1.33025522989907
1.31043372694603
1.3481369814596
0.753719829758664
0.859818656132098
1.98078285041127
0.250804027033451
1.18557579524975
-0.170689787482265
1.0402473950602
1.83381953956134
0.457268599129423
0.438667628305775
1.34551282457059
0.230686167618009
0.104056679081424
0.323900518084258
0.447708366597297
1.7504056181301
1.45391314640856
0.523556619855301
0.684753142891425
-0.198168104810397
0.875322639224503
1.32971901015167
0.153154224289492
0.677985702601083
0.740086168202406
0.775972007942267
1.56912370235017
1.11745695660554
1.24272541202963
-0.179840539400005
1.00991652899617
2.49842960135979
1.13366455766169
1.86783950851819
1.73062862106573
0.820662824868779
0.448577138038342
0.292387209146242
1.62788697916573
2.55726513836481
1.79150115893378
1.90017158370849
1.89951041167364
0.260234499997804
1.01576392985157
-0.0986440374630023
1.88096333404745
0.372822259565489
0.552641615581185
0.366960206751318
2.19546541161999
1.20743149337036
1.89653271162615
2.12352628873671
0.936442865470269
-0.0281444960389061
-0.336539536872067
0.236784610783068
0.869884374910355
0.631090662408024
0.0151790917188374
0.415741172239845
0.263818515227186
1.22180135743429
0.270023332540255
1.22768376574178
1.19955600982969
0.810553518581737
0.811085730995273
3.30075532705329
3.09917027379456
0.619100609188852
1.23140075826674
0.163704634760419
1.59571532181963
1.28396108093568
1.95531785970099
0.567059072990816
0.0754403394774448
0.261143468692105
1.46239348761907
0.519083500259547
0.540356965994602
-0.463666383533527
0.81658220225673
0.720522841321739
0.105752769575423
0.713424782754019
0.14470426263095
1.35379944706881
1.53244803142296
0.322493555967553
2.27200319608988
0.597552217902364
1.124969597167
1.03528681821596
0.0914590639938486
1.80561807301707
0.395690718018399
1.45983907407929
0.247341408639367
1.9240503026131
0.809103031307788
1.6994403895053
1.50528192995285
1.45529314932982
0.49586806687397
0.81620526905014
0.887283331210962
1.06457452075562
0.879100040985669
1.88049621713897
1.17943896326297
0.642823233660865
1.58106350521067
1.89549644310689
1.8927887774374
1.91063101186389
0.00969143591784532
2.11057852272309
0.0475286248717859
0.0744307884923044
1.70557554651193
0.490449808380422
0.553362653314642
1.50328448078993
-0.571274808520944
1.0106089523263
0.727524059634134
0.41301868105817
0.59794264955143
2.92385324801911
0.983892658833248
1.0693650020025
1.4263121376962
1.82860507782786
0.914397074162223
0.698068888625453
0.464849043668215
0.00968785612695265
0.33013534662088
0.297552602371863
1.73870294770604
-0.463060062423134
0.118113274885166
0.908695027212767
0.915459367243446
0.229019520866416
0.598786712871467
1.70443611192048
2.08330318973071
1.0152797080319
0.646175052985681
1.64433991521283
1.86489261812482
0.343687975260383
0.49974654380528
1.9320395380506
0.552921131283843
1.48158202343894
0.846009618598921
-0.00806555611130185
0.621045351440339
1.20097482383298
1.43006918541279
-0.0111700252699544
0.788566576493015
0.350901419704641
1.81665972820888
1.52950785245538
1.7409982111251
1.59428620190529
-0.283706158704399
2.07164076217698
2.08474575044289
0.25557751094908
1.93284610598511
0.774856027593538
1.94827485356471
-0.0153020639705333
2.04376672373385
1.40320742064353
1.04033837575051
1.42753297553381
0.857330048634388
1.99733613396431
0.848540067984797
0.598652063966394
0.645938375814617
1.95120360434991
1.80809752475671
0.38099491936285
1.16743307498723
2.01470078929963
0.775847187739569
0.920028105941291
-0.37115073819336
1.45891514836949
-0.181750012616426
-0.00513341121516174
1.96316124842667
0.785351284639151
0.230211230563838
1.08439470170752
0.6977348307675
0.0779125439084719
1.58715180298591
0.6721501159326
0.685900471638939
0.398354955991469
2.51999962362644
0.211347035269777
0.201601944472721
0.709831626346907
-0.0435591109149127
1.33460155360795
0.71777098278822
0.582125309870954
0.995303818860509
0.0289023703081972
0.746412630561235
0.0144309421821825
1.04100921874518
1.01665014374119
0.749403474220857
0.929705592073244
-0.0320378611680351
-0.150230109281022
0.861114160218699
0.474151137138087
2.01903547475922
2.85992410882718
1.20771238083442
1.18690552079749
0.589948831355654
1.06347726749021
1.59677217906152
2.09367434930801
1.13661787237027
1.33142218677812
1.15320572955994
0.831993070486154
0.717336911246319
0.930523906054656
0.288157642095532
1.13255841815021
0.748156502607523
0.35890484249186
0.840702024956446
0.0229656422920151
1.08096740236139
1.24184160909038
0.284005052402587
0.0406294052675407
1.17141970162391
1.01472044331467
0.711707535634646
1.36130732566049
1.20417804496235
1.22789243904864
1.92190468847649
0.572108094883092
0.034486505037216
0.907065000095618
0.82168909153579
1.04056586562732
0.0159453958475732
0.99321550731031
0.14541675648915
0.996136895008943
0.749074572582921
0.82915754398522
0.566905934396259
1.83315216385757
0.0646821173963326
0.588221850020719
0.249671881318656
0.548531230128248
1.05456321354553
1.73905464755576
1.37545412037469
1.70502086633324
1.6241382567126
2.40933444123439
1.1351837983191
1.0570958874214
0.999004107178916
0.695444127024428
1.35548252137873
0.0295387825379108
2.08825647724602
0.284793040433899
1.75090148926345
2.02730857175547
0.444197424031403
0.363828924281689
2.30803990911156
1.00686496216449
0.883888441110659
-0.136039177684348
2.0484035519282
0.81988411680401
0.989805702745637
1.06732085656821
1.41999126222538
0.699303010239568
0.877221196302382
0.898587175058617
0.169979291618759
0.159141640704718
1.20222299125572
0.0183913142337154
1.03313869556495
1.49056455520292
0.713816400631434
0.493421209562026
0.841865239306295
0.968754804711851
0.852710217621017
0.206831603200199
0.308164733279363
0.195407704205515
0.875436434874187
2.05740993277641
0.379246960880207
0.864466234376655
-0.0612863997856527
1.82792821869617
0.199328026761367
1.81786997586626
0.683578901923226
0.425380998255189
-0.248901426266154
0.00132471173230676
0.832334007857172
1.98972041363485
1.33211598664014
1.02693815639452
0.285513455332714
0.572341426824734
0.506564312172717
1.31624493875828
1.43185840248126
0.489725134466459
0.804905468069502
0.61487067182022
1.94176014109503
0.412498010562176
1.80824190466197
1.25107117501948
0.759840168704798
1.62680863318846
1.96805417013901
0.383790586795948
1.81083690405055
0.674279047240179
-0.598508657692728
0.816005716028519
2.05073444120502
1.99904237688715
0.321198852463667
0.943616220036868
2.35092628519415
1.64254110312525
-0.204086275008254
0.0029473166909722
1.07255992146316
0.949751732275645
0.255195628960689
-0.247259466414175
1.83086514668347
1.64572558725868
1.00384558692536
1.1505287786743
1.40661764257216
-0.149085243883801
-0.248547502360894
1.3831358204594
0.21191735729728
0.0780534382878977
0.151820424297903
0.598951391116262
-0.335112583572784
0.776944617876238
1.1205242118635
1.23757416396371
2.07858569611366
0.948316767567319
0.841213932238444
2.17396603420955
-0.341743021605959
1.09746256200278
1.09111515095608
0.623175969062069
0.658725612516962
1.35221511858839
0.355494693625346
0.0217880270763054
0.555775412162652
0.903163750130773
1.67960260487727
1.42823670884921
0.248286482592664
0.0887045580368324
-0.0795081628901714
0.301303825241637
1.63065484372738
2.005074444234
0.866888765490306
0.893109045213535
1.00573927106982
1.02178634108499
0.689947940362411
1.43392437192163
1.67087002031714
1.8284975501843
1.24621389901144
0.70755246000274
0.705234029282328
1.0610600452623
1.15324903772505
1.27536866436033
1.11725866226969
0.913596968585114
0.924435297984414
0.822244288333745
0.78112075393209
1.03169946279568
0.355616690411609
1.25061415970984
0.808256104373813
0.860699384566905
0.480799305618356
1.54089708047317
1.27965761033392
0.425790907958903
1.25051272535209
1.71305247558549
0.829242741862967
0.896126095227013
0.992518160007896
0.580729424200107
0.960358644951608
0.947657529822099
1.72055522611396
0.908094100774423
1.50921016865688
0.82195514638768
1.88444502816397
0.869708534207254
0.277377212551111
0.516036583338562
1.13741573958951
0.607469291741818
0.928359726287727
0.622343342927563
1.0447336139147
1.26141226179125
1.04458584503553
1.271637266784
1.02657754236922
1.08376935671524
0.853058517789245
1.01306974196904
0.758002533311216
1.29548831445398
1.12751179568155
1.71104448190729
1.38094983326996
1.21069776212342
0.656535165752751
1.24144730780109
0.715360486432193
0.999212041144148
0.800317418614765
1.22440560614379
1.10643175602433
0.910783749852357
0.893886084928091
0.906527547026186
0.847111368321905
0.925669577589401
0.882381012621483
0.89402066177132
0.869542584990947
1.05149814650625
0.721585245644292
0.755275207723359
0.746638844866743
0.728099175053662
0.414029599388701
0.650056920010357
1.62209428192734
1.24238605358896
0.915378828698631
0.905516749644591
0.847555104232961
0.878665393326949
1.32681392291087
1.49959491612713
1.52275866260319
1.00531959405835
1.02437150614528
1.88831018515795
1.90032257920977
1.48186850786747
0.838792375900025
0.915135909042403
0.860689122330148
0.707406193093046
0.686197660575044
0.851975942515989
0.830113720273406
0.573779324014713
0.305455174142831
0.467837763871433
0.93217290023118
1.14544964372959
0.931236847748879
0.878234674055042
0.545420299678488
1.38297198856362
0.1845527697928
1.30512028721786
1.30805645366328
1.79514325467277
0.47892347008435
1.51503588473493
1.21676286557395
0.80418837950315
0.647784679276332
0.77931604989661
0.855074023854998
0.860259191408099
0.603940685619089
0.585991152806174
1.1790030541715
1.17874871535383
1.04108645604134
0.902714672078315
0.982159988148809
1.77874082040075
1.56521785405339
1.34848392988982
1.50575427347816
1.22974192897351
1.29508921167276
1.1401458831813
1.19803042621191
1.10958532341829
1.09829265596061
0.58857940833416
0.969883690299885
1.0315624476765
0.869344312317206
0.920709692424787
0.880844866206304
0.815874067886803
0.934491982003732
0.733695212110127
0.398151772822501
0.404739647035928
1.63994741428847
1.24313275025743
0.956928432860174
0.712309699609077
0.81696425686953
1.33491455638274
1.13400667577664
0.670828618401877
1.04931053738404
0.866908711008498
0.838608505196601
0.909344965489952
0.661416290004296
0.714336682127092
0.883725343184368
0.899497143271693
0.861201051237403
0.85473400440431
0.886670970391903
0.898092846645652
0.695088814314305
1.7275298784347
0.513739206743213
1.01410252727064
1.69901483057334
0.219178084188627
0.553221370294694
0.694428135245681
1.18058072289649
1.28771714866914
0.37060255416872
