0.770700208130432
0.888676828753063
0.995171492106842
1.02143306427932
0.292483121544459
1.12961387883855
1.38246193341942
1.53391280658099
1.6854723748991
0.143273983047513
0.0641304215396324
0.175290308235192
0.795040349579015
1.29705326647473
0.912065991095555
1.81492170429231
1.88056300341063
1.8914554475837
1.25668359583485
0.892010209819281
0.801414521891156
0.612059017957305
0.905366396485685
0.995512347406855
1.63676271750009
0.881237715400426
0.513688810920424
0.908967773271276
0.392512365082001
0.626810290600811
0.773019038050878
0.956066793589569
0.583641955923224
1.11336072156792
0.862903328165307
1.66760599169304
1.98434722024298
0.813230495629279
0.785162327365819
0.778983123766917
0.703436611376183
1.39922845622048
1.23451145326503
0.26858310590882
0.82921218863598
0.372343263721549
-0.0170046178986509
0.568475513109657
0.493622402249315
0.751293952586367
0.305470066917258
1.06698177995186
0.883825177460439
1.14710804521209
0.594896054247241
1.24623283833376
1.13935487717278
0.815640500703013
0.311578699778628
1.23265501664846
1.62989999817167
0.73347918166751
1.15438150486594
1.55549830576668
0.317785696499322
1.03138321891248
0.573908236784927
1.72332664296064
1.653205828128
0.380175234407896
0.601981771987599
0.632944920700262
1.0611613886513
1.07075401450076
0.470725131678126
0.791411033299698
0.820635651883464
0.764644907080048
0.684682998026953
0.471671174915856
0.942412429628379
0.99751945857054
0.829642479870084
0.935480213307095
0.802063934041349
1.20204844405607
1.24019795744053
1.96308911062299
0.0101086278323824
0.272250170550404
0.798072921986429
1.95617965460386
1.24519986802806
0.928778966387667
0.765516854804844
0.8221521301274
0.483936614016356
1.04333292785189
0.671551890956706
0.2915314132591
0.930840962672545
0.837647865305897
0.849659480988555
1.06645588559614
1.26299964974265
0.80956281298188
0.232092557440899
0.310933548985279
0.354337003484845
1.31035131545398
0.788495943239187
1.08033601071207
0.0367991693637852
0.774013640012778
1.78540220343778
1.43250617020151
0.921713371014074
1.06197973812766
0.924217676454476
1.03775784770739
1.04392521266787
1.15070552687805
1.23417536511137
1.3451192068536
1.19125378692754
1.06500679061217
0.859808496284271
0.95563589121031
0.776890830032524
0.835669895645602
0.404259878323245
0.653451436014895
0.284240228574364
0.946365707870553
0.788746338032176
0.9401425829582
0.341877665416648
1.04326158574373
1.38830712243874
1.81911696542467
0.965088614093618
1.76156120460224
1.99452164396102
1.97973245796398
1.06601301977773
1.57060132361131
1.07260078531373
1.85535651329155
1.19783271515519
1.2638347701797
1.71681131323602
0.465517107299794
0.0318013950650956
-0.0563410252059186
-0.289791205978828
0.893658877196132
0.235620808154757
0.423354324228629
0.358781630729378
0.373165738290918
0.232614067163412
0.423017230983128
0.824956490163569
0.714564450061744
0.461559925905911
2.7324017740015
2.75415485770419
2.09592357432352
2.41768454866547
2.65038051786025
2.99518692397881
1.82089263636238
2.18402424438981
1.99544949805624
1.43708897546597
1.29031677245015
1.20169904707521
1.52698965152996
1.05122328572477
0.79028173270628
1.34795437811798
1.56099481453752
1.8818081060816
1.31031030782032
1.41641657490808
1.52498908745905
0.729508591262734
1.08466682908726
0.190535010976426
-0.237565445699176
-0.607790741382804
-0.432668010821715
-0.437435995799212
-0.367314894445057
-0.437091624308573
-0.400875633748659
-0.366583125375576
0.138824657933246
0.547744357444444
-0.1975931699929
0.603858360510427
-0.49409198435674
0.0941244753382945
-0.554325362589894
0.206699471993415
0.883943227412182
-0.0163937595689845
0.0600042110264626
0.720762458383903
0.344265831237526
0.784686320932129
0.970033763853476
1.15179218160534
0.842728435979616
0.669564443515933
1.48890141036712
1.25137183045501
1.03421476128265
0.436309943107517
0.187244402271457
0.268323936917958
1.17834560279674
1.91100457805843
1.3923170756683
1.87403007796948
2.06845140733559
1.70616052380782
2.06647586038896
1.81977709503439
1.93479517986178
1.92003326115662
1.72262082720786
2.05738913753672
0.337843302133257
0.445660984593918
0.0318015968369344
0.221772083896218
0.264520435729013
0.705216272184866
0.0408998696916921
0.35723921630079
0.109402759111477
0.310460824841513
0.703196703749896
1.18218557097796
1.09045536886803
0.533635882466052
0.186090663388818
0.951261924024139
0.948656138832192
0.0244486638758854
-0.0175540229980734
-0.19267592779988
1.51631992176866
1.13351962986339
0.935932748123633
1.20069343671881
1.14676993033121
0.871108258423533
1.04503425235889
0.868621151010714
0.63750102084458
0.154996346176605
-0.0144762898564986
-0.326615265464792
-0.0578526478374248
1.4230306381005
1.52387611054251
1.19076941751631
1.20193354878088
1.06455825098371
0.466495951867914
0.338132402554467
1.89818788757994
2.27886969761409
2.1515171884481
1.32520633477676
0.891646074219702
1.56098839895086
1.3979005755183
0.997327248638413
1.02407689755024
0.779568446650721
0.984006799884083
0.758345992153092
0.889779155811522
1.30083179801273
0.901940820064536
2.19705893844422
1.18779385013307
1.12156173595862
0.949174998316217
0.624812127047515
1.55438223668513
0.0998136254768222
-0.104096235799596
0.326566592188883
-0.452185605208344
1.53741907916052
0.617973928878877
0.793528150705216
0.904632031218054
1.18305505975794
2.03430900160712
1.13228107529968
0.741469572342583
0.819678991955211
0.146025732128988
0.465494381206044
1.31744154743087
-0.125269592057247
0.479289340008215
1.12561528986438
1.5109177490025
1.20116465861586
1.06573835750888
-0.00333245739002541
1.57728402318056
0.859490649990356
0.756111146619734
0.865031158128286
1.95311049838288
2.34746726247729
1.74464959724558
2.31685257436176
0.535751759383969
0.285486738452886
0.923612382728223
1.12001479475692
0.17475348243318
2.11233064545017
0.341668159093107
0.282293015801536
1.06316332191084
0.798692852114955
2.0340894288666
0.435917538281713
2.06877677729694
2.48573952960721
0.420258751312718
-0.0561629062684085
0.0233000013091695
-0.279535776740565
0.0321079512052339
-0.494088569167754
2.15525255363096
1.6716902890208
0.662489810166048
1.96046112201664
-0.0157728291567729
1.16895155457148
-0.0219841947074235
1.47067526748559
0.614983208012217
0.98574447983757
1.18074603675366
0.783088238905523
0.913551532842178
0.0601869911021688
1.07216534019045
0.932836081608673
0.898103722005597
0.936002759140926
1.54987704447943
2.06010484995777
2.94720457087279
-0.0119244335229875
0.792173511669721
1.02849861811946
0.661305871069964
2.10782409883155
0.863760134847561
0.773423932821496
0.698024569037821
0.893517398243367
0.745073044405168
0.472372819756643
1.0817997181503
1.73537902263177
1.75231901336607
1.49036927606467
1.11750894236198
1.03473802611867
2.04395639610933
0.769640897163
-0.169515094401575
0.347301139744654
0.33141816912739
0.795210352834242
0.729758666723048
0.776229806123455
0.476671471389433
0.579900425631314
0.901062475942355
0.794434392550779
0.640250151625807
1.21360440576361
1.08518598605941
0.579209427825508
2.89436416810721
0.83213245105341
0.963738065217824
1.32465414740259
0.587213283816438
1.98693352662486
1.19443432373185
0.0132976363613755
0.00405425525173288
0.34937708765394
0.16764379154883
1.28405152913268
0.00302086044932598
1.05519941805198
1.08611360544999
0.803308628233013
0.681376154861177
0.858333934413361
0.472520446670003
-0.133206946969044
-0.147118734563647
0.0368529304099447
1.38096503800583
1.02142667579593
0.497139647012356
1.0717537324144
1.01181557443676
0.737618576906118
0.834025468442573
0.900646876723447
1.31714375848706
1.30666213425901
1.19852630557132
1.21125534113717
1.30696037787481
0.102482224938484
0.412550096664337
0.859640615864125
1.16836087549041
0.31905896969831
0.77157348343489
1.2330323730617
1.94089001471646
1.99073541357284
1.80397998862397
1.4280597719203
0.905785409556988
0.938280069833383
0.587381311861981
-0.498257947376044
-0.422407047955915
-0.23773909521908
-0.0884813187503545
0.664140835852579
0.545922639120765
1.26747019203571
0.659677588587033
1.06970983570347
0.416642908754567
-0.534208840671827
-0.163339986474222
-0.647507792945629
-0.107158081235725
1.57499174240568
1.71251620907016
1.66317493663816
1.30908389856161
1.35710844768198
1.47682989693987
1.24095439686983
1.05187020081132
1.54358135594631
0.648963216800811
0.546169018467771
0.313628759648415
-0.153086234214263
0.796122733327261
1.74141118248176
0.258308146881017
2.07130547500517
2.03052003735016
1.22897482730123
0.562684087891278
0.0561467463688818
0.314724144295109
0.750711281414858
0.702657963344417
1.86201926462216
0.777950208640763
-0.00967263858158953
0.155621245742249
1.29746898159827
0.903562951008536
0.442550115210781
1.39661870089572
0.136018858275043
0.539277054623584
0.75619091751036
0.928823371412106
0.231957214812019
0.79989685798897
0.822712824541463
0.606066101461359
0.877741943634611
0.188148715382401
1.2064956511422
1.09128725174601
1.10768007877559
1.8303003948847
0.629174593086665
0.805920366132958
2.08901014565281
0.0567195535140418
0.0800583132966162
0.234978234126192
-0.159013004183788
0.801777952545812
0.534569681879974
0.0815548413288007
1.32306663564242
1.95329928905266
1.3732446784296
1.46928313253259
0.86378584488075
0.131965736073515
0.614818249429991
1.40258672758078
0.43837633585943
-0.0828651543926735
0.271872447635183
0.653422280461888
1.59748727076729
1.80616800222325
0.753448912176746
1.60599537611736
2.01567365488502
0.66120822887543
1.07471783975757
0.419098407461798
0.918191733731022
0.137082567277872
1.59188845928243
1.97803566326646
1.72749913427972
0.848984863863173
0.888661807784672
0.867342730086925
2.42355815681075
0.224661917192798
-0.104070878528152
0.304268847332495
0.761983514954433
0.639249678479167
1.81483491207122
0.091804454979932
1.58781223277748
0.163276274661672
-0.145883047739047
-0.600179641739813
0.599033096412033
0.356017869745605
0.298121329885825
0.982470058160562
1.36792925980701
-0.3567739790633
2.1046585927256
0.866014633992922
1.08498718517665
0.529167016126935
1.63945193554986
0.496260003260666
0.399027348876059
1.5567705363293
-0.26179517576482
0.838363715204243
0.810775060672274
0.82466613247336
0.705586444301349
0.0330717948780113
1.39862333406631
0.759393439530309
0.64823112099416
0.732562780043452
0.00874516598257965
1.17313008034154
0.93533507630435
0.0724950958511679
1.02065660674398
0.776228888524813
0.443888751265234
1.24686494596945
1.44642876594986
0.588313219246961
2.30665995558128
0.228338813876451
1.12482485248613
0.567556041457651
0.956887691331293
0.480641727064134
0.286436747886313
0.0881914610752812
1.44923976558496
0.28254322251865
1.14512040783363
-0.0482140531314112
1.69703124162297
1.6918860058083
1.01766797493265
0.713517925877122
0.703045067895247
1.58090226686882
0.790534752362838
1.03761772258542
1.64547759768387
0.101000623210748
0.906394793654298
0.0715467522416376
2.17876139547688
0.780621479638252
0.0648426719731604
-0.0927881800162114
0.276290655002446
0.309501261891563
0.803673530003329
-0.164402334699979
1.96541662523638
0.883920806977555
-0.0256627716676818
0.468665221362919
-0.00780129685206938
-0.303889442901367
1.45432861599718
1.27186855296338
0.857395047994172
1.01828892893929
0.81669440839774
0.65951223390844
2.31012958339646
2.15941259738522
2.93727849405914
1.24934908557505
1.25267500683729
1.28722263279112
0.680716022844605
0.811678340368804
2.0731789071297
0.231553722344913
1.24602253431815
-0.192942889251635
1.03669911458981
1.81341080333017
0.458635135203737
0.394288446792577
1.38907505849063
0.234256360720731
0.0982345591496522
0.298730815026258
0.475091665548094
1.73368605277276
1.42823071928748
0.537861357660737
0.701369670203623
-0.157361339988542
0.876481601355085
1.29374547938403
0.183893387548434
0.681324485984741
0.753850982295727
0.792158291061531
1.54784984467847
1.09549100400152
1.17559709843136
-0.194393098188381
1.03491448308827
2.54324273014955
1.06056844438674
1.90213732273424
1.77311914446087
0.799342405085804
0.474169248802847
0.309408539699067
1.6027067635757
2.6128934228426
1.71171183226685
1.85206815069867
1.87015935020637
0.257068990589984
1.00006953507549
-0.132687514184639
1.8182630788532
0.3650420313937
0.594910963407786
0.391161675912621
2.21495510805723
1.31099698458725
1.90236725370291
2.12334898935683
0.981286783296534
-0.0524276940882377
-0.329728071445408
0.178371814682765
0.861167660351578
0.644446724215524
0.0297112201866157
0.455774779326942
0.284672414189875
1.1331648439612
0.223284642766821
1.19752791858397
1.21604701459943
0.870731505805964
0.86104851294479
3.37891583797709
3.09465695972595
0.562735995850849
1.24871106182723
0.148510781602832
1.57782597209016
1.26118491335694
1.92608795066408
0.441541940939524
0.0566028520851372
0.249672258187694
1.49304197793348
0.502038955570527
0.506805902657554
-0.47400157214896
0.832517685395192
0.733801611391745
0.095342975681655
0.736198467481454
0.131022077183216
1.38117603346052
1.58974272467571
0.305301495911166
2.24177099316349
0.563357161029961
1.06326009874394
1.05138470125924
0.101942832402809
1.72526180925091
0.381717682141942
1.39327285985708
0.180181289333189
1.93304454412017
0.831260996994388
1.69759593728195
1.49718493312014
1.44696305814217
0.50681221130414
0.687527453091111
0.765697490013881
0.960723635251365
0.864251086883535
2.01718889616744
1.19025600975593
0.694797538671286
1.6082238884967
1.8922939230328
1.86739268234674
1.98165648776082
-0.00153123915695689
2.11529782669297
0.0420327891722626
0.0555855581454294
1.73453173834105
0.51991358843622
0.563416283780093
1.54422264106622
-0.578615003518041
0.949985437945996
0.729078457377827
0.401349202274344
0.59811615241345
2.91145392093873
0.933341864799283
1.0099091655972
1.45166530115669
1.83027800942199
0.879605166918348
0.576954433602086
0.476978818741675
0.0281656530449503
0.30506258716609
0.26652590696573
1.72619458823538
-0.480528324725489
0.0995874657746118
0.932531513811141
0.875362634107301
0.172159697395491
0.593486699926451
1.71388601320939
2.13244146739704
1.00750191236631
0.593476015005186
1.65103718640167
1.86408505878064
0.30358618390847
0.49217846642503
1.93485708416597
0.606778909934802
1.53556722169854
0.900959584423212
-0.0388747150465634
0.658370176683248
1.16848387190866
1.4013356983137
-0.0185618031639734
0.816343441059969
0.33628139486457
1.80025043356705
1.53371214105248
1.75832684721177
1.60615712772003
-0.280018507380917
2.12166530752573
2.07695104308526
0.202761226674107
2.04806168018152
0.753887399828104
1.90978026799904
-0.0389365675665885
2.07518383062753
1.4098483582125
0.995016908052321
1.42609132787315
0.830434186173072
2.01617426464466
0.840704070026344
0.554722333853789
0.653664095152484
1.95959011649591
1.82744207238044
0.370985261471731
1.15016147740862
1.99492747358821
0.752781166061768
0.885948987830707
-0.408036004403863
1.49567119057871
-0.203352682317387
-0.0187107914980875
1.96336718589937
0.791759857683213
0.213086531829133
1.04655576336761
0.697246054652595
-0.00331399234228634
1.66868127953256
0.711217349733392
0.732217185536694
0.4047488067599
2.53694267558839
0.244162375444105
0.22513887521253
0.750909187567086
-0.0376568648403489
1.31862653051757
0.777401166561036
0.63488398341124
0.885156358425631
0.0284944248940574
0.716247110258942
0.0210012918872267
1.03742768650281
1.05707461091785
0.760953873543884
0.905144860769966
-0.0538035352776217
-0.124488912956571
0.925290324628753
0.433201264244505
2.03059274070354
2.84420136303693
1.22090567567441
1.1895081973607
0.551893077863901
1.05916028295937
1.76583583133732
2.12710654158565
1.13956019382634
1.27655072428668
1.0925810552911
0.840010034575478
0.705991182643964
0.991425508732499
0.283493067490114
1.13972932860576
0.707375788176971
0.322463545723771
0.812958759405022
0.0289577084765168
1.06796485272771
1.28502453073014
0.295128538435505
0.0243560371930436
1.11047008616396
0.964974209014367
0.59517974769969
1.33626088956186
1.18576935698359
1.25657749360394
1.94243141843185
0.565149766598297
0.0241531199313876
0.893560822986149
0.774804671181317
1.02289084207659
0.0267733464402948
1.06851740959958
0.150730674807447
0.94905619862693
0.757641573979045
0.824593139365885
0.567148256468496
1.76999674979026
0.0554264384111725
0.550956088526737
0.268903217121942
0.534493270495123
1.04339742815098
1.78698004883313
1.33431460933957
1.73400276299036
1.59706685785705
2.46377623656146
1.14179082238872
1.07391260021408
0.971245434606632
0.625190299309113
1.37201473432012
-0.0716005282593745
2.13247004166711
0.176190572604966
1.69449820904242
2.13454872493476
0.4741419905206
0.375065592720012
2.33889691818762
1.01391577680235
0.929142365049823
-0.151516270224485
2.06727652667464
0.830525471944023
0.93136404798167
1.05069090760888
1.4142705732628
0.570355740518815
0.894736524932562
0.77484270593094
0.184211330889503
0.16062026091912
1.19161826618687
0.00380810433629458
0.995482514010199
1.48738165209234
0.749723402341473
0.492102987885223
0.840328726147479
1.0073519236205
0.910688749783879
0.190819386875426
0.283809151577468
0.174407586961825
0.858582121765575
2.12798741109312
0.387912304307296
0.81028879820842
-0.133898208057324
1.82725512066242
0.209500562820236
1.80766072913583
0.702495093608816
0.308099283409769
-0.292703248940947
0.0451468474531976
0.832513591891088
2.03412094522903
1.35164758592539
1.00029626671873
0.289449738613427
0.540237676060599
0.506020643011412
1.33585975883619
1.41169264444797
0.511051384248458
0.82170766898762
0.632785396347782
1.95230197458113
0.361405896469855
1.75000159622478
1.28554583699344
0.760782326992045
1.63200870610771
1.9799288206041
0.394903164570001
1.81388134758176
0.626752993585444
-0.650645469759358
0.817957340039833
2.07216209140431
2.05996843605749
0.292946498029928
0.935717640157504
2.37688448637094
1.67450499091295
-0.17820928121764
0.0235874234260938
1.08261083490246
0.980858336206519
0.229512523242267
-0.205213010628407
1.82336558769069
1.67518467246941
1.01448975919078
1.14569211713221
1.4193397600892
-0.126980172169751
-0.281732048819665
1.42020021796444
0.202675982003125
0.0616839917389498
0.136397615504144
0.58162120832118
-0.330711880540176
0.707371289711354
1.03908639527314
1.17178362180863
2.09895159754144
0.90494645243148
0.835364259054948
2.15283387173648
-0.326191576249166
1.04367859301737
1.10214938949799
0.588000439169261
0.625546946826868
1.27725895509482
0.339350010137996
0.0436687804796629
0.539715363294991
0.838557128071975
1.75418895351825
1.57979067181935
0.262262885202957
-0.00909355150538516
-0.0917252336609752
0.196650448179745
1.81468490958883
2.04158370022047
0.82685705899536
0.851490452709598
0.940052236229421
0.950449558246994
0.655986147723401
1.27184889732162
1.53634001493242
1.70147941023555
1.17678820290896
0.701034759550416
0.686639300588583
0.939722413460136
1.02598844630529
1.18326476630835
1.07208913280572
0.866607320864056
0.831321494313273
0.731102487329739
0.745304398981809
0.980781910681096
0.321629243897715
1.14526096545649
0.715783488668348
0.862018844320887
0.448319365700748
1.63687012979685
1.17293142177747
0.354923326914107
1.1992003665515
1.66135802148975
0.802127702428391
0.880191027894557
0.907333720018531
0.558981930890276
0.900128897046106
0.903287492589281
1.60412569450485
0.900518514013331
1.42398466812881
0.749232303623985
1.98871159063573
0.800161279051378
0.23449264173067
0.510909337595819
1.03081435372775
0.545283582325987
0.813204984238332
0.524781968178804
0.931900182665572
1.32974910957518
1.0147709835481
1.19722643288871
0.952909911268585
0.971534123526791
0.810220703936295
0.894242810882557
0.688610348505846
1.20832642831637
1.01421103507638
1.72498284983799
1.30239213624027
1.19412610172424
0.631927470548521
1.08733328347721
0.696585979682794
0.88980264158834
0.746790217685672
1.08272798453949
1.01072937254233
0.910520484751345
0.844699471233912
0.870239660326559
0.832623619423764
0.877390196729777
0.830095388441823
0.83612625817907
0.812377913836572
1.02851925617669
0.656985879944878
0.71695751289931
0.644057800902464
0.669286076490655
0.395903486992595
0.61741383878536
1.5294637472292
1.11287235788222
0.847159748178371
0.819033567328447
0.828466065659085
0.845280692659091
1.21246340325819
1.39789593660017
1.36800206701991
0.932162868666826
0.949596611610045
1.80254959324741
1.81333012081414
1.43743648040635
0.811062578187381
0.876931273441289
0.827040980312046
0.683892854127765
0.663359085112502
0.769680685613127
0.752517117820801
0.562023494551583
0.244685429300326
0.434823680217501
0.831499669572454
1.08474598405615
0.904706469324435
0.782509885401298
0.441921500475068
1.4867366004817
0.135280440076914
1.22222553702701
1.25796012133684
1.78857077638677
0.433109409457017
1.45977150207468
1.11177960576144
0.818513240938451
0.57387961195722
0.703397920228847
0.837289251785799
0.873489849973246
0.566648026438258
0.580288228573754
1.16247263620208
1.08743847710298
0.954968404755476
0.899642066229589
0.926926589714246
1.8441004331987
1.60053486592682
1.37420453471444
1.47531774346327
1.17111589586316
1.24496962192352
1.05544539623518
1.07842005030202
0.985558557872124
1.085645558047
0.544699200433534
0.897507788596737
0.967794646980733
0.846510239884369
0.928441690171975
0.823775250408212
0.711666534239388
0.871815626367947
0.656650687111092
0.374957235989369
0.394731540074589
1.55861177147846
1.23461299783322
0.917343901132128
0.598995142298805
0.792524348403553
1.25789985314551
1.05876935555073
0.634684552942356
0.986169054518417
0.804919791787553
0.784821396656058
0.849180240893453
0.618074112115944
0.688390901783478
0.866942954697029
0.874278543874724
0.83480503409167
0.842962574488975
0.854191725270755
0.86141488847546
0.619550213933241
1.65329964870252
0.494418494169035
0.945034136144377
1.61794810492985
0.194517551255147
0.508620719172811
0.666272543138268
1.16504630309235
1.19348699318429
0.284132975844057
