0.730726878731357
0.649376996667824
0.896974874155318
0.923254099704571
0.223623805850701
0.754292887101376
1.08034812588598
1.26176966140689
1.43848642214256
0.185971620957251
0.397343983776795
0.456597385683042
0.800255877232961
1.10254499898495
0.647457759791009
1.46350313551017
1.44440982120625
1.2216165383775
0.91022639426598
0.791046537678962
0.748385902376921
0.69783727017303
0.905432831595843
0.98738349954315
1.33254346120418
0.697716798657084
0.532920121050574
0.789484880760787
0.112048803985521
0.599591905111826
0.674842894144734
0.669009245856117
0.636395241706887
0.989154327761497
0.763159968118496
1.49706497766177
1.38167423212694
0.417894675109991
0.64198284426003
0.717646498410824
0.828955223901751
0.943656101294778
1.13918694343844
0.109151505067613
0.901832508316766
0.538324789854699
0.272430177321023
0.640315587799761
0.467953656781563
0.639296150681978
0.0807411124213949
1.02123869953464
0.933446731388546
0.738936382913983
0.256449219883938
1.15496358718083
1.06509311367736
0.864255587113719
0.211906937008778
0.986914874477288
1.06435441061098
0.727473239840038
0.768427307506092
1.1467919008084
0.255605199389445
0.84163885485049
0.626867840577038
1.49295156744324
1.44971506391606
0.334498346445621
0.684829901941777
0.74049651437122
0.955858767769062
0.975330084411915
0.466994857879398
0.883733426129392
0.886180489203464
0.654080111271629
0.317686544227487
0.164787764956379
0.682783208426859
0.585558543863824
0.64219746880785
0.835450482639443
0.706074023134158
1.10827838289028
1.15426684569087
1.31165974141574
0.339326891159213
0.496632433418326
0.61926013532775
1.42311877078165
0.912396141838388
0.655498316694149
0.725231911111354
0.708541021279855
0.587773787161218
0.647906163874123
0.684321424201716
0.0995424433596293
0.955973169352406
0.768065559151128
0.916207504213722
1.02356953224846
1.12969657009174
0.835799137813291
0.15076893631394
0.184490711878709
0.0990603016779106
1.05872092781219
0.698282639565071
0.892920976215909
0.22218209909481
0.767456426425398
1.14224354709223
0.975663252267407
0.995430355556995
1.04388804887344
0.978867425061533
0.995250215415058
0.813138366101482
0.984925030112989
0.956096911648189
1.03590810032454
1.04259843786139
0.909869437175038
0.989217307399324
0.797866388538864
0.858522814072836
0.94846061216457
0.459609881949147
0.455524539517611
0.470512610803927
0.560759589272711
0.746028037518741
0.638606023241294
0.600205992185756
0.909868405710766
1.69088296503821
2.01262619503436
1.03930715726597
1.53697411035602
1.70855157432432
1.50850099488016
1.36011158179399
1.7738776410671
1.04681108782877
1.67452539817328
1.06325317054078
1.18641182394415
1.56581990905442
0.319520863917632
0.101584842580905
-0.0977352767677121
-0.0572071206736872
0.826505259744596
0.56117870559895
0.566613686215866
0.185131165198984
0.397938561757943
0.219515605305997
0.451498965830596
0.575333334728533
0.61150603754842
0.630483717921336
2.57642839679361
2.55779988665249
2.14164006502904
2.31656965002199
2.39663340355221
2.73845755492886
1.95584542494608
2.04356220961039
1.75050939044499
1.42577832109942
1.50006745806153
1.26786901158825
1.33808273605792
1.09191708480875
1.00400087337418
1.23116847290293
1.4519601768854
1.65400708922829
1.31153300525235
1.28153093393954
1.34704550867532
0.916539450977046
1.11648729658974
0.235652240645817
0.0435958540499606
-0.23554850444577
-0.202133544425266
-0.0801657770894847
-0.179033488502727
-0.187519259023668
-0.175047108072978
-0.0606052631241273
0.305693474392607
0.233307993124563
-0.24795412928992
0.387533296146234
-0.394187266351325
0.338393972486471
-0.0884669373359427
0.313601092183825
0.966881558261091
0.139239041555776
0.164639063363033
0.377092372123944
0.328656234651768
0.843671568341145
0.980977583464863
1.12976574204889
0.92408354918
0.664611864130237
1.39183929298635
1.18273046834414
0.899030131130109
0.559381935822895
0.463523143306409
0.6921715383899
0.979972121585549
1.36840387468377
1.46336976983174
1.59953904073807
1.70494482241825
1.70694350269076
1.86532695578358
1.90790891375807
2.05541563691011
2.15538383037785
1.82495513130523
1.66221487262817
0.530876830064447
0.398072210333894
0.111124818858239
0.323599790570428
0.30430419335449
0.528698030589029
0.277854335690432
0.297759380082048
0.385137193393322
0.320910633411769
0.663019657225828
1.03339441964538
1.08725038900452
0.784426659381428
0.638955210724381
1.00232987984603
0.953752254695452
-0.0794115399391185
-0.00369633704013444
-0.0934238386406233
1.33906467827816
1.06328114110361
0.95065612000557
1.01219620448183
1.06459997008391
0.924655589123435
0.758182338603356
0.737366520607434
0.520763489762844
0.102127584358733
0.154018625768058
-0.113099937745857
-0.0597819271167605
0.991445490697092
0.864633428805561
0.772418376579222
0.840049870071873
0.687739092220442
0.518499447009699
0.694932565878015
2.05477025121922
2.35102341891213
2.25560112621964
1.16480285708803
0.860544691535718
1.45132440717833
1.2851464323127
0.723192216155217
0.927785688405323
0.768912947004977
0.887150433846114
0.813972618323402
0.925633620552731
1.45542745164646
1.02975344875834
1.90600346832192
0.989959611182503
0.873880453794617
0.762947982333658
0.748780954299165
1.42946834655311
0.233869317256586
-0.0567807804944417
0.542309024866769
-0.162618880516894
1.5641831386635
0.540404604804583
0.694982650293454
0.587132718254727
0.991824608770877
1.5947817020749
0.980648129017188
0.670424869431178
0.66450283181132
0.072499837174827
0.64927635486977
1.03374402615367
-0.0837486308494692
0.588088422188426
0.948344289725224
1.37411302061232
1.0350030340808
1.12580083627683
0.0946997506029758
1.48892093223883
0.829735298855229
0.699579068331176
0.934079202811508
1.56037982951793
2.20004232276135
1.65525567664732
2.04040746253594
0.524448429283151
0.346648189391738
0.955323166315041
1.09943698184304
0.34214884969323
1.48410016764447
0.459988169319225
0.415990726375892
1.09566491163981
0.802925231673998
1.93294616953241
0.473903210044405
1.98032604079213
2.27945550207451
0.29971269975238
-0.0404081429526077
0.12798131874684
-0.082603685024826
0.0956020963776184
-0.0844418610348766
2.04113691039575
1.84475435508026
0.605539475863704
1.81788909627095
0.284061044558516
0.955640704491132
0.166814608800982
1.69099831907422
0.602912884539362
1.1449207533215
1.17383680739254
0.890485009266221
0.790869711560006
0.36510083167041
0.966106731534127
0.820795382670626
1.01486744159498
0.896249854037481
1.69562337643041
1.99423599136965
2.77574643524522
0.0205324288554627
0.841571089910975
0.951290962645158
0.647438351720231
1.54947680224358
1.21945849001251
0.674548519054423
0.768310144481057
1.02428283637949
0.892641904714945
0.563239618131637
0.837759526657765
1.26790183554352
1.53037811703024
1.61614177619248
1.14387714683121
0.954501245149343
2.05981365055095
0.702135290542427
0.195675022066177
0.0424441678938179
0.476250705783778
1.03337913117991
0.738717305909522
0.71415240774019
0.898584083724333
0.553166669776381
0.810083456328227
0.576230778745681
0.29969269310025
1.1647421751308
0.973926955201168
0.733679099558521
2.60024845225414
0.734822961172855
0.879854680089533
1.17222636462225
0.629502054281798
1.99628304218546
1.03153979233648
-0.0346138743258642
-0.00554387290364691
0.198443706468726
0.00655251375223203
1.03835398143574
0.0133669366487622
1.03903383509555
1.06680798153468
1.04304215496226
0.860806890467214
0.954409672765126
0.477051453273027
-0.0607388512442366
-0.137843898199436
0.0727528395188173
1.23707603685083
0.88610004294069
0.258869939634486
1.02289904684054
0.65213890654927
0.889662791269418
0.839258856058848
1.05464017569055
1.09282698479273
1.02440695768834
1.1088470497446
1.39618006229797
1.22677695508712
0.0555740598258272
0.248256393997569
0.417383837391925
1.17968128277255
0.584854510386225
0.729831239066216
1.37814860217276
2.05172389049823
1.93299476104871
1.74168335455092
1.48180763552609
0.814336209931265
0.886551303164076
0.645626362066658
-0.167649292544786
-0.135676706907669
-0.0698689666040606
0.037568894505905
0.355862295116672
0.24554376562009
1.029052336107
0.686062272019017
0.83306649261428
0.429420209362017
-0.196303848199463
-0.118825601036653
-0.162014094192912
-0.0772837421986654
1.54324481651214
1.51683887164508
1.42077687785947
1.26612873484169
1.3976618067686
1.20962222461509
1.14641671200945
1.03595584354607
1.37288599342284
0.714956976953753
0.779020374832933
0.383877694091698
-0.0161885848382955
0.922070491032926
1.62382624666202
0.212146512393755
2.18072621566678
1.8690401736358
0.95161458707935
0.610456884381681
-0.00658917021864962
0.306374019400552
0.579410505013197
0.873837601401872
1.57180225393703
0.695512003116522
0.0588446236430831
0.174420109838569
0.836109610695742
0.623502557479256
0.455074080860572
1.09035333551844
0.116854286717901
0.632268281969309
0.838158669016229
0.946199319035502
0.223282956077016
0.773380242865929
0.920231894918203
0.612837005689798
0.945199138244697
0.0731632632187433
1.18787221638392
0.696309982008958
1.10191483634049
1.57765062806605
0.573550368578578
0.716874068155497
2.09030571491773
0.458460364952611
-0.0435887501781632
0.0116869312469335
-0.0644669449354597
0.739840058943476
0.419481475318148
0.00831761154134768
1.58468612851278
1.27734074487571
1.22689846145806
0.914122205282377
0.900338938730107
0.461940670099592
0.526862182904632
1.38823019907162
0.466846947725204
-0.143063930790503
0.209231402071024
0.901110144065614
1.74975153567512
1.63775875616977
0.671006521191735
1.09922513170478
1.75662695417203
0.477072013106659
0.887529703494955
0.14254935963981
0.613983632674933
0.0234800182213771
1.10957082137633
1.85552889103101
1.34822379077504
0.802914396435365
1.0678091618871
0.737676986487479
2.10973019736684
0.14621976679686
0.0594387575069674
0.084483432240739
0.788721320081059
0.527874597900633
1.76909049067153
-0.0199638680069694
1.01074284433763
0.0331560736787234
-0.0589972577645193
-0.339109498383715
0.65141892688968
0.188937788178684
0.293427463256155
0.418707584316333
0.796123349525543
-0.177149383877884
1.96108573924585
0.581556076055918
0.885271507922094
0.556161330087092
1.30635387792927
0.351652263684816
0.427949734948331
1.37571865171476
-0.118254505755596
0.806075583663093
0.912634290551057
0.89730311845875
0.634833564743559
0.00658031156076283
1.2291673536601
0.748426706715872
0.709535315374239
0.367520736611449
-0.152402244054481
1.27025491244371
0.896738825828777
0.064337175112848
0.949096491684197
0.907646015073993
0.403264508767867
1.28975105269616
0.982170571598087
0.628237231935765
2.30313281950191
0.15084234474235
1.18491679043981
0.863291501813123
0.953743932213627
0.531090256436633
0.462041224695781
0.130836242809147
1.30901277801227
0.463300499688691
1.45713661148953
-0.00819012279372826
1.61523557685813
1.72563713350915
0.831798127159295
0.771910502194768
0.654928414566868
1.63679000397291
0.929593771765354
0.758883494648077
1.36277043198956
0.045919509371779
0.692028513532704
0.0233398120503886
2.45408275459814
0.643444178489417
0.0883509455768237
-0.0402275408098807
-0.0200540942529547
0.403926622560231
1.02282562224081
-0.0276908764414224
2.05890132680087
0.946275376090656
-0.0710299096941149
0.493423369419295
0.0491658333687046
-0.157759102807309
1.10454473764624
1.16126556026051
0.850754910363472
0.602721105884957
0.412366586830257
0.816384180196051
1.97317208535318
1.65986857742601
2.57784268567834
1.13783270385805
1.20212371746692
1.19895671523019
0.867017641378198
0.839764728938892
1.43419243547001
0.268969812124594
0.793143273099994
-0.0193611657491576
0.995520780574372
1.74094836469316
0.457091960108547
0.319960764554791
1.14234719524885
0.117677994260833
-0.00337320036348708
0.124663656215723
0.374934119685834
1.48427495610902
1.34364236499833
0.590784444997528
0.568759724998365
-0.120795336671857
0.964416158007916
1.5932708165878
0.113966325051677
0.594899815832606
0.817379265657769
0.988305139086813
1.68963143939021
1.04173665014999
0.901627531971325
0.132650650363592
0.925608239564489
2.14525627878521
1.13369645573453
1.53132512794405
1.35988304738837
0.953059264033936
0.380495588026883
0.292007159709804
1.6124966324346
2.41400621725709
1.74812699980024
1.68533054099895
1.95688992071271
0.205497115550558
0.840489003033171
0.247811059580192
1.57437256782892
0.62963460070156
0.581498405354627
0.331069077100342
2.1701333070816
0.962882846958504
1.6617351082069
1.97327770540583
0.638967851665197
0.00921864458663385
-0.185554705699927
0.377809488996166
0.926306332468109
0.857060497240285
-0.0327859169055887
0.359238306887439
0.26013661886096
1.06953167678847
0.396793552795297
1.24023517041857
1.1026224190695
0.531166166204476
0.610172008975747
2.97636043081712
2.88504212114728
0.646776148318639
1.22563757665425
0.240629890583632
1.53875594856023
1.2731858691174
1.93636303538366
0.549992892097755
0.056645013756271
0.21546154451386
1.06297540049355
0.469728208855743
0.602151183923093
-0.182619225298976
0.712852515629091
0.776975312359696
0.128493854625462
0.725372937268747
0.161057351632326
1.38973368559098
1.33182925997065
0.128946510291948
2.32007441663283
0.677219814428977
0.931904905018019
1.08804868854596
0.277818249185039
1.57066920674935
0.441057613721859
1.49396266979875
0.564461495171126
1.89781898894114
0.827018763645912
1.62990380700757
1.27507982069895
1.30038714570387
0.561780926850991
0.674605287326513
0.727178063831259
0.751975909356776
0.745395685083638
1.34012829322511
1.17138704360128
0.464511484878008
1.30619929042471
1.94091626549175
2.03463901672011
1.73099902248275
0.0022619235786801
2.09248695320289
0.0753844060766947
0.126008579311665
1.51618845960034
0.593947243869093
0.457246811587648
1.03842104810131
-0.287105983481978
0.97632554341559
0.627369219167342
0.374944996429705
0.641468718156964
2.78671189051181
0.981289993032228
1.02990347242166
1.32350019773771
1.61697812044203
0.939769288942422
0.57110532897284
0.257061058987416
-0.0052351179556016
0.441242417088043
0.525972207791301
1.95436260787896
-0.0676721717639326
0.0644033608086252
0.836146585855531
1.28776553953435
0.406092452413783
0.66750676218539
1.67983070201408
1.76091242754292
1.03817625642536
0.65815619028826
1.63958423037952
2.01386305967436
0.606821235127267
0.412971231475476
1.72181905692243
0.394485293338073
1.26986510637845
0.778974011325983
0.127438163789155
0.660158219133195
0.967325129900549
0.968785311483959
-0.0100140756471158
0.871510606172289
0.590702143307466
1.82967810440109
0.975778517752218
1.80022695019751
1.54219561571447
-0.24776843370738
1.60707658244601
1.95104945071342
0.346119645874154
1.48586232684514
0.761350562634077
1.62414456504661
0.041565330274579
1.88548194152033
1.39217945485639
0.892276439003246
1.34377724969301
0.903405139127078
1.51397746066336
0.866707325539769
0.724493759932637
0.864609478279523
1.73085831284216
1.91706230868248
0.184835139547525
1.11338212394185
1.7980443903463
0.724042770258374
1.07051992827091
-0.0338377249797862
1.42572679811786
0.0272551206502764
0.0806304301480414
1.73971981534856
0.872723293150684
0.442005749100431
0.925399914528603
0.678680575187097
0.143632422863396
1.35484584911845
0.619632698315381
0.604298846740205
0.393403511439062
2.50800010671064
0.0843360908869829
0.298451243984538
0.56873976758182
0.0544462210147092
1.13177218741408
0.552942115498772
0.516836430295689
0.788379184826933
-0.0601150855090189
0.735225540411864
-0.0243188451917254
1.02641895380392
0.975801866691843
0.678128056633049
1.21979720192308
-0.0845989325466157
-0.160524155690883
0.791069992338197
0.624121673487392
2.00335794273253
2.71879546620809
1.02944681122468
1.18032453850291
0.537999374906786
1.00753812205329
1.1503599163575
2.13023926875988
1.0071385075945
1.17646342231616
0.983847683069834
0.696855103373759
0.753567126162786
0.607967085835404
0.209681494596982
1.109180560834
0.55057592381617
0.0899895087180364
0.452302494056851
-0.0017447238655621
0.824806199789489
1.0188875039499
0.318862532161129
0.0630479697610808
0.758954560747322
0.671407429240739
0.564446665523243
1.17359571635573
1.01349534464043
1.02381178962753
1.71447820965918
0.559414513402289
0.108480902238621
1.05054007835859
1.08999816874358
1.23249068728107
-0.0604921470862722
0.644829660088746
0.0760937100389606
1.02407695413913
0.889036903476048
0.921032368923905
0.593908530426708
1.97405780690129
-0.0119354598026113
0.574260823369511
0.228270098051477
0.543741970279237
1.19664743172436
1.85916458990128
0.906686623620201
1.28678853047919
1.52478746751161
2.28895041605366
1.15609923179014
1.07226927184917
1.05453442408188
0.292877943277364
1.17146288105548
0.298979556906364
1.71212142225581
0.436833855423273
1.55094249176546
1.66727645282013
0.434208631167736
0.377449442028505
2.16722035106388
0.943550725672178
0.628468001653863
-0.10165711504816
1.7782469546038
0.807759546489836
0.915661422643783
0.8607913635082
1.24721226274945
0.616197831693852
0.73736656470554
0.685052406403668
0.185068449776802
0.227346269441259
1.17849439614903
0.26158640736553
1.10233963489134
1.54122159484962
0.875974766437878
0.490166867747087
0.705259564595849
0.495969613183871
0.706672761821274
0.0560229258389338
0.165206415941203
0.106538868018823
0.758858042935531
1.5348285183966
0.521168491227802
0.4206703133473
0.169879973459759
1.81625013929926
0.00152885816047192
1.62220939455145
0.650058819494411
0.494618695965231
-0.137797259745362
0.0465631596483567
0.783331376948994
1.62328698624675
1.26689573263158
0.627516030328069
0.274005611365255
0.66163897152592
0.500079592094873
1.15537753928212
1.01929328164358
0.451088087339649
0.824032750542736
0.598579069602376
2.03652365843441
0.0884818407274687
1.97940094913077
0.999571665145448
0.911912074064653
1.55484274285248
1.7884937364515
0.376318261912512
1.91741456094602
0.686155736949781
-0.287129800013427
0.917305229718701
1.59492119001821
1.46620079839013
0.509259276340451
0.973059403106411
2.12052902132839
1.4895292618509
0.0260734773102221
0.0234886367334743
1.10125133660918
0.665421038205169
0.0723820551700002
-0.128025021323681
1.7747676080451
1.52022219872669
0.664739747294735
0.752544814975562
0.94038538882656
-0.129792481194861
-0.0493244402272186
0.835930490059913
0.169191619855981
0.0847106557783526
0.077488615891353
0.715346688651136
-0.0970620980401024
0.838564435347753
1.01889020334985
1.10026368476989
2.11048056137582
0.993045385121731
0.731183139208371
2.22845753567531
-0.194573545895003
1.31751636705028
1.01785557306361
0.549581593952306
0.501576397905607
1.16618992880594
0.203429601098537
-0.0135199468459076
0.648569864747025
0.867914226704983
1.48814510205922
1.16327138457632
0.273831541476593
0.283482132040401
-0.0850776833443637
0.39111243627006
1.22170110482312
1.61586045139966
0.68017804366369
0.699358932233262
0.815135842260083
0.85335784818579
0.437709842955581
1.00451634355924
1.26318770703261
1.34823839868059
0.872115597037823
0.6943215294889
0.681026454378639
0.833141245388108
0.809006418855273
0.95730602970819
0.775897936589908
0.694040058583824
0.751302237095892
0.368790529056426
0.694438345302206
0.737418952715513
0.456119882934577
1.03947143618132
0.731362297103489
0.689324202917981
0.234514861187677
1.05867661058474
0.766787097151309
0.555460726600278
0.998931521976891
1.30663108907388
0.70588942105518
0.752247418603394
0.907667203049509
0.541146071834621
0.851340771909113
0.791281359741022
1.30464419960252
0.687350260115713
1.16099057051564
0.808276160961531
1.37445017430299
0.82516512183014
0.484771063860217
0.396246106633701
0.972521883969688
0.250804464956438
0.458250715161411
0.623633326960656
0.517971524437215
0.899370353407458
0.826751068393135
0.853420915218821
0.855594690365099
0.799985909564353
0.712265755695168
0.797721339296542
0.386151975236572
1.04990657205396
0.888440914993996
1.2306556414839
1.03699517981053
0.844309726320078
0.664166091620502
0.770645786482703
0.682158424603999
0.817602743885952
0.692238211151247
0.715004198259347
0.819720836541143
0.689333045637042
0.697908114909916
0.704643727914089
0.710288686379308
0.741528003858535
0.846485118567961
0.768302207642669
0.77929602858574
0.91008637214791
0.701916812057757
0.679695343350513
0.68361652723767
0.683333890314432
0.237564816559384
0.380788440543709
1.29041008458361
0.968258990807785
0.873622955276806
0.784921002472094
0.700477515587339
0.696212848436036
1.04082186853071
1.03760876992254
1.05274241008004
0.851526577837481
0.860807526764039
1.53016950433604
1.44866609865741
1.07980391517901
0.720109779515262
0.709160936434504
0.691989393583968
0.581293790861835
0.537451527753234
0.787573242000361
0.752728981059045
0.647820746743824
0.502865166422361
0.596829122052636
0.436729828897257
0.749256147108988
0.749554897595941
0.419138805731649
0.582194047014701
0.978986162620619
0.401037907625894
1.09370837756859
1.05309906022539
1.32779416449943
0.188429014944847
1.12582701471825
1.03329872004068
0.675514728960842
0.250784046261365
0.7946150099153
0.747050638682909
0.671974910663918
0.5911887227907
0.550676431897704
0.952833857254526
0.674093821930688
0.947880418208638
0.691842012789558
0.822965485088683
1.25092289233127
1.08715279676835
0.923839704432283
1.08840361189254
0.864849280148534
0.924303164514485
0.786508529613314
0.834194233291571
0.898391715358425
0.787907161692686
0.634874516535935
0.830968712264502
0.852594372890113
0.736299647594795
0.677486524572888
0.870837684427373
0.723425479414711
0.907716973275201
0.728200586971171
0.219923895821408
0.283906688544791
1.34574384166165
1.08431744234677
0.885110471406237
0.654054966455988
0.710822055299209
0.882594011132153
0.893827856684964
0.395794107016288
0.899158416391481
0.840057522907568
0.788367092116525
0.835496449656717
0.623078915551726
0.628617706512073
0.692664067315284
0.693290151779573
0.693464644134623
0.697509219252893
0.696182390023048
0.730681139176782
0.665621100703561
1.36795268855668
0.616767842485117
0.848780838587933
1.31632496486124
0.328189496046583
0.556138512985057
0.638347124879374
0.880151871476798
1.09508861357913
0.516366523304827
