0.706520528226791
0.557816026117547
0.838522820791785
0.842823935587313
0.189328921257763
0.504388734314803
0.774849046215646
0.870832024822606
0.972326690030837
0.243926620486644
0.478214659761776
0.558951536543534
0.957279685983792
0.938239822340973
0.836304602340122
1.41390604059798
1.40186923676585
1.24336737746892
0.998798148013386
0.831406126199997
0.75212830565017
0.667664748467173
0.796758358326692
1.09359054630962
1.30608350855237
0.613396533548157
0.419209044539116
0.727243704679376
0.020057308301886
0.527517307003602
0.642512028278133
0.571528355424406
0.793866303945706
0.87611057005209
0.730271045051309
1.42242402774573
1.35559228214181
0.228897751650516
0.583684878011947
0.662025402281234
0.754815265093117
1.06972271110761
1.10630965070785
0.069650657775854
1.02451377114436
0.675202826755836
0.337417400543153
0.577711395645208
0.401311016815593
0.735976294086438
0.0243759374504536
0.731290621402469
1.05498925609443
0.508849747352699
0.115473933757332
1.04204632169557
1.1191998187516
0.999319121584615
0.180118172584929
0.817244228903999
1.13034645727371
0.890805912800934
0.944506490684661
1.19259010761155
0.284784350096287
0.90880754973015
0.525903062668207
1.430513684429
1.37881102990337
0.290104579631524
0.649610351165192
0.692166914561082
0.852060252958541
0.858085107403278
0.361944656698505
0.785830295290406
1.01245042918626
0.610891565338514
0.153872022922975
0.0483576277220223
0.588582707623489
0.373413732300234
0.565535948298533
0.793088252708386
0.6776291047552
1.12028952581428
1.07854665523583
1.30523609090499
0.409986437600774
0.616085427710691
0.776606342137012
1.3871281034258
0.650716083829912
0.559879836514863
0.685753908701644
0.636891780670173
0.737636145338675
0.412911336559814
0.84788965627914
0.0541691516196126
1.07386886547689
0.790425339386991
1.03805243446889
1.11105609322824
0.989456541520719
0.980735893924886
0.119099419668713
0.148657116512215
0.0283127353150631
0.875837422964439
0.716837274020693
0.763781582611505
0.283017558835238
0.927904097427057
1.1895754873051
1.06274567273574
0.918151514896998
0.992867351657233
0.908465365707588
0.997874491915218
0.819996032281954
0.92779476739534
0.910442328153646
0.953191019938848
0.957406843268869
0.894978027690579
0.935455523391732
0.824331205373974
0.867262470983503
0.923288131043258
0.647794432324324
0.560940283013031
0.678509461860684
0.604808506919239
0.887386612352865
0.741513290918104
0.798051702337822
1.06428314580388
1.67797303500271
2.11099628865042
1.05686108583216
1.39797662579094
1.52997556928255
1.37135562733907
1.31862209756562
1.76434501786814
1.14008630874215
1.61355858568977
1.07898269609474
1.17400074521423
1.59840442500229
0.328389518690071
0.236557486473956
0.0510439199412082
0.00271245330191308
0.805765995884987
0.582027403906637
0.580849849118568
0.240890989119355
0.34979130669203
0.233604519766554
0.487326346369742
0.524870774625936
0.576537443112136
0.658445973823114
2.45893610893091
2.35537674967703
1.97198128525281
2.08718016182072
2.12147833417156
2.44314777434573
1.83531961704824
1.7930292556756
1.58454004970369
1.3654495852598
1.46446864350491
1.28167708462591
1.24162732518908
1.06929240073978
1.0949333996318
0.984210332333894
1.41355180130332
1.61889418768118
1.30001181511684
1.27801439113066
1.31465672563832
0.968803104732209
1.07735936643987
0.146360027836784
0.0552729935381773
-0.123459637704661
-0.0668491624196389
-0.101126804156996
-0.186936071358552
-0.162969037629719
-0.172335639753843
-0.0814655863535711
0.194857013712019
0.211994450311044
-0.106861612539456
0.27489176920865
-0.203019208139435
0.287769944072876
0.0242271279827243
0.388799365914155
0.881821568993956
0.380824009038121
0.308781421035159
0.424897953188286
0.51269167618985
0.824902811901683
1.05165601238313
1.13005460455325
0.922981088070483
0.709553409478585
1.21058521589589
1.05140498677952
0.885317722171504
0.679726277770999
0.689189746414476
0.866237119474825
0.950074706701822
1.36661717715635
1.48824198992475
1.51534298111261
1.60063706773825
1.62915008997431
1.73993491167864
1.94205913819587
2.20494152129135
2.13192575705063
1.85506281870669
1.60172196015519
0.699625888478717
0.559027596374351
0.312236183844099
0.551714929023799
0.545105318458563
0.74260363525615
0.486827503474726
0.491487546413577
0.558623462320557
0.421839190256247
0.620852216368404
0.865257441420444
0.921632677922489
0.715841655556724
0.784050223353193
0.837230480259102
0.881138784480662
-0.00756825885358547
0.0937715225269891
0.0172186588546429
1.25139767612148
1.01310506441845
0.995751253126118
0.832734094096022
0.932286350173942
0.841825571608378
0.567611507109763
0.668721565371576
0.481781984258818
0.188013548449586
0.164521290666596
0.0210923722138185
0.0753720998775243
0.92029604737419
0.761869057062951
0.688471055998138
0.872670184957163
0.637786538253522
0.503722206472708
0.786381864118818
2.00314753647398
2.26703028215702
2.27603623190472
1.13347982642967
1.02189542911351
1.44084709234486
1.35959346017023
0.710249422261911
0.956309654085362
0.774098338173352
0.913780134954217
0.866371854296833
1.00668609788094
1.50652068267423
1.15374721447256
1.83934675369966
0.983306724484744
0.889566939692641
0.811442248521258
0.814677683995514
1.3392043414949
0.323286221119955
-0.0265455523779965
0.648767396269635
-0.121712503605449
1.53189756129534
0.671027566183491
0.75014576274737
0.542833742012374
1.13833660699595
1.58373233628522
1.06748482621872
0.729150010172072
0.714271635103858
0.102637236112346
0.879934563411363
0.990684057115443
0.0613811482772732
0.518909797003755
1.06745691833887
1.2731566834574
0.925350170039586
1.05390233947726
0.30210202376383
1.26022349973291
0.749609850121445
0.72853683089315
0.913105239875143
1.50392136140492
1.92125091043039
1.5769740254986
1.95813465555813
0.563460414930609
0.435331471170903
0.903572816110603
1.07649231723837
0.431574015302778
1.42952050882252
0.646779226269577
0.490396749135457
1.19472633565727
0.795546975826938
1.75503969556588
0.664092076183379
1.91568063178683
2.20852328406391
0.338652474847947
0.140407602834612
0.048733243260842
-0.0191607320210184
0.145370052786194
0.0536457598846082
1.81540814613114
1.70247534655641
0.617215588956797
1.71136253000902
0.477507100361255
0.768573853101649
0.385368163593096
1.68506272676947
0.636205944588771
1.20950937739249
1.19331045884793
0.989690434176765
0.565472753410916
0.45816611053517
0.894605988679149
0.795481407627173
0.949162143920937
1.01487733244607
1.69317384649324
1.81714757566582
2.55165031355986
0.0899076323662627
0.871233777823833
0.93655934118103
0.452144333755053
1.48851307277529
1.14132467620865
0.619690646413248
0.774295135689773
0.938342782504343
0.811564426837334
0.553536988087332
0.911066563707668
1.24226759331473
1.56278581187997
1.5399259582085
1.19286708120875
1.07269029653457
2.00192738442654
0.583676827518281
0.274864403009131
0.115699364348085
0.585605462545899
1.04694488454835
0.70735305695299
0.659557814742137
0.984923735462461
0.45159826988833
0.765984542241245
0.522286351729908
0.300300460530906
1.07339991125923
0.973827417867889
0.923061841138954
2.33234048022349
0.853267550773169
0.969324398330681
1.14978779008068
0.857334085960068
1.99713321161723
0.922547092064055
-0.00708025780824509
-0.000281157897092942
0.17413110376115
-0.081452024324086
0.946019437602756
-0.0719986264850781
1.04966413623675
1.05850666795124
1.08120955422375
0.960153832405663
1.0392724340207
0.551489984191336
0.0423531969631464
0.0319655522663225
0.137181617025621
1.20632019659978
0.84846351573874
0.405548520373869
0.925176819659715
0.585445443841584
0.991074354657727
0.933031795014472
1.2081790343081
1.09442227640095
1.01703268702133
1.15271807769116
1.39912267153042
1.29823871042912
0.134639608500242
0.121800755159814
0.211739370889084
1.27303704514334
0.800506684540323
0.929938120647288
1.47191204351178
2.03916715031364
1.87255381454734
1.71401548681932
1.447822134022
0.837725698209969
0.882342623152357
0.73097106610396
-0.18016673110053
-0.139508741221047
-0.106127125222283
-0.0412581146266363
0.204548362764524
0.0944335239911111
0.922997342258326
0.781588032598099
0.808664764128658
0.558605801012387
-0.109401504326029
-0.0559387929286926
-0.117449440095469
-0.103541605880811
1.47645660897557
1.35261183676366
1.24278380647004
1.08814440119435
1.33952813703941
1.16422611138655
1.14715548771566
1.10697305767869
1.29529704687313
0.737526187818417
0.884737989908961
0.515122691146317
0.0324204806996535
0.996359125998532
1.50391603742027
0.171049895533019
2.1682819957024
1.84885454343793
0.972161089051936
0.54687277831079
0.0315102608336991
0.263053436165997
0.549004458179787
0.95271552509831
1.45691563317468
0.695897152831251
0.175984802733254
0.240727041584688
0.981004171429291
0.827476590978505
0.646214550325784
0.850489808815426
0.119036739779581
0.640107180068641
0.798148806104607
0.995955377193752
0.230831289052506
0.790846095263645
1.02248761029688
0.730648779849559
1.05110759748845
0.0562711329351358
0.995715591907451
0.482160685028692
1.25822396640087
1.51934845437259
0.580298538294579
0.909321287805197
2.10127891570044
0.369555864510301
-0.0762921579220669
-0.0685144353987177
0.034793669489448
0.838460529130759
0.354617101911623
0.104612465163176
1.5904997633649
1.28773990895962
1.14002984087123
0.873591790968644
0.995861583905641
0.61979850589294
0.453930181693369
1.344726882759
0.530964106312558
-0.100425324201627
0.217019645062331
0.897208988949962
1.69971410657189
1.5604177376691
0.789113261598965
1.1665672224501
1.71385850860751
0.525307707742359
0.710038800418764
0.0156073965655762
0.426138719640605
0.221386942471105
1.16271346806642
1.66995969706645
1.31319323304864
0.938326854400415
1.05058699784893
0.754044394590427
2.03567479445666
0.127935212564958
0.158534148255557
0.0264989913969773
0.904613958168148
0.459071101528745
1.72105223038576
0.175674478589551
0.845227539246421
-0.0694968509423372
-0.00573957427598564
-0.180728586069583
0.717272349189011
0.129334213802324
0.284897576588448
0.236709833632961
0.767963733791462
-0.0111105331709146
1.86530313332502
0.585690167990266
0.976081749894507
0.631883397999836
1.21227989340563
0.450456719166848
0.357183846199779
1.38994308628613
-0.146377563913685
0.855417016201808
1.01138330423029
1.00507709262555
0.62604600396777
0.0416940612565763
1.32532624539191
0.737446462901194
0.693739591685196
0.193877819429796
-0.0148913002335949
1.17664807256311
0.63066490060697
0.167035577106449
0.885942900708012
0.988464702060519
0.547413492208844
1.07369987885651
0.989533589977721
0.527056699020939
2.24905778708309
0.192199115813416
1.23608430451612
0.809057389279617
1.0142699039455
0.595134360493155
0.584796918582892
0.361653994047221
1.11803545912281
0.698265072894288
1.38679497088754
0.0896174901900348
1.51377959263381
1.59936078358694
0.91678359751574
0.749214677475637
0.693135543155691
1.54412814500856
0.984580880572208
0.62335375700082
1.40178702013282
0.0517206230900786
0.617450508284299
0.0811025802963229
2.32374677442426
0.834507686646611
0.103585548251723
-0.0165067829132853
0.0420627080818548
0.551162923648696
0.933885572525222
0.111437376177227
2.13047769670439
0.890907210925583
-0.0709536820032537
0.657180899123838
0.138184863270776
-0.0664287153946061
0.969809413560471
1.24010437233779
0.974727841658276
0.385063268044686
0.212639411647558
0.918406492454821
1.82390940821379
1.5804433816833
2.41963867984325
1.13920466653727
1.06450805235379
1.10597209897523
0.79660906863033
0.881196453533169
1.3947592275044
0.453601103258047
0.925393542445137
0.0606188724184382
0.889347317274705
1.58739497728264
0.357486294726698
0.359949687083787
0.86966055019352
0.114610868750719
-1.50250673435197e-06
0.0891472345395578
0.438143476583592
1.40261553207682
1.31997629377709
0.667248625066513
0.384276547518047
0.0124344196260924
0.889532494600232
1.53231533784514
0.109782125730052
0.499902923824946
0.919846765199881
1.01523328587819
1.69882039762696
0.949419911384744
0.944661428170802
0.173780269274677
0.812170944097815
2.05651260098758
1.21959301572247
1.42004984040588
1.28325949479485
1.02270445034163
0.349249709297126
0.277455755664489
1.58017001409937
2.33627016481001
1.66689111643289
1.63476630446096
1.82493850760313
0.382326606734706
0.825057578676789
0.261757369730663
1.50986776808865
0.744599432356912
0.527233728933589
0.387545662341834
2.25901457743193
1.06363242462908
1.52195360372279
1.91278433736942
0.561241000569565
0.12935000272897
-0.0501467220437204
0.606097583276584
0.980430347633177
0.943748791853166
0.157753378399952
0.395469038783271
0.28303922573009
1.12572184748422
0.52862540995703
1.31846377703978
0.974092992886441
0.542983214250959
0.546719530339661
2.65591521123101
2.64179444660015
0.615074929350032
1.25243275655027
0.343818756669756
1.53276983180187
1.06013304373176
1.89267500049794
0.680805425799277
0.101088919104837
0.166926254254666
1.08481692622731
0.379905407354289
0.597338223827374
-0.174626980593702
0.770652962427039
0.846277417860942
0.171860198057256
0.695316723040764
0.205920337505384
1.30480273246492
1.28576161146664
0.081504684201392
2.39099382615982
0.773064912488363
0.981916837191544
0.997970006026991
0.482327960116005
1.49337146547944
0.537521985616461
1.4236396721297
0.687404121831513
1.76862700759272
1.02703068892027
1.51023118991196
1.16843594342755
1.13608586377899
0.613979257802976
0.818166138941857
0.8733583792816
0.825410564832555
0.822339996727439
1.32812849882664
1.16949329445144
0.41906978822089
1.39319712974682
1.96828080455164
2.0226165117388
1.69648174968976
0.0265455548767086
2.03113125512826
0.127129723159234
0.198216044563234
1.33680995166012
0.547731389259486
0.419904641982343
1.1021720447566
-0.221524722442114
1.08024527716506
0.672219208511665
0.380673255035289
0.680316242668775
2.52631058389588
1.07210054757927
1.08766580365274
1.26868008959783
1.42335254866627
1.13534648386483
0.655890515194483
0.178910228400233
-0.0600604127994134
0.635959170903502
0.445563175424274
1.9799743706723
-0.0318416447070916
0.058428480152125
0.907885084050115
1.32213626718044
0.494602556978877
0.597778305255393
1.66013557465047
1.72494234480388
1.09701781675638
0.584567489133214
1.65212331015833
2.04286606228649
0.857677105654729
0.288671894974381
1.60313745474197
0.565388633883831
1.23422298572045
0.753120907530175
0.324973751597216
0.850802670676663
0.989355497978423
0.94572886663928
0.0314845007271858
1.04170115667165
0.827957592080757
1.76550548613794
0.874226179868909
1.75684935250453
1.5035678310168
-0.0707768390681189
1.52277720452738
1.75022290470466
0.5707592792751
1.43175880804926
0.775441314810729
1.56651011570355
0.0757044008930549
1.85575636742001
1.45483129859553
0.845322115015284
1.13249378447543
0.805103666108898
1.46196248516576
0.824721261215889
0.748923740450904
0.941563701222646
1.52458975345779
1.85824314292864
0.0594530668355568
1.24794799291038
1.72324658948888
0.673665765477548
1.13148268554147
-0.0890239809273676
1.49159177265928
0.112042238852125
0.273257688167945
1.66199743926312
0.996019031526435
0.604841531778462
0.876663839597193
0.645605862505683
0.270707510297997
1.2449659896172
0.596662572488097
0.570791553930906
0.336742007877552
2.4038168253576
0.216096355813499
0.430875505845541
0.537288200046467
0.183843299637358
0.927350928725145
0.53650790913869
0.540030434292284
0.908891596003152
-0.107904658356012
0.704496966906105
0.170774064619251
1.08048359453995
0.937128649713411
0.665123292516424
1.16913996841706
0.115449747789475
-0.0105557210144278
0.774769945664677
0.667770849671321
1.81628076538398
2.44168604825666
0.701487839298787
1.08564169571321
0.690374997397061
1.10852522050769
1.19923715343701
2.02354627811793
0.950248062999806
1.05754597911784
0.894391567130217
0.650120193870993
0.686332309813305
0.561005595269803
0.273049642843884
1.09945501540063
0.750035714938955
-0.0314015017700829
0.280862779693209
0.141476993563703
0.606631569366002
0.78622292473015
0.369804985332485
0.223791454060713
0.779848858591594
0.668563377628399
0.593508720510575
1.19966569085633
0.900034280768309
0.92551483152247
1.55906373196003
0.500168992607504
0.130352122043241
0.99066800395117
1.04439186320078
1.18301437912907
0.0644474487472783
0.612519160015429
0.105212070805153
1.07728173963648
0.988200273475158
1.02243256192254
0.550821633554032
1.99827992437775
-0.0812509743029516
0.480879981751687
0.451966570977339
0.433370280085079
1.2921802784305
1.81908252056268
0.914700347595741
1.26776649851257
1.44379460436055
2.25944783792253
1.10720930657964
1.03079927155318
0.975241856416103
0.141519345786984
0.935639622564685
0.379715504788557
1.65082353079534
0.544171361166005
1.45388263444864
1.62712639695838
0.530893917701025
0.544445256410781
2.14613885864416
0.950890873311401
0.551713101353849
0.0279276612165119
1.60537051991945
0.834091873634913
0.990573905250189
0.65723766851552
1.27349616468923
0.757099006946444
0.770165701788142
0.790020506853077
0.358590381512702
0.390123304716862
0.963245373857305
0.485887965884131
1.0194826828246
1.52352611107355
0.96710852133089
0.693761188432689
0.63363396951337
0.314366856994479
0.875304661939632
0.0386955440222
0.139888329388274
0.0970841945132599
0.742532127200945
1.47005092148171
0.617038049240596
0.233571557759184
0.25222434744601
1.81916275452885
0.0375431950458603
1.49785387502797
0.667838900309106
0.615523672660311
0.00614084340370661
0.253529889032947
0.813529033008711
1.61250434880929
1.1892803214053
0.405968578574469
0.470320790626147
0.689701140372501
0.711702351635191
1.27313294364009
0.879425368867762
0.33579608938506
0.803160268706485
0.764671595561816
1.97365639105836
-0.0200263702835622
2.06939285610669
0.784870782425164
0.980722433593013
1.5937393847047
1.74477935163505
0.301498021222703
1.89838112999759
0.700966354647941
-0.113613693366572
1.01684521705999
1.53291674492377
1.4206792944053
0.670494548326804
0.877570916448853
2.02533547401074
1.32695541550145
0.139151023641519
0.13829728955639
1.09782835035448
0.577977020081875
0.0403931647460132
-0.0193593542207987
1.773313212762
1.49546531532799
0.856650912439555
0.928372157129619
1.0604412122737
-0.0195647404869011
0.0310712196790947
0.770148425720216
0.163153668477298
0.109766545302513
0.0612789733648866
0.868830306325318
0.0521772185489805
0.780793657037186
1.10586681532607
1.12552662384386
2.24650101624186
0.893904315739525
0.732327457749953
2.16681857218531
-0.173875638538877
1.41333455110218
1.08764250435492
0.682201998919796
0.720601393490687
1.12816318159017
0.0785869660047978
0.00646089451432647
0.492851354856615
0.989652757306007
1.46165187037844
1.21645330512378
0.499658613543305
0.364479988001177
-0.156123743054215
0.487137760328313
1.25271438521179
1.52268009179937
0.650411191610917
0.616715247005538
0.771055643758539
0.799530769080119
0.295488622384592
0.721115178329066
0.939399287644588
1.16735766537416
0.820530184081021
0.723803693659946
0.820390405578792
0.921171695199078
0.961193503956762
1.02025645754297
0.882930023860106
0.719089845547993
0.963202767797077
0.234461524383759
0.546558147358009
0.854599090579105
0.441828313309915
1.05886562345213
0.92561865128164
0.595509836029269
0.165987626522202
1.12010066163186
0.508828152325645
0.669322116694455
0.902300165037397
1.28254710966658
0.657610061578285
0.781406529119431
1.06055027673375
0.40823773005528
0.742819853734247
0.740030388851474
0.886458440667017
0.58349199430125
1.18688383952281
0.720457640128623
1.07075178025664
0.998320318082526
0.521582831807492
0.291367162291318
1.08108872575538
0.173474880233447
0.353110952044502
0.7905257895354
0.326314305567533
0.988768357376764
0.8259869028772
1.00931928899278
0.795529947653858
0.901853292382598
0.697369387435377
0.957218495821614
0.274212429414023
0.986650005764766
0.934694577526873
1.23666550797991
1.07398636520534
0.937443886071854
0.799946964181821
0.575404824377395
0.664628964463489
0.999939113479903
0.900104179784641
0.535282183220789
0.898922372999199
0.577363694451763
0.618686855728453
0.60798090031186
0.651096201781308
0.67386122565511
0.731273867986306
0.679778075358988
0.666181178459762
0.77434175555793
0.610301802104609
0.537430507386665
0.867219607166855
0.872660727188568
0.175222612856243
0.281809714728529
1.26384544728106
1.02560287627597
1.03194795029528
0.991655708019801
0.627440185085484
0.621453300049894
1.07140944304576
0.712318858435539
0.736519640859856
0.763936152792898
0.800539254828532
1.04848917780066
1.07373532610432
0.989188135051102
0.706254242896361
0.724994721511132
0.654151372772313
0.402548890217751
0.386067741732519
0.963954736841312
0.953121569357108
0.700040723259325
0.58016260130371
0.666949311573623
0.262866592438419
0.928023571011785
0.787510872312622
0.319413157373471
0.732658708909588
1.05978883676869
0.440205179306249
1.01898914943518
0.927391387684939
1.30877326222193
0.124844561216936
1.17819863543992
1.09737523453274
0.601567751342902
0.139527895518077
0.711748828328084
0.761010314465499
0.573460378158648
0.466309849051997
0.433072036977205
0.840629173147305
0.436960076421507
1.07765940504453
0.595873963847015
0.772043048087634
1.25760718023322
1.1376600494288
1.0106828634523
1.12615897356505
0.969160290064269
1.0061222782132
0.925876497289967
0.983710069529834
1.02603950267098
0.866753275996586
0.768717874312991
0.748293956751783
0.797647849635663
0.693874019167925
0.56976601848343
1.01857827420226
0.904891411246079
1.04836022301584
0.668078463528754
0.16900435358393
0.226667835269005
1.30494699983373
0.875580317355484
0.767819476252777
0.827368548641946
0.655004417042056
0.600758481021686
0.892369237106445
0.26862426516909
0.79405727541386
0.730842079277901
0.666832526433137
0.722006791877519
0.497122335822891
0.479145702369582
0.602626075128669
0.595053825851803
0.621496734782172
0.618215459007491
0.604590917804488
0.665037533894006
0.846895969098904
1.32909153262361
0.622261366395289
0.783755689238711
0.92197240724893
0.348126815086913
0.512027861714477
0.564462509674113
0.762760214612588
1.079761539903
0.629799323256082
