0.629158112628558
0.535699538997422
0.775534900660379
0.801237648310841
0.140707435369528
0.544034328718983
0.873060094342464
1.03308740377106
1.17259363979033
0.217066211016574
0.293378780159147
0.31437550498572
0.579676270549116
0.934421731486295
0.610046880763025
1.47596160688672
1.44796021296303
1.16051498851077
0.827800454322821
0.694838477564763
0.647207168941108
0.674629558774367
0.820561189345645
0.911284098127199
1.32424573910705
0.589489136041887
0.443489007894381
0.690326595144837
0.00498717423752632
0.593248267981771
0.561714599666391
0.557480155597299
0.404262877050394
0.886896158350063
0.644765949778999
1.50310241281204
1.3509446235842
0.269619076166538
0.533024196688171
0.612971302083579
0.775229021050063
0.930253408297447
0.971545900181677
0.0178708115759766
0.784053726081112
0.34054936461063
0.236769332430663
0.600256988294099
0.392720083581853
0.588106939636508
-0.0162018927716487
0.882106653663208
0.862221226521848
0.569610248729127
0.13186182606218
0.976664812688067
0.94552726010732
0.680922474468147
0.132523372407876
0.834033412178439
0.987543405780605
0.487967243865137
0.743835434780215
1.13593046760746
0.30136452259613
0.75071073316625
0.559660000747356
1.50613250234251
1.44762884954833
0.255602230134901
0.66575491881807
0.702006616828545
0.840624714710839
0.884243253624451
0.3741693315721
0.812922764980942
0.733507073395598
0.54436929723602
0.182542269555394
0.0501393977288862
0.572922927547334
0.426931761913367
0.530959563645669
0.714879553656342
0.59041081344499
0.960446772542996
0.976875306519793
1.26527811328993
0.264872128052311
0.323767133825702
0.577082370808352
1.41010197980598
0.707224308617065
0.543677991988594
0.62179796926534
0.603389168491425
0.36985290645045
0.44742144857584
0.444764156066963
0.00577395804619696
0.890327255480028
0.669487559145281
0.827558938042405
0.931464469221303
0.957072010096708
0.632415753102878
0.0651394205459954
0.100992320552265
-0.00112106752292298
0.893882759834047
0.62644634289217
0.763621439900016
0.220029658363087
0.535797929126694
1.07154552118072
0.898938943600156
0.897834874494169
0.965434146511984
0.874861351619381
0.976300829412062
0.761544918074789
0.899341247189955
0.87799183000179
0.937687998606977
0.945464061576986
0.846350912130849
0.920796289068248
0.763286812931286
0.820448327991672
0.893527537163044
0.534502107299349
0.470186865364575
0.550516494284175
0.537618493069778
0.749594567633699
0.638763494064868
0.661855749364087
0.978643587877709
1.73387019734965
2.04991964578597
1.02386522664052
1.37605082200227
1.50159451330228
1.32334603055412
1.27937858655513
1.75092712084171
1.08277278940244
1.57173130406156
1.07498951540267
1.19746766524743
1.52037647819673
0.310470752889294
0.177715391457201
0.0224545626834304
-0.0231175677783345
0.763579025792642
0.573176949214253
0.587796018384979
0.182896559951651
0.321927102625582
0.157508765049202
0.42899717570928
0.52817572004587
0.586534511895734
0.603596591903245
2.50729788302905
2.44970525275391
2.05350729509553
2.16526793365812
2.19351584411544
2.53061685160757
1.87710662431303
1.86476258025201
1.647430215331
1.47026444111726
1.57880840631593
1.41144106943834
1.26245788974749
1.08566226011449
1.23215087330796
1.04415212883635
1.40992351159251
1.60213301229423
1.28960108664611
1.28663050276751
1.29957889480346
0.954314535572356
1.09813465385856
0.21926812121874
0.185495071973419
0.049477224157262
0.0827819804028647
0.0842434419737548
0.0101852631566401
-0.193281935004003
-0.097123193362753
-0.113357325334905
0.210001090449202
0.0121850669393959
-0.198444253773142
0.288462825804109
-0.211878058055487
0.323351123668638
0.0571330013642012
0.107078628732304
0.926677206904867
0.279723243506748
0.198443937678734
0.351698209548366
0.42215964412596
0.694792633706973
0.934532583965398
0.999633713102661
0.815635916200937
0.652581988140449
1.2009450320881
1.01098072525266
0.834455407149342
0.623267036395889
0.651506658092221
0.810258588868686
0.933712546290625
1.27854647140278
1.41080466415913
1.47635144764651
1.57160387625953
1.58167300061635
1.66158922260334
1.87052697569227
2.13142210267219
2.12178684920243
1.83244591163571
1.63166834565417
0.605842897698526
0.621670469650493
0.384918541027661
0.571403468490779
0.584281777118665
0.530470762625942
0.346210023083655
0.522326351799133
0.568639322740032
0.420555243519775
0.65825222115642
0.930924808055735
1.01238234044014
0.782410752207328
0.789045393342384
0.927206531351448
0.935855532379798
-0.0609397231938901
0.0310186951030859
-0.026470812404942
1.29256049271018
1.00354344493087
0.871676973755339
0.783891500965849
0.89929817829028
0.828975571476042
0.537544252825304
0.635280969809009
0.451310595451959
0.161589546073231
0.195338163382361
0.0835253707925631
0.0870244256864916
0.731583074283603
0.497821685416224
0.426064049408735
0.466670044870187
0.294918606719061
0.154422069157127
0.740934283426901
2.02860860883823
2.34602162836641
2.26537678197997
1.18823061731103
1.0098860207717
1.50699670615063
1.42522900032965
0.644152831555053
0.858515217036032
0.671867994878288
0.812735599576239
0.743231563857074
0.901308154439433
1.46578908340137
1.05370884749737
1.80144449574321
0.986149126729342
0.869278595772723
0.763881684198163
0.775697765404915
1.25142282722
0.28356578427399
-0.0490831971536556
0.554875483891614
0.102062251605883
1.49965308100683
0.596805662045108
0.653528711174791
0.513001240316101
1.06072277726114
1.56448722302666
1.07149678867572
0.644967335101339
0.302575815671332
0.18668327635451
0.820465083540422
0.922875589816442
0.0215105390765711
0.540968443749813
0.904641183345752
1.18906701911755
0.939306767874333
1.06061143333557
0.34245831755843
1.25307715217374
0.78316015027254
0.69881322328106
0.904505175997339
1.55270232813514
1.99579356571139
1.65362992114538
1.96701260323876
0.470302429654063
0.391267599709144
0.875253018922549
1.11713431497269
0.364774933454513
1.4031910250053
0.627335151094467
0.46326690175478
1.10683986175678
0.705087746757301
1.81570188522245
0.626231412592582
1.86286020608223
2.14454087326796
0.298279840232549
0.0456434863540402
0.186544455516503
-0.0428287004305196
0.123934322530907
0.157587832587255
1.91186022791709
1.80197106753832
0.566996925466108
1.70730838784614
0.460904980206729
0.712618014885823
0.289021339994152
1.73023483875268
0.540613377642165
1.14538876838776
1.10327224122187
0.916274619394501
0.639709176533174
0.208721651815333
0.856765994479151
0.722522131482214
0.931764110701356
0.890689906843918
1.68601316172364
1.89303575225727
2.65835740088772
0.0912369047043787
0.830462526928547
0.929075505354425
0.4889871539851
1.50128481346118
1.20652007531636
0.639935620473079
0.734910922256482
0.927167915383964
0.811138184898625
0.505942564044042
0.813407794584698
1.21369115633885
1.56553925296579
1.59464546550754
1.11874049179596
1.0424941662716
2.02818743413719
0.542247678629616
0.105619221024831
-0.0718521136477398
0.240092001371463
0.992358645905132
0.632078433560295
0.609167161692422
0.985880616144212
0.483083580592554
0.767501992214689
0.244481474921299
0.0323050614156188
1.08774093505359
0.823601189991277
0.825716158121407
2.3944564581814
0.428715952935364
0.599384932884422
0.986187493579374
0.780864748424141
1.94260826054015
0.921815947940157
-0.00505160309133764
-0.0307324624678044
0.20087350811839
0.0224403768943824
0.938878601225549
0.136291518346947
1.03239689148937
1.07283587325364
1.03714898825007
0.921237329525957
0.930385202946885
0.457908695711977
0.0381375201803711
-0.0175552174822012
0.0895313118614555
1.14747358612759
0.797424093096922
0.303594962060761
0.929621839108486
0.561649049334012
0.870593975122121
0.783639115799056
1.07459277601715
1.10484679785806
1.02856002156323
1.12776703142085
1.36273006948639
1.22938083800476
0.162572008995554
0.220701068897343
0.318488846395
1.32242949798874
0.81831934273535
0.891109447404521
1.40086089830585
2.03203726101186
1.90730522855755
1.74504746313894
1.4176919120182
0.795221197677006
0.867420208677165
0.659260381441171
-0.0973199941073562
-0.0109980134250882
0.121875637618397
0.133177025418575
0.36628160145594
0.211310732728502
0.924451986925308
0.731779764712062
0.763743400329613
0.471158154980009
0.0930247779564114
0.0905692371362875
0.149556715539789
0.0608686236835463
1.43623851970167
1.32594380218919
1.1407625299385
1.02782031754236
1.27790975763346
1.04749657936787
1.00216300126076
0.94807286277015
1.3182244064724
0.622437313617469
0.779022696889187
0.378267552943419
0.0150846495478953
0.811947365128434
1.59391839680867
0.146308105195904
2.21249983126223
1.89529625604659
0.668729920666865
0.57496642081386
-0.0202329627214014
0.250187885069671
0.502196027752574
0.896501865517098
1.51179064562487
0.60251446817986
0.0958104665722691
0.286781095698784
0.815222716859527
0.603947934529559
0.448322932052985
0.897120059745664
0.0782207118926109
0.637426752651865
0.789458716556642
0.746728018938403
0.19312519649029
0.67590961401853
0.871178728448383
0.324450065506276
0.917014425500945
0.0317550877960443
0.988849857310108
0.543576795838247
1.27407300126169
1.52262031911259
0.504478238755651
0.857691477880369
2.14597558583585
0.460603954018551
-0.00156637172351923
-0.0343184855275341
0.0172456161963985
0.790639609114136
0.296729475621676
0.179599781433653
1.71040172576424
1.19759581933994
1.00360159974864
0.547202806357573
0.688946355736956
0.518403595250872
0.470383054572154
1.26301049278059
0.167135374409522
-0.0567935716185187
0.178509539939428
0.930542826977692
1.68678745592029
1.50283049477263
0.861777684757375
1.02118460503668
1.70308365686099
0.454489361861811
0.738593971865802
0.0781300100668806
0.444467813184687
0.150709768431085
1.08444149199371
1.77574667735995
1.31768228927342
0.538632778863649
1.03675898309243
0.673701877905068
1.95248497518142
0.0920729509924775
0.0818682155491871
0.0238320969933529
0.84926526398492
0.458685318230601
1.65770754448543
0.0950253760807842
0.729065715793922
0.0913410645103796
-0.0235281679970397
-0.212058720890976
0.669467698312255
0.0942690722868049
0.254089507694542
0.316420877022487
0.389184664544806
-0.00470844973892871
1.88023399057824
0.527357324568406
0.811321564478965
0.515693322360152
1.07285160032219
0.349813940470221
0.208299989815941
1.46384415871769
0.0797438414370808
0.719554822702615
0.796173039581348
0.728839572458963
0.543024555875032
0.0122556657891185
1.26499508401482
0.64620709706186
0.682170739027334
0.270219438571336
-0.103417733544958
1.21860694151733
0.759050392104416
0.154420406801377
0.87421902219822
0.883159754067914
0.437366043066525
1.07616944570524
0.827039180253517
0.563573384357202
2.27426711429501
0.121301406616274
1.19323112505214
0.792514166296195
1.08527239043487
0.49719326531932
0.475485872974864
0.253110961844867
1.16129391418528
0.643538283191793
1.41669127269066
-0.0285363045255984
1.60559438804642
1.69805389212506
0.506815097856704
0.671094546194746
0.597366233518686
1.53008401322298
0.846273577423519
0.495684176944365
1.38927826958786
0.0386501377290891
0.59096237081594
0.115352275691082
2.38817526219516
0.756759096239983
0.0752509066626198
-0.0399618986063648
-0.139323528521765
0.436701237239986
0.919467666751837
0.0597392721885098
2.03712340160248
0.861748087762683
0.0467066075205294
0.625770991766846
0.106542900678925
-0.162257996214487
0.896811552398825
1.1060118066418
0.610972758220173
0.46349043072541
0.281725815238856
0.902784072085838
1.81745844036535
1.5848263914192
2.49948727512728
0.974411441638461
0.996381661733572
0.994879611822949
0.803695771758954
0.77754700001504
1.37981291613699
0.447002136606181
0.77004774677719
0.0524920926604737
0.907035089938313
1.68906211488746
0.374912276513318
0.0511204154843052
0.946763993086706
0.170561833271288
0.00596026542468691
0.073958535245441
0.396955150377441
1.45837664718534
1.35295898430508
0.567762283093622
0.389578915812166
0.108560996778095
0.87773161180862
1.62192941614941
0.0581894812274392
0.495662959186179
1.04712969037449
1.02040659421067
1.64790978330307
0.917834575562833
0.56574691780161
0.211958344516117
0.778816212275392
1.99932595558992
1.11195222852555
1.45108419413344
1.28233583819113
0.952036042412866
0.347892694727841
0.262458065078072
1.54644485865183
2.42118243267021
1.7394739263808
1.68369889948586
1.90849708317421
0.260265621286241
0.767287032971515
0.330876764457365
1.57857526618951
0.680748925757579
0.552150778058672
0.325004628657592
2.18220058898698
0.897355994557766
1.56515970519398
1.90271595735125
0.543215770305774
0.0740076721953045
-0.0250027412866374
0.426835494271647
0.942821954475625
0.933953828237493
0.0475406278483796
0.352104062323728
0.287586791863593
0.953507492988966
0.403698573860756
1.23032656689317
0.988689169494735
0.491741687741774
0.518467106981177
2.76735321790433
2.74988212708261
0.631825222787464
1.16812040797122
0.280255954410456
1.54069253699604
1.11015267867309
1.90153847711518
0.311598110935998
0.0795891282879012
0.114313113034801
1.0163359576497
0.399178581329618
0.606640731671531
0.0786093078533968
0.700376752909222
0.76162431111954
0.126888769173184
0.651567733935383
0.175104393180338
1.38246285918858
1.35248731242653
0.125148450427072
2.36986801952205
0.637986944488199
0.651652502617034
1.00234558711127
0.402007362381437
1.57388625836613
0.494797962639066
1.35274583976069
0.608607323095272
1.87514915166027
0.963397027273196
1.58334245283726
1.02905002136188
1.03854445343159
0.647118718037465
0.404556471674097
0.458426405532709
0.401548451564029
0.708731794105036
1.27345486425248
1.14128690666646
0.414340923573755
1.3315094430544
1.97058177060445
2.05306673949875
1.69813215264244
0.0140096895358412
2.03030553571808
0.0804084026035759
0.00981619108352603
1.3532941272387
0.572771270236536
0.411570751653029
1.00685459618237
-0.219557694497671
0.922141308932758
0.579986351481597
0.2986434035495
0.616544755953724
2.63346757151343
0.935013598705867
0.948478835662549
1.31440340019735
1.40272718788058
1.14205728424776
0.256678007988616
0.226904460944552
0.0307340138430441
0.525662383564803
0.537446265997991
1.96708679964893
0.175230447876898
0.016099978291264
0.756088549689923
1.46378809399368
0.426124684089429
0.59869609892451
1.60433329122666
1.70358643815685
1.05478569945499
0.616052362772508
1.60643419925181
2.01844481791268
0.81750102209202
0.302497445277251
1.54711496967511
0.495119724520094
1.21328643713405
0.751227301851092
0.325831597649436
0.801505809341869
0.770392337476287
0.666934498705812
0.0247123184360167
0.95766194303901
0.773573306253252
1.81715235643
0.643335363872998
1.77781083465834
1.54634950408112
-0.101901026828102
1.50812238122816
1.82661939957599
0.37448977763916
1.38558762924183
0.723917542691468
1.61972843420585
0.0539719071959546
1.77448775886661
1.49796047967258
0.78229995169277
1.08775775720636
0.820491907709969
1.49371211293632
0.783955319406973
0.733610322201407
0.917540570260134
1.517522831478
1.8782511893471
0.237466967282808
1.23122240794806
1.69138877468171
0.617761480291096
1.24494171369707
-0.0297894483180313
1.5675851535553
0.162831478767709
0.178598022366261
1.61891488919961
0.852889505958944
0.583809806687009
0.829273052382438
0.598258630377891
0.218756326431543
1.20442742770017
0.527403722006947
0.515189596191954
0.327551825738533
2.44823227346915
0.130949255846476
0.402677123329969
0.468168659197819
0.1942260719783
0.943723526896714
0.491464648058755
0.47240243415569
0.494330877441629
0.00587150806284442
0.629117873126059
0.0823225017464058
0.985138625228702
0.928043610006048
0.576355336548753
1.18425697031349
0.0639851027045915
-0.035117261778591
0.742996536017907
0.647436070739943
1.92298105644928
2.54171880240428
0.833682132049082
1.10788371145946
0.579764956361696
1.00783560949855
1.0718899320421
2.07087815590026
0.921207570135522
1.01042409272495
0.869338209792095
0.598089121537503
0.71507077623853
0.533471071178186
0.0193049489220705
1.07549778833052
0.524805619079317
0.0707835285795693
0.42558167466681
0.0693571046558722
0.657171898899386
0.847323954414906
0.302564626579809
0.167400079075896
0.372235422829169
0.278093110283226
0.207977681114013
1.09696110786363
0.911600870538351
0.922707837213772
1.63374247149071
0.512197340974254
0.110544909620848
1.04797261415502
1.10318043156587
1.23393174292966
0.0146808452345716
0.574205568254662
0.146679419560983
0.967320583821264
0.913505062716846
0.922048939318152
0.574564157499955
2.01649026726947
0.0702341651752878
0.511099842628758
0.502101157268677
0.46398454550908
1.22007677898841
1.89350200952854
0.546668043247456
1.24612862277263
1.37422550095146
2.33494156906272
1.09746718524041
1.02178577151984
1.00391384751811
0.196536045358009
0.977720514255494
0.191993855234899
1.65990861206046
0.265127391967705
1.53824199596513
1.66793823653323
0.434469041719576
0.568283018529624
2.19105868948127
0.954109490388054
0.531468771649264
-0.0195383319370296
1.58908645606722
0.721726703790396
0.675189253595809
0.649844344045505
1.25231870545164
0.36197527335087
0.696083995045346
0.366998640120056
0.422853746254186
0.302447427280938
1.04984931609369
0.397437852921939
1.0554127324769
1.51282405044695
0.909069536844145
0.579740017438673
0.600842869505895
0.445924241478778
0.852229560633387
0.0301908909250743
0.10769623642189
0.070489676878458
0.654019274724363
1.46436926386
0.512764861352305
0.337058267847943
0.137558606069634
1.7587123181901
-0.132979028496284
1.57590662850842
0.572147285568564
0.288963857218239
-0.0841518449674418
0.134283898255407
0.687603987755521
1.60591415603623
1.23267555196876
0.44160311100749
0.5366650912
0.686372431731715
0.659517399290988
1.22092810766808
0.741862307703401
0.357862710334538
0.770052336834882
0.621463992400245
1.99702556173538
0.00887691070508721
1.99250899081933
0.825815777960885
0.860517249524498
1.57220916378093
1.73462083487401
0.308489326265785
1.89785409025024
0.687997357483839
-0.0982024815421771
0.903106261314875
1.56316920363265
1.42716385068504
0.571590985338012
0.885826443404839
1.98986717338738
1.33966374197219
0.177031261194964
0.142219623122607
1.06029683066731
0.561941982026655
0.00442264638995219
0.119025892173542
1.77315690164739
1.44669827410147
0.650086362867572
0.731514004445848
0.921665534363337
-0.0355135733210468
0.0193697269128216
0.449914803547341
0.117892028646494
0.0768098867135733
0.00988223406135008
0.995383244834969
0.160096917402588
0.787933336228934
0.935872057275932
0.96633051494932
2.17340241826701
0.886054534964729
0.643835577596826
2.22873157977083
0.00286596437586309
1.32059777566614
1.09272638133426
0.517053788857244
0.494843010784047
0.982884609645568
0.226462422128212
-0.114538072613492
0.569457125199324
0.656066754060464
1.39380596370868
1.08353688558967
0.5676136168846
0.13437958336572
0.039989883113984
0.1865918473433
1.13692479670702
1.4936539096667
0.581258537644602
0.590046347081307
0.69697874311399
0.748970171942832
0.2488492085349
0.859455719140294
1.09719556202349
1.22921623108301
0.779470971037515
0.613734016524604
0.58757317567729
0.777861368107383
0.80061248333561
0.975642375790252
0.677183435951554
0.594238682006299
0.662210000218974
0.199014704842265
0.618539783108086
0.685258854174311
0.422739129849388
0.91944384531663
0.55108187783014
0.557822422189542
0.0965333172216845
0.999862407526855
0.548359444310686
0.422019153370621
0.880540113468457
1.33690614050462
0.604900913738877
0.648417064166138
0.815388223232596
0.424954281030431
0.760471247559271
0.658775732720524
1.06248530022476
0.566459793770858
1.18726905692275
0.771441050451745
1.1708447729643
0.675608333558254
0.415493156677801
0.25349093973461
0.884716485962637
0.101427420160745
0.239454009774787
0.449500099915986
0.319823604723606
0.80983075509501
0.745733826909347
0.836783887437382
0.727353569147552
0.757750186025645
0.630627898057652
0.728994751141203
0.183162645285034
0.92577782946464
0.825688617204109
1.23084359581654
1.07001173218679
0.765204383888977
0.562209020325726
0.607651308266713
0.599136455496737
0.731706326765548
0.595322831015827
0.519745839836754
0.770743665501662
0.560789660976688
0.574137981579161
0.58277182433459
0.576801063314635
0.609768611070856
0.778763492408387
0.683049351513295
0.711016242333745
0.832318871047603
0.647227615883572
0.598980562538161
0.494072757615742
0.553693223097315
0.107715110640769
0.202085499558153
1.32655300165546
1.01026667250841
0.755948461977404
0.6729013741069
0.59401486278353
0.588197866724223
1.08710613500697
0.806612414286049
0.872918789143286
0.735217705466992
0.7544355645291
1.24052767719446
1.23334014705572
0.984205204100631
0.620056949384354
0.611327538291903
0.592498823108736
0.44977570540841
0.382895667393578
0.601997148534263
0.604046186718917
0.558161869711692
0.397528348969722
0.497783358493718
0.267092633809528
0.714808700097783
0.681198452102601
0.216436601046716
0.402809669745009
0.899171310271753
0.347357574037171
0.949124722608362
0.912750494865378
1.33614383245336
0.0638840025322606
1.13307733051028
0.922895858073188
0.549057307543568
0.108261319212455
0.750236636021759
0.644411303208674
0.545609013159257
0.49675201248332
0.442766959554562
0.830413105248128
0.469716772568109
0.8677880964938
0.577889393513759
0.692734182810465
1.22751360806096
1.05787910234373
0.85520125695879
1.09747072298088
0.808397055601154
0.895582634232208
0.750987344115655
0.830307586191302
0.822001067626963
0.686555905564774
0.5161520050486
0.732723924053725
0.729565016483574
0.607127811702736
0.555935978180541
0.731430850217335
0.514745004292843
0.813575518610034
0.697628378088369
0.108836044632694
0.174731202791133
1.3676620612005
0.968480116312161
0.802162639322453
0.449214769926817
0.60838364166613
0.659341133130278
0.820847316074062
0.199300691175005
0.792012014553173
0.789691720940863
0.734282481589949
0.769965246104111
0.531844735574832
0.505036741959354
0.578884890901469
0.573058311391892
0.586583176381277
0.561978809670004
0.563999919549502
0.594349328312558
0.511663654234058
1.39499490725016
0.538734360296378
0.720182429467475
1.08371267132369
0.320641673088675
0.547044573554114
0.567675588982466
0.77286282339794
0.950105079501854
0.371298304430755
