0.711788286459237
0.56317838456943
0.954422607243898
0.974354159621183
0.284015475466547
0.875518253335447
1.1972944524839
1.33355944877176
1.45530723304911
0.157876897775035
0.487114363038861
0.587888970002517
0.951316983169712
1.09391117000918
0.751710598919842
1.41472217107167
1.40523811603616
1.23618082682779
0.938671493277954
0.785258096612275
0.735693801053004
0.686839071469521
0.885501272442335
1.09562553131038
1.30615546163133
0.644541961121596
0.492224562816943
0.744210610736313
0.232435440010476
0.574308731746018
0.665446882861283
0.591011071700458
0.845487555237993
1.00770651810319
0.79916341537904
1.4287340965406
1.36600829430806
0.543812713524802
0.583187255263322
0.684901439918917
0.798317125929489
1.0213403633745
1.22720687733595
0.212476850954484
0.964242993563001
0.725836194992708
0.299340884554249
0.626814203260611
0.475260954565465
0.67244670527869
0.197096189296099
1.02077061735765
1.00925411081011
0.857689363240515
0.380573312751475
1.1922033674263
1.18389068808824
0.957757548175891
0.295928385456984
0.936256994677289
1.09628241664188
0.921177976806302
0.872422875712245
1.17162496907379
0.211468391801671
0.847165077403575
0.592610447295697
1.43350424409214
1.3865989126879
0.371206665765856
0.679504337209426
0.716141277988355
0.990812520461393
0.972897874006318
0.436411872405644
0.850812312268798
0.958848675596162
0.618905949368074
0.443465264018949
0.284891708306513
0.615936456092842
0.710607144429624
0.564600573073978
0.887758500712778
0.720862607728127
1.21705396361689
1.21723456638482
1.30994042084308
0.400184194284851
0.658517472949844
0.695429597341589
1.39613699180576
1.03986960045875
0.569910490087138
0.700046041949216
0.666865517555698
0.79190429477693
0.766509837979928
0.891383430464941
0.211090758550567
1.04806785330474
0.757971497274326
0.979801962878714
1.14367999939871
1.1449358796014
0.956107089064318
0.221994156490307
0.277636117468351
0.219972328389164
1.02460790538301
0.687650750683953
0.834955462795234
0.220858340151438
0.940675982850358
1.16964259495291
1.01238952753425
0.987938227123692
1.0601393549214
0.991786409333521
1.00877619514519
0.846795176176343
1.02851339320665
0.986407748581214
1.05292579034747
1.04402931227659
0.917646034869872
0.980940116242342
0.821246916143729
0.856421074349855
0.942097952819103
0.48803559179795
0.419820587406374
0.474968277429127
0.516117406552016
0.754663017920474
0.627928462973681
0.602547371300648
0.925429198849157
1.63307317712826
2.00046261500362
1.06148670784033
1.50828364555077
1.68370492060931
1.48916793401309
1.35046952722239
1.74743116034081
1.05758707340193
1.66505764605726
1.06468774498643
1.16344175579029
1.58143046117888
0.286276826937743
0.0921917429285632
-0.102748434733344
-0.0894106443875651
0.80531232473932
0.561855601515516
0.569057195473207
0.187468820002692
0.369097907106549
0.230824433777226
0.461708862377039
0.538498833940643
0.567357777391651
0.634958418283379
2.6123980143241
2.5888232882436
2.1461019724816
2.33235415880088
2.40213910664779
2.7529630363939
1.91703007779328
2.04349321450763
1.73586599468924
1.44620999537737
1.49928716432124
1.27232036441901
1.35923815825572
1.10535701215992
0.980185395737331
1.17440835850609
1.44930023452852
1.66333200478212
1.30145205695734
1.26545854329496
1.33610631872485
0.907414236229235
1.10872180626849
0.197141309314539
-0.0169125029362369
-0.314649197531417
-0.269598425545523
-0.174823302283545
-0.281068126315319
-0.236896747978854
-0.243269186616114
-0.102864310734512
0.272892088084929
0.24162607155552
-0.275252077830021
0.433151556587639
-0.422305898433426
0.392164974461887
-0.115219305216601
0.445146878470942
0.934795004707896
0.14200476860112
0.157778136124655
0.352274552417674
0.355123985459155
0.821320503878569
0.971463292063705
1.13224209672532
0.905449039150752
0.64932170627793
1.3520462686367
1.16668003257535
0.905278320488226
0.580667466135617
0.490322690278557
0.701819721695854
0.9896466319918
1.37809037995216
1.46070849181596
1.58777581917113
1.68896784412976
1.68702219816026
1.84863914088556
1.95845240250575
2.11527760778202
2.21154232159999
1.85026196084589
1.6443175576008
0.581988152611767
0.403926449884968
0.0954114561189442
0.323765038937322
0.30746490272437
0.626827565165494
0.327570321304043
0.320441390284873
0.394385135497948
0.340496607826527
0.644999824373198
0.984221857600085
1.03472600669274
0.742696040462746
0.632833606941023
0.94176125805922
0.932354598282709
-0.10238283141929
-0.00849540090098061
-0.108222464909462
1.33468747666378
1.05285697010624
0.951483650834757
1.02174314406411
1.07139715602896
0.924913016045158
0.766418868139069
0.746244647764805
0.540477829242521
0.0976055172537422
0.154028473916184
-0.139405058512749
-0.0811321939740925
1.06649853683671
0.96756738985258
0.854260551424231
1.00348315508838
0.805772725453707
0.63897054147542
0.709794223207474
2.05053076783792
2.32646952654612
2.2583134305889
1.15386964515914
0.858158428365491
1.4022866202357
1.24576200580579
0.683577592872262
0.931795755290272
0.75011864701789
0.880436914848152
0.796568856517297
0.928047364541759
1.47929670058144
1.04355594539612
1.91223711031564
0.983004759541672
0.876849238472142
0.786443535703543
0.770654131162439
1.42544680843525
0.236247935484231
-0.0554578497775138
0.565855759563432
-0.246605814968574
1.56333261963761
0.567308503550955
0.677472749359867
0.49732870809941
1.01710110440815
1.6073431426347
0.96183778556002
0.705208508307956
0.851113618667753
0.0654151090841267
0.657500890435047
1.04287391810542
-0.120759043174444
0.569770856506443
0.980752871272483
1.36461370966913
1.03689095553893
1.12725809868531
0.089023895001027
1.45740281010232
0.812161265985298
0.695604977599849
0.922308265903177
1.52746930800944
2.19912426770172
1.61190431343381
2.02469388446735
0.543184922877482
0.336654130940044
0.967946310484325
1.06908337770379
0.353526918051226
1.47752727327768
0.464455909697649
0.437728349147114
1.13240850627695
0.778684338420691
1.91309763429428
0.508213724594723
1.98206863022657
2.27073233853895
0.287750299981269
0.00644933769673447
0.0568342821343775
-0.0978261018090323
0.121749772194711
-0.120462434450919
2.02391805877474
1.80633183893895
0.60839738779646
1.80352569924241
0.319722725009358
0.980587494946119
0.200214471436885
1.6199830552588
0.601013851761309
1.17051622525643
1.19910527894808
0.901838876886715
0.881604745361503
0.493375819345644
1.01693103172326
0.866458141889566
1.01272837695807
0.925541395101275
1.66856699663186
2.00952871136257
2.76091236666052
0.0121829050742144
0.849656841719884
0.949521369967173
0.633616656131855
1.53007593057758
1.18548450713028
0.649617416965673
0.782961325662339
1.01942646256497
0.866224065835353
0.526767759575653
0.88201540330753
1.28418084996135
1.54251520802157
1.6082385512695
1.14093498466629
0.976165697625599
2.04305502484649
0.723024905999172
0.260801182709361
0.082298469371643
0.663437522636609
1.02871890547598
0.708507954233427
0.67008100517927
0.889010340966116
0.499117122799839
0.759962009061944
0.639937120211262
0.36480478485177
1.14267494699707
0.961296240622874
0.744815509371564
2.59004938315627
0.936173337311565
1.00159911619309
1.25113452405347
0.626522057628244
1.93923027208829
1.06635593486989
-0.0139217209406823
0.0374066545648531
0.260226342417938
0.0267471722312108
1.06965235861754
-0.0329441003417299
1.02003420242244
1.05391329874746
1.04744864401619
0.875187633238274
1.0056759262466
0.448274220958959
-0.0911423754054916
-0.12777609622231
0.101431317359505
1.23160731152226
0.891818427977855
0.270824399650395
1.01052868422174
0.580512316719518
0.885444609246306
0.835443480137744
1.06809561742129
1.08042423112144
1.01083796341608
1.10147995827931
1.38266693436127
1.23437816599633
0.0778896219399844
0.235160884595317
0.479267494226397
1.1669954226825
0.588070032215455
0.746035741675296
1.38333962552028
2.09651162784683
1.94222056205905
1.74188211491511
1.48431110250411
0.821966473777302
0.880015506307989
0.68274876768921
-0.248624758872717
-0.226978588729299
-0.154891113473623
-0.0154127000266394
0.364756848995616
0.297026579527668
1.0505032049093
0.712515710144897
0.831834149848016
0.422016069252709
-0.285584212160399
-0.175830670307943
-0.254414468591754
-0.122260915664783
1.54016345769602
1.50187741081712
1.42297998819784
1.27141527763116
1.39060353102098
1.21441398467038
1.19762580341984
1.13023281222829
1.36170014304931
0.688802055853337
0.771964271936466
0.387034350367027
-0.0148960109399237
0.926993393411868
1.55943626710577
0.207967253705037
2.15022166589596
1.82548960164417
1.04231265608918
0.59200902226722
0.00417593764336003
0.288322631680261
0.502439529020868
0.850816249835444
1.53671519974194
0.718206282555274
0.0791526457679104
0.103685111186624
0.925904116562436
0.731358348699579
0.527706029157073
1.04203766931538
0.170934600555319
0.635889214839182
0.811787387279693
0.981823465527648
0.265222653170924
0.75637079862144
0.948958223339967
0.824867688382965
1.00488036593098
0.146448559312148
1.17440391654986
0.766554829324016
1.08905434611889
1.55573660112293
0.531097890882503
0.727559233473804
2.06619223931663
0.444905059514997
-0.0249390970079808
0.0819937910378641
-0.0658617898332999
0.768257232926322
0.410386885326092
-0.0196444051907871
1.55272849540914
1.29363085479931
1.29165766512793
1.04241614744713
0.971151983700347
0.486472493104052
0.500830622003401
1.37621702268424
0.63922626727198
-0.163187121968947
0.203088260882713
0.888286315864343
1.74862989961535
1.64761825350257
0.648044405505065
1.13070714894634
1.75864788517244
0.420085720923449
0.813085115304089
0.21794497208201
0.704439174949271
0.0326474726431821
1.15200916561388
1.81863566382385
1.33631278144763
0.967519999792288
1.06087056198663
0.775785604122418
2.10762650295178
0.219798806166141
0.0605399420207971
0.178758824556214
0.77892008704983
0.494406853888581
1.77376912648814
0.00235158515281865
1.07138188069569
0.0285942658687751
-0.0896649983234435
-0.386191139563657
0.655478035719562
0.181298731079402
0.312184880478683
0.453364475271023
0.944329370324171
-0.221572191741565
1.94084187622351
0.562614049791645
0.900436312071589
0.563527547565328
1.32810628331917
0.344907886188074
0.439754259679237
1.33862874767732
-0.184369311260716
0.792431482435487
0.944440320921822
0.95578713530272
0.616611979408036
-0.00725137611731824
1.26879849654591
0.727262136330006
0.690029873875208
0.462249711227517
-0.170649048506248
1.2715783699848
0.92245706854901
0.0220486539511607
0.959725836811046
0.896777489014532
0.392006692186139
1.2500029728822
1.02472900904918
0.586878345873863
2.3002114193758
0.143980516596347
1.18114397398819
0.837106217804374
0.956652514972021
0.519466493345972
0.468388086657397
0.135432509370535
1.26895118705579
0.492111996639792
1.44377820178402
0.00207989570281762
1.54926626950283
1.66853750864934
0.998358688624361
0.737584368669693
0.679845940093103
1.61574763209929
0.919418036033746
0.799152472917749
1.37126660353164
0.0907979568151328
0.633158215911817
0.0209722386310437
2.42748815612501
0.661178203568017
0.128128948150051
-0.0229754470329457
-0.00549903082406144
0.408549258593793
1.02064122851991
-0.0319818514279718
2.09526952430898
0.931686246320278
-0.0943127212697343
0.492233831105669
0.0744848813184584
-0.186701128668863
1.1280952722731
1.17843339486835
0.973533696676404
0.694137585473138
0.513492477471186
0.806300151772976
1.94849568807793
1.64373151579762
2.55383181826864
1.23838464663977
1.22973346628737
1.25763949826154
0.836182195206866
0.83473006994493
1.42413673087436
0.270359381724014
0.873088272729969
-0.0343467558267073
0.980108683128673
1.68498739200817
0.41421446482159
0.441371791864224
1.07760471156592
0.14497063927924
0.0382745143134509
0.213964002732828
0.376692941998025
1.43695551490319
1.3330037168606
0.615641600033189
0.56308209118466
-0.163873834489635
0.946884715356775
1.56377931245139
0.101530571842486
0.614256660200705
0.805568870718834
0.975256022860287
1.68658274926332
1.0165911067811
1.0344451917788
0.142437808267281
0.937409834488921
2.14533459991947
1.14554546052474
1.51677769605381
1.3715750992876
0.979441160056487
0.345865861633484
0.270269285754632
1.62475426073574
2.39360693533999
1.72048480509135
1.66902109021157
1.94369604576959
0.207960642184878
0.883677571065398
0.199213213629972
1.52920097752314
0.651584404004834
0.574798925026494
0.311403650778376
2.17455881174611
0.999733537099842
1.67108979526932
1.97285025364873
0.552382461278528
0.0307095379392098
-0.192645416787119
0.452546530100945
0.921212207168677
0.853980204688685
0.0142840365308121
0.368054225827204
0.274264661246371
1.18070537980989
0.420972600287496
1.25913206388417
1.05115163715618
0.461444731066583
0.519945718777938
2.97798590715101
2.87839509680295
0.642008168593178
1.21755140719767
0.250434779080561
1.52574881141272
1.21701251728785
1.92079334652667
0.753232120877226
0.0584252350849045
0.211533348087888
1.10037546029101
0.420972111716654
0.603662430302784
-0.270301062947733
0.747561359622157
0.786875231818389
0.13839163650741
0.721474307529962
0.198744326850598
1.365926754401
1.31247739147672
0.187108609740859
2.34819416163912
0.67155422098426
1.02029092224948
1.08630093874572
0.327300375805348
1.51286792740987
0.411505203231222
1.48885227155107
0.59229316246138
1.91773492629315
0.82474491444159
1.65635918281618
1.3177569483885
1.31800249832068
0.553819946960063
0.887450148563524
0.927906393222722
0.94383584607982
0.738735421555553
1.34438087772678
1.18194196082714
0.434554853389492
1.3322484632235
1.90596749572418
1.99705659655994
1.70128255453294
0.0217116909340468
2.0489431763421
0.0544620177033424
0.185594210630368
1.4910901559358
0.58318415336409
0.433499607520079
1.0916756761111
-0.351382485999313
1.06444103533302
0.621910900073557
0.395538930149004
0.662627008927192
2.81210442749683
1.05499822280434
1.09902773887534
1.32595884001042
1.58828903496236
0.928859246214953
0.770013937029423
0.26800617289694
-0.0474462424917731
0.461632995662408
0.480667580401545
1.9053130250859
-0.153758712180257
0.123757820804543
0.833899100305078
1.27008801525218
0.409432970190722
0.626523129553881
1.68801530764783
1.78011501758446
1.06123394309593
0.635371669449968
1.65078442679806
2.00503731719996
0.626110582224849
0.483625267146206
1.6986325643485
0.424185666714148
1.25954827113454
0.779276825064604
0.124063861939417
0.666987914876529
1.01083582201906
1.06541771815601
-0.00588647463098016
0.877355556668215
0.603016429380277
1.82598236207988
1.07310898381487
1.79192139484059
1.5208138783887
-0.281636390529855
1.5926263653068
1.94850414675841
0.421733595478965
1.48351347957201
0.765698644266606
1.59584441449479
0.0614104918259493
1.90139240262976
1.36940529812377
0.946156772265354
1.32691185104472
0.874972553783248
1.48586486351227
0.880958421644014
0.726500931941173
0.841111661386702
1.69353050141977
1.91613328787756
0.181170506319133
1.11596800454334
1.79001916773472
0.687247605546921
1.03933913087222
-0.0986557521051632
1.38520801824172
0.0205528276614224
0.117553835945052
1.73416591655737
0.876719348033681
0.469230921642871
0.975019721369068
0.634511267932924
0.138737112797431
1.34490271106424
0.578234498465306
0.541884006819351
0.38629255028705
2.56013923469035
0.108373512565739
0.333369012385469
0.562358179188508
0.0379759681412416
1.11032866227028
0.472816277047354
0.457738244755413
0.968900400466044
-0.06560137296459
0.703085825444327
-0.00216387282699144
1.03919048046868
0.968074019232625
0.684069167564238
1.19343234340666
-0.0820066685735541
-0.175132126124255
0.766483065147563
0.627795530742663
1.98084315244754
2.73978839467076
1.08991378777324
1.17201164593491
0.526018217189125
1.04693005708289
1.17940583252446
2.15202819906827
1.01240794613912
1.18516778537496
1.02946713371624
0.649410408214533
0.731763811875757
0.525703648548091
0.30883249054948
1.13050229261458
0.647768202178142
0.130867636639762
0.497215629235141
0.0396373340199319
0.93223440166331
0.946390948958825
0.320667526514926
0.0778331331035486
0.929854463733528
0.828207271729009
0.729184952293807
1.19074504231993
1.02948788608517
1.03087587958814
1.68195304571494
0.536738082147681
0.0891031432046574
1.02419570589679
1.05748888892359
1.20147101645727
-0.0492236415154361
0.586085982850451
0.0887602162441235
1.0699438152313
0.917317402967518
0.959792202293763
0.585805321109964
1.93980599884576
-0.0289228704762735
0.53418049795846
0.235498452281749
0.492750411848502
1.2158553433993
1.81779898843445
1.04625315632506
1.29434146558129
1.52344245953258
2.26560810691164
1.16879744053335
1.07648817765186
1.03518501942155
0.393018734864261
1.1330829929436
0.385186137015409
1.70362400041162
0.588270502180058
1.48322632316512
1.63075816541175
0.406240245525798
0.395969829435805
2.14525087042339
0.935371847284549
0.537196179041573
-0.0823645729463942
1.74641492803739
0.792859395783407
0.990676933720272
0.871105157303983
1.22750647182985
0.828446900846139
0.77378396905914
0.893232427734419
0.16549332813152
0.23381018513921
1.11561287554921
0.313676188725977
1.09307759862958
1.54183768016566
0.866235447375705
0.507565857980841
0.656477096677778
0.527338542637686
0.710704057419811
0.123743920433681
0.250435823271044
0.170687714842331
0.7969225106326
1.52037461016483
0.531670960135586
0.497211763033722
0.202358407328957
1.84276731795868
-0.00142956387056053
1.57068191537961
0.66121223999563
0.675351647371586
-0.0921324914650707
0.0413834412348228
0.769882831555303
1.6380261229968
1.28833897638268
0.719176989874234
0.275022639009901
0.668213564759737
0.516209677328818
1.18351373143166
1.08196586394316
0.447769220492176
0.816867271897979
0.661921515376238
2.03125694515776
0.179121432754077
2.04581956374933
0.935655292794611
0.896832619594334
1.58296983717462
1.79449945446158
0.33551597476257
1.912587915951
0.684465986767973
-0.315413246127574
0.942169717855831
1.57074662559097
1.44773182004184
0.541264625226552
0.951332213972741
2.10306751769147
1.45263958714046
-0.0295839407872079
-0.0344586816299074
1.08895442396334
0.589300658886787
0.165074724574029
-0.187250421513606
1.78446503438774
1.51058240156108
0.769036724517047
0.854235953411925
1.01842084282327
-0.156484143487086
-0.0754450444924012
0.954819412274261
0.224149778540415
0.125101934920213
0.144606522647497
0.695657178610108
-0.139335589829926
0.809382002686944
1.12538103593478
1.18073574227799
2.12566998731766
0.997750718859112
0.76701772514992
2.20709973960295
-0.265950309006377
1.32067459953006
1.02396147707533
0.594450652417836
0.601886821200175
1.25429039799442
0.185341357449273
-0.0343989417443358
0.710526875526427
0.965902555727684
1.48555505860808
1.18589122919474
0.270180907821477
0.390744894084409
-0.125060508978149
0.548414884093977
1.24321038988816
1.60201854476964
0.695757663580963
0.70259295395195
0.864571098335287
0.896374613849627
0.530332327756443
1.10025097878941
1.3002837485363
1.47245448777221
0.985959910154438
0.737623744333755
0.784363181236026
0.888968694991192
0.883756087184175
0.937526486720829
0.829813224959502
0.724891201707071
0.900907070319297
0.539095500927176
0.671430113584272
0.797058108832551
0.428688674497979
1.13874165995878
0.908708233730338
0.643332626691553
0.363289603097713
1.08356833022323
0.924311655164376
0.686859095224493
0.984886740479322
1.2522507975208
0.690446754371292
0.754790606086843
1.02537326439227
0.523744405622897
0.855877432629434
0.831533508625528
1.37688945929951
0.635732717549547
1.13783625185098
0.788387288047232
1.43433528440867
0.948011838714457
0.517032182752517
0.447246649795055
1.1016213527218
0.415785431699948
0.680471677851875
0.808669353032397
0.694518575579144
0.935946410918724
0.824643317978552
0.944154107673275
0.913040417023802
0.853803630501679
0.769504759642923
0.911150190858299
0.556139649711979
1.08775538035744
0.934463905625054
1.20905893014449
1.0002297837973
0.880863345221892
0.775489240809927
0.941637465352214
0.712931172039546
0.957902378581142
0.839159429897132
0.913297304907897
0.864780239507804
0.625092674015041
0.711937790060943
0.690866754992141
0.714333269985485
0.764439941768086
0.820749589551453
0.780258143011742
0.768210706679801
0.915802788869529
0.685809419998096
0.661939846129242
0.874979574975693
0.83924585693529
0.338697383584142
0.511390194166185
1.22423599662442
0.93854124544864
0.980494360205548
0.931812337710107
0.6719002586566
0.689404822185775
0.994634647547418
1.16901092025327
1.16523577061879
0.887703073099687
0.902335332376347
1.54982158679758
1.4861692709622
1.18484757802431
0.713372661976154
0.729076383315608
0.694251678803139
0.579972940283795
0.568558066119503
0.936253528453255
0.910442773850747
0.704455905098408
0.590084860995538
0.672751706789143
0.594928163196686
0.856887159434442
0.755016748486388
0.632346999815003
0.765220270690666
1.01424770211487
0.422422397236853
1.14094421902473
1.04658374782331
1.2928353914704
0.327678571641289
1.13931750313552
1.15598053972095
0.633715703504045
0.400929938412887
0.766028426611366
0.741800212963266
0.605668368988955
0.558475253462879
0.541783439990723
0.914683617139273
0.821070513979858
1.06269085111607
0.641197304481716
0.876479509754935
1.24376619165081
1.09711091312782
0.958567735409287
1.0701969921489
0.898040838930922
0.936484068435539
0.863148030813943
0.906948380367431
1.02534101766336
0.823906574993562
0.761195861765679
0.856601473319802
0.897491220042458
0.762989388819592
0.606585991649522
0.963330262824329
0.911500849571467
0.999662227311526
0.716595949636206
0.324953751052365
0.359656618182469
1.28159347787149
1.10852427466395
0.87091261017101
0.855937360706812
0.686042677246874
1.0188782272993
0.898904703009256
0.509118564185152
0.923301831642046
0.81293353586114
0.766402851159792
0.820685996382362
0.603372084721988
0.627200938599855
0.658603523101279
0.665222071436752
0.677843001637949
0.679761632519583
0.684705797719463
0.747850625340052
0.836017884412688
1.30634822050402
0.637236196560479
0.904833579414709
1.40172014953932
0.301247760034424
0.512122460612418
0.629870571576143
0.936770750412734
1.18641357694381
0.656731162249088
