0.671542394922896
0.533277800309346
0.888120965787699
0.895497639905574
0.204019229143748
0.631901661909038
0.943194222168473
1.05952710817554
1.16857844379553
0.15158895951489
0.341311514588735
0.415616959052737
0.882475560365786
0.946369876451176
0.856453840396071
1.48758950350808
1.46836789471388
1.25554770744413
0.970132217309117
0.796319067142845
0.717183533859263
0.671297146903111
0.818921249258243
1.09500756580317
1.37176679998502
0.579672142991343
0.426442044428477
0.755194977551566
0.099728692086183
0.541504370055031
0.647825707907709
0.541493551595864
0.657016063477677
0.920650139070335
0.759060296935097
1.50681112453369
1.39875044945527
0.337035224679829
0.570147547670039
0.626042975839442
0.761916525896915
1.10278616249692
1.08870659628367
0.10823926185455
1.01992303397564
0.527058694703806
0.216842943268411
0.588025028511921
0.414545787844053
0.759331044177694
0.0827111073398538
0.8579246491591
1.06353663233988
0.628030171799353
0.215166183314138
1.03348523471677
1.10709742193469
0.963021579666088
0.206684813383639
0.839083303906055
1.11730065200005
0.779984023947787
0.968200277368432
1.24095413280707
0.228325044425757
0.874688000294952
0.536197553864131
1.51231025491084
1.45679798323471
0.302884662872664
0.658868418844717
0.694048607983283
0.903593302532235
0.892815268172154
0.369378482516985
0.800083627283598
0.993253297872001
0.606055535664907
0.258669630335931
0.138200345531159
0.55692599871002
0.487230098043683
0.545504336676566
0.834255152640491
0.693877863203687
1.10312823914403
1.06427953660922
1.3328672296019
0.279391168383905
0.468471908898303
0.797016594381755
1.44318470444994
0.797454497476039
0.531750679008288
0.650163992730626
0.601680069280515
0.593086114264653
0.527561095736832
0.722458527164031
0.10242513491547
1.08120109128312
0.755336025144089
1.043182513636
1.10571124414129
0.989227173039825
0.925475425984481
0.135681795026471
0.181866726737343
0.0982414683570085
0.892086358549649
0.743759672762753
0.789866396403949
0.174974709537319
0.834720933098838
1.18812608446723
1.04011197045065
0.918595315783741
1.00037657226743
0.90432319684913
1.01397355475829
0.832443073639374
0.971219548788586
0.936367617111251
0.976318994581724
0.970499256785011
0.894479596209226
0.947370748939217
0.822658175199723
0.860122065889009
0.925928060416112
0.595020734261943
0.489796397411694
0.602542008282371
0.536227958187265
0.789039144963255
0.654993209559421
0.701677788081299
1.00015776805734
1.69078418946637
2.08700284783294
1.04336483289607
1.30523999047494
1.41907311077304
1.26389345518525
1.24971171547514
1.69582876300907
1.12382529347282
1.51758959189209
1.09748312259634
1.1911045303979
1.52056815616037
0.29535381594375
0.190020579222308
0.0111907325587195
-0.0508636630027728
0.782304960280518
0.56967868213655
0.58120392851572
0.175603363183795
0.317637269926433
0.169600689999143
0.438528958006792
0.462216793708592
0.511836249432152
0.618023595502519
2.4849603752683
2.41497518839901
2.05151959727198
2.14098226195743
2.17007032591516
2.4780622516409
1.87350050767261
1.85958147102298
1.65183545727971
1.48294214264011
1.58196753602361
1.41989648554043
1.30034385863816
1.14112861927109
1.24636835303669
0.983586740504725
1.35810006644884
1.55315273105926
1.28324830736747
1.27308918223599
1.26951199994869
1.00806708153338
1.12808959317881
0.166340816105206
0.107185660688942
-0.0416039433771589
2.3597234047365e-05
-0.0528516158057848
-0.123371827099801
-0.19824816633101
-0.139379289919037
-0.12299224351172
0.164472516493915
0.0774795552544352
-0.204892446517044
0.330478704740026
-0.234205095085998
0.363713664953718
0.0409006295070212
0.210022299613401
0.845177772037696
0.278437555058976
0.233159068265189
0.371711900475726
0.48402766844209
0.736059706800822
1.02653128675803
1.0617856887997
0.830520242924363
0.631618038010976
1.12407834504961
0.975899818558509
0.835850173507804
0.657493615415379
0.698987678835279
0.844098218341472
0.969474541043546
1.34769529461103
1.44845603859038
1.51385513625499
1.630834483899
1.59568560307132
1.70545372163322
1.9730076712445
2.20808954621499
2.18393040764077
1.91253426870445
1.67490807309466
0.746051612670959
0.702836021678269
0.476557697855536
0.702167468280392
0.712503462073232
0.754457621115488
0.530909110078392
0.64937172331974
0.706662816753212
0.548716651643196
0.723933122006866
0.92264637794503
0.977872239899553
0.798758277253548
0.891534063357929
0.869257101434154
0.90385434814061
-0.0817540571105322
0.0278666976782058
-0.0362495946614108
1.26904000890425
0.990732202520954
0.954328038048454
0.813287371449821
0.934074551021086
0.83777551490028
0.551450077158761
0.642770951515253
0.452739702505794
0.150970738925468
0.175515443575402
0.0318925860109355
0.0619163245680507
0.813789612326087
0.624054860852418
0.543433660307819
0.712556694062598
0.456907830739837
0.306432173348667
0.762811227185983
2.03728826179101
2.27707104689218
2.26536510213509
1.1586201947408
0.996584546951315
1.47878888161823
1.38228057925918
0.65168689327321
0.929914022177386
0.737764981730298
0.885890765776534
0.832801017630477
0.986979892779278
1.49817475227651
1.13731718416407
1.78661508022668
1.00256330829319
0.894206519808533
0.80698116612713
0.805221889117362
1.25756723872853
0.302710325634434
-0.0504744973925386
0.625936753504205
-0.00757637403156069
1.46545609407932
0.625132185256751
0.6854948055696
0.501071777845906
1.18738817360843
1.54964303804407
1.10440247916251
0.726177856899265
0.528884686343738
0.162135139897721
0.897859795175656
0.950568557854461
-0.0206496258263026
0.497887526041347
1.02060237569037
1.18617006455399
0.955453371157856
1.04798951120136
0.454976257034615
1.20039081926872
0.712828687065499
0.71352941227603
0.92855304404622
1.57913756210346
1.97047170442275
1.67201104052275
1.87631067969312
0.502320834671911
0.352979852848368
0.906845359343676
1.09047366332454
0.375362877426382
1.45449232063747
0.73376402342045
0.578298988947104
1.18534405742132
0.75553338683338
1.81843042691056
0.666198680006984
1.85259443318192
2.16368171316466
0.292264069137725
0.0844708593272916
0.0714196734681065
-0.0620450028439982
0.139589526550979
0.0978826413713024
1.89542075630829
1.81034692492014
0.578000488238921
1.63170414588251
0.590880309324189
0.712610417013694
0.307744277087297
1.71277089023139
0.626888240791066
1.15193482640168
1.18550493722753
1.02044951548809
0.699948859618996
0.299359312034505
0.947714215164095
0.829716717227955
0.958899469118907
0.95349249400989
1.71414083456328
1.88626344247767
2.57801374033618
0.0798324500730233
0.834478149921816
0.956086726194021
0.434933149305493
1.54315744614058
1.181513665893
0.58000564187953
0.748962408660308
0.948652730926168
0.815825641982772
0.595922107267538
0.940453648669675
1.28596818386512
1.55337535538635
1.60696279651078
1.11481434498298
1.10815847177536
1.97433303229096
0.565834776552214
0.129225256382071
-0.0423370166833188
0.411704331411685
0.984903504998374
0.667999173276665
0.616651589986611
1.02947604086332
0.449446259129946
0.695051444031698
0.354992817353968
0.112899303468073
1.02882459247497
0.885009623680133
0.905831574865845
2.36763463970636
0.705737948746926
0.870243399871448
1.10351428447006
0.793319280181281
1.95824257540988
0.973988258973755
0.00884770699080723
0.00611697899299429
0.238102401835518
0.0159140133955862
0.9885894872733
0.0341065381159779
1.06004114312891
1.09514232187226
1.10173824889026
1.00557434608158
1.05182192216739
0.513872235265533
0.0119255624872717
-0.00778679015194189
0.123453144477988
1.17701737614593
0.82691025919417
0.348086741275654
0.941947206319967
0.545680452804208
0.961194580575649
0.890295004598997
1.15560968087913
1.11195764927763
1.03178041645927
1.14974498797325
1.38126890912515
1.25918571289291
0.168911085707085
0.184476432316501
0.309570955628134
1.28591569491437
0.953506838266851
1.03053798951973
1.43663440744964
2.10495227980876
1.95134017822693
1.79820844250121
1.39012254551642
0.834388739229294
0.892426272613457
0.719908425423327
-0.170054131164054
-0.0957065211751991
-0.0101308354747765
0.042876092866505
0.304893442674084
0.201570002718999
0.960347593978641
0.755990391946667
0.764811024757219
0.480161985891495
-0.00633963009607691
0.0212003147836586
-0.00438758875050428
-0.000839020132933157
1.40685018101124
1.27993244341675
1.16321790298515
1.04766317495095
1.27467847750936
1.10553403020458
1.11035241996684
1.09602899851094
1.26434050377664
0.655348993803423
0.799520737851792
0.445488861164208
0.0137849908702918
0.983898207408445
1.59414745858768
0.132585362870694
2.15548680493232
1.85236439528752
0.85894952178126
0.549718512977365
-0.00918000029172667
0.258283078274225
0.518603718388217
0.972865068752495
1.52931050604434
0.708679400774982
0.131135312609125
0.21852389851109
1.00342487443327
0.843269799186572
0.666616172687878
0.864403737170585
0.126518714633885
0.642776535610676
0.791828266944869
0.936083114595834
0.235342627505103
0.754934044878223
1.03657116942138
0.562065049113574
1.06624732159141
0.0911594857724014
0.979611824838708
0.571679122011854
1.24219428494001
1.48231522616059
0.558962460663161
0.919266917490298
2.0573661723513
0.447247566789652
-0.00013241546728917
0.0127023487363516
0.0105622421383632
0.812314080443437
0.309654480744849
0.136460823850714
1.68647845318682
1.28666151423997
1.09424975719419
0.725888550652553
0.943187396197839
0.579178483501524
0.432482904008241
1.25395016578176
0.33736234039756
-0.078321855001586
0.163030712974403
0.912193686520658
1.70423699981705
1.47685455267002
0.905371229449154
1.13920469778766
1.76944652405762
0.475917050883965
0.740191047338583
0.11460654908959
0.521621992207107
0.170837491855397
1.2019411973907
1.76826341834393
1.37236546952387
0.835079897589265
1.07576283486069
0.768710166548263
1.98791606574064
0.153210259625721
0.0476462772552321
0.0960589352564587
0.953395475871966
0.405174646927835
1.73714807934111
0.112320792940062
0.766391434673165
0.03731764468786
-0.0456202778668433
-0.215333315884775
0.690171971869651
0.092620433659027
0.286381520568192
0.310233315503254
0.592062588859648
-0.0454153600107457
1.8467941953654
0.538331394172955
0.937919775471147
0.661262531305566
1.14121888991521
0.396814386857835
0.257249650598037
1.44344664005482
-0.0309052952211818
0.817996056722489
1.003944167599
0.976840517937249
0.621182913293822
-0.00397117755065936
1.30494440096449
0.700820579827793
0.687094001268407
0.301647367395267
-0.121245459496052
1.22121596968687
0.768991184459795
0.0912040198373649
0.866895254206599
1.00493729085927
0.489287881192521
1.03553561701323
0.902867184113514
0.532629288312821
2.26232005236738
0.122014286921284
1.19546286942112
0.8022492918365
1.12906595731466
0.570813600964263
0.549127208704583
0.271422907772688
1.09369619640295
0.706079517752543
1.4248703079801
-0.0360969339103311
1.60729129682164
1.70109919145731
0.780809887431928
0.699833088197295
0.694397409117803
1.47561024671241
0.963826104661119
0.539976854179555
1.38619142267372
0.0719076234721132
0.578280707270172
0.103433804516127
2.34367879812325
0.787499038013434
0.10723374451392
-0.0259741862268681
-0.108945891267593
0.50282085295391
0.942481311234846
0.0632668817746369
2.11932674333709
0.880933571588313
0.00952489291534038
0.752641461572743
0.123516024099981
-0.142233334667187
0.918139626141978
1.19218601423173
0.899197073047866
0.488584239300561
0.316821602434436
0.965929068469949
1.72467145716832
1.63489156702138
2.42798651405009
1.10887163675505
1.04078458620116
1.07654539379337
0.799356843695735
0.824002746490678
1.43069376890553
0.54330009949689
0.944663472661767
0.0338613347312248
0.911729814027761
1.68407579569458
0.359178793431123
0.16639348384268
0.893869428568649
0.177522281456414
0.0363469203215712
0.143421510296852
0.369581411982947
1.47806598215825
1.32703957030317
0.655246011801629
0.370655160171707
0.0430855517895101
0.892145109450353
1.61955040363487
0.0717653455767993
0.499009553392079
1.07350167843144
1.06898904796931
1.652153545266
0.871468733823162
0.812913088905358
0.220969928170326
0.801239546280776
1.99023420945301
1.21792027114833
1.47856756751181
1.33028877219631
1.04424494737856
0.333566015286527
0.265660372560099
1.50641795010113
2.33964058556718
1.7664985092111
1.72286731811432
1.92418681525664
0.292754643259288
0.854210136546477
0.290668636089477
1.59508423816249
0.712012525811751
0.520157410834732
0.340770415830669
2.23447216186574
1.02850982578833
1.58112512820922
1.84768378438454
0.52496660487096
0.102815771535336
-0.0401370095763329
0.627097405587702
0.974555734387264
0.996861275939084
0.0863133422932605
0.353393084717046
0.26678602053273
1.10837837082682
0.565678932441845
1.24385835863792
0.908788931190463
0.486708395949741
0.514671164767731
2.70449329774275
2.67451433942378
0.623357101631952
1.16678868687481
0.290729186773242
1.49907201280145
1.04058415324939
1.82360358498348
0.519128053169373
0.0640812973952485
0.113441421066498
1.11780006928576
0.364014801985747
0.601390031816148
-0.0624767327366947
0.765590931627428
0.78155826795924
0.156107444851917
0.666420561756975
0.204093420183559
1.36033436805169
1.3281426659737
0.15848255251237
2.38807125187357
0.702461065564282
0.884059716160854
1.02708249637441
0.559702229185361
1.58267978122292
0.450776135673536
1.33500543787511
0.660104333777088
1.8764431144121
0.965999126072915
1.59163105451926
1.10532184125294
1.0763624517819
0.748186783324155
0.673110117306689
0.744322575417035
0.659133405018169
0.73680957274817
1.34619431128538
1.12394309710367
0.382580654726756
1.3942785950053
1.93451855979384
2.0330120571238
1.64742678463752
0.0265426420345095
2.00874197980862
0.062578985777117
0.0428494995662243
1.28837140213518
0.53598135073886
0.378951318325425
1.1336068046247
-0.235468817730794
1.0857763734593
0.609060761837093
0.323825034183671
0.633188652461133
2.57079598398212
1.0771411995662
1.07706585090035
1.314245601951
1.32948023180857
1.11332827823593
0.470830074956378
0.228185932835805
-0.0110130758928958
0.598310944721559
0.487849529258511
1.98407914153407
0.0448699414082854
0.0695061340352924
0.869608723407251
1.45877582435071
0.553325032939371
0.655571087948491
1.6099284136142
1.66202574260162
1.09642380543631
0.593855240569014
1.61531849464542
2.04526371519658
0.881202925333153
0.366914362288137
1.60093805161037
0.537045464263729
1.19105689108099
0.722142068481614
0.448321087060703
0.898124041830588
0.903977182840693
0.820301696913983
0.0251363517004423
1.04817860714945
0.832225475741416
1.85736081123115
0.750890986172405
1.80509016566035
1.5511657083132
-0.13358015956067
1.55866574284501
1.81813597126084
0.592726170903092
1.43829857114731
0.7487613075561
1.64984254536975
0.0682721669053158
1.85471437019964
1.45872522570003
0.891410104489554
1.07693437631461
0.817913481712163
1.52571723588473
0.805232888022306
0.727082935823432
0.96170638340238
1.4273026836576
1.89966955693894
0.167258818416572
1.218598329311
1.62792201181002
0.634208893659561
1.24605168823522
-0.0990518127863971
1.51693665053256
0.122041216171147
0.214091823846422
1.68805012444647
0.949730443019781
0.691354732357444
0.922100587328697
0.678180082754373
0.234759760754643
1.16372837885214
0.584113334792242
0.549817772490407
0.341337961262974
2.45221260361152
0.152398840776816
0.541068611370769
0.489186821436711
0.167229086415105
0.928261994537711
0.496958894155723
0.502308799673371
0.782234094305203
-0.0172576528544337
0.661856816689619
0.109920240793601
1.06335304990706
0.955618168459217
0.673218548210431
1.18485571471852
0.06382377465802
-0.0472646558184474
0.755371166479656
0.657701886849494
1.91993492985812
2.49438783177896
0.864350870338721
1.10069541918857
0.6063040569414
1.08278687597974
1.18714627833615
2.094679633381
0.957862252629126
1.0407330854848
0.948865173659388
0.601548107911779
0.771106367843165
0.515883898513906
0.0949479653796947
1.11112678168173
0.767282033193016
0.0698434933475624
0.391076821896208
0.0985780835837532
0.734842111306389
0.817789790198181
0.308655164674582
0.18974605065001
0.601718938250303
0.479349685544316
0.39828577566611
1.15277988072234
0.940269890644088
0.948494690715875
1.63910396376396
0.464230861052335
0.0868160592938652
1.02177184657603
1.0713014644007
1.21227515769543
0.0166803787416447
0.564210060827526
0.145182309444267
1.07574526038058
1.01965886762384
1.04568183456708
0.549910051320594
1.95003527909019
0.0231471199753877
0.477580114616683
0.624795403910964
0.435809868020016
1.28143319830251
1.87024594563051
0.767911673274788
1.31713528840267
1.36814699515257
2.24515059177002
1.11213199381681
1.01065110295856
0.946699806471812
0.246556976579991
0.937635062857774
0.233131748284385
1.714576157596
0.387925078902691
1.54041487819754
1.62786344039433
0.483136184087313
0.700834302861147
2.10783399221282
0.956540647230239
0.517954180297486
-0.00178732009982772
1.50120143496605
0.801088716283351
0.918341140166041
0.623147030595266
1.25830926131661
0.603962365104765
0.776168512341233
0.624265338359567
0.502702946975506
0.32833149264309
0.985840813973582
0.551325648667692
1.00337466651313
1.47794427902535
0.997770334319432
0.633932682400594
0.595811508041046
0.407901094037066
0.919924497835478
0.082567010710361
0.176366384194373
0.121181672652367
0.768618841518112
1.51116885401195
0.592435504873928
0.340759568276052
0.12595415007331
1.84963021375082
-0.0926735712144123
1.5822792847642
0.669442909367456
0.455630578755101
-0.0374684513265964
0.151679488421843
0.777461043537516
1.56785697101013
1.26492011996097
0.504374977363594
0.634985249729601
0.692252281700217
0.751645646997004
1.23942292621582
0.788844461846563
0.340524476206595
0.774919908931511
0.786912029115538
1.98753545810471
0.0692417529389322
2.08920710829961
0.806817349877062
0.981805530649805
1.58770145799332
1.72089257559623
0.295422711044871
1.92239901848106
0.697173630504163
-0.122774243055986
1.03852904579912
1.60045824762777
1.46931855979706
0.625647567398216
0.891164708840711
1.9768293008422
1.25945926162652
0.131864388174366
0.0827277294290616
1.09180857718216
0.544000907704379
0.0827527007326662
0.0430390039964433
1.84211155038522
1.42711289229258
0.871534758618353
0.948907209038861
1.0903210997752
-0.0559892258283732
-0.007622793495768
0.608572283335322
0.171300472582975
0.109857715120498
0.0736643051076411
1.03986622933548
0.0933758741505885
0.781948620141971
1.10037649457403
1.09608609489354
2.22774429705227
0.904272483829562
0.751388877912288
2.16595334176785
-0.0756144277354586
1.36745698834745
1.0835752638725
0.705201196687428
0.734821913862951
1.0988281425508
0.159967628912812
-0.082732332816812
0.606662523843048
0.934979864546501
1.43874870570754
1.18219935810385
0.678235712408203
0.202353011915617
-0.0473056963842194
0.314139614489469
1.23475303401195
1.54246967633966
0.628573728070693
0.601728903099574
0.80023695273262
0.836702007711511
0.340267659935234
0.907505479912933
1.13912437588381
1.34280360146026
0.874652996087319
0.675390146737255
0.767912649643709
0.968565600211119
1.00276171127035
1.05090630785957
0.880319333188122
0.699000881905396
0.976880272449058
0.335729774112233
0.570243076539579
0.881014686381446
0.361125465432347
1.06712300591369
0.856149630832477
0.588967396492894
0.213736777399921
1.1269149596266
0.656901700552908
0.549437936101324
0.928034019484599
1.3438313775183
0.62691741267117
0.750385277065569
1.06896148933616
0.424261579647915
0.78009084348189
0.772702850622403
1.08829409551859
0.559747617492512
1.24601602291209
0.739920483819033
1.20128620865457
0.976328919463777
0.414290370431871
0.316863674990611
1.08904577462159
0.247592168298173
0.465415574204563
0.677658823894573
0.448729178856051
0.971497798890251
0.854020381898614
1.04679931691329
0.842067957343689
0.946109077719107
0.683427616265962
0.995861821730341
0.349518271660688
1.00549353322337
0.97559985964706
1.27957418515149
1.11085687948692
0.93849192055244
0.733101394810686
0.733640184143444
0.623901655901545
1.0209541148644
0.876083395494859
0.685503803184226
0.93961896292721
0.559066174664613
0.621264938824025
0.596460628109075
0.66577736893134
0.690365822897521
0.757154436338829
0.710051863350831
0.695441939694606
0.795455617767957
0.626583803683021
0.55967369996886
0.770202113114353
0.81293970492456
0.207233677217325
0.332387979098362
1.33177634326005
1.06775027373876
1.02918217454341
0.991774921273141
0.597503416622089
0.599853209189306
1.11867218255637
0.889446897329431
0.926806044763443
0.809218324193808
0.840653040529475
1.25073848462864
1.27574341248001
1.05918520594506
0.674848546263409
0.702301005369661
0.628873905112503
0.430062008803211
0.416321733895378
0.909612303989968
0.915554526122329
0.625996602310737
0.459487809493755
0.571328897584794
0.375585185791049
0.955829650795695
0.813529037285557
0.417388494915744
0.603474002083091
1.0466189689219
0.328817291292694
1.02621842599301
0.946317770012975
1.36404648731967
0.185649172775316
1.23196595286297
1.09614936578204
0.597735990293902
0.229042125514102
0.724833381180624
0.728020809209454
0.557961933244676
0.479212311167583
0.451536521900266
0.8662735449857
0.566217223658114
1.08466353183253
0.567518441106866
0.813370091999829
1.29220095304262
1.16149787782963
1.01539257454347
1.1620449076416
0.984046924258497
1.02590569831845
0.95984839004033
1.02510800332093
1.05142438411717
0.852785559771101
0.681740678440143
0.787327550565396
0.832601886250733
0.717591003584695
0.545330603288681
1.00709756968832
0.813108363680277
1.05382031364806
0.681104784865794
0.204492432464684
0.25155805060015
1.37769189375263
0.953353652992105
0.798349036231546
0.710026055156836
0.622183659005358
0.754262770777926
0.92881698338194
0.316467918664467
0.839314007061407
0.755056916949942
0.691265882720952
0.753300940190325
0.514022619736949
0.504934546165291
0.577111973196233
0.57641089388635
0.595684891875902
0.622863593299109
0.602667068562592
0.682997188695818
0.764241763508033
1.39995545961544
0.547333860661225
0.83132739113864
1.11809299794246
0.255544362246545
0.463090453905536
0.532429664987516
0.799065115501871
1.07624272343352
0.496446472723229
