0.688090244055425
0.606177435331592
0.764267396326561
0.775984903329668
0.187860021180273
0.451083922898144
0.723935844720731
0.854191693712445
0.981508902184434
0.29964051856042
0.415829717052912
0.448524103683285
0.725345329593799
0.952873175017402
0.676039164881774
1.42665585007346
1.41017726585433
1.19440989663983
0.920271645600509
0.778229379191973
0.71633681189325
0.699742580966602
0.799889348637085
0.954486501286231
1.26320110283644
0.644902314573881
0.454232705747479
0.698804018076298
0.0491183118926327
0.579303951272287
0.618376068766987
0.620801375101067
0.570937569304209
0.847167250482692
0.670529564174871
1.42564314070838
1.34197570809018
0.227555090394402
0.604067304620914
0.666787478079657
0.779900242118175
0.942969006962327
1.02258661514714
0.0809073606715543
0.865596148022314
0.496027891589213
0.342924076676269
0.613423324944716
0.415194863510664
0.634649746296528
0.0485580131605981
0.762717390734425
0.912224886049242
0.483098200183355
0.133923255545874
1.01392585768721
0.994612022537138
0.802023538803884
0.178946540403254
0.831585158383484
1.05954004386097
0.649813776660765
0.791633113997478
1.10757195283324
0.349130017583888
0.843679044315618
0.566353931538085
1.43969313976773
1.37112834662781
0.294068230475586
0.681182682053297
0.721588082446129
0.803067255262997
0.848403842686891
0.390537904373836
0.80166419698205
0.836283047110407
0.609687336634873
0.16305177763708
0.0742901525309783
0.631883744897272
0.359340956028784
0.604342883213086
0.721130876180034
0.633687532157965
1.01253697554501
1.02180041631724
1.27574997033933
0.3811141489138
0.469744210918159
0.637435813475197
1.38534777872511
0.589618633112624
0.611118412280598
0.678261801590591
0.655742431593341
0.532624971786231
0.37133584003855
0.610850140719667
0.0711731761627047
0.933001370521157
0.746373462455887
0.890626248455233
0.975956710120082
0.984957794889695
0.766437028897584
0.118508549442497
0.153563238909064
0.055975660731002
0.897799128551303
0.652686803965314
0.762193352412204
0.316353343988907
0.690105843973281
1.12624916736558
0.984733274458051
0.914019148467484
0.988853910829583
0.916022629258251
0.983702755164
0.780854023284899
0.875567412307035
0.872525220552575
0.927375134545741
0.94144107442206
0.871402206509767
0.920910600255687
0.797130063130911
0.851417823325738
0.906665687088158
0.655329931123507
0.599825673774956
0.693799939133687
0.649064794325085
0.892148371048715
0.768137651116814
0.81068191680937
1.05749743364776
1.67476703511209
2.06384625863361
1.05089475373141
1.42165733425051
1.56482327367533
1.40216389128268
1.34270526698177
1.82199822242931
1.1135908323657
1.62132345958029
1.06101623669947
1.16021931445894
1.58728349618798
0.343705895729099
0.240892884087651
0.0783962705064452
0.0571587928225629
0.819331442361178
0.605062942332625
0.605026456847496
0.26387170192133
0.37817647399875
0.257130402878748
0.499510236906406
0.577917533056534
0.632130859175161
0.661153562922481
2.42522366235423
2.32837174255643
1.95373296451584
2.07565213981592
2.13155964653982
2.4484940160724
1.87135361090071
1.80080919893034
1.57969300049431
1.35565742522323
1.47784571034338
1.28090105179878
1.20321424995847
1.01986664459042
1.11438012159293
1.04783022562121
1.44003766629434
1.63275067116283
1.28595381046614
1.26370668684746
1.31150579040894
0.932423207203688
1.04137391663073
0.209001464009225
0.146015274357101
0.000239049081794305
0.0686561417152923
0.0051373135120393
-0.0587651319265686
-0.0834901062363476
-0.0698640990545982
-0.0205277982805695
0.235161908603761
0.225484614428727
-0.0532842623995355
0.270518003339114
-0.147367560718818
0.271308393910415
0.0550239078698268
0.294517982173356
0.929848301894158
0.388145028648305
0.286275360610673
0.426418396465657
0.476736413958517
0.831267437114326
1.02799608199529
1.12803137062424
0.934386628951579
0.724626448618648
1.25233296070687
1.07143438695718
0.880426590142839
0.657502423834423
0.655609246872425
0.851828927844772
0.940599971499059
1.33385372183244
1.45589509337908
1.50242338692948
1.58709647353654
1.61225090476673
1.71232978571856
1.86760671719112
2.13654547217398
2.06648561033513
1.80311628394599
1.59285378898393
0.606582800031672
0.543639593435767
0.321757908766897
0.52119781093326
0.527207684200194
0.593567323111206
0.380849065501374
0.465550665653465
0.54865175666184
0.398021574431045
0.620317568828978
0.884093182533286
0.961322032993656
0.750896905513488
0.788152277052954
0.905108499445194
0.933462959106134
0.0565319345333562
0.148904765961055
0.0991535949210234
1.23038475068821
1.00278432330792
0.934160205831416
0.799955036083438
0.887035018553728
0.816797442609913
0.56352314241827
0.659022752580738
0.499060404735485
0.263871081497981
0.231274638148765
0.138202098574027
0.190427644524995
0.850550960568845
0.680682881959354
0.6263225248334
0.68764294627221
0.538240296427486
0.408133350096249
0.786341519769259
1.99690182230504
2.30016945198815
2.24797104147784
1.15511072679025
1.0401271527058
1.44544710330004
1.37105208883868
0.736747714502927
0.935051103059816
0.755551998896854
0.889713193482342
0.829221884388241
0.970827506434364
1.4758476071244
1.10912005982107
1.82682657884315
0.968105187826403
0.877656211150241
0.796510411131709
0.806256582827059
1.32112645077581
0.329300497224778
0.045360438711532
0.63318309783019
0.023055615146111
1.53959156343561
0.631273009936289
0.756724785954092
0.60167960248788
1.11427358676475
1.59906255624648
1.06014922748454
0.693582002886737
0.539485551618474
0.228900985528203
0.837639703895882
0.95253820671088
0.0966866375047801
0.553336232289056
1.00475770407493
1.28631382962689
0.911373662720341
1.07138944417457
0.283970515245998
1.30276057702345
0.792564515167938
0.747520379996465
0.899150607780907
1.50599112613268
1.92762966924467
1.57140533000629
1.99507769016322
0.572468750592877
0.473316657562877
0.902572364506601
1.07668606973705
0.455524940714663
1.41238704421657
0.599172603464782
0.447522353220992
1.15475006723397
0.787064509330438
1.77238580971263
0.619980412339185
1.89774090055678
2.18072705478515
0.350600336619671
0.141865493526495
0.130042457384769
0.0398789632586397
0.17371822503545
0.160993314936058
1.81794892115303
1.69232621810285
0.627397182795631
1.75589892303577
0.41781617098914
0.750802984629505
0.391913901138343
1.67379147695585
0.612248001790914
1.1979493726425
1.13029316615646
0.912889031801522
0.530428844538726
0.358991926193575
0.828204800545546
0.729661465620334
0.932400764664417
0.995584331241302
1.66952208358128
1.81338848022706
2.58172150839131
0.189583445390124
0.870231847453068
0.923438438677172
0.480154003210157
1.48220062619645
1.14453365973939
0.658127450267503
0.792942161680856
0.92664675357572
0.815045443259296
0.514099001501913
0.812445180206179
1.17571287016782
1.55007031348231
1.53045678009178
1.18927422143119
1.08304888456234
2.02385019420785
0.576312552349326
0.238253388379477
0.101352553020834
0.427077349453449
1.05490993899165
0.700622452491551
0.676401876062752
0.947467642709423
0.4832607912179
0.818742628156867
0.477992538508125
0.26816736460114
1.10634800735488
0.968262776793835
0.895172321946089
2.34923802828187
0.627070706022654
0.769628591804409
1.06087136831419
0.873616910377627
1.96817428598218
0.879014505081114
0.0847721558962716
0.0440318506276661
0.25004105236857
0.0190009176348563
0.907495422269669
0.0527952411355262
1.02438103460767
1.0315236591039
1.03335938944539
0.89872546279604
0.947980875502354
0.56483691527162
0.0874565525612962
0.0543980127369183
0.150965137514605
1.17571393167797
0.859164030116198
0.36622056757479
0.917077923983524
0.635811144388647
0.946739055678364
0.87837950529268
1.15487079957174
1.0776895818891
1.00638097062124
1.13125952518556
1.3824651008281
1.27425322134706
0.152209785938767
0.18998686125706
0.252928398797564
1.29165130697064
0.779145890529633
0.901153061139983
1.43801887477189
1.97634687081433
1.83472656183976
1.68978916354512
1.44524548554027
0.823224731844888
0.869135505731565
0.711371352867038
-0.0792036192247263
-0.0206636571298229
0.0311536992325163
0.0746624056216148
0.2881663148083
0.162842313256558
0.894877070773305
0.751751716005826
0.797715529561271
0.539941436867237
0.0326722673428367
0.091541665413855
0.0145691436984995
0.0327587183006845
1.48088189070223
1.38151294931421
1.2226208612275
1.08073511999531
1.32507489797134
1.11972800433997
1.06599019624515
0.991619579898898
1.33527937130848
0.748341218403661
0.889600039420172
0.515023782061167
0.0802935364388657
0.887459312467747
1.49858853345087
0.211205169079358
2.22984010603109
1.88501157156992
0.830768149144478
0.582191547466953
0.0595401379121602
0.283958859129936
0.589924979095158
0.900457671594009
1.43504541250326
0.645933894908581
0.181091361431652
0.294000020365049
0.842854886863938
0.669546780054742
0.511102389440989
0.891317093626308
0.132256830543904
0.664352426879904
0.815402702367934
0.868200951449271
0.239929510484923
0.757802099008908
0.91057066948681
0.527902519056353
0.939011323535294
0.102682144501178
1.02189531079932
0.481870035317083
1.2657997253784
1.54095860515988
0.59024000317063
0.875922220544084
2.15847096629737
0.387215126472133
0.0350352016725256
0.00405073878513452
0.0733395659351187
0.85118958295115
0.380782468567469
0.237477225884749
1.61635034210383
1.24309039340555
1.07365774876628
0.742420046631105
0.822080860391773
0.618804340758513
0.487500764810644
1.3553225963369
0.394597977268963
-0.036684901032141
0.259788494409532
0.912662780773846
1.69108597538343
1.5758121912122
0.795084192773609
1.10355824487377
1.68812049731806
0.566903909108818
0.724812329117629
0.0750117635686101
0.38737202078092
0.226187970890359
1.06633797325223
1.66979736189372
1.26085832942379
0.707590922909178
1.00736737148878
0.701891411411647
1.99871387069922
0.149286589961044
0.179712127622605
0.0792798617041003
0.861702489417943
0.499954994195946
1.6748799051607
0.179959855430543
0.805590942999769
0.0383325414481851
0.0399497922133109
-0.102920672031376
0.735233431602683
0.167321624704164
0.296316520322489
0.275525100754347
0.627697377858888
0.0366237564145018
1.85730653110282
0.600383332763558
0.909914430824537
0.550867389513468
1.16061598651896
0.446667228073636
0.358393777935614
1.40941029929986
-0.00647819287620882
0.807950333572481
0.876199316187559
0.839102450475439
0.610769625881371
0.118977034250177
1.2981646967274
0.717067398904393
0.720336521826138
0.225682275032232
0.0126193728088901
1.14089436746026
0.632892156138327
0.21615646800063
0.909345526721
0.909255644537917
0.568367164354856
1.11866434156874
0.925928935264712
0.565162543690669
2.24148937337406
0.227110440006132
1.23438771889567
0.817609042544207
0.982756603668456
0.588407088065824
0.580533204609879
0.345023323996273
1.17919175598273
0.66142996163625
1.3772314350008
0.0924897291620352
1.51386700051006
1.59458390506904
0.704882493137217
0.75722758033917
0.650534115614222
1.58973374579529
0.90763732640906
0.599902268443467
1.42300379534204
0.116522718952414
0.654183034665786
0.194114152574871
2.3691565734643
0.847123103783816
0.131769327575344
0.0404657926336283
0.0582922445037334
0.559507555353044
0.9251881752162
0.189148994259328
2.06881973434417
0.894157566043188
0.0634950733067289
0.615315426045884
0.161105260576848
-0.00119076972596346
0.93437556882199
1.18671452446564
0.763130966297843
0.391484335333935
0.227830088681781
0.871277954174091
1.85324384729872
1.5714641770665
2.44586065203152
1.03605811564135
1.04220968555872
1.04993824148694
0.811734789512252
0.878381736890991
1.37808962969438
0.425577641633504
0.795665268017852
0.108306232182771
0.884730767256565
1.58460999374732
0.388946740924869
0.278034323215639
0.920322214035471
0.219365264480912
0.085585971699205
0.136722613912837
0.470330968455633
1.37931472994253
1.30427387387347
0.63725070409625
0.40879991874716
0.147965929252511
0.886098725696147
1.55864785733479
0.138014683145674
0.522839326914949
0.928756214934516
0.977079847863563
1.67374682144783
0.982543336011204
0.761421571427532
0.181817549458597
0.780682047366441
2.04158740209096
1.19801880560201
1.39256371450204
1.2362953145935
0.956041195725139
0.367481174009551
0.294621176546589
1.59243434765993
2.39131424043214
1.65255348201517
1.62203686301078
1.80702877159849
0.347905321027698
0.770361506403532
0.298386803221693
1.51289310841939
0.750928888925474
0.559884749607559
0.39470012727818
2.20610607527473
0.992907368204735
1.50660309862995
1.92656545525281
0.618019042809355
0.14179595025182
-0.010273062953408
0.476733096705344
0.948819089723907
0.8999530588801
0.162159842317505
0.435229332507471
0.339623928945252
1.00489981939583
0.438994372864103
1.30247794686374
1.02498788694521
0.596545793136775
0.600162936679055
2.66592799015929
2.63856496979781
0.645545292390251
1.25779967555137
0.389859739697561
1.531952173421
1.12784442372299
1.93945941385569
0.491218509152343
0.136183558482604
0.202460388827026
0.999052388561719
0.411479491954518
0.623685342072925
-0.0328294170940181
0.743862875523287
0.846541672344997
0.183914677696741
0.68844513466728
0.222754094607634
1.31132495923165
1.29802613660107
0.163822624101839
2.34303970795474
0.769375245164763
0.816433772600404
0.958343032399473
0.400483410500602
1.4954447189231
0.573446904301784
1.43871180654006
0.679613198219611
1.76707590824372
1.03516603321499
1.49822701469447
1.11254548998908
1.11049036180259
0.609607519848588
0.589705306274848
0.636816692547316
0.621816134553519
0.833977866063541
1.29481583153093
1.17537634709368
0.444101445041754
1.39278540024695
2.02209027475369
2.06827271942742
1.74152828559658
0.0999830880551724
2.01762279274792
0.179585388150229
0.164057282264702
1.38272376739948
0.580810424986692
0.44831300556387
0.998532039174476
-0.125771922046573
0.955384218951254
0.681030523222245
0.397636786239428
0.686623647615714
2.51422531208893
0.963045213794655
0.990077506479069
1.2377985663296
1.45349175608223
1.1537696136167
0.48038604349624
0.21160250796779
0.0275331487130312
0.611398399138935
0.48807997908258
1.94921843641183
0.0778194907889077
0.0771681339572386
0.850053438675727
1.34581079353287
0.43421393614749
0.581049804816436
1.65459117898018
1.73963206862366
1.07601658789571
0.621814341330806
1.62806540069822
2.01069821740279
0.819931168750396
0.261235154693904
1.58634583567132
0.519830917149341
1.22563452199954
0.780653286294358
0.291269710847865
0.801534893158552
0.890096542676558
0.828635625905051
0.120880613028662
1.00347829901489
0.792803150306769
1.73937347348328
0.790258242445082
1.73844232881613
1.49655422499673
-0.0240345822021232
1.51223055026515
1.75340149908943
0.435970876501132
1.41293413510112
0.790803117115579
1.56285099389027
0.11366899512335
1.79926616600299
1.45406104632435
0.773515375589933
1.14607718586196
0.811278828618178
1.46196906695126
0.838766523676405
0.770487257783511
0.907283974167971
1.55871399935912
1.84709148719242
0.160577639709957
1.24309629034609
1.73814395679564
0.679704294726874
1.15268380030321
-0.015712700547617
1.49763295526338
0.200896732733859
0.271797357248201
1.63432723869795
0.944302487219211
0.545002773572257
0.812636653553988
0.609188952146766
0.276302602896444
1.26199057794951
0.601827734027211
0.59626589475704
0.355246377940034
2.35447538629588
0.220390364018136
0.382900902167218
0.55433470763488
0.28516362913832
0.961384211907919
0.585919725726038
0.574057759327577
0.680380027431907
0.0117214645490033
0.704213293407313
0.168601377187431
1.04937116607019
0.924237564299801
0.62853044059724
1.16201527908514
0.134750901507426
0.0226637233697583
0.793157534443736
0.686228788173073
1.80720491307234
2.43843761827105
0.688635030385558
1.06146933256008
0.717172671629133
1.07677027495309
1.13754678728609
1.98615391499713
0.930298664488943
1.01318157524466
0.834081264571436
0.675416450478591
0.675050754282097
0.618694410582659
0.210323790865611
1.08633826052307
0.593657626415879
0.0508584852867785
0.344494671606268
0.149864193213901
0.558231777934166
0.820247907156046
0.391163553215854
0.232649459126899
0.608417965249808
0.526325996395458
0.454127636130321
1.20192424263559
0.875556079023588
0.90771565835376
1.55038739043079
0.535685694885599
0.17728761043942
1.00569855904827
1.05182918451852
1.17779588517717
0.0859019519600865
0.65899000295188
0.212997926087968
0.996899541160654
0.90904551238615
0.929281665785374
0.583547286640967
2.05967633058645
0.0382368261356475
0.51704277146366
0.437004572575928
0.468683896362694
1.2543288869896
1.85440077560242
0.750523661095938
1.20294778443698
1.45554450878291
2.31405106764848
1.10870444443793
1.04428681018974
1.01065728458435
0.176001669770085
0.985119209553675
0.324471836987259
1.63520985338454
0.416699845168759
1.45040225924024
1.64911055160364
0.552866326569613
0.529651369119465
2.19052962117137
0.944704892181688
0.60821562782834
0.0505199450361486
1.63499136149466
0.80656221241101
0.821461068514691
0.661541914911312
1.272260125389
0.544303107666651
0.729508438790666
0.578206208686741
0.364953927703298
0.377366415286477
1.02551036753894
0.396638662506899
1.05242999746156
1.5242857432175
0.904797032912599
0.705862821904472
0.659103523979187
0.37177413297144
0.845760620167824
0.102047336267647
0.166135717320916
0.135376865689921
0.679964049352158
1.45965159294549
0.60219644290648
0.273343096081621
0.249917859441796
1.75953159272472
0.0741648363788467
1.4853096610889
0.629842901868639
0.45470094147227
0.0131978888639619
0.242281979110399
0.770766953552852
1.63058365737979
1.15810450697125
0.378005227555844
0.463759695140006
0.709717777996071
0.665818874121255
1.25565126639938
0.832787417213718
0.373700592132232
0.798189018154037
0.65045818808532
1.97685145189129
0.0318359490100027
1.99469374645081
0.814475585690873
0.902900317038754
1.56647624970825
1.73106657546275
0.329509865862893
1.87762952998637
0.724013728609366
-0.0697384957984142
0.92096158851949
1.52983910406248
1.41229203093778
0.675163679230729
0.875899617492113
2.01410364083829
1.36272485083949
0.183700227751095
0.186432371927884
1.06974633075128
0.628565865677875
0.0736275247806138
0.124075850963859
1.73885271804898
1.49559820911423
0.705044816134846
0.778001518726138
0.933415368272352
0.0193933208224145
0.083525409630513
0.66850620231313
0.169221417309925
0.131511862456337
0.0692719859973205
0.879886529969581
0.177165820327199
0.801760025236116
0.97826632408379
1.02631150958567
2.18677744097026
0.858966077666075
0.674368376993573
2.19564226395839
-0.0255173364151444
1.37139376813659
1.10478288624088
0.569619086272135
0.56589964968775
1.04227511965435
0.169369334069101
0.0572310630968533
0.473412419387887
0.792340184013531
1.43826551289226
1.16349485335748
0.487795624786119
0.28855957274422
-0.0294802714506174
0.363476687944228
1.20231164664898
1.51212258396719
0.622983553611776
0.62875707532403
0.718433335412897
0.748399338117363
0.269724710950102
0.676897758362033
0.950280881083324
1.13439552913381
0.772259884777598
0.655052074566087
0.651849661237911
0.824147149603512
0.838088636890658
1.0030526733824
0.746201792102363
0.645027322090136
0.727639389908219
0.205167424240493
0.604690100308723
0.735125381105577
0.486306893763371
0.959006891241112
0.67824898598112
0.61309851533554
0.14222593752267
1.0505051994942
0.432352352035208
0.536035373994942
0.893131949564564
1.30509529460442
0.651033112837476
0.721476660908416
0.880556411787477
0.437841462776247
0.730370385749082
0.681857592744268
0.863117964076603
0.617997127681376
1.15169467424952
0.763158722787186
1.0756993568875
0.780443054852317
0.504536983331787
0.281154668717139
0.930692598104959
0.148194425908589
0.235281169404235
0.580608840688951
0.271818268142826
0.894897207537714
0.769876780255374
0.864981663676753
0.724152788729355
0.809318264877683
0.654610512776985
0.780796615489307
0.200006987840749
0.952456265496843
0.862271210504592
1.22627838862311
1.08577318877099
0.832019192460527
0.637834166896972
0.488971627381825
0.633705392068002
0.793058888241354
0.667110603508093
0.425824038024603
0.814979565327601
0.615330845325551
0.614931506956785
0.624323203592621
0.621812395690537
0.645230192733719
0.754249389732596
0.674323081524734
0.690580291498375
0.812581388425657
0.651408445345192
0.592282703144865
0.630193121184428
0.649319784936624
0.151639676563382
0.225073605581246
1.27929300870912
1.01804587553803
0.839568816482443
0.758013579091887
0.640558443900137
0.629692008700904
1.08121087297799
0.645047659711714
0.677282233142969
0.714075719216378
0.748017109434421
1.04139996709122
1.06733946837918
0.949048813180239
0.674934463179761
0.66420311804093
0.636188233878912
0.456144866788712
0.391355212362217
0.728827247794787
0.710336918262477
0.621833852775823
0.503618703966933
0.582325132061876
0.236162842786203
0.76966289103864
0.715839688751017
0.234864861495252
0.541931190259544
0.977116918952428
0.441046085267816
0.98082474059124
0.927814167139841
1.31306531375821
0.117599101696097
1.10465432692244
0.967909827909328
0.610256741437213
0.135305692126275
0.748500173786669
0.71426435741817
0.607542816399228
0.505925473534408
0.453423257505119
0.836354166009219
0.380553782911666
0.919106031793556
0.629523819673334
0.701762369407293
1.23166460142067
1.08578092347099
0.916780241313485
1.11145534961362
0.86123009035528
0.93976857229203
0.799869280246222
0.861500389556402
0.869583855675267
0.761417474934234
0.607955839405672
0.715858871838436
0.743217716714707
0.643636875148191
0.614061745105204
0.827864673635873
0.658745150132252
0.880631112768245
0.706146423798756
0.15469915742271
0.214290816298817
1.30590707081043
0.904315694091801
0.771719030328638
0.597340008501997
0.656556824776196
0.532508984072316
0.851391525338154
0.219483221390105
0.75832798065227
0.768748502676297
0.717503735967605
0.742725661623273
0.538618010406255
0.506724674693154
0.626482972033523
0.619315684779708
0.630571609092615
0.612731964832575
0.609010396132464
0.633295680579567
0.624015421852149
1.3467050952251
0.597416861415135
0.712826595500613
0.891263703185334
0.397519458153804
0.575108870536128
0.595016906325806
0.758294911231026
0.993151882501508
0.49806546012654
