0.793572047896207
0.806453596586692
1.0375246436191
1.05486344810325
0.291949361962831
1.01968440112555
1.26279031809075
1.38880075912188
1.51658337939426
0.22771703130022
0.539220118100346
0.629241667214346
1.0024796388241
1.21056297289046
0.7357323607149
1.50409354209771
1.48836091636424
1.26401748185948
0.90512622593284
0.784895092667646
0.778798862386429
0.631647585130806
0.921333308660993
1.02576648666921
1.41540634232599
0.867327147755921
0.499998078053957
0.85327138097394
0.215765551506165
0.516574144742195
0.805572467032296
0.850996654587625
0.892625052964984
1.09017442527611
0.902123909446625
1.54366769116085
1.43151051950614
0.649763722316696
0.775601731014011
0.83493103394322
0.777038141763544
1.05034742793187
1.25220344783108
0.200107918192584
0.948475549578644
0.762282229141307
0.36887973341451
0.576091816854964
0.49475116548022
0.703528581664151
0.173537898846545
0.961201438179535
0.948700218138009
1.03559486772564
0.404856272135268
1.26987643463056
1.14850176641743
0.9888684547929
0.297647150928654
1.07346761999759
1.08509260105602
0.977557221427871
0.865126016293931
1.24627094253188
0.231347597042883
0.823132525324682
0.572949499662263
1.53472625102611
1.50934209862567
0.384958494630189
0.619229190083507
0.672715456089998
1.07448903744653
1.0439810680152
0.457654134502527
0.857028463171602
0.969266927304581
0.78295501563406
0.50162513958718
0.284155792586738
0.866211163866448
0.862131116741593
0.78528627954506
0.978391252604521
0.839982784482812
1.21181342383843
1.26964278657912
1.35929260136199
0.459685322952887
0.695909296341297
0.694995602671169
1.47165085011589
1.13431801670897
0.825754250769119
0.811395010093723
0.857306173570983
0.832477017628961
0.933215668871546
0.943958744722813
0.192804295132134
0.976368928757035
0.777563360393917
0.938748479991816
1.08400944683882
1.2428503923202
0.999802216252783
0.22579144799548
0.273227163287286
0.195915245406389
1.15748316107465
0.758965193381692
0.96639879124976
0.293656723785563
0.996360700987449
1.17603637135497
0.984800293113304
0.94573302668376
1.05553631646388
0.991442397663429
0.999938930176667
0.938772732367609
1.12195451510009
1.08863825344119
1.13363947366435
1.0537165588961
0.970710160016072
0.898916414995479
0.882838187978028
0.845182419820596
0.887832652639061
0.450547184223378
0.566616269860427
0.453161793949469
0.755803593491386
0.756125890353559
0.781812688122083
0.507503363284958
0.900077927253934
1.62894456384233
1.92105711564005
1.00331907740789
1.62428850589463
1.92793882201822
1.67676061624992
1.30704356748674
1.81611371504194
1.01386101725371
1.78514824165165
1.1092931848424
1.2003697879932
1.60059009811698
0.409508839657388
0.127751304363776
-0.0815495340202066
-0.091450678276384
0.774179486224123
0.428823838654969
0.449727681858562
0.213098679149055
0.514087618233583
0.197041264401565
0.458072645224712
0.634567447192924
0.623276495069936
0.674492425722538
2.59933573342821
2.57135214612544
2.18471566144475
2.42301474603762
2.55088057894712
2.89852670198362
1.89652334069718
2.12411372606898
1.88127776434681
1.41612512117462
1.37820714988471
1.20464459704458
1.44340493441385
1.06850168220895
0.89611519750626
1.28635690508725
1.48591847784585
1.69848215584229
1.28783943096113
1.25623007647661
1.34869104769479
0.763533572979206
1.04669746536379
0.164480095474156
-0.139585882519286
-0.571766614078655
-0.512119890848495
-0.338443377259366
-0.468669672955285
-0.419514182863326
-0.37361560189059
-0.242948756844223
0.257535894768522
0.291766669618432
-0.277688738421605
0.513462831709252
-0.526699206119922
0.299499229419508
-0.287507710468401
0.501538507294593
0.959872427085728
0.078273171196716
0.238287391661871
0.564938181362989
0.3516732104674
0.828483314480192
0.980886125928984
1.17082162223948
0.893074284191666
0.66204798209562
1.4538140796047
1.25168564879862
0.903082192931865
0.456730696591958
0.256353855467346
0.49157867636197
1.02465379059361
1.36631796803429
1.40875603057128
1.6118215688162
1.70930192543351
1.70664475914692
1.8765653474909
1.84030266083443
2.02696866991882
2.08619432909702
1.80662004474859
1.69574819473174
0.437511037107783
0.36785227819782
0.0840192553873557
0.299909532725255
0.306967363976708
0.531579167928037
0.227535944745401
0.272001806769461
0.268503704280832
0.239865077200501
0.609167277279178
1.07745822576316
1.08876330941299
0.648678838626927
0.466832211331402
0.940895097162046
0.888497271405657
-0.0802604796954872
-0.00665110756739085
-0.142404678847605
1.36834904716281
1.13208137726501
1.02573820008273
1.11383979032377
1.07758240521468
0.960361059890063
0.874801012761549
0.78459013844662
0.5671730791399
0.0978753871259021
0.0607228053549629
-0.239131452554983
-0.141971264537008
1.32599377811377
1.24230999028361
1.06810380587225
1.20589690644203
0.99571760640206
0.770528835788766
0.627282908700345
1.98657752665062
2.38789354629089
2.18656053900192
1.10998519688191
0.845827542424309
1.42614148539658
1.26858749035782
0.928250648855247
0.958711865898499
0.780730961763228
0.910884105356689
0.776501979664726
0.900753699957563
1.39649458512318
0.952808546241592
1.97087300872696
1.04741808543182
0.923729119302607
0.807329710695819
0.767398091271685
1.51124641749306
0.250056454546776
-0.076849507993317
0.562333526578029
-0.495986056635547
1.57222863114921
0.546976331992571
0.744150280445015
0.770027543630019
1.0488804310405
1.70442187065981
1.09213279627653
0.762319409326423
0.995404666921056
-0.043648375272996
0.53828511189266
1.14019360311766
-0.091378970740227
0.611554615849563
0.909592861196758
1.40006575557191
1.10238157434762
1.11053053347671
0.0652626588772111
1.59930737486681
0.830351278806992
0.637958824280381
0.913505028845793
1.60462068961869
2.36585384146007
1.70785766114758
2.20542497935272
0.572293289439317
0.301879610361489
0.991918464716628
1.1007540247955
0.323070595993431
1.52181504106942
0.420090762407673
0.386547157125705
1.06956845394913
0.855264093131144
1.93742337425642
0.38269069784496
2.06184385934204
2.31575442325127
0.370243098175233
-0.0409685575372075
-0.0174138799363684
-0.0867105515556299
0.132029094816549
-0.340070115404914
2.17397114674409
1.91200111091379
0.651762094771286
1.97206626979693
0.131965328971141
1.17488144020245
0.107715966847993
1.58968332983567
0.70452007212103
1.13026836551078
1.07928977982516
0.779325778788836
0.857353535114937
0.535227157763539
1.1026883176513
0.959730840402129
0.947632055738766
0.914634093663308
1.57516521734578
2.10716809419975
2.88642967174321
-0.0551832303645349
0.879158818740894
0.985611889407526
0.719252402479285
1.59035571566676
1.10263671431934
0.67611678301947
0.748911739594596
0.963644280107428
0.841651353752475
0.582984050243306
0.849767185162623
1.38258739274888
1.56939196046563
1.5306015449684
1.12102572772688
0.998524782803656
2.06909501268884
0.745713308767449
0.308788372630727
0.148939265370404
0.715690400752001
0.956211727039692
0.810890290771398
0.862547918840188
0.739084545536801
0.539733020597005
0.781240176657625
0.774622116278115
0.467996236479816
1.15869800771464
0.988684390839901
0.668954579177114
2.732143589391
1.04262860069581
1.12127411472783
1.25352596046177
0.565299601397006
1.959507210572
1.15558621647534
-0.0736029224362541
0.0222545765941004
0.204756440770381
-0.0553308244189172
1.16483505460284
-0.1317962027491
0.971477277038967
1.00117269711406
0.911567353722577
0.681861090162006
0.862164566519597
0.557821296867521
-0.0584944110036188
-0.119530764493254
0.103774393948165
1.21784240863533
0.909834954421308
0.37034808748293
1.02115882728187
0.870857544277141
0.81951182497212
0.775973577814204
0.955251551378526
1.15224088874163
1.09449310872974
1.1186669670938
1.28337810698477
1.19272691852725
0.0285191525462212
0.30047815284503
0.637709331682759
1.1756316428937
0.508706992919755
0.712934998995757
1.30606777093236
1.99666715793606
1.93050231709354
1.77355144124816
1.47889616971908
0.833997549850835
0.898163668140875
0.683597991775322
-0.437345523875797
-0.420599114093905
-0.313595162724661
-0.102574387692067
0.411225798317677
0.314962252515245
1.1393031904849
0.653327521309619
0.835487794593635
0.415823281266333
-0.567059783447571
-0.365049445919714
-0.484208366059318
-0.288518438368763
1.60533678838244
1.65500753167828
1.55374169796453
1.36491287464802
1.40612945438299
1.2274444299495
1.14599262381378
1.04616727586161
1.42059941799002
0.709255339341589
0.766739048602133
0.375756033361665
-0.00642773849363425
0.937887064545022
1.69956888778579
0.21041313194742
2.20720197879788
1.99256937476819
1.23904221726703
0.550088372518523
0.00808104964582112
0.31033336518594
0.717736037976598
0.778778107675519
1.68091234360808
0.823433740596876
0.0758523280264014
0.02190104927741
0.91796622108102
0.684093215241205
0.476866721660471
1.17874744461333
0.173556296572268
0.546114733927537
0.767394793336874
1.07853109448767
0.272284303892467
0.775569704229853
0.886000829048102
0.905797490121638
0.901987287230325
0.116559275307525
1.29036361143129
0.984443890810263
1.0884169875036
1.72778771873444
0.684259206431248
0.719933959478758
2.14264547091341
0.276102603019107
-0.128308807143169
0.0284580503117886
-0.0414059470039466
0.708406582814652
0.463851668367021
-0.124340641068235
1.44665412325163
1.30427148954013
1.34488250543823
1.31712770248433
1.03815427436907
0.419307989890828
0.564551551747201
1.36500551917987
0.728023839029327
-0.189162647244674
0.203571864891154
0.776470751806372
1.6550517494353
1.72143617837832
0.648114295524963
1.10041579275933
1.75171353019554
0.603871614213668
0.945521672097604
0.201285131581521
0.811606440288536
0.0452912200981038
1.21619794043976
1.9661662119659
1.4504581320126
1.05182110710264
0.981861422280114
0.864459677373176
2.16421179996204
0.211219666189054
0.117673873614274
0.137212288748873
0.77457226152684
0.577670725401613
1.74590791229612
-0.00717871204729659
1.3493744486707
-0.0465501985133475
-0.081800015119406
-0.539924135782356
0.594368117252425
0.228127364031377
0.323527888094153
0.654934690001292
1.18741565301508
-0.313009883806853
2.0123897814961
0.726117826785003
0.853219313673565
0.593652224450378
1.41297963587548
0.459999818030816
0.508391505271972
1.45394777690799
-0.363907462316185
0.7760755722982
0.940162107002905
0.985210940040755
0.755674301569029
-0.0184932263342653
1.22336040605558
0.785565427366941
0.625379505646152
0.533032241252496
-0.135283249953773
1.2824889266631
0.846968333718922
0.0558762470868041
0.957215848289999
0.838968706811547
0.469550804023452
1.34903647212526
1.21394344433031
0.581635534136097
2.27976451973398
0.152895570003
1.19749595972599
0.791129118641618
0.921086268572252
0.60885626993241
0.489201222582813
0.0860749730994195
1.34661888007147
0.349599985224369
1.32959587016493
0.0552950332356856
1.67179159315307
1.79292369684767
1.1442695999984
0.893383187202137
0.762943265858474
1.66245793879667
0.945886627827812
0.976552334070895
1.44472493797674
0.0553835110399656
0.884194781191224
-0.0634724521545599
2.46620081727216
0.645991156249023
0.128794573450898
-0.0366542610905139
0.0637527019529592
0.432843248637299
0.947464144271837
-0.0617436633509228
2.02032432820179
0.900951036419138
-0.238302826239948
0.487428473087112
0.0831186351469917
-0.286806796651385
1.29622398012808
1.11423592228229
1.04819158198854
0.877257482282176
0.643609059381077
0.644325015508028
2.18043148119965
1.68090835063639
2.67298043320948
1.23095816469806
1.31154705919483
1.3135786534576
0.805428403550503
0.921738913994406
1.48053120887111
0.262651781636156
0.843701649394788
-0.0117289593579684
1.01331834360649
1.83162826137197
0.436869545229272
0.525860889328993
1.18934778634229
0.0620717560038853
-0.0218675021183741
0.17869478024092
0.366931910801237
1.5692748249153
1.35511257827483
0.664394620292465
0.647786703811154
-0.295457224733297
0.903359470491086
1.44544003598831
0.172438851788276
0.632655643517571
0.762053689703396
0.84220929192153
1.6813155408955
1.0585485517672
1.22253284226564
0.00045638581090159
0.936067309690092
2.22861603003545
1.17533428558463
1.65465913031208
1.48449473174392
0.808201986295121
0.409734469887718
0.301822977151464
1.64852831681722
2.51704981155531
1.80067246823943
1.73169433822074
2.00340371756068
0.246420716171338
0.977943926435585
0.0402773700768226
1.62010833907274
0.526393580906357
0.548939400047963
0.425303926293725
2.15469547921692
0.951119861305409
1.79114184593001
2.04146295036325
0.838521162436937
0.0326478310884659
-0.284131010892902
0.303856394824
0.926318780829479
0.673763329229948
-0.0331149800730838
0.402614486024248
0.262022837918575
1.12824953779275
0.400743013815751
1.24800661775698
1.08245034803139
0.71196161149105
0.772235360020177
3.12216531721571
2.95944249219652
0.566734758715631
1.20497253381031
0.226544742523408
1.53307059919454
1.30877986339444
2.03998072702098
0.804589350024515
0.0695514936079688
0.208889671840537
1.14509949746235
0.479508506870856
0.506516197420279
-0.476626874747816
0.787971569435468
0.787995373941241
0.146659216582548
0.783829397170943
0.20554944139695
1.31070179434143
1.29962685621676
0.121620878233995
2.29373475621836
0.647740097734646
1.1700990753652
1.04821988298625
0.194057819559506
1.61929240969392
0.394766888098197
1.51691695328935
0.529729408796261
1.90720178943924
0.76011244002455
1.70487372492401
1.39208433041896
1.41418836364005
0.476662403707953
0.959621809286107
1.0047155724773
1.09371984555309
0.857068001132131
1.38132714102607
1.17207557181823
0.590419186221929
1.40969948917071
1.99310394895205
2.01155546126572
1.86030763319205
-0.0119233282858873
2.09004889186212
0.0731198769480444
0.24008090243326
1.62202220998012
0.526484742335223
0.5137064151562
1.13665377194716
-0.543014571867206
0.97363294466878
0.699421932144542
0.403570531036731
0.669091629173265
2.85562825427065
0.942676227351096
0.993262645076692
1.3272324160538
1.7889871339299
0.910401852412273
0.867242194608476
0.333923879864581
-0.0800649186794858
0.401844135051793
0.362483957487132
1.84653197382693
-0.346039748348907
0.120412780559613
0.798539709255868
1.09314365272798
0.397625727070599
0.685626209782661
1.66525565359227
1.85439660184077
0.990906728650196
0.594184782881999
1.64728235028872
1.90714630818869
0.444475667968323
0.49813959008454
1.72380581153645
0.419661842377393
1.29041176981653
0.760486483059032
0.0813881407701636
0.610608309761962
1.16971299045794
1.32130707218635
-0.0555660598777122
0.823373828592084
0.41921000061049
1.85930395890177
1.37457421815042
1.70124910203015
1.483031825604
-0.317392693516265
1.63387278423368
2.08748989365848
0.318536146858635
1.50864047214249
0.737106091914558
1.66962976766299
0.0657768770310744
1.87023429776388
1.410593841904
1.03449144098333
1.43963378083865
0.880208098254272
1.55886417823795
0.871269695656354
0.657042117686197
0.767732295602641
1.87518502268427
1.82535491325098
0.154663251847318
1.12666287875151
1.92971461925055
0.839889653121063
0.983848814448781
-0.23624636590831
1.41119372081997
-0.0820884902391665
0.0544326015779979
1.73157457407125
0.792897629378603
0.329256895732813
1.06529551892435
0.720247811324364
0.166252953528326
1.45655054818497
0.742562308334591
0.733713261726561
0.405991344296692
2.49320736598259
0.117083640573924
0.204669044781456
0.644460289971457
-0.00143962391885951
1.23600522046922
0.703238171289656
0.635074460372794
1.07535176712933
-0.185157783339955
0.825838643281878
-0.011340851554698
1.0288425929947
0.96270494443374
0.805986722219418
1.09586170174025
-0.076503405900476
-0.14054053815986
0.727606672835224
0.511240239685362
2.09919954098934
2.8836057550759
1.08062469149322
1.2319893922095
0.583692150335779
1.01353385617829
1.17131458629429
2.10628122110455
1.04675626640436
1.2559849565463
1.11353256446149
0.877571594219179
0.750155058337556
0.820452514914587
0.372673733621583
1.0921708663004
0.607243247430176
0.0961336764425999
0.571219758636769
0.00483155732357228
0.98286461885791
1.07813014252778
0.297133975659214
0.0853518087478021
1.12261457057005
1.00767546746642
0.857488958474661
1.24677440873376
1.11391450905688
1.0901122471093
1.8323185312653
0.563620132526198
0.0819762328878128
0.952825008315239
1.00757951937479
1.17386363069073
-0.0463818352233445
0.884158547997245
0.0080625044022238
0.933975657927562
0.755012473433761
0.83241008319531
0.535686710513353
1.99570268215662
-0.146197941891427
0.543779223822635
0.236194494383657
0.51088160733389
1.111036847192
1.80631335512998
1.27945767763806
1.39747282601808
1.58229917313522
2.37125335309215
1.13780003597259
1.05031221801646
1.0419198854956
0.423338120663641
1.25836263014289
0.433865285553174
1.7237614987354
0.627412296887958
1.61381759833833
1.8612452399643
0.515247558338163
0.328188861280648
2.22663477714674
0.995193376797005
0.808534116468301
-0.0773091633932044
1.94545636930137
0.807519012890376
1.09225001187281
1.03033319928533
1.37371460815081
0.887991270927398
0.851568797082633
1.00278916431754
0.143179458945518
0.23559027597411
1.18298552846462
0.13924774402065
1.10120848536739
1.53556083547152
0.762220730260457
0.493674841734443
0.870666750568278
0.673138842463353
0.764760080954057
0.0791304941133847
0.234526260338378
0.152675890912122
0.896682627714837
1.57440896103293
0.571607102299241
0.600391099782146
0.261127100693541
1.77706338136368
0.0250518951554337
1.71583640325773
0.765800934514448
0.717523236272834
-0.143766898150111
0.00962159304107961
0.776340408894403
1.7009722661823
1.30579430395719
0.895023270305216
0.26464175848084
0.556500075888141
0.478142979265765
1.16564906372071
1.350794415238
0.460751432853521
0.897213294896096
0.545190302583545
1.99047488475455
0.155580848941179
1.92159184760282
1.07943117756949
0.877300403507873
1.546984877978
1.83315233840408
0.365476443256386
1.82092042826411
0.612554726210897
-0.470458519548893
0.846818012598269
1.63397894006205
1.51357817304853
0.45899136390252
0.953041644048038
2.17121132426596
1.51256091786492
-0.165041022167825
-0.049501284041649
1.03990643544061
0.863749308737824
0.139303904826772
-0.378642692073404
1.77910773270019
1.51316879005836
0.71467726838048
0.83456597337232
1.0415717831949
-0.127143605086884
-0.0630504543980163
1.19752063210652
0.228700812312757
0.129672256185682
0.144356005260252
0.661803904950261
-0.321029081515218
0.773439948367482
1.05105650087022
1.12699837179137
2.0673329669739
0.984399972108718
0.862179876210893
2.23730673232077
-0.478667525530472
1.22328880591763
0.98945903785528
0.594030309625149
0.52687736495824
1.27753533560171
0.195512753822227
-0.105844378693636
0.617028397421045
1.0221259949777
1.47316673745952
1.14830379886744
0.271227800274095
0.434838031153738
-0.251129160264841
0.595027011789681
1.23052425281661
1.6353493745143
0.764473053674153
0.797479619622605
0.92377356574959
0.953469010266331
0.57436339383635
1.18309057158821
1.37341878323701
1.50926867141279
1.0107893105
0.777007252419728
0.793476506387534
0.90100314911207
0.901426548168969
0.975703948219491
0.834366747057064
0.763671191140799
0.87015076004312
0.578248412703027
0.732846514119717
0.837180558296284
0.516288932540696
1.15013314182824
0.927334453786513
0.821771803107403
0.368304127916631
1.10119007519823
1.07011183876555
0.721938069492156
1.09431854857995
1.33917780129435
0.801336074703195
0.774727926376106
0.978531002893443
0.54253587627268
0.925338431746213
0.927173490919695
1.50746381113474
0.835001594690726
1.21498590863618
0.786122266815229
1.52790533149809
0.949350419906996
0.587742947393338
0.473080767636337
1.06064825413992
0.415661926048353
0.708095077286708
0.831239690305955
0.799289179162546
0.917910382398923
0.91423940897145
0.968665025523504
0.986196013130469
0.884918220982973
0.806426026747747
0.888520346111962
0.58607859343541
1.15775220238531
0.965901556485078
1.27660620081286
1.05278251778072
0.891560947467927
0.791755404017399
1.00450175840606
0.7727315075523
0.925448754525888
0.823152111209041
0.987401191096017
0.910639221497179
0.834283878811646
0.800848922725837
0.816412472686957
0.842189304770279
0.857077279539167
0.8649747303926
0.839262764156727
0.826598153504483
0.981856746440391
0.673557778441909
0.705046583011999
0.899966412698707
0.843199476126802
0.347184471173189
0.536656225521196
1.31640070118361
0.975166242945802
0.957079322367993
0.90926322078015
0.826631957824122
0.799495275357529
1.05044949021579
1.29048536051958
1.28195485302757
0.961785708024717
0.963866120188014
1.68568417281413
1.59770089654569
1.22821436868488
0.778980070349866
0.771069532795924
0.777047895641555
0.637208115814546
0.612008963731877
0.962225616875574
0.911954080017155
0.753547082375156
0.641964036276917
0.720549924701378
0.676942195072723
0.860997760432355
0.825771775848187
0.655171846795411
0.794098973918888
1.00145793031477
0.497869061632925
1.2074673959628
1.1558783203209
1.37164090981728
0.319875526676599
1.20950597199753
1.12976266866331
0.806846389812413
0.412175214873062
0.757060156277131
0.775288974060232
0.814082982008402
0.559596900564234
0.567207044738562
1.04009009972166
0.978013522383859
1.00495710682404
0.851817002389489
0.962115795774432
1.3025717347138
1.13595521893024
0.970484293139285
1.12468413933379
0.916094399814838
0.964957341745814
0.890361765197906
0.927756274901336
0.996623279832719
0.828407373668924
0.783677844878408
0.920059647398931
0.972849515132932
0.873817329380821
0.838116947423102
0.958419966533377
0.947436563004001
0.957433965240337
0.684062080147669
0.328030904796106
0.371682652252014
1.386041962854
1.13746667222737
0.931743411452152
0.888316003416659
0.819092133073562
1.14962352843108
0.975046989481613
0.547585313986407
1.00250830842863
0.842733423134275
0.800174243713351
0.877545067753686
0.613878921511524
0.662796274661049
0.827327535030908
0.817409195982135
0.805356372219585
0.825186929019996
0.811022074100164
0.854482981658305
0.850024535703622
1.39957508139843
0.706678563792495
0.981453946175783
1.50460866151651
0.385333616810767
0.583506614589128
0.708639040695411
0.996434694527347
1.20963467022798
0.693557209632811
