0.824605950563864
0.927530244962804
1.107396548048
1.1223799733401
0.343679407179193
1.16259141658852
1.36501789648081
1.49612144797463
1.64728991680561
0.121138396014438
0.271713995232843
0.390224930995065
0.910683765548102
1.37388475119024
0.854303522396255
1.73946663392231
1.7714358170947
1.60556085704348
1.0465505281009
0.831844576379015
0.811062291504179
0.648041567559458
0.899000864797551
1.06400486447091
1.5496578073482
0.985072189890729
0.540541162304686
0.976586222743374
0.442242096916268
0.615505278540354
0.854978780989639
1.01311765580426
0.761501581972988
1.14414359720083
0.966782587271883
1.6490038131549
1.78541212161768
0.900013319462832
0.839459190373196
0.880991512031044
0.717480058315108
1.23083015412198
1.31411936982952
0.322721287035639
0.903007343788796
0.579060961810488
0.107542146015345
0.606836296337083
0.534990307613747
0.781534717632859
0.35334549259369
1.02551116590701
0.950852997765616
1.23937347196059
0.659607519143775
1.34243278158966
1.20963360663463
0.907112001964056
0.37021077182242
1.28189904775574
1.34130105873788
0.876730120186345
1.02185053817038
1.41492109549437
0.307304864616619
0.900223522800536
0.604115890541526
1.68992321694246
1.61262374454067
0.427637822179383
0.644610918033473
0.653633167519266
1.1384544239185
1.06966022463379
0.501628535899415
0.795623409701238
0.902206879755701
0.83348402608182
0.758780880473382
0.526825969645745
1.0215967164299
1.09542336718391
0.873317417322271
1.04810044232785
0.895218257645663
1.27514663018897
1.32989042766773
1.71566171824631
0.189797488572181
0.485324409555447
0.786817569122028
1.80177640019028
1.24387836741366
0.97046489996869
0.843239915131823
0.936375725704702
0.677786746458211
1.10551926305152
0.831329980334119
0.3429302215553
0.998177217272828
0.814483549590359
0.918242147558422
1.13645872989358
1.35329621681546
0.911535779002692
0.286700187896547
0.368598928232087
0.401755935855249
1.36692389223214
0.846463396659685
1.1380358463984
0.0885420251586105
0.901466770165742
1.4836606906392
1.17894381313968
0.884597050627653
1.0482650042983
0.928551379737065
1.07069250634881
1.0626442682983
1.23990326727821
1.25354766865446
1.29760886158024
1.14372697427905
1.08337432352574
0.869329104062572
0.972483425513807
0.827213845540607
0.868057457708829
0.395139269520781
0.600130440367302
0.379869269589322
0.896005862518433
0.745030297420207
0.877236789106977
0.413924818560334
0.982849519685493
1.50490296549512
1.90881329591855
1.01098786789529
1.73459286323729
2.0051230739018
1.82059503473457
1.24359003062566
1.6507383096801
1.08385433654868
1.88449799701395
1.20126802660415
1.23316683624292
1.68495065539714
0.442210967851537
0.0126288030244018
-0.0216827081230101
-0.219066147031782
0.857265511955349
0.337541852411428
0.432858170475732
0.369589022341018
0.430892060518024
0.23803711243875
0.422939051755715
0.724140792998783
0.681863280648237
0.519716643888764
2.66022904247085
2.68866677488893
2.11982169951318
2.4037279323643
2.6114870426471
2.96432257344146
1.82020421640366
2.17292570398418
1.97155911338816
1.46146669385082
1.33573216920897
1.21830132252466
1.52722270124698
1.05878131701292
0.83527860337632
1.33858448588757
1.54559866232144
1.81516638753015
1.3161556664321
1.4039062953472
1.50299802806045
0.742897219995495
1.0608696224856
0.155245933422424
-0.207454507322881
-0.627208224399026
-0.480947991024148
-0.434960295788096
-0.479026835206947
-0.447179918905786
-0.383838135316365
-0.341474943359063
0.177699062715245
0.450167737320392
-0.199564661923208
0.583224564075337
-0.499343797638189
0.156977652634129
-0.463702947090164
0.34884997053382
0.925003871460355
-0.0203168644593202
0.11783653478592
0.648712568589732
0.324650408142176
0.769590080113873
0.973061203794935
1.19205922941863
0.814486730913413
0.688502159103678
1.50852544376021
1.327062870962
0.993368312049807
0.42060815614834
0.191471067882221
0.363851279091536
1.11346586181408
1.6237771114254
1.42396851434097
1.79895872794658
2.01259189520079
1.71758745400808
2.06661949122036
1.80878354849544
1.91097015423642
1.94732512346204
1.76916142914939
1.97446906171688
0.354908906257139
0.375067165954206
0.0517343205819612
0.194196667392975
0.198482574913157
0.59501649572068
0.0933995194191756
0.28645826467236
0.143000033941895
0.299615773954069
0.643509754443871
1.13345964352653
1.07494277524664
0.61636692101664
0.279976967576602
0.955384000331612
0.941208158516574
-0.0493459649615583
-0.0644554565627557
-0.162785087045565
1.50655662431354
1.14472529746068
0.96513764451436
1.22324657186243
1.11494257762539
0.910932415545675
1.01180821872047
0.845458294818258
0.613462427946125
0.138261555471226
-0.00525314524700454
-0.341107358465123
-0.0940174079210276
1.42752133037386
1.50570050996925
1.1894224304512
1.25745130883349
1.09487688978245
0.722294873344938
0.404873574777986
1.9561155437676
2.3268330023195
2.19992270569261
1.25280774774089
0.884488216044734
1.48236026754213
1.33611742848593
1.02034819614621
0.931167397096345
0.77531597965338
0.897949410929049
0.74631249706502
0.876620854189698
1.37582689200822
0.913108566595646
2.14612835243768
1.16465878443921
1.05158512897356
0.908082665404898
0.672612729915327
1.54751171272665
0.138758854833721
-0.036263679064859
0.416703622582548
-0.442063487231702
1.52769472124743
0.624941554164507
0.768204228277179
0.891907613371012
1.15954425666107
1.97752121467768
1.16355538711434
0.779207949319842
0.969926099220723
0.152165486262233
0.473663618377201
1.29140635745297
-0.0989757934982712
0.573962932515634
0.96162192224636
1.45874344505665
1.15921290995269
1.07037383010654
0.0306853537495334
1.58862029857432
0.819959273890723
0.73530999377004
0.907997561354582
1.86841628959938
2.33664313675791
1.77391906320478
2.28057791630143
0.549774421265802
0.314334492037178
0.965641893710932
1.06279635256272
0.263268396252409
1.88462162452631
0.364130023138289
0.319205984332571
1.06366534697572
0.815063610958582
1.96990183425176
0.436306638513287
2.07599748260329
2.45565080971764
0.428993736540556
-0.0211596210943185
-0.00797317504325581
-0.152829329402806
0.117643747284484
-0.482071926453366
2.18575621184497
1.79879277112666
0.625911915730456
1.94340984087617
0.0180628920042627
1.22192812495757
0.0181433855741602
1.501386491459
0.684842217074183
1.06798501359968
1.17318219307178
0.788418964448055
0.865218950927416
0.282330754677393
1.1809225158934
1.03468437107386
0.954625650826582
0.938048737281487
1.57676713657062
2.12807734179239
2.95716943338275
0.010497652458652
0.799677987020776
1.04709951908331
0.683922572289756
1.95080779418739
0.959947857842138
0.71070697023397
0.689673867284537
0.92132061571687
0.749031406767126
0.552577255353077
0.964635723198612
1.56376143788964
1.69793593041828
1.54222106822397
1.17493175531723
1.0587139379442
2.04007452377667
0.795666639867644
0.0307123276167785
0.201794936557077
0.543986132477922
0.952042515306038
0.80104368812474
0.897859073947165
0.589690984246466
0.570982680681268
0.872559232274779
0.836414326700333
0.545631481023893
1.21404788651282
1.05681868741858
0.543006435675115
2.81471597854793
0.971620171992354
1.04419877622793
1.32335415888655
0.597131372083519
1.93617493404712
1.24923450547862
0.0544664446398797
0.0834163785718021
0.391261788786027
0.192563260286143
1.29081867476737
0.00950416946465212
1.02196849227067
1.07662525289341
0.864468077286079
0.645963457896119
0.887679502449544
0.496404871842983
-0.112105015051081
-0.134237275141472
0.0864467444013482
1.28913977932037
0.95754096161871
0.438513764240315
1.02476835287494
1.05497471918528
0.740710884610236
0.760621819584947
0.900718192747376
1.26769538571068
1.26112025147726
1.19710852949012
1.22870038133502
1.27951792067545
-0.00312724862155107
0.461475797114801
0.91725930763881
1.16060421108689
0.342433346452318
0.718644566022164
1.30059437531355
1.90868218936984
1.88932268467403
1.85199607274582
1.42979129093543
0.90069330237586
0.966767102320711
0.61870031528152
-0.541523444542668
-0.455598121572864
-0.265000700673471
-0.0757716096034765
0.667383022354327
0.585786479360021
1.24632076319656
0.695478602540407
0.978157437611031
0.422574807497914
-0.552885389349804
-0.190045664642257
-0.603787801642786
-0.097484006117263
1.61493269227386
1.68324530285885
1.60052868973914
1.35475237294466
1.40650136280069
1.35402344863605
1.22648901456314
1.09734560500245
1.52149002372934
0.633325701712306
0.638193997840794
0.309099753094765
-0.0347122907689747
0.841775482388573
1.74429231337625
0.23285513386913
2.06026616521766
2.01527830092523
1.24897409435433
0.560065455874069
0.0362420486460033
0.340376823338666
0.764781209419602
0.707922372534485
1.79165612843605
0.864049237957831
0.0188723500403767
0.101128884905532
1.08771070039744
0.792182741382258
0.470177954331778
1.40283922244893
0.205007080943456
0.580309608068699
0.747902237340907
0.970878819926449
0.289584049352257
0.789631182035862
0.868699648134071
0.794582797774454
0.922041200124325
0.245676017567584
1.30237445183888
1.17624670611401
1.10339444679069
1.77462739479778
0.676348885843447
0.723448769214853
2.0965478205713
0.109832093186572
0.0992554218014192
0.271102265121054
-0.0834170259196805
0.729746625537846
0.435961733103264
0.0471440300534782
1.38532783519141
1.63513660636976
1.39532055427019
1.47014742871031
0.93860219753354
0.219698547869857
0.563023113636103
1.40443267607686
0.629882609951733
-0.0999334481699776
0.19308527547184
0.650033231433096
1.57808421584844
1.7933621948598
0.727069161529265
1.31432982946736
1.99572594575079
0.620420371983617
1.10100736006672
0.464705776799314
0.902439287783525
0.0685735346358491
1.40250811787948
1.99678209140292
1.60251851205931
0.964621915551955
0.936064416598356
0.932706203748239
2.40657576537533
0.291878161231973
-0.124474784941377
0.347040440854707
0.7797362904882
0.656092878271571
1.87585879651174
0.0940351314977164
1.52174720995901
0.181679237199602
-0.142859399422775
-0.541992414782153
0.59925900961885
0.269136414079522
0.342548795281676
0.95914994925865
1.36328560800865
-0.36082573941911
2.06429612138482
0.80859870057018
0.92326377740009
0.600076957102908
1.50296787399491
0.505607796126726
0.472535074343442
1.49917007998018
-0.244370582958975
0.788023852973746
0.871673530677812
0.899741644827325
0.775961354289355
0.0299487390564864
1.34615811110471
0.793489746783374
0.663284427538248
0.800839683528391
-0.0255229627695948
1.23780567185906
0.841550940129719
0.0364727042663018
0.948693740500645
0.798972072461744
0.428203440230323
1.27649140161721
1.34071055193178
0.601540664106912
2.26338686181328
0.187527962718849
1.15973350392688
0.67461568358233
0.909300126602291
0.540796553797787
0.353438939647503
0.00473877873668582
1.41427529539094
0.251444927582108
1.18553586286594
-0.0391773287933702
1.71702345774697
1.76221881555087
1.10893667347264
0.841659778422331
0.772000045561559
1.58532322515601
0.827043997188373
1.05508923976488
1.63858279758372
0.163075434676089
1.00896369755179
0.0832109863540596
2.30218951891759
0.724097305144269
0.150631145581751
-0.00272294919847724
0.179152830285151
0.329131566333785
0.875774363433764
-0.128841361943501
1.98864875950511
0.881282178485074
-0.0230278175580491
0.482419753058827
0.0562125632581059
-0.237653891544703
1.46962746327903
1.16059236229713
0.955028347877173
1.11054935291261
0.901081926684419
0.616005511420543
2.30573776056275
2.03756379805337
2.82578168157702
1.29350540393524
1.33592829443148
1.35360855978504
0.709982423090127
0.869958430605892
1.85162374664476
0.249626120585513
1.00280014397771
-0.0825305735191688
1.00483127597721
1.8440286848724
0.477878554463012
0.477341474225236
1.3620244789908
0.260512597342239
0.138685730717055
0.347824575412381
0.450478894709899
1.67297328247081
1.4735342386604
0.607373832445334
0.673100928311638
-0.222016845482008
0.833257656332009
1.34711075406142
0.120957910310618
0.684872141293307
0.729971133779721
0.829036014591105
1.62242157774729
1.09785057979809
1.22550089143905
-0.170923601274947
0.949852457099874
2.46642374092812
1.17610917098539
1.80154811270631
1.63858706290413
0.805765516734773
0.437648020067191
0.319573847728475
1.64928336969992
2.51520805029475
1.78954125396722
1.86231138633821
1.9221106457464
0.216808300794986
1.07916350747469
-0.0547754958930147
1.78801742966516
0.356430589590636
0.552498446861443
0.369564248236181
2.17180223138862
1.08291305864744
1.89110728262289
2.07077161671274
1.00684047271635
-0.0164535217502662
-0.32863191724111
0.232523317617701
0.893356244089698
0.633667506417488
0.0049647425248427
0.442211985776873
0.29376639678339
1.1865457673009
0.313053442960459
1.25983491309925
1.20804908624419
0.825636916716357
0.873916735389285
3.24731726676449
3.08474387043594
0.592777851628936
1.22464655944023
0.194712642708902
1.56629828707094
1.27226553170526
1.96373214020243
0.646456291150516
0.121086923104062
0.217526974396577
1.32410917947779
0.475836972439927
0.521425490292217
-0.460966096176794
0.837215113822678
0.726170251808715
0.129692320987966
0.72631598033686
0.199473632523051
1.35417356538182
1.4459396902123
0.340284026016798
2.27003977231655
0.563578671450533
1.11195933850259
1.05089978737578
0.0971047856410671
1.72209604374618
0.39407720256675
1.46616618668688
0.302361964464542
1.92914656563286
0.794673659945345
1.7507290990342
1.45429061463358
1.43899558620391
0.485652265744216
0.853411115761627
0.910752748531352
1.07641911474307
0.864546525281157
1.74135046201334
1.19227555530707
0.64034930910867
1.60234527291818
1.89275870669906
1.91231420329938
1.86590820809229
0.0640600896696007
2.08444868832209
0.0157768762449543
0.112433362970769
1.67437570955562
0.493890130338046
0.607355222210939
1.32817814296643
-0.56494503349789
1.00617514034479
0.726997698818205
0.388143889388187
0.614693631766834
2.9669617093991
0.977258018869625
1.04348675096515
1.41033214132295
1.84406327565629
0.886167726911156
0.772977450159817
0.428583418627749
0.0144827009591061
0.298932051452029
0.346150265547777
1.76824708399022
-0.442879241310122
0.171234724090155
0.831711078038397
0.98688682634703
0.271446789042243
0.6176267979398
1.67761023029064
2.05976783186629
1.06714925242325
0.617234531596625
1.6959220732751
1.90025920122708
0.32218348479538
0.489670142631269
1.93024430587632
0.520378007782823
1.47703861382414
0.776245409085898
-0.000243682781961854
0.618623652210073
1.16577184679176
1.403568410804
0.0247519984260993
0.775868115609701
0.338606611467363
1.83258958320092
1.54691557601656
1.76576878181452
1.55828778609387
-0.26918781728044
1.98236141211979
2.10554871003503
0.25191725200291
1.82127017174074
0.754657003378203
1.8700368909168
0.0616530983933116
2.04321569979719
1.43852566323817
1.10877584638698
1.41679048511648
0.819676692902115
1.88359906059507
0.819060167549037
0.585949757060922
0.669179646620538
1.94824543983202
1.81712698669777
0.382725918644384
1.17804509452499
2.01652297323864
0.85897260690371
0.96357197649803
-0.38507455223932
1.44633981578058
-0.174308207287221
0.0107590549975238
1.96678850915835
0.748900247416267
0.229886322545214
1.15254475370386
0.77351656450072
0.02432201512693
1.6184858670843
0.768975974600914
0.771734096058084
0.440459860930002
2.46840060040325
0.222601305229741
0.196760047157903
0.660206881251975
-0.0387314664190396
1.37814079779894
0.764403632272811
0.635111890056881
1.00377232867709
0.0437665172044235
0.801403155535921
0.00581209771406865
0.995411353944965
0.99776359431664
0.845159377995527
0.951315236635337
-0.0551108342723952
-0.130850841054603
0.857147110189137
0.476634515567799
2.08434612372622
2.86278764348118
1.13829376293133
1.21790039749802
0.564637949177686
1.03148664077674
1.45369983079054
2.09332759191062
1.17180939688126
1.35540142464368
1.18629723285569
0.94479286710819
0.711131962087872
0.990023360446915
0.305003325639212
1.13210126140997
0.67434600682986
0.355879691459896
0.846815993784926
0.0460776691513144
1.04066606051745
1.26337736931361
0.301876344486285
0.0322980266756508
1.18200686936728
1.05482135395856
0.803029144999538
1.35619989383035
1.18476842844299
1.19291035627955
1.9091732389659
0.564073323835201
0.0114920864818155
0.921294381098712
0.855973486723033
1.08160530313237
0.0356934939317958
1.08353412303674
0.174557692832697
0.979984351463287
0.755078278146474
0.848237678081703
0.543429006391092
1.84476968972652
0.0721567892866283
0.547477120499507
0.212812636679488
0.544881199863561
1.09366707856514
1.75268172128659
1.35862808704878
1.57221412019886
1.61910506201701
2.38140802337724
1.11148456494866
1.04687398551939
1.01053781831996
0.687272202655185
1.3879299358305
0.145751437602931
2.04052473128594
0.397242140273601
1.68350184078812
1.97937578960512
0.467641991106522
0.33833766584047
2.31296167542391
1.00714989919862
0.947563901500679
-0.108603010244715
2.06521361273075
0.804585118967651
0.995841135239048
1.05206499626202
1.43064925561349
0.757519720739638
0.926947350643641
0.932049729217095
0.169169400233623
0.159903158885334
1.19373278053193
0.00244250649248162
1.03970387392919
1.47998504876033
0.74721278060144
0.475823287727965
0.956724955278783
0.998686451142353
0.823760221935986
0.238749155767821
0.345422764004662
0.243499306236939
0.957836238615964
1.94525017425982
0.46301300030132
0.873049559301513
-0.021723016571732
1.82143300410919
0.176459966348822
1.78328361498891
0.778754504976654
0.523684992791422
-0.176140609013112
-0.0345355689444572
0.800819940224484
1.95823496875617
1.35718031899751
1.04880093330527
0.260265691310615
0.568122293806873
0.478381091113174
1.30617519524151
1.43738507861138
0.47079584376232
0.82516178734052
0.563294161105948
1.93317432087495
0.407331662109932
1.78153972664261
1.3021141289345
0.789719004356419
1.62001840856175
1.94637460224388
0.402503622025927
1.83782029997997
0.661541831108091
-0.582044757913229
0.848180425929141
1.9546911666832
1.87615588907747
0.334780805810855
0.907567697646259
2.31273371332231
1.64100585519087
-0.217658062189879
-0.0147845481332038
1.06634952113582
1.03642187341931
0.28288772192168
-0.254297063448853
1.85807635216919
1.65398792314087
0.84138339917821
0.98536233542894
1.22394361097383
-0.117549995241424
-0.193577485403511
1.39742732723632
0.261881214539578
0.139388841901638
0.199037243092604
0.613096657085266
-0.380836032133171
0.717038665577386
1.09832730439335
1.19199775329857
2.09859713215906
0.933319962258551
0.920262080384998
2.17923556565797
-0.328696623723789
1.16894015609218
1.07396229257992
0.62424946859977
0.572924598128066
1.33400798998057
0.353317353182882
0.00840807369565656
0.53058442298283
0.928672742129615
1.62129411330219
1.32851573691088
0.23870122983101
0.190443817214307
-0.0776148101322176
0.398550287285839
1.50229820164128
1.9298991549973
0.860801576077257
0.907598696271717
1.00869534678726
1.01716973894943
0.675385511781579
1.35990755529019
1.59852725039759
1.72244466471795
1.15594530115497
0.773058529137489
0.769884485080271
1.01183015741305
1.03903362415152
1.1506660264573
0.99814327372691
0.863542051662062
0.907822256177887
0.80059353391465
0.780210592128782
0.97992891412387
0.408439438664394
1.2452077974095
0.84394031065332
0.931936348997638
0.492369494702154
1.39223617835596
1.25115902834193
0.537927774989148
1.28432933412215
1.57729180052103
0.873873529998598
0.843574158979539
0.993512360356901
0.594394284128169
0.949166952679761
1.00482526862326
1.67928277825789
0.977668513765268
1.36699941259486
0.785748794507201
1.79610154190119
0.899490021081151
0.388375456181193
0.546175440649949
1.12045526555292
0.596275437251705
0.862683402563139
0.693530061236125
1.02312365513179
1.111591796424
1.06903274283991
1.1334078804817
1.05286648089024
1.01781155797363
0.853928818196301
0.968431566772669
0.726011259747475
1.30927992196423
1.09746381867147
1.57331245719624
1.25032550813068
1.08463488675172
0.734413968369683
1.16688966239865
0.769142037383729
0.975656903507725
0.825184180392778
1.16388048320269
1.05727338167581
0.976797461059913
0.909246775480227
0.939506491102747
0.923053041866556
0.955563850235216
0.854782176621849
0.887641411553396
0.859002602289193
1.07965501668264
0.699651836490273
0.748616038753177
0.792599661076751
0.782430758525581
0.438598109838704
0.647901905896021
1.48411009645463
1.11349495005829
0.935873475340639
0.911031554144812
0.921150183370216
0.908998033453321
1.19725676398699
1.44905716530663
1.46105076824328
1.01302993639931
1.02202890465899
1.86953073630276
1.84357934328576
1.3961459398261
0.839939473655192
0.869972728092978
0.870644470212524
0.706584338819857
0.688304705510401
0.88376705476441
0.861685022934066
0.674606405171277
0.428753614675736
0.581314501771736
0.916671193524071
1.01807438056054
0.947585717162909
0.835779819433203
0.629808690347382
1.23212034396942
0.2782989727646
1.32391806537229
1.34198842396895
1.66097800786715
0.482647238935141
1.36898678212546
1.19847726968998
0.889578974628661
0.633360465449551
0.728303660675226
0.82697434172777
0.932647361307102
0.602076126251103
0.617959809108693
1.23189087597615
1.17190154689662
1.03486818505108
0.990110462918588
1.03445254814445
1.63803449965948
1.42130289729281
1.20775488216035
1.37082587820897
1.10473822359362
1.16755526149819
1.04308460599432
1.07409876237634
1.07767769072279
0.982115782106446
0.678340508991665
0.964176383499036
1.05365405464831
0.945549362772518
0.991274652031011
0.911583580979444
0.849840564415863
0.951117044970109
0.699729958887885
0.424726875420731
0.441405041282552
1.51778593083006
1.25574657846624
0.934907491426136
0.764240945985798
0.881946672764227
1.29978730916986
1.13181488015338
0.656790353909917
1.0487545331661
0.838340572671112
0.821336366682726
0.894032964827985
0.656584340820201
0.721092222229237
0.950855227018976
0.947075516028319
0.909533032676863
0.922729300281243
0.92683800994117
0.94734720156014
0.75558708578445
1.5959276800131
0.610860635992197
1.04898631024396
1.6448761724192
0.246727876801717
0.602372170573835
0.73018826690212
1.13972820889472
1.28947248845826
0.485186477344169
