0.819585783755402
0.899426520297239
1.04661944687726
1.06170825641072
0.31463164194778
1.15116498610197
1.39261267201841
1.53671354052521
1.6781530839056
0.151679931035456
0.22442105518347
0.334342968820421
0.872188829524327
1.30762384048886
0.8659610203849
1.76509928455166
1.80712219295057
1.6826379856085
1.10222634542408
0.85914982958528
0.822451338983975
0.594183337116214
0.864332081809004
1.03083127987347
1.57373613930937
0.956773153317744
0.523931423305376
0.902975126833538
0.410483194327949
0.627534992824359
0.816359043579247
0.987701659743199
0.709402006178518
1.10402424479033
0.916759538852498
1.65737446874922
1.84530082945075
0.84492000512878
0.807853998736472
0.85669042782012
0.663533699552803
1.27613502581936
1.27392196778576
0.295511648035674
0.86891231640971
0.52063281611364
0.0964986837927924
0.576184425195575
0.51220534769932
0.746357802333355
0.327413158225614
1.02875874729947
0.914644629817189
1.19199944111368
0.615071928921215
1.27763108007442
1.18106279932831
0.872791937423144
0.339598490649172
1.21502844073206
1.41576289365043
0.832453750450379
1.05901846675334
1.45212383373087
0.335991460452606
0.939935380239319
0.583688948788934
1.70303598223581
1.62587266661456
0.400908458590244
0.601158744981725
0.5954494920461
1.08409429731887
1.03722011851819
0.483995698584968
0.751520221149244
0.868582325846906
0.79880216057758
0.70887769146739
0.489375410853863
0.995430254613197
1.03857071044772
0.843631157672893
0.991375041115425
0.851589879391071
1.24389540420944
1.27642110845545
1.78544198093279
0.155989874937071
0.426708098092162
0.777099005016687
1.8505424071684
1.25446199153503
0.944265657191889
0.828311692011421
0.907462463611689
0.62212100297457
1.07636973889205
0.783428704771634
0.316732643156267
0.962338272359753
0.834641956137662
0.883052783745452
1.10624207838307
1.28574396533348
0.875770452947119
0.256463023195222
0.33962509414745
0.373988314809909
1.30195549886353
0.787093560299187
1.06481362884029
0.100051424433302
0.860734704815078
1.56254189343197
1.24442936242107
0.886390815029526
1.05420538624569
0.91206800352358
1.06510663923723
1.06457120908843
1.20954559976173
1.26063262905732
1.31608316406132
1.16130204457079
1.07899045932797
0.862376368923241
0.9752747994949
0.811018309706652
0.85460551578715
0.405099823961879
0.596922498099111
0.365223984163057
0.899876858277202
0.745993572031956
0.887743791021545
0.388224148330577
0.968259841367367
1.47256200098495
1.89945846103601
0.989374145156869
1.74346228420459
2.01305746911502
1.8516939391982
1.21871649744906
1.63535149801112
1.07939988532751
1.8663023956756
1.19337179225292
1.22552726296489
1.68314428427816
0.447940379909473
-0.000768134412659776
-0.0163458946038056
-0.219996817637549
0.862439520293735
0.321921583233714
0.425360758966013
0.377816239195681
0.437398933770654
0.23990762375265
0.408544415105947
0.780760059971228
0.689521057473931
0.503109131501059
2.67325232257249
2.68731486373137
2.1121056322513
2.40951871458597
2.62181138735188
2.99714539966733
1.79316312654734
2.17873529903435
1.98176143155113
1.467217795741
1.3381871590837
1.23699024357805
1.52866727268849
1.04760362958148
0.825446522594734
1.35681706651413
1.55322378448045
1.85321476952955
1.31926642774834
1.40968796205757
1.51333311677308
0.723518684726479
1.06409966072933
0.163295615440723
-0.209694858766228
-0.621299793133332
-0.47822854395726
-0.44170346978444
-0.473399039118096
-0.45359711049294
-0.385367049669166
-0.341821933397501
0.168344835276122
0.457482303318691
-0.201249715835074
0.585017780372264
-0.495087565072274
0.144269738894672
-0.508389848213192
0.30476026407868
0.908565657017291
-0.0437345382095036
0.104251668080036
0.669411547674304
0.330366440417088
0.78552708185709
0.995232879141101
1.17612570601242
0.837853862370374
0.68826212150504
1.4968335486038
1.3201193136029
0.985910969970299
0.424127944548686
0.19091230100773
0.348929667090498
1.11595113075765
1.69471612921728
1.41671867607284
1.81997660676788
2.03576522532462
1.71059683057601
2.07809515669122
1.82263705296803
1.90687033302521
1.94013159001704
1.76355074766443
2.00481776121836
0.339261923027042
0.395579812440145
0.0534943274462998
0.197485392575
0.203273796307586
0.644791931149549
0.0755405694699042
0.305969098486856
0.1353802643021
0.30557780120416
0.661235152242286
1.12968138038498
1.07536003997075
0.616508788662846
0.261251381250642
0.95214672989582
0.936806901047602
-0.0250100295702316
-0.0760310728100429
-0.168722199873323
1.53803887713391
1.14815093091771
0.955279476447328
1.2059306044428
1.12088671333647
0.918433278916035
1.02065152464349
0.866674527716432
0.594694005381915
0.134119099718607
-0.0155345158987406
-0.356438229835899
-0.0840930717023231
1.40761185615729
1.4975882515444
1.17053224701161
1.23601458828331
1.05935719216996
0.670397484576725
0.36617732715889
1.91843499308792
2.30568235109179
2.17496115500109
1.26530062144017
0.873152215762254
1.47965976505089
1.36227751189654
1.0240219078119
0.960417107367953
0.799295685117185
0.946887167254911
0.766429038231625
0.894336467022463
1.34022999389755
0.923226679883931
2.15436299285126
1.16078808023529
1.05780068503288
0.909361581479358
0.662260788472559
1.53976385740291
0.109965557766287
-0.0566392988904155
0.40216069950003
-0.451362925350241
1.52912465986162
0.631703614961802
0.776451340501385
0.877318005836737
1.16038189091001
2.00318910470034
1.16699427116449
0.773608312002034
0.926434337144496
0.153153440133005
0.470812029622914
1.29251645434571
-0.107194009651468
0.539544541210153
0.993051859312785
1.46050588150183
1.15131552789533
1.04669911644608
0.0329293087664363
1.5909995708864
0.836575673801359
0.735562043597365
0.885559037660063
1.89894104734334
2.33096912458309
1.76982370744117
2.27481656094445
0.532513043589619
0.315584733423656
0.964036745096163
1.0751317030027
0.219554888621827
1.95231740688082
0.368379320883619
0.284499965338712
1.05844672597802
0.816203143379334
1.99942184402854
0.430395962207706
2.0686819692835
2.45061445767478
0.43360771363112
-0.0386443162355642
0.0042680502953161
-0.198351780860163
0.0738869215024838
-0.487952777916231
2.17692506821455
1.76016570827949
0.631561096847326
1.95439561875766
-0.00303279844381341
1.19130445458397
0.0241922065907806
1.48279878216799
0.662898926842549
1.03530280903504
1.19142790244115
0.765601811648555
0.906528339531063
0.220091046397667
1.12645696331887
0.99026194276345
0.953916307634803
0.952113980328204
1.56065734141702
2.07719490150992
2.95684622361486
0.0189065182445607
0.786881938274678
1.04145917207351
0.665401662665126
2.00395771082217
0.927596036950328
0.743042640654869
0.682586785393286
0.90798956694977
0.728647263637235
0.470988732115706
0.998401925399853
1.60719887688661
1.70990578147975
1.54790295971236
1.13825972291801
1.04589945050377
2.01962151227878
0.789316426306671
-0.00920687977808466
0.234760632626611
0.483021842218588
0.936391555598065
0.788539239885149
0.872195462049018
0.570537382385785
0.572769285056054
0.883748124562609
0.803635247150129
0.573440449017224
1.21097967920092
1.05875595766549
0.537130057707577
2.8373963903284
0.930078507052804
1.01877375047393
1.34542680173415
0.59946580026136
1.9537205385963
1.21205186768025
0.047873859148838
0.0504966756894447
0.375821939929863
0.169882823561431
1.2803085083404
-0.0154612000031381
1.0246352218824
1.07063296612233
0.855352133719209
0.617913373392323
0.853823518554877
0.487027867287773
-0.125521135034992
-0.156691580886568
0.054871722928743
1.30452036510209
0.985456071290474
0.462109796535023
1.0232952914985
1.03996015667947
0.741785221310613
0.780134014306535
0.882341349561507
1.27201858991565
1.27659199033904
1.19796472908164
1.22261629960467
1.29324854757862
0.00728981999550755
0.457473952331246
0.879943203639012
1.14790552284355
0.334732326958352
0.720808867677809
1.24632292998968
1.91363612313672
1.88043423388762
1.84105010264937
1.44339210349052
0.896098615063544
0.96221705815216
0.613728464436827
-0.536448340423428
-0.46270387349428
-0.283402328232617
-0.100278288409195
0.649875011517739
0.549808232828709
1.23785324164418
0.676108563364408
1.00072341222179
0.45920747171972
-0.549326143765197
-0.188940420971435
-0.621118215291275
-0.109929151097214
1.60085574121614
1.70201749934491
1.63097932147162
1.32388079899432
1.39370348907586
1.3863012851786
1.24151318276226
1.07741512668781
1.5421452247631
0.645670809970834
0.617149371739345
0.307927445479336
-0.0852336362017376
0.820337970190319
1.74793173018861
0.262280741271054
2.03670791347527
2.05903479606031
1.24043387972064
0.555976781462736
0.0301340452936981
0.324913261615294
0.744967945462915
0.692488233635207
1.81679945275565
0.829644223296194
0.0175443349713202
0.122649910831683
1.14972281199553
0.832075257802601
0.458968405602376
1.37347426772653
0.169061578002766
0.544436983920095
0.707477161288357
0.956328743453734
0.25737532464495
0.8144638542339
0.838270028522456
0.74181868483631
0.888389345243789
0.222616786719515
1.23518369139633
1.15203252478316
1.08849421206595
1.79587412846693
0.654589878199162
0.755343053563946
2.08455684811313
0.0589452644756245
0.0879847912488404
0.24681346487118
-0.126086545706357
0.742956902528893
0.465699606150707
0.0592878119401486
1.38323849550179
1.71698649316206
1.39275548508511
1.46351761213698
0.912242483536278
0.205368504881309
0.565399906448726
1.40297695345869
0.582093929044023
-0.102324059828566
0.230811439903053
0.622286441504242
1.60228288130341
1.77511595373965
0.745750213336147
1.3830009519062
2.00055338862538
0.61660473723724
1.04042882655813
0.429049759361973
0.900296183721517
0.0628600604944627
1.45375203980229
1.9918739436329
1.63773551837023
0.928250338702138
0.924722867223264
0.911686970154829
2.42125223002616
0.260995767892893
-0.0917358900314056
0.324028304397667
0.80425962328779
0.655932933913547
1.86826272218485
0.0963339351541972
1.52444196791189
0.15645314867057
-0.158096014761487
-0.584977291060394
0.605482951993642
0.303384982524462
0.317296440402217
0.969905939300301
1.34988845213705
-0.375452322381153
2.08375169070564
0.805508833211553
0.964880572485582
0.542261835976331
1.57748784619433
0.501355316825311
0.449599745805532
1.55141093418053
-0.266975472322807
0.813662201483657
0.843462400142861
0.87027910801179
0.745931131121455
0.0381829374053471
1.36683982899323
0.799843452592677
0.619484286234131
0.752563020707604
-0.0189977531939592
1.23610114606792
0.877072961477432
0.0664158514071309
0.941481886580849
0.778891155595086
0.435846071597799
1.25372418410181
1.34017716308803
0.593784068404648
2.24246721752952
0.19901331405478
1.14464291372184
0.630186251878956
0.929236143456248
0.524720187618237
0.342829326466106
0.0242618647267553
1.41905914652143
0.24454775401737
1.17664161844595
-0.033464925569901
1.71567568295147
1.74520136107905
1.08030279904226
0.819874762485573
0.752263886948402
1.61581873775097
0.807073845551715
1.03641546336475
1.63383110467673
0.143042571742616
0.986139741764072
0.0888311677881173
2.25041975076284
0.740720095055439
0.110415847293406
-0.0374142125531456
0.196434983870502
0.328426800119872
0.84373235473353
-0.140194821314456
1.98569434050282
0.88413553281606
-0.0277223638072923
0.488473142889871
0.0172101466144215
-0.262547870576105
1.46546748377078
1.16642053964147
0.922698400784969
1.06158200142919
0.847405717043429
0.604517712172719
2.30629462131944
2.08223832722584
2.84148933410815
1.28542367822286
1.28318294452312
1.31928534110895
0.663309156381684
0.88365222290668
1.91830429264954
0.260414613007405
1.07335888122675
-0.129848612909714
0.987843732839102
1.83884000229412
0.466736160016744
0.458740249797446
1.3943364586584
0.253404339885562
0.12773063742481
0.326209878587237
0.464759568946788
1.69291157956944
1.45767658875657
0.594550761696555
0.675528205758373
-0.221488953267361
0.846528906941148
1.32002276884277
0.15109419572602
0.685432816974058
0.75400662309289
0.822328056292385
1.59898029163951
1.09365821593011
1.20846306141072
-0.205953431878407
0.952966650710112
2.49860422016914
1.16458100887338
1.82971316441751
1.66164621508246
0.79841975359288
0.449409403340691
0.31067082400675
1.63798873701604
2.52157547290737
1.76787424560133
1.86436097509567
1.89832182850879
0.236196864081877
1.05116026881565
-0.099782613656299
1.80165875346433
0.339312987070936
0.556840680391195
0.383692087367824
2.19877346261446
1.13711936887472
1.8799471661869
2.07250372783075
0.987830329715728
-0.0467474282802222
-0.331506003284389
0.22973147111376
0.886935185285927
0.627193733117172
0.00981452836470343
0.445422580379239
0.273272955464232
1.16943449179065
0.257895730879146
1.23647805847685
1.2203918239843
0.81946986900008
0.852598848710533
3.28090949606277
3.09034718648492
0.569334340207177
1.2242969679297
0.174954629684567
1.57179702050584
1.26976371372576
1.95937255735799
0.588020601243597
0.103861869640164
0.258573254708549
1.36977953204544
0.481583448720865
0.506602980785485
-0.48447124828396
0.837960749575015
0.713789283620528
0.10637127688491
0.733916429393018
0.16150537757401
1.36372811436679
1.45292526699535
0.322900574580009
2.24250425702599
0.558822006318721
1.09628016102622
1.06851290147149
0.0974376017360676
1.72739371039696
0.39071750577345
1.44132169667373
0.27939168620876
1.95066244524351
0.780156167674291
1.72639989928595
1.48734042504152
1.44430730320601
0.501830431817236
0.804837010751703
0.866995447398051
1.0404208073585
0.889132861001293
1.81747078847906
1.17860884295449
0.638935003382612
1.60672671864297
1.8776283057069
1.88838793597041
1.91850220770406
0.0457099791170025
2.08593226428977
0.0380160526690127
0.0993027388579281
1.7081119348383
0.494315251580324
0.598694021802826
1.38682260688428
-0.594822091082671
0.973644681418154
0.717051800049449
0.395537000137108
0.608146750445321
2.95545921838974
0.94598585692783
1.02269634998116
1.41881190269764
1.83712451639858
0.862525916463111
0.721119395825251
0.435873620238988
0.0300145287272712
0.287429421194516
0.317517108923414
1.75846400625707
-0.442391809691178
0.136236923710768
0.863104027520224
0.955696272964236
0.20148370152437
0.548431601804648
1.6973454044227
2.07965672049135
1.05612970723913
0.600279025188395
1.67650490848184
1.88048035363106
0.319996916803756
0.488786907500139
1.93881104238471
0.540136470710718
1.51530046784964
0.788640559168094
0.00483695036605374
0.63528886519191
1.16368177308631
1.39310331220461
0.0218073949504919
0.7920010174878
0.342691574167428
1.81190327592434
1.5349172142113
1.75197112255384
1.54958795610013
-0.262516557482377
2.03124928768949
2.09317160443468
0.246403740001487
1.88465751187559
0.767075820865118
1.88708748412844
0.0161822774688723
2.07521701917661
1.42951361709868
1.05386106870503
1.41121705277851
0.791541145699267
1.92831970241866
0.815536561686662
0.571032850377367
0.6541400185612
1.9465028496674
1.83006051719559
0.358310003121317
1.16016811747647
1.9999869301084
0.834494306239471
0.953080786599344
-0.390699032951275
1.46191540747765
-0.186481009165578
0.00698191006170279
1.96799132818817
0.753282894504132
0.198504887217804
1.10531234305825
0.696960035318578
-0.0068625819994662
1.6314127679681
0.740459082524543
0.746375023451578
0.420492601804101
2.47741551982927
0.226157550855641
0.192220574269838
0.656397393544653
-0.0448045968471381
1.32929949286137
0.750858069455526
0.623135755866572
0.967385482514465
0.0297642252702481
0.782961774288938
0.000161838719023981
1.0118433435189
1.00344531895056
0.808939964774529
0.932077391312822
-0.065027056059148
-0.139160099009612
0.872581760405909
0.460247278081321
2.06471291927298
2.86762895912708
1.19174593303665
1.22975019692719
0.557492748212378
1.03977118256354
1.53229757874672
2.08538603887532
1.17904211104597
1.34416610297697
1.13130314675205
0.927505688906779
0.699604828592252
0.978295577513316
0.295138135122267
1.13404261982204
0.684077035881786
0.325306534165989
0.814533035940054
0.0353257814642831
1.05955675071229
1.24731228830035
0.286067808624916
0.00790085597544444
1.15310188653337
1.01711381778964
0.753157217707947
1.34759013607438
1.1607292311645
1.20437502664445
1.9265443257902
0.561497977142467
0.0202316771067674
0.912046624623034
0.814267253776297
1.04516083433992
0.0331942768191672
1.08048947278757
0.173214942941624
0.955491422188378
0.726545305241433
0.816704344996727
0.543109954377655
1.80537542073081
0.0526847272122099
0.547193495042247
0.217989125923335
0.538723923214639
1.07257048591547
1.75419468982979
1.34705872023047
1.61570665220015
1.58937191022346
2.38658923815617
1.11629854818211
1.04645294406568
0.992145475496881
0.642790757038259
1.372826362855
0.0948958201161371
2.07327748368801
0.335363770215671
1.69027822173681
2.07549947427646
0.465954207557289
0.348714144776592
2.3010443569502
1.0188145044902
0.926485860885851
-0.14197186408204
2.06694370102716
0.841763698247534
0.974588543872222
1.03771429129779
1.42713403598263
0.7037282351387
0.922199668827712
0.886675584194713
0.176904754684102
0.165918438762811
1.20202287444632
0.00164024218168619
1.01517168095099
1.48593355567642
0.731499718711656
0.486693874391153
0.929242093341334
0.984903293101323
0.846716649251129
0.220771442670676
0.318074270879109
0.214938245007183
0.914167314278021
2.00501912562425
0.449395987450081
0.828443352484013
-0.0281028898133782
1.83525061591274
0.179532282583166
1.79516460238909
0.751728779116472
0.462517898770586
-0.200305237042451
-0.00338304698009488
0.825365294618169
1.98735293986649
1.35512655271528
1.02954225503893
0.275604744415868
0.542986515301681
0.485913233208054
1.31337066714764
1.41329008054534
0.474755027478199
0.823580432038333
0.584169831970474
1.92002750063343
0.374473577150338
1.77290807713316
1.25266264774347
0.769832446128599
1.62707650273478
1.95736810282697
0.396122424690157
1.81085538341739
0.625510207301237
-0.604597684568826
0.818993208830934
1.99622628355438
1.93450185338898
0.327727494943965
0.895123137436815
2.33047922087141
1.64706941502396
-0.237846929100856
-0.000910225641170102
1.06977268418763
1.01484838088969
0.258519026415712
-0.252291649742681
1.84704735291095
1.67071530227102
0.9013055543051
1.03482254535621
1.27855314080209
-0.108017771212426
-0.217844979602092
1.38215202383537
0.229185976957433
0.0994630033541921
0.166027717484692
0.616180788815447
-0.385466799158028
0.664401469454598
1.07175655016244
1.19323746426303
2.11138035170391
0.935645336634681
0.886987795440112
2.14523400693214
-0.334508102174432
1.09667205427979
1.07415166714131
0.59396845706301
0.600721506521535
1.31227737767691
0.342144480215141
0.0120129604437167
0.555438402238529
0.897123174314631
1.65853079016387
1.38067383543246
0.235353762545327
0.131052490199624
-0.101545752466069
0.338465579192135
1.57810205233471
1.96902356138614
0.84604876257147
0.8807998148642
0.963763074569767
0.967208607204771
0.654575915886025
1.32286060502749
1.56381425356646
1.70426186063888
1.14932825897496
0.74730369367509
0.738723892533465
0.962108975821111
1.01827635437124
1.14983641236582
1.01755817005643
0.863552447873915
0.867620554050116
0.756701930761768
0.742156283751942
0.957842036345711
0.414297691173536
1.18378104300257
0.800604987042602
0.893319375727476
0.465720193469825
1.45798381785697
1.21819027542715
0.490041148757774
1.20608411915783
1.60155030262966
0.855674551131471
0.862967173336116
0.951281328301681
0.567359574845085
0.894096720500312
0.94898977578024
1.67260259736611
0.94650349635047
1.37632744561462
0.730349397759752
1.81159749269716
0.85935900781277
0.362667839786861
0.522283112410979
1.07448046845324
0.565141280311942
0.833908431858474
0.643861314648933
0.970358541294538
1.17099884455332
1.01097340942958
1.14077334810274
0.989495654958446
0.979499778404074
0.83482487295345
0.922577856631021
0.699055752499283
1.23201034416779
1.03642925011328
1.61607586059777
1.25732656313284
1.11385314191001
0.700823602650388
1.13031030196208
0.749437371056903
0.928771651212531
0.791026543550385
1.12607309402889
1.01490289404958
0.942994584498469
0.873045214392317
0.906277238679259
0.875500803526409
0.910122921686632
0.803244615832968
0.840821458882412
0.809753343560061
1.08235639659549
0.652859041669634
0.710319792876635
0.746166968790582
0.742898969446602
0.412471901437907
0.625207233879503
1.49450576429211
1.09857563231353
0.895738647145381
0.868216109561858
0.89392698211121
0.883698307425972
1.18989475153999
1.44509325509031
1.43067869272089
0.951668813842186
0.967454470680467
1.86151839671445
1.82074778048385
1.39422542972012
0.838611055873509
0.872513186838396
0.856055156564391
0.680042405428811
0.662843300957819
0.843346284490512
0.820003900893014
0.644445386095293
0.38678839336619
0.545218490774542
0.863671277641387
1.02773361854331
0.898926801176003
0.801970689828123
0.57650725456285
1.29983074029795
0.260478687113718
1.25171670222576
1.26663217973328
1.69922376850365
0.454301877735216
1.38869141844607
1.1553631449989
0.850978069167689
0.595230845118977
0.669549146895878
0.841001008537864
0.898409036301627
0.575878580443948
0.59452652266784
1.15715677774486
1.13029706208446
0.995067567368262
0.960343424971534
0.974574977719633
1.6965725009686
1.4699628948314
1.2529454068405
1.39647155587808
1.1184431141284
1.18439238659424
1.0281080059341
1.05971582288181
1.0233054203897
1.01229211205
0.639469035737085
0.907439284335953
1.00045489038173
0.895202168404059
0.961240857768173
0.873994593356418
0.805679754959
0.912091963294734
0.645407809052075
0.396882179455174
0.414081176601212
1.52808573789051
1.25370679869332
0.889586082389674
0.714718989523345
0.859420581400586
1.29103168942417
1.06931170736387
0.635249257746885
0.993575162046243
0.783827161246098
0.773791672383916
0.840517366208251
0.619672446500497
0.691454000034185
0.921268599853348
0.915563448383613
0.884143041406294
0.87928248957448
0.887905676679188
0.899000385367647
0.71229842292701
1.6131162096578
0.586813020007899
0.985937675249956
1.65982956869857
0.261787843329406
0.617704127590338
0.729896099751583
1.13984190781448
1.23354801869603
0.43224694846829
