-0.125664055388477
0.0170287479576639
0.0505538208278519
0.0262438885466302
-0.28418086541441
-0.349136374446751
-0.344229509302913
-0.337911544885292
-0.329820665378185
0.092794576133901
-0.111777390127793
-0.14217436141056
0.141109997980587
0.856697681004609
0.214892611774063
-0.0117200650472196
-0.0268853107421752
-0.0513771851030512
0.0981295848146613
0.0346984851522194
-0.127248556332097
-0.253210632292661
-0.119827715394628
0.50609187526227
0.109306674944868
0.201984597176214
-0.301741786211717
0.610570342114828
-0.285092348767361
-0.0240729786578168
0.0617006254674174
0.0433546993668395
-0.0749624900501646
-0.0355205708921543
0.0577319282160546
0.0562847409201901
-0.0449225401086635
-0.322145888504867
0.0635801040728825
0.186987696396322
-0.197176778041432
0.138713199845888
0.682392301023677
-0.282494644818449
0.391918456844494
-0.131730141442948
0.00234246606343393
-0.284441847966007
-0.301306196776
0.393915521769653
-0.280888272344784
-0.227234171364486
0.460737530972646
-0.344069656884248
-0.299625822497068
0.823880695457887
0.572252754345967
0.280240449573015
-0.285778049776423
0.804773495157626
0.00795508313526651
0.0157222305868494
0.1743996333109
0.129553449022132
0.0918559818213693
0.118388185626469
-0.294082574232067
0.0270946621939501
0.0882716728472284
-0.29206284579359
-0.27156221746913
-0.230034743287111
0.000490845734263915
-0.0757381336809583
-0.303882502238681
-0.161145362127442
0.337790711845968
0.0679031876821533
-0.309334365886145
-0.290658923052264
0.110277203614846
-0.334859254174888
0.0475966219158991
0.063497277136865
0.0583922647494948
0.622989969831239
0.757327793196868
-0.0505254313490442
-0.062960844123901
-0.144683633435974
0.288632490369925
-0.0369806198544084
-0.351879266890215
0.00254929081328489
0.0323601937670941
0.234490459812435
-0.107873755477489
-0.350049779860972
-0.035682684387396
-0.282033750447905
0.483046287162147
-0.0446796538479034
0.431560925224112
0.535049805845675
0.865004731680246
0.210132596889333
-0.286107268863036
-0.284521778163462
-0.281585517949366
0.856562031264169
0.507783553570049
0.719702205158591
0.0544003593397817
0.0746457262660788
-0.0299475328875163
0.0624971356108234
-0.31183765897004
-0.00691997759650257
-0.187126659734958
0.0207758375833611
-0.0642218071504061
0.0396701778325673
-0.0185835236932257
-0.0550000316425658
-0.0452303636651704
-0.130892353283404
-0.120239752442077
-0.173577261054167
-0.213174154624316
-0.08738722449164
0.338115025103963
0.0740304179753986
0.264134053683385
0.324014282907713
0.366849161628681
0.435441852462423
0.187551620256834
0.298217225731201
-0.0592571422828537
-0.455240122212158
-0.30846707965848
-0.236372469007493
-0.590547998676716
-0.741548241215752
-0.638441613500384
-0.718327668713019
-0.219619636932728
-0.316333565249817
-0.105569609443902
-0.185775258272825
-0.343750354688787
-0.431002518513888
-0.509820497717398
-0.741415788045301
-0.770242634579171
-0.32933493291172
-0.4056396115796
-0.418548573886277
-0.309325690717261
-0.747783755199314
-0.821118016894296
-0.845458013402035
-0.460637787514288
-0.39537134982475
-0.707030307135079
0.646631757266671
1.70942033634909
1.32193391460623
1.31585506990851
1.13456281720337
0.79471026828668
0.116310328505026
1.35027698490069
1.09118623560578
1.63442399605571
0.545432337662284
1.05468523143553
1.57831710932974
2.35869663136839
0.414471262057745
1.14883885623795
0.161063543071658
0.16754066427295
0.46532566446597
0.164696682568698
-0.69609736756306
0.665593505991043
0.188129605575416
-0.0297759873387698
0.0946246616610538
-0.110442621975479
-0.22868937185381
-0.178031336202058
0.138756815608896
-0.0404949313540783
-0.122021906152353
-0.078350267810914
0.141383700483386
0.253806941956481
0.193787418192532
-0.463053913484609
0.116247066435133
-0.445978207992988
0.0392567391977493
-0.10255238742509
-0.417768761477946
-0.35130117396369
-0.783422004362666
-0.843039061425412
-0.831313605359268
-0.915342899946003
-0.909309708928485
-0.836687845991586
-0.975968775989286
-0.369725830292437
-0.308910576373348
-0.522733532244054
-0.608139312100615
-0.667238608752318
-0.645553374105304
-0.635651244847167
-0.0984896100197596
0.354807396733644
1.32591090360418
0.487260428950238
0.42691501914234
1.06898590796607
1.03278360553897
1.54800246354494
0.782856355936586
1.59181157390698
1.44868947385426
0.244107225969594
2.12521711102375
0.728634090562976
0.24484992686667
0.560626164575325
0.691446295246656
0.708718494343601
1.28335093932296
0.951237405112865
0.773979991990939
1.47126815981919
1.6238308583586
1.5164033419178
1.31756416057808
0.659326402745051
0.62002007324247
0.791041886783335
0.550081174689053
-0.819709312687228
-0.749766060041711
-0.786831501448157
-0.632049936801179
-0.730174578003141
0.161640509298243
-0.112195049811513
-0.0863579132255461
-0.411386611033415
-0.144142084172665
-0.360060938832905
-0.139946000264852
-0.395104880126471
-0.207620165988505
-0.276399162099058
-0.583762821944379
0.00538224926084969
0.541841897681782
0.844862140701913
-0.0230333184510068
0.319544866651416
-0.033796799662281
-0.00732218465653314
-0.733781774372165
-0.771589928124172
-0.36708288086697
-0.0723451128704737
-0.0837043779110695
-0.309836949931299
-0.159217172304075
0.420776334333052
0.889914406455906
0.323894953481728
0.888699357428706
0.378857722210097
1.23513318034998
0.962673241758063
1.1631345430009
0.675692566338959
-0.00846256694063872
0.0764260428278422
0.0739460724082329
0.209364099656676
0.427189622745413
-0.558132307834907
-0.616408097274259
0.142664581007232
-0.141781025560117
-0.233408200184945
-0.582879671699084
-0.926998915418105
-0.000209388383304135
-0.202382885136004
-0.345177378487201
-0.284414552092904
0.029617545595292
-0.00595218303983749
-0.402069054451687
-0.725454396305993
0.0502951152678513
0.182576642343689
-0.371684581371908
0.695714368639942
-0.832454815830766
-0.0746676395144421
-0.218648352020968
0.339950819732691
0.625181230681057
-0.401030089734428
-0.35647515104298
-0.103146792244285
0.0639958006318865
1.46867038943983
0.229026275974797
-0.667916483453869
-0.921339285063167
-0.383087932847607
-0.206556722774315
-0.0575488748999438
-0.611913475708735
0.0648273916627137
-0.277470428628065
1.69174631173545
1.18361805214279
0.65250584141589
0.594295600514311
-0.707101822666004
1.1791621506423
0.613724740630746
-0.403377872883957
-0.489560460509961
0.0286596573178449
-0.740113352545749
-0.500647302392854
-0.0805280082705508
1.36153217847663
0.69438853536056
-0.409832168165771
-0.711430666451169
1.71457205120594
0.0298456026975437
-0.449646613474898
-0.313105233124826
0.0965245341444448
-0.239568464437223
0.611492845889229
0.589777188156253
-0.417578852869948
-0.13456285435222
0.0473385895121083
0.0450473697689015
-0.101369762245337
0.699020178968375
-0.517937906751559
1.87337923976792
-0.242089724531835
-0.613853348326534
-0.841461451129984
-0.0116476250292285
0.195850933931728
0.0581150795591599
-0.173148012699409
-0.373163777920235
-0.357907627423895
-0.172534208451167
-0.20969806968827
1.05756490405728
1.35907005553657
0.635447910044606
0.346070010783683
-0.435967320455645
-0.939702651645394
0.324682122875018
-0.725075459772938
-0.20855347044216
0.00285238601826643
0.139188602038582
-0.156789952733772
-0.679659280781277
0.259760145094977
0.428021770623217
0.428107026246849
-0.425815806786309
-0.341479703555515
0.41213590846749
0.203067492246108
-0.30328300240447
-0.909963706257025
-0.829060734393587
0.362572975104261
-0.0557159994992742
0.0709307310259826
0.573899143939523
0.0762141530784891
-0.101374288240598
-0.00111475770830346
-0.478506445525241
-0.435424019571062
-0.359982426301315
-0.331836020539887
-0.00458118777533048
-0.242934770260807
0.546774546954084
0.205995463714674
0.684238629139941
0.685781952404971
0.611108188701447
0.152515215815509
-0.745120810939274
-0.65550108478416
-0.481059219664857
0.546987204426524
-0.344346893888288
-0.72766055164782
-0.129712758242361
0.198170682675774
0.893424967862301
0.575161191130628
1.1731224213127
-0.083696053932646
0.0561923548183471
-0.195683261065014
-0.270936322977003
-0.246661694431269
-0.227060966058952
-0.29386309372458
-0.389876701017495
-0.213361156452568
0.652006195835053
0.346873792564014
1.26292721316249
1.59840528413362
1.31676392951915
0.648205139985156
0.2893574945761
-0.0630465094106356
-0.0299367499109311
0.166017975780743
-0.0271946461218387
0.0290971157309486
-0.0743590290826679
-0.214175993386765
-0.331529831303479
-0.352206718144076
-0.0290335634777639
-0.609530212905923
-0.492390702331582
-0.488136833797145
-0.146219868937842
-0.315126568532702
0.0033015950940049
-0.282847695275508
0.295817367011711
0.431541035150179
0.565254218219053
0.795799308823272
0.408533606229946
0.520129082650751
0.564673163315563
0.556743474860047
0.348486479824429
-0.93696843374741
-0.974101263202078
-0.845175986479559
-0.601754528713825
0.38205015105944
0.283250453661053
-0.764090379651159
-0.675911098215468
-0.455699676325452
0.0129434774859537
-0.38679642795218
-0.658465977587684
-0.407430666604155
0.0780230568114485
0.471593039418276
0.498871806744338
0.0446459046843454
-0.598547835653056
0.118661597631664
0.380208976432476
0.349949946388421
0.613858903418937
1.14505161544974
-0.371083809640568
-0.338227214489731
-0.276777683224101
0.179519588054587
-0.376420739496892
0.051187149232596
0.493512525774691
-0.107169085334355
0.542319642664762
-0.360312116229781
1.02801100059833
-0.423379448752967
0.0283923176523749
-0.568065222165576
0.107353469790487
-0.546653663152101
-0.80183886874884
-0.206210252987201
-0.35062285868839
-0.327633701949488
-0.632190437325362
0.162798764973591
-0.824367366328589
-0.458480232113597
0.123827913666287
0.0472972797713125
0.659865117407277
0.0953428848741209
0.23670034637288
0.157851149027995
-0.408442878218344
-0.800092302462083
-0.143251420322828
-0.109227945855345
-0.78979736162778
-0.019165310141003
-0.504862665608472
-0.449444216947256
0.164532180780818
0.222224151404736
0.67081937076147
0.112353388962394
1.08177750739292
-0.331861381716238
-0.436911076006484
-0.636712475445457
0.293344702722568
0.838628030200066
0.26663032275786
0.0554649268172349
0.142008822153472
-0.00838389436772392
1.19013726650455
-0.34251722862512
0.11330084835879
-0.313379955118956
-0.603009715352922
-0.351301976523249
1.18134762139381
-0.620797552341701
0.286048756163143
-0.311877538182852
-0.765115038691978
0.0589745173741526
-0.379677642236705
-0.733360608480367
-0.384658825622267
-0.41187182837675
0.255386644793867
0.162534071725069
0.174967932826868
-0.889685367293856
0.323576062944036
0.670405755234992
0.536564325319063
-0.863049741197153
0.338599566324429
-0.1599673395272
-0.190618191470942
0.206313622546666
0.400329695375753
0.32224626886144
0.0778619391866067
-0.736911502395466
0.696137176753598
-0.0244177668120968
-0.294318766455321
-0.347699126704254
0.201864032025539
-0.331007382825543
-0.349855930761671
0.142122775734326
-0.314016626671505
0.501326856131591
0.21516095409703
0.874152819168768
0.0318643056906563
-0.36514939596189
-0.646969652957332
-0.758389372797263
-0.578122007791454
-0.273235839063423
1.51163653951502
0.133047255303241
0.162580755106596
-0.528087924629651
0.648213236675579
-0.734216384816788
-0.336594493304714
0.139224187083331
0.182966620140862
0.387427458862447
-0.0254755682342738
0.659809263426135
0.0494539536490665
-0.675793107540271
0.309661434742559
0.640832186970752
0.0406307373564949
-0.432999549803
0.294173897069321
-0.496638020194504
-0.342753376093376
0.191926218230074
-0.437826868788795
-0.530333500536605
0.173521314427989
0.224811515975253
-0.191031864399684
-0.610521564748201
1.04765841201175
-0.314516450074076
-0.339903375527163
-0.0773528586768563
-0.538416896316433
0.0834997157475299
-0.027905062592356
1.01119491487145
0.151692026898243
-0.384102168648187
-0.359677257963607
0.600825171833186
-0.533641705991367
0.22901361015901
-0.578060317031764
0.603294939018914
0.845848115041245
0.741883071498777
-0.223530424578402
0.745113649486544
-0.00468841906646208
-0.0635908070257598
0.697689352358718
-0.694265755803709
-0.122630295788043
0.51522795480129
-0.360345747167207
-0.0499442033367498
1.34294664799235
-0.384044981758897
-0.408297254086877
-0.327064122807726
-0.396651547337903
0.220075952518014
-0.244041528874888
0.110594470694432
-0.0598194380861392
-0.38725183759924
-0.250047087776971
0.358984686199502
-0.681018431882835
-0.148320467450814
0.544894594743208
0.365402479616149
1.31617210341969
-0.329489762273464
-0.0133037918447834
-0.219591227869758
-0.243111625980954
0.761783723646869
-0.697309950517951
0.760024503346202
1.07455715687644
0.672707431889811
-0.492498247261172
-0.47589132093463
-0.0564999984337901
-0.703558361871612
0.48363325553561
0.34153147388409
1.05618186650583
-0.646343948940847
0.00890066441889494
0.0101759982753748
0.0915217554669983
0.101286135021521
-0.406123599071278
-0.717826023020993
0.36250062890999
0.292854136466886
1.44529976416154
-0.568352267244887
0.035304559230605
-0.565269802759949
-0.0198111948236068
1.37695447344531
0.208359488525666
0.620157647683227
-0.413631971446354
-0.322799745904569
-0.256587293789858
0.561068245070409
0.966198048350515
-0.265894307238262
-0.298087808718127
0.00179649872609952
0.0306572190249858
0.241292652849121
0.128931442817936
-0.338101795170689
-0.968288045299545
-0.505668720769944
-0.296096307215935
0.862626004596037
-0.735205525995625
-0.133450026412719
-0.723633532244616
-0.798682665301056
0.932779543808632
-0.43778366744806
-0.379332148785031
-0.0444464836057437
0.0040047990238864
-0.928744751111338
-0.486724270541359
-0.554500614399445
-0.45009823829712
-0.2306340677072
-0.28088459875526
-0.342119736914394
0.193068924211832
-0.87484954657173
0.0659897295338207
-0.114917622463101
1.80430428855482
0.106262314977255
-0.331984007382229
-0.572574286389948
0.114767415168486
1.34849604826383
0.103266932920958
1.95675320535801
0.597982115245195
0.671964460837119
1.18807908986417
-0.0723153201715761
-0.0285698756628568
-0.0445927618527772
0.490524394057025
-0.00782200565927556
-0.298447173434742
-0.390116095926221
-0.285467113163751
-0.655188271332352
-0.461064477984754
-0.63254708112424
-0.521350736425992
0.0435237984582053
-0.797262938381765
0.0571664832826085
0.503832674858427
-0.39635917721804
-0.352957444993883
0.483230557045853
0.018846271696018
0.527509508313059
-0.931501282063705
-0.875746705365868
-0.896788302208433
1.00464331531088
0.565921444534353
0.581052737765668
-0.156194507793293
-0.4756360086216
-0.0427585387571705
-0.096636243901023
-0.324397929957093
-0.183064368911729
-0.81340279300524
-0.0574334872356196
-0.453415651772544
-0.0773339048252802
-0.367852110187933
0.289648816286687
0.412074006837435
1.3328339325706
1.4117758478595
-0.471830519404663
-0.163092929272888
-0.209392905830828
-0.334481582081527
1.04384887657053
-0.567554108429499
-0.711664642443175
-0.46679838493008
0.642648962996172
-0.69087085920463
-0.823396908085544
-0.372448755097027
0.162602691314692
-0.604113341201285
0.0589057417375232
-0.0108447245447154
-0.569619352400613
-0.857493405591575
-0.667657601536384
0.893867530393344
0.17252552919726
-0.566257476185269
-0.425595022050876
0.191338417524394
0.183285202353009
1.52078036498693
0.939619492554668
0.182093742664153
-0.361717589711834
0.167856633150986
-0.516430650175548
1.41643755585606
0.0829418837862164
0.0613117055786379
0.716134652151984
-0.162962084688055
0.0184221125868345
-0.310047787375977
-0.382307656582034
0.387261403036934
-0.348349900892311
-0.613712639699995
-0.312978092412413
0.190035187053964
-0.467603616001036
0.340795259808852
0.209547452412913
-0.111689765366436
-0.0786990605913494
-0.226913710884629
-0.510852262887224
0.721444453459042
0.89286106455109
1.87888590338893
0.0540393282329324
0.776582486168869
-0.569898511412213
-0.630982677407039
0.0835316510278266
0.0814102543302622
-0.352431248184327
1.28185464630865
-0.387797734171204
1.71253979670489
-0.885608009960893
-0.458584240263234
1.04646751500807
0.0635795693104298
0.115555583462105
-0.00938170171376149
-0.328008291603288
0.485780995184262
-0.524891390011904
1.1686469303713
-0.106872342144508
0.0576612262073585
-0.235292039328967
-0.699602607055294
-0.715659390586122
-0.327156737665279
-0.397675943891214
1.06697991794987
1.3254954504796
-0.375182236272038
-0.53172496289793
0.289808703552469
0.880368062163112
0.0611003465384902
1.5325206034562
-0.0781261604348816
-0.0210424287670515
0.0227855871044128
0.42216876609203
1.64177091600736
0.0775222967291965
0.0107607913115106
-0.0426617834700607
0.384339900050865
-0.338251252057255
-0.362464164462645
-0.587318317303358
-0.410851239398263
1.31114637736167
-0.751223991155963
-0.614097003158861
0.0741753615630193
0.132934092713185
-0.0458472049493241
-0.627601481545454
-0.0416958403384705
-0.0560628594305915
0.731171957184484
-0.372361228112915
-0.778584650786
-0.104915283128879
-0.0927833399988375
-0.170728759880361
-0.680269800092785
0.345094044969051
-0.441025962144085
0.615488357970771
0.640103251250523
0.587193532894291
-0.399249943771116
-0.746648357995608
-0.305955539443071
-0.406890091603984
0.604510778458855
-0.374220975563957
1.15749222947606
-0.0767954884075684
-0.0158022436368556
0.396244383946185
-0.741186634417171
-0.795792071906427
-0.0791004510276137
-0.291952120941278
-0.343996836481534
-0.328567247685782
1.17151085013486
-0.0754380587376091
0.398631526338561
-0.152795944323647
0.159826028082749
-0.434587482225821
0.174741850848776
0.959362163643925
-0.801817744427038
0.11923071685281
0.00315803272784607
-0.593881461543503
-0.390531428240154
0.497246491531816
0.155933137075921
0.0823088527463006
-0.488786844972781
-0.101574162992472
-0.0446763163684066
-0.0760854046585678
0.286961235805332
-0.617608738581417
1.10573658847489
2.00783149504218
-0.339650414237804
0.184448053477175
0.552836169884085
0.282511971029255
0.305889848697532
-0.378625531622824
-0.35645172470687
-0.364477839145397
-0.328733391676587
-0.380969518518885
0.0473447434028746
0.064402941021263
0.142497143228809
-0.368248141684208
0.0374033454256823
1.45585455956298
0.156668993727109
0.39669718078384
0.0622033725736587
-0.151623242390572
-0.549970332564449
-0.48651454968509
0.0578822734399135
-0.061717144772438
2.08740715694283
-0.40336190383194
0.57372779226561
-0.381677676927734
-0.502041161172101
0.418853469475931
0.11005334943573
-0.119538508187272
-0.692242971990032
1.58650892991684
-0.733227432225858
-0.316014277984589
1.2927089314158
1.04731202708223
0.420688959376666
0.641257334642893
0.431360592227892
-0.41804710470563
-0.610848266123739
-0.333243510241422
0.102920554106773
0.548001967841266
0.105470222890525
-0.00605276000682684
0.225325231773841
-0.163221455422264
0.386487051780473
-0.265586522811727
0.117922457717739
0.155122228557604
0.594436957432217
0.103026909365333
-0.318940696635785
-0.31352837349838
0.898575143760389
-0.881861654850899
0.470186482435194
0.278270507184043
0.251392134446716
-0.75905466943335
-0.753152192671194
0.473039459182447
-0.340295371247777
-0.432656834769871
-0.327497289819851
0.307915731155141
-0.23187478892292
-0.235975306446468
0.537467801930931
0.568037422752661
0.0836750260035939
-0.264982033545639
0.0226692684422381
-0.80518290056011
-0.247749371587797
1.32672001321492
0.00449673740519177
0.513684863132413
0.52998481802779
0.659670754345294
-0.280923836740965
0.0592384429434119
-0.424198270440568
0.223262533726827
0.759405927855958
0.472306272327878
0.481941109685404
-0.082737639671023
-0.260125280660919
-0.15420314749201
0.19727509005435
0.284552280394564
-0.142302770400461
-0.0397307931683488
0.00878039255758297
-0.00588229698450756
-0.0334438360769794
-0.049813575526691
-0.0598711950375843
-0.0758922283507829
-0.0461092664872289
-0.0311421373809791
0.032377516694319
0.0426139405050344
-0.0149626154185613
-0.0359210754998294
-0.0610581155180191
-0.106025493883644
0.137395751507551
-0.217548633194889
-0.0281144337207287
0.119110265577184
0.0223884350097701
0.567840597257469
0.118458653387917
0.031394723946127
-0.193805183669049
-0.0852083966716748
-0.233611643684339
-0.111052613083927
0.464878884676236
-0.0658627364612974
-0.102379269622524
-0.115803742846473
0.392656137605474
-0.169690602884233
-0.0476151473016606
0.0545220963306706
-0.221162376622596
0.00834058576644735
-0.0257992583544834
-0.139687650122363
-0.164172811627554
0.26952646776005
-0.0710494852969324
-0.159591951966421
0.469614876003676
-0.204244182181277
-0.0377570759793316
-0.0506969911646423
-0.229398298371457
-0.061369945680459
0.286356382808992
0.0144964124474665
0.024593682075382
0.00681304093071065
-0.0289289285992859
0.0881809331672709
-0.0710486500854297
0.5378311358517
0.139240259070644
-0.0804168152010208
-0.0509970222931535
-0.0802594493875155
0.00898110149782014
-0.0453038822119687
-0.0290305787651096
0.21874376052969
0.0999935165470671
-0.0825120159349332
0.041313588565419
-0.00512544394385182
0.0185578014166283
-0.0142882629882841
0.0553745005152135
0.031619226210199
-0.0928252756355921
-0.0191220136074975
-0.0327478280382815
-0.0351883453896522
-0.168156868931741
-0.050279168004599
0.0235249487457031
0.0694796336289896
-0.198302697262275
-0.0980518321489575
-0.0467610332458914
-0.0258837494605166
0.34349986910407
0.213632266000788
0.0553695578552713
-0.0747203366091037
-0.0332997500741052
-0.246710349253992
-0.108498363004437
-0.00610821989027289
-0.00602947145162843
-0.235158448096123
-0.118554565795462
-0.0560645376227828
-0.21433947833514
-0.135128488806967
-0.169778263828159
-0.0303890073357521
-0.0553668883078066
0.184959592356181
0.178207284367134
-0.0592384112442519
-0.111883134603314
-0.0876774340359057
-0.265100931255296
0.0816704098439677
0.302520960032723
-0.107683571362235
-0.0956034858105493
-0.0418070869048575
-0.0359608681659585
0.683534982524764
0.637493637812767
-0.0635825993397098
-0.233587117991746
0.0249462335678785
0.55135104329964
0.0515090335697939
-0.244804273515895
-0.159449125939764
-0.130414143978471
0.0215902670076874
-0.216298820168379
-0.218634686348879
0.537966514769299
-0.280876854799907
0.450439544995483
0.0782109580492387
0.0519623116923845
-0.0796925716031375
-0.0890850020037142
-0.0934467386689713
-0.0706666580252566
-0.0470951912448346
-0.0578037645615411
0.0297329344828031
-0.0161440995153401
0.315011700828307
-0.100777902552534
-0.0311830492920463
-0.0213700283253284
0.0262676593887619
0.0595535480689296
-0.00224815704032976
0.336014315312264
0.0611999640683014
0.401642450968657
-0.199600617493018
-0.233376392530298
-0.230465883576556
-0.00404800069180003
-0.116539280468279
-0.0830416748861683
-0.0358594738047206
0.0374808259248335
-0.287397494513638
0.161486918025899
-0.0459996972695156
-0.0244353713200375
-0.10028038648556
-0.0752292680494996
-0.0529389085428665
-0.13983862386958
-0.094700891174618
0.0100577668299616
-0.0195441180864895
-0.0506744382701136
0.0434142843782857
0.0175310159891775
0.0444922131154029
0.0287643753095752
-0.0393506734429667
-0.0539539300219395
0.0323213528641755
-0.276874839371794
0.0504308251975792
0.0564004387369141
0.00722637205092154
-0.0412957249495237
0.65908672376489
-0.130876612308098
