-0.153030651610371
-0.144069542072411
-0.3545954055963
-0.345228053935072
-0.286016984163957
-0.289643172016874
-0.298318372037711
-0.310787152636622
-0.329621848358478
-0.481009529305165
-0.454833061204482
-0.407023662374667
-0.023524972880312
0.696874462416692
0.831469976367939
0.930673566196184
0.91496913642887
0.699578113408841
0.260630118325947
-0.151867290417691
-0.253062089519035
-0.344328052738751
-0.363381766652996
0.353574464486654
0.961576782635893
0.169478670714715
-0.312625807250378
0.797638160420583
-0.288523680178328
-0.407651275145868
-0.33464778406376
0.00948125549835272
-0.24230152405133
-0.359930734439088
-0.369583173983105
0.972789702209655
0.844310331291497
-0.289243192994226
-0.250306541572556
0.156438906137136
-0.357427579921415
0.909792425429689
0.541445713909128
-0.287127518209113
0.158121412765837
-0.33553620226751
-0.488692903435517
-0.32785703531063
-0.298597717045191
0.823631817000309
-0.288164856020506
-0.367026698729145
0.254511188530535
-0.289483271158392
-0.288489740225032
0.631716188338681
0.448444969360166
0.0675128457429379
-0.286334871277165
0.754790822313165
0.509266430136121
-0.136009601643894
0.875398764945636
0.94243419911098
-0.445894211840869
0.0575019911393917
-0.320142206541546
0.960523180910686
0.975130451121512
-0.291523186735939
-0.33590389946456
-0.352057103640034
-0.353764723805898
-0.362940167428465
-0.305412147178957
-0.361939767842172
0.111972176858886
-0.296120514023685
-0.289127061769521
-0.288857824942933
0.0873299537051852
-0.288967254907841
-0.203478730836019
-0.368647216092104
-0.355997436665588
0.496562265863449
0.588341696819121
0.77336062726183
-0.480278343037165
-0.374810514311007
0.828919726778754
0.892865491069329
-0.294077607817726
-0.07409566011201
-0.00421617254470999
0.209466704568877
-0.291176903785472
-0.289655171312128
-0.189546527347024
-0.287805488192756
0.305908977062433
-0.218954001814174
0.206212212330655
0.403891647289988
0.668734249180882
0.0212212635992941
-0.286263598002351
-0.28690599523599
-0.288250424900089
0.730699321250637
0.812093191180234
0.778968342665243
-0.491878592846211
-0.0805826418408544
0.611716745998152
0.383318983523299
-0.463165852371072
-0.472403758848086
-0.470838989123835
-0.461464202897293
-0.456472831116902
-0.461481186630901
-0.489452132025615
-0.477998299394618
-0.475748752988464
-0.466153677505029
-0.458234302532263
-0.436306025804858
-0.437824145258495
-0.455935420050938
-0.172121394922918
0.010846806077595
-0.0149132573833907
0.135427883318256
0.188270378485085
0.220776552506148
0.127483728128153
0.0697329147097967
-0.0941259828051145
-0.149473399942355
-0.495778641572682
-0.563634548286724
-0.624651906641426
-0.654914338386898
-0.652826849967212
-0.609312589319397
-0.46615945180091
-0.548490093194959
-0.441329661772768
-0.40733586407026
-0.507490785532877
-0.420276792653606
-0.442802557208108
-0.495463077837193
-0.54787394214051
-0.440397367379462
-0.432214305421703
-0.409387576715979
-0.491864347566972
-0.709672388129926
-0.698973509149736
-0.729337036525643
-0.503957652460197
-0.524898757456445
-0.738292878354155
0.257002295724654
0.950898723402652
1.41666199171607
1.34297705815963
1.14921441162977
0.758342312479098
0.0709090521854661
1.46662967759286
1.63786875319473
1.62380896721432
1.14741487291323
1.41419579523146
1.62796153877595
1.57437588119248
0.72599462063212
0.779421621169562
0.183469393457997
0.0315876488208152
-0.250857140418422
-0.394870614584913
-0.701640959642539
-0.264500201097217
-0.535327835946876
-0.6193473427785
-0.610315995694651
-0.583623178613914
-0.567005339995
-0.580052659376266
-0.536529450272756
-0.539298913132462
-0.477394986177979
-0.566399974759412
-0.609646377512002
-0.591623822872147
-0.519159423223165
-0.363290008517676
-0.469445574694272
-0.366152333600955
-0.426446572611695
-0.567219821147628
-0.521601372740679
-0.6053843676039
-0.683582187124572
-0.726670684825219
-0.736719463575979
-0.748384727771407
-0.458396278162188
-0.40600837151213
-0.841572112271064
-0.627804611808414
-0.600085499739641
-0.649747552471754
-0.679313779414718
-0.691138977860607
-0.682377198762849
-0.650494874132635
-0.458353230002662
0.525072609318432
0.32112640995884
0.63011905666216
0.864945122567611
0.476841286188187
0.556610759937319
0.64125047034248
0.215189068514604
0.697157286402243
1.0360360608581
1.10674618322922
1.37819768299587
1.22207160415288
0.786938490976008
0.381597312836051
0.619154498937853
1.13033441748036
1.13110385684739
1.06152133503531
0.76798817449132
1.07011454456708
0.989603989301842
0.937685685286609
0.909766436402705
0.81802866617078
0.648198584062774
0.796819570873407
0.613050501143092
-0.555327260402566
-0.622691057377483
-0.560999435758149
-0.713668605394913
-0.783836033135578
-0.325826407870151
-0.632325757424073
-0.623721914194189
-0.725081453575884
-0.656183692398256
-0.708259469661557
-0.681247578850103
-0.642673172604649
-0.634362685835797
-0.603932812354645
-0.564082446837362
-0.52496269276892
-0.622172208835628
-0.635907830847267
-0.442154383086782
-0.637392777140449
-0.648031569590959
-0.317353368008498
-0.366650788206802
-0.436524622818412
-0.171661868861104
-0.236935776734414
-0.103867505515963
-0.194527757612823
-0.12831569565346
0.342560395591653
-0.0334037105236854
-0.292117650876286
-0.27309576989187
-0.228584782609779
-0.222016161570045
-0.120024535782446
-0.143844208737146
-0.0131606246610336
-0.425266014472614
-0.395491519026968
-0.390709565709203
-0.352909474882754
0.252434970071905
-0.396279168671594
-0.43964287023843
-0.313854757944854
-0.512226265472945
-0.422675790877116
-0.695761621646744
-0.784833744573091
-0.0466812492717636
0.0138500091513392
-0.0839778783384085
-0.291009487132508
-0.390840626959879
-0.503267549993342
-0.433285530716874
-0.526552690388021
-0.486650549876546
-0.500314981794583
-0.4392947609977
0.185884497904788
-0.590725245491082
-0.42092537750544
-0.494887769294966
0.33998142302588
0.579905225922076
-0.49058397880772
-0.410919393683476
-0.437781352938621
1.03233000637674
1.54947231334565
1.1858569866389
-0.589566721380764
-0.762731814132534
-0.545694984140428
-0.464067404978027
-0.363670889006714
-0.685298784991066
0.801162468671341
-0.172646676117373
1.10590141942874
-0.169352353516619
0.00330757949766471
0.962303277779716
-0.713537823065862
0.230440179560126
0.118806659054761
-0.454584977846588
-0.514630766907056
-0.599545753917912
-0.476543687151909
-0.364926590024068
-0.609371128956793
1.67508250354738
1.45658696232681
-0.706596156313744
-0.635095567981444
1.26920918745429
-0.618480785403398
-0.559509016688576
-0.156869262961332
-0.333844352777437
-0.514169274750463
0.0857690917730889
0.027605073821087
-0.332165545331178
-0.497651713115995
-0.401711374338417
-0.424416276639824
-0.47286247494488
0.0958868907982429
-0.247378611840073
1.81919159125571
-0.170814619405211
-0.489297228484067
-0.78083416838363
-0.444130581279402
-0.636193526774436
0.952315938515865
-0.345437754067519
-0.461147400882666
-0.45608356367861
-0.470619325088167
-0.427376661992597
0.95265526093296
1.37173884468311
1.29675771655327
-0.0661313052720108
-0.334347825363832
-0.832977959186087
0.342816258102595
-0.519993646136467
-0.680103763406987
-0.541690854019965
-0.572202400364528
-0.467351159013075
-0.672889983199337
0.00586008584269741
0.283312143177896
-0.326550394871148
-0.365755372139415
-0.571637793494522
-0.633290263115556
-0.61272323697833
-0.540188922474362
-0.593928190656299
-0.648933651822881
0.451987701369686
-0.313650928483302
-0.213521313816401
0.396302341396448
0.00348685325258738
-0.0803381055946196
-0.415796429960576
-0.410314036376123
-0.354228711264404
-0.349446496516622
-0.372248436936806
-0.460832431273248
-0.438058092564301
-0.280398516823116
-0.456266002321395
-0.0991623233654366
-0.0849153085840647
0.143747827289768
-0.212919461717584
-0.473972938964113
-0.422119025866967
-0.357290901599295
-0.031512088609842
-0.457800136581879
-0.721767439597095
-0.451254626913815
0.145379922558727
-0.148718383016056
-0.040027770451925
0.0531235122146271
-0.421352295186468
-0.399186225997295
-0.439766235340068
-0.432136313408852
-0.464447329532943
-0.404619918883536
-0.409401897511776
-0.346382562481969
-0.152539049017694
0.55639778936082
0.290439475862652
0.0231538042573564
0.953511061942934
1.28068336525588
1.25320949269786
-0.108257623802616
-0.4144993355873
-0.418582019597289
-0.357915425123358
-0.546348244031682
-0.510118628865349
-0.487427552864498
-0.449489521488989
-0.395320237300072
-0.353356146568308
-0.438836171205441
-0.692724060101902
-0.667874807061602
-0.658224553468097
-0.547793511662788
-0.490867751116296
-0.552912940465808
-0.437510274279329
0.178227617021529
0.398828224941475
0.458650353104731
0.615695609892621
0.0747117224116331
0.176378737311664
0.259543803374211
0.314263370879856
0.389532253612822
-0.807369841063113
-0.824563639932106
-0.757952632694691
-0.408356576773896
-0.0589107122919548
1.19851129063926
-0.60724800211177
-0.482855166464288
-0.438031214753188
-0.384886059415076
-0.374504102768426
-0.570998762837132
-0.341153312473811
-0.18146754189155
-0.162192805262701
1.32071648659517
-0.386738901154838
-0.609177086282364
-0.445531051159699
1.06319195735729
0.966573403804275
0.97794430688014
0.792328288184233
-0.319625464996765
-0.375430181557753
-0.402847770505558
-0.218973654886195
-0.321217011930641
-0.292207620814856
0.129454555495275
-0.397779663782082
0.206956524422712
-0.330728480568186
0.704120320730525
-0.329253587434463
-0.0288024834319273
-0.555281595035327
-0.26591801447902
-0.482291361175932
-0.568312526210125
-0.387835412072022
-0.381761729313725
-0.33139267867438
-0.409495026401911
-0.211039788989321
-0.716479101805701
-0.502655903771158
0.167471084796803
0.646373296066223
0.518698130523838
-0.516895935737348
-0.0704913179123192
-0.258394825571616
-0.406346321737165
-0.68990731034281
-0.56388262856935
-0.44092679461363
-0.625774188933752
-0.300376783894096
-0.442085438932487
-0.332458339614513
0.206338156607856
0.427081937698689
1.04501721677516
-0.113460779649872
0.861440968382306
-0.328354911052173
-0.324649223887468
-0.439440764960927
1.07232127045701
1.56255991357163
1.1024356978653
-0.150794143780759
-0.479363015537491
-0.428366626602566
0.359689366559124
-0.313408459723738
-0.51779135943871
-0.313821056228035
-0.2734485915532
-0.476299275001094
0.800142321959533
-0.491024124115171
-0.620245091470955
-0.397329095989102
-0.535772025751155
-0.49249627628487
-0.4354246499809
-0.648699866887162
-0.327288565810068
-0.366418007009851
-0.55974807614119
-0.467223759528422
-0.0741760896155732
-0.747748792603449
0.130296523190004
0.905355693524924
0.338679512700104
-0.756161614773187
-0.611293372166378
-0.150179156116334
-0.465144768851493
-0.161301798846256
0.062869647934303
0.0303244411737625
-0.32324110701399
-0.500415535300298
-0.0752708469325728
-0.243203814729162
-0.381469840236728
-0.318554653611918
-0.523499660613798
-0.678590684764346
-0.354330205321492
-0.479479348999236
-0.480612205458573
-0.0202075776679873
-0.109826421286226
0.683649179733609
-0.439610129784609
-0.350310965029372
-0.325747326305703
-0.658508759768421
-0.580723207691223
-0.432160994408045
1.4473105418785
-0.281124632557769
-0.255437238860432
-0.62828587431014
0.648005479510426
-0.695174109861109
-0.380239905529543
-0.542848040395039
1.13110232183743
1.30029202233901
-0.318227294823478
0.284373886887994
-0.382662145719485
-0.642395104604488
-0.197038819706162
-0.630568709308749
0.18128075050157
-0.367240225016339
0.237194015803375
-0.455488564627106
-0.262518815078327
-0.11691847896063
-0.346966183291154
-0.392466361607782
-0.56529553693864
-0.192908358738332
-0.464045283592573
-0.614516570368838
0.302755755089281
-0.451794908162087
-0.428106081316424
0.0174413841402
-0.3754118218243
-0.529389816595244
-0.567076759330051
0.260370170136387
-0.0816693146337836
-0.316421558514534
-0.311924201059385
-0.175991363962013
-0.594561708008686
1.0014247451777
-0.32984046119168
0.457810452031257
0.625081311222466
0.570870063590531
-0.398986872144786
0.222967072797714
0.840700344924807
-0.0672615809138615
1.20313976079977
-0.444355545022465
-0.409653989083323
1.3787150621478
-0.331217157549332
-0.616431181613779
0.852615623233328
-0.387682075916582
-0.375243661957818
-0.317485098299296
-0.518700680071796
1.10428795640866
-0.576170099913505
-0.347532954436865
-0.647092929129813
-0.55524197029945
-0.453867066733032
0.58407037920738
-0.642626503196024
-0.654354249539206
1.15053904498585
-0.409151131828094
0.202531753265806
-0.620573696120032
-0.366173219710468
-0.396289061494824
-0.681314748910607
0.116735076384389
-0.255539379279585
1.44214749354383
1.49256722011735
0.0141212408836031
-0.390783296536684
-0.368622383924668
-0.230276931802511
-0.443791407652349
1.32528857156236
1.21602794822989
1.45946323562323
-0.686522378815407
-0.454181536633661
-0.417568052279829
1.06478786558137
-0.267732183401168
-0.414999109039171
-0.675855227134808
0.0642794038303108
0.279425214282013
1.69538588854395
-0.543428303188833
0.0197657723776724
-0.387695591873623
-0.436568254853649
1.22039764588251
-0.375981732771349
-0.260133738071065
-0.525976527389855
-0.673607370368224
-0.652292076219399
0.398889604867567
1.00896289360095
-0.504508358867954
-0.571777170986071
0.0155129158987821
-0.121652257210925
0.233330248100446
0.0358421691673014
-0.360168449152588
-0.838077730344764
-0.659685505630951
-0.529238793604465
0.732502647448849
-0.608933748557475
-0.3827886228665
-0.552443423588779
-0.658512613038081
1.34251587913882
-0.389750581010828
-0.386824842822572
-0.508280408423578
-0.399967944931314
-0.797208584686643
-0.36353581479892
-0.741465851606633
-0.346313737600412
-0.3039699857848
-0.235562193061078
-0.34700594930425
0.0328533957329373
-0.693413763701881
-0.280235613846918
-0.620860425206597
1.20582456596242
1.06335410773823
-0.579734662356305
-0.5105299909416
-0.306335900483046
1.53494532518991
0.0481557219981036
1.76204699243105
0.453966929358811
0.538399867421901
0.928766735510118
-0.283478466459205
-0.220336392528629
-0.414896582003717
0.272193213373013
0.749325852109464
-0.523964824065978
-0.427202115363233
-0.00931033673922698
-0.540940159229768
-0.380684092400076
-0.572970522753799
-0.407112801060713
-0.0709298789876755
-0.604211487298589
-0.566317229742359
0.513470609009023
-0.432819296743791
-0.458503028828749
1.16754206753151
-0.508256721040828
0.287212738306589
-0.771770679596848
-0.730183248211943
-0.755313725330637
0.623699181995675
0.235488543064136
0.237545332952885
-0.600812731918104
-0.628959648824897
-0.0444664844608415
-0.489767983545073
-0.394053348176648
-0.442681501393422
-0.715958242968249
-0.403558224886275
-0.179563803945497
-0.59005524235127
-0.320735625365475
-0.0215518864687566
0.807036239280237
1.050544560671
0.984922505973696
-0.490825861209388
-0.121952138272095
-0.474420175463974
-0.346569869522673
-0.00562534947197293
-0.247587440190066
-0.637455808483826
-0.347624405529381
0.695508712225912
-0.721493203894596
-0.776632999539745
-0.466300353251628
0.125826977220246
-0.373205867199964
-0.370513987710795
-0.468378151850022
-0.445898055934578
-0.53318447217371
-0.592292598274977
1.3504363262662
-0.568945072280098
-0.318670921493872
-0.262739792606517
-0.49143720853443
0.873576532756337
1.7751211207809
1.08761921671992
0.69077384493434
-0.447020833157858
1.1201282449207
-0.376204123573936
0.605471369070774
-0.0661333791085246
-0.399476843581581
0.592526805779903
-0.398893768547782
0.967240308518861
-0.465762733225179
-0.448254122396487
-0.275710396733134
-0.597911803069689
-0.409852947358764
-0.401446349823353
-0.0116508590447021
-0.559105973457368
0.192302411107687
0.291599822245173
-0.579111438291885
-0.0943524795869673
-0.629512599739361
-0.575061299355581
0.858389489258698
-0.0175345005825376
1.39265564004278
-0.434039788274584
0.873379365217288
-0.420453970929721
-0.662660571348753
-0.283550375780041
-0.237940574957052
-0.319395379920032
0.568479263786263
-0.48764265812962
1.16256556729217
-0.744025844467861
-0.605803781662563
0.735736381426689
-0.120618773275337
-0.176476119194004
-0.24491113068174
-0.398788403472031
0.142380765815043
-0.476861606366276
-0.200686739542033
-0.451123146630081
-0.359648650468384
-0.390318065546901
-0.454435790637787
-0.453192812547428
-0.421434471553827
-0.415859622026456
1.58329495275112
1.19310655804539
-0.331901686892868
-0.740860797254976
0.0911378302829531
-0.0686376882281352
0.552088920911361
1.15757328408956
-0.479977037534338
-0.566568699049249
-0.376672024685574
0.323644368019769
1.01797400672309
0.0662783130012535
-0.592439177477903
-0.475979812915369
0.918895490097558
-0.356755310997383
-0.363705595221417
-0.530738258213607
-0.318102272416869
0.874659420814518
-0.69701422025134
-0.411717769761482
-0.502255269509498
-0.571423851965186
-0.574001245187772
-0.216684157034611
-0.399123710389075
-0.457789874653676
1.48857058280144
-0.451135932150248
-0.578386804285216
-0.294703255593563
-0.342996342338593
-0.377738321393276
-0.52114456581318
0.21583780115382
-0.418553511099524
0.138010868958238
0.0376881644007612
0.122007341086744
-0.394395003072283
-0.572043877176588
-0.406925184409092
-0.373713140636345
0.839024797594741
-0.344257983953857
-0.13306678325116
-0.0820801133057528
-0.447959608299175
1.17578228294197
-0.435895190283913
-0.505331009767511
-0.486283487803946
-0.509072208840791
-0.519967733473735
-0.310914725511674
0.774432818268994
-0.512495553398581
1.08111817746256
-0.442388696306229
1.07832874687223
-0.446125789585587
-0.162822943148785
0.938692238267908
-0.542830130937814
-0.373183926614386
-0.0586166298925739
-0.395219487030493
-0.583929660017162
-0.294034284227127
-0.17324781994426
-0.633726529003706
-0.490894538241184
-0.322891352180176
-0.425683481020212
-0.388945584373976
0.476960218261479
-0.638910102155553
0.82688010095664
1.30487633029392
-0.498270770547178
-0.278159170620624
-0.0706512135505679
-0.101705460978818
0.243408963471382
-0.373986847703299
-0.323385333005472
-0.341534787617468
-0.310417196292061
-0.333823220027792
-0.399662091460104
0.889743434419963
-0.297254098841705
-0.335851873898287
-0.518944094413881
0.821177083663346
-0.563052432975493
1.27248464784612
-0.364333174434726
-0.409042309896417
-0.558216372534533
-0.64201767739804
-0.217078028448149
0.0435851008512706
1.66223919253011
-0.312140412770444
1.01967459324109
-0.39791179624223
-0.374594366213416
-0.0198919293592661
-0.592858204457263
-0.639097350564793
-0.766027200665564
1.32181249675662
-0.469666632857084
-0.314574493932558
0.465852764612915
0.808385476474583
-0.108497814865178
-0.0930798801422505
-0.0828318599864643
-0.352659980136405
-0.300960974543706
-0.387205589518194
-0.451580623070235
0.106005006879705
1.03077353768744
0.8962742240711
-0.22649021142077
-0.430644282465296
0.0252011793166854
-0.56642444772415
-0.443299320510929
-0.472722211286592
-0.154102529876308
0.074356075365457
-0.308933562247915
-0.53073335133942
1.15190221528279
-0.769324431052042
1.06754871278178
0.964337400413499
1.00405322805562
-0.494762394468457
-0.497225025652629
-0.619942413535359
-0.307739687519029
-0.341884306319191
-0.303221393732746
0.731149120783815
-0.586464761798549
-0.382185128470282
0.352189174629913
0.324312192788202
-0.00178529467709034
-0.680717274532172
-0.412462288119283
-0.482633113295648
-0.478795668906293
0.137136073045445
-0.181679930522925
0.89740273611824
1.01955463719697
0.516354106547802
-0.418489936163335
-0.557694363532599
-0.353667197043962
-0.0216036860923493
0.491260330197187
0.405428844834786
0.618149442641658
-0.545646164286377
-0.431061396163546
-0.51379205540026
0.528157744155466
0.774955165240604
-0.0701822879107763
-0.128501017088921
-0.15436728665209
-0.143734260902025
-0.133248550180066
-0.15437862246521
-0.179584260895978
-0.231249303984413
-0.32278145308535
-0.0202995791512336
0.196696567978864
0.37300449306013
0.423433337015714
0.432942694775735
0.527509718933974
-0.00114822436876447
0.388385937057877
-0.24314339668139
-0.137181890911362
0.6797183201261
-0.439563982515795
0.540296101055441
0.056247841977246
-0.226423436346503
-0.241970981648554
0.62758339089533
-0.243230035100507
-0.261838159233788
0.638710733707228
0.773611854928018
0.0223873004322091
-0.157300045449596
0.344055914765295
-0.246386834761435
-0.266723316360095
-0.300412816644455
-0.258100816263614
-0.0345443666735781
0.713762697446972
-0.265805312625118
-0.326109024619569
0.205225739712034
-0.412071315605112
-0.23313718537095
0.43732524627981
-0.242967166772622
-0.137278764741892
-0.132723240291068
-0.242614099096442
0.401410550784033
0.672295996688704
0.677332812847798
-0.273969551862566
0.408312896382509
-0.291169762690746
0.383356567583614
-0.168649164679635
0.605728331105001
0.47099229843504
0.750455799186221
0.534022605243196
0.537210033936149
0.0884535083693767
-0.144461089897372
-0.331883884675132
0.417698837080326
0.305294341505038
-0.175354891150762
0.477605685724509
-0.139329844109569
-0.216399090882649
-0.147588224694672
-0.305327512260316
-0.236592258971425
-0.278325013589331
-0.140264418159475
-0.170610370032669
-0.397408431759415
-0.267861911815069
-0.168094243175169
-0.0529660164753459
0.134648351122482
-0.246736230669767
-0.191358856138306
0.734523709790339
0.409400146711405
0.263756837408444
0.320080694577859
0.103528576548627
-0.0335662816921096
0.514329083019006
-0.257710318889426
-0.1969968530462
-0.273846977551251
-0.177679276625697
-0.293112213773122
-0.234005483671182
-0.341412873521525
-0.18159603095391
-0.115002235275676
-0.0589633634434764
-0.133749655055301
-0.163349650692276
0.0824540826533222
0.190928407324407
-0.168707599907165
-0.358391307436019
-0.239057017084242
-0.261705261855287
0.729974048536463
0.734724245067602
-0.190087398118855
-0.233109343697665
0.482133590485981
-0.44877082391843
0.614101186864017
0.663039996270229
0.817913257151902
-0.26124668136602
0.794690302271971
0.476181436480596
-0.269847869293184
-0.261763968926388
-0.302227056477396
-0.199795943750785
-0.188950632247937
-0.277182115954742
-0.266499398764454
0.700975611773146
-0.261525615266763
0.363482666886035
0.0621023768488998
-0.318374559453429
0.771591522004241
0.678988328931213
0.583322364564979
0.641202068679388
0.501153880798343
0.543157679125422
0.598054610817296
0.490858129541578
0.474027848063337
0.32500275644713
-0.0463686234971445
-0.209286400070377
-0.228700895217375
-0.334796348855142
-0.0665192965802127
0.194310592005553
-0.0422554331097517
0.278887265013689
-0.298839945796302
-0.262696492296306
-0.262668067375626
0.81847353765904
-0.372934207120203
-0.310615305917375
-0.145048051480571
0.105280696454163
-0.267937431251536
0.541760138223264
-0.149119304683055
-0.307570881973799
-0.249345585014664
-0.203055134799126
-0.213761053475097
-0.238223321683975
-0.198315250488873
0.0105984282047447
-0.0879240939527379
0.0170183469591036
-0.265994592184566
-0.211737873706555
-0.263981923613842
0.0236574393809429
0.819114653181545
-0.337999768903173
-0.310739263443005
-0.281276774292041
-0.465710563011028
-0.436684839072352
-0.404528132378533
-0.373512547805704
0.555912980466526
-0.328743619574195
