-0.128002270207329
-0.0147579243801905
0.0517006962599267
0.0318705937317091
-0.386286503672382
-0.416210226004959
-0.454719825679141
-0.452082515952427
-0.435402182786064
-0.136663198768014
-0.115880065821976
-0.114983224267102
0.141058366427043
1.10217101148097
1.11592247378872
-0.0372768560520082
-0.107457740400695
-0.13407488350104
0.0623223667154156
-0.0858509677081134
-0.163824513929913
-0.318600132824617
-0.174231539140217
0.742083880199006
0.634179045975662
0.152618256748786
-0.341393270868319
1.21363111391567
-0.301447357381027
-0.279677319061356
0.0568857190690797
0.0548642438793294
-0.0557031678685571
-0.056057911161097
0.0617016797676989
0.272812532781953
-0.173870926398518
-0.291599098716087
0.0222804602035274
0.0721599576096829
-0.264733785684136
1.0125415548781
0.886435233108746
-0.383538265329581
0.456280674794788
-0.101849261857334
-0.112352880367739
-0.336309634676962
-0.366617871308873
1.16819674246928
-0.344772495126984
-0.375110755489041
0.620290767452892
-0.34688016461875
-0.27553563562334
0.981359026060641
0.820682780814782
0.286988900915855
-0.39824235551458
1.21192812049704
0.00442311952698275
0.0275739667125078
1.10568733569904
0.84334940114777
-0.191606140009589
0.0150281098200909
-0.337021022776686
0.119844703775965
0.451120660790736
-0.378731308821869
-0.331686091319352
-0.297021239164276
-0.00132237220343846
-0.113236116848839
-0.351470773250764
-0.225720042332073
0.36863855902
0.0438307762197577
-0.27785880207323
-0.283565966055233
0.108024345046138
-0.316071596893745
-0.0016611528468897
0.0609283796632166
0.0623495584172424
0.851867895744687
0.929225995944096
-0.16482550887176
-0.114633143240443
-0.111303471039174
1.14869670224228
-0.155771333787465
-0.44435497673717
0.00303838401139154
-0.0318366606201578
0.137107669259596
-0.0840062261565011
-0.384389727991643
-0.0185739300334123
-0.36761775381759
0.687896394924839
-0.128187496524805
0.541105608394645
0.787526912216604
1.04358666036963
0.210859190430968
-0.395373640987768
-0.393900306388627
-0.322000682366671
1.17255633628931
1.18768021455565
1.22839360046374
-0.119296467589181
0.0818483624705278
-0.064419064079721
0.0596441597595804
-0.2824398332583
-0.103547051861608
-0.181043368097701
0.00959525271972386
-0.0552709658977525
0.0287868780893814
-0.0344872969639947
-0.0913204917260513
-0.145270265271732
-0.153807560311372
-0.113557678630103
-0.145015100018782
-0.194390917037445
-0.0951173382080231
0.316093468948483
0.074321280164969
0.247137148009753
0.252289766732732
0.388835316289693
0.422939204100927
0.184235739706827
0.300223986115439
0.0109582501123037
-0.121759712555151
-0.0943340040382921
-0.307852387146252
-0.600383488668225
-0.746626353566476
-0.667876396912409
-0.768414033733035
-0.13028149566547
-0.342228302652041
-0.102227561063908
-0.177021995203468
-0.371058526410118
-0.42593936076131
-0.513725623818506
-0.666902106031707
-0.770900828747791
-0.329338077163874
-0.406658376526659
-0.425023660815976
-0.469242616528064
-0.776064533643021
-0.827063049502018
-0.769724021378302
-0.406824073644392
-0.403172666089925
-0.639587872156863
0.588834412954529
1.12244521659903
1.27992106057329
1.15678847746291
1.11206444243085
0.729089533504982
0.0873363164108951
1.32205535927465
1.16774357927892
1.64633051994943
0.662374326759874
1.16740228562705
1.96957250745136
2.30079754747468
0.375806158750213
1.06987852029733
0.231105263016067
0.205491251665362
0.435245598890853
0.147039785420778
-0.601510865949356
0.649802381808111
0.174676527933278
-0.0666173482322129
-0.101678522090529
-0.135849417102631
-0.204288246705278
-0.100315949481435
0.126515093580213
0.00571433444062223
0.0110609191727942
0.0134903495834332
-0.037583452212696
0.189103969322634
0.17217915844899
-0.370143706584371
-0.00241446997394567
-0.456379767250952
-0.211269570498742
-0.100574562591186
-0.420605985702925
-0.367809408735162
-0.804321087035533
-0.864229645418158
-0.876733502185785
-1.00213236308034
-0.838389018138339
-0.798959831375912
-1.00243586802066
-0.383998524909082
-0.337097246425516
-0.540285383118928
-0.618190931120427
-0.691879178884616
-0.733705000176631
-0.664491131252019
-0.0990351125556998
0.452696976087242
1.26994714367163
0.55985579099642
0.479631338311578
1.06301882996468
1.1182838228658
1.47235661009195
0.752568050238911
1.29427906262097
1.42454262110848
0.282036371384095
2.09678987050052
0.750558847754632
0.146343455625709
-0.0207737147261565
0.223329992605915
1.65827665809587
1.39751852600966
0.932555978891003
0.703264143179818
1.47815991003691
1.39615939143345
1.47614704246685
1.22115735020025
0.634033661362548
0.399840569019145
0.800781394664644
0.377659151424182
-0.808068563350566
-0.699976667238313
-0.698173296199934
-0.600297163370218
-0.702333094942199
0.15959380302004
-0.116267529722173
-0.0961952435954602
-0.37825886895644
-0.143564439276097
-0.237820271647522
-0.144326030730984
-0.386608764275064
-0.217655503299583
-0.300659661835913
-0.563259636589477
-0.0315449277749044
-0.04627815133705
-0.0167165481988814
-0.0449910760332447
-0.081336924968243
-0.130456778144802
0.243748419233516
-0.757742105396634
-0.785982088110443
-0.277156182635375
-0.104928609346535
-0.0954048543933437
-0.339367032297867
-0.228792142676416
0.567482765638197
0.823229153440183
0.206687229612786
0.573126529678167
0.361437971593181
1.01585861567668
0.960625535897077
1.1220777608259
0.841200786273811
-0.0737828450548745
0.0467536391527262
0.0517847756687991
0.230914009827846
0.609852162621851
-0.481317454232979
-0.654116576999413
0.227133037397309
-0.0906714181790029
-0.255016263849901
-0.603246517804761
-0.982706390049821
0.00590725208028047
-0.376661091140624
-0.296097715787533
-0.428657442717622
0.0720249601062618
-0.121134106683348
-0.382736228188982
-0.738222724787332
0.0432257370528005
-0.0371645092721415
-0.425640316718692
0.687684321206595
-0.858069431311678
-0.126218051910857
-0.23712903012513
-0.132282514583966
0.691233157842152
-0.391723139266072
-0.371553831965414
-0.103335484023949
0.051938777394274
1.31756578315414
0.399832471159057
-0.69457573442161
-0.914185519486927
-0.380938375369008
-0.190228994602447
0.0522899520565577
-0.61218744386666
0.0355231439816803
-0.484403496831013
1.56093988947019
0.997084872091725
0.504250195099409
0.732485692317618
-0.726549223732296
1.17047663435708
0.791891233025789
-0.466847536303133
-0.586455934495245
-0.069778666824971
-0.731567785421534
-0.542137936702092
-0.197618028156143
1.23004523001915
0.867881105978673
-0.390956269789836
-0.742758609159475
1.51294777599485
-0.0864121499550261
-0.497577519806001
-0.27874764881136
0.117951057325273
-0.178244264946638
0.800077608474525
0.640420427305085
-0.473870472467589
-0.116470806831721
0.0457745998311453
0.0564408962339771
-0.130985946533589
0.690035615466099
-0.482810757324521
1.72385180632842
-0.212165917353419
-0.622161915080295
-0.815391378866306
-0.0588273697143642
-0.0424681533006556
-0.0020676642794187
-0.185842233138124
-0.406023735629101
-0.335527550419398
-0.211200654425021
-0.265725040764774
1.38262959353362
2.0333729459618
1.36412321945972
0.441759600078433
-0.470443802767726
-0.889164375240876
0.0191009486371568
-0.757823170677236
-0.147836926458547
-0.0778410223320582
0.0407455808692016
-0.131089647351871
-0.67195076480636
0.151352803159683
0.365118507277935
0.397372272611439
-0.386496945837381
-0.356059476526156
0.0346349467900505
0.0470731418634711
-0.254154374185713
-0.956807102507276
-0.905913581242884
0.438587456125775
-0.0452732330516078
0.0850091831644806
0.839579563825175
0.0627717823741172
0.155832599566071
-0.0125363397774301
-0.520662691713385
-0.516406784366063
-0.379217962693844
-0.211642907506878
-0.0246061154424034
-0.0443911634858419
0.519019373669681
0.226045430828221
0.755192445388206
0.723761850129184
0.792407556828887
0.153335063844463
-0.693196257848141
-0.585545052949624
-0.479168752425181
0.664008251511792
-0.277861468067395
-0.779964557474013
-0.193655049334973
0.217121801325617
0.943122665385842
0.501000792331916
1.14706561308502
-0.112629374490932
0.00676110454213269
-0.171415972555989
-0.321438288234858
-0.23814855364776
-0.272412159677143
-0.162880186801549
-0.248031971492291
-0.226981636447261
0.261869638514648
-0.086885624987049
1.26181009107909
1.47591969486963
1.28231910474156
0.808679352596673
0.329765811394733
-0.0805153304203957
-0.0718726572669129
0.170361157494304
0.0344120161828076
0.0692425923916835
0.0540290181988477
-0.0225618748475503
-0.140707932046057
-0.199637134903471
-0.0672679099011168
-0.624294946180201
-0.505884706833891
-0.486349914062521
-0.129623067838543
-0.259217277996171
-0.0242398570666659
-0.170367160062269
0.421157790338339
0.511446863227858
0.753349982696142
0.903997866239386
0.53602319134641
0.735045512306986
0.824661850212857
0.813769778576841
0.25983582581747
-1.01276123436176
-0.984166133781021
-0.983181615025574
-0.630750741528517
0.351125738295831
0.621909775629805
-0.769385475789343
-0.685742928403467
-0.478089220363496
0.0341822165424839
-0.385106566606142
-0.69648624762278
-0.40338626636814
0.0281151227506022
0.426420563796882
0.923342291036519
0.075487851511328
-0.684652803032233
-0.175656591685705
1.39487528729693
1.33651618668382
1.34719621288398
1.24454048860157
-0.457581338729608
-0.374085198277064
-0.319831831287263
0.172473541051821
-0.43798181494686
-0.00484971600959094
0.568255208983212
-0.110260970377678
0.712298331313833
-0.434101062477187
1.04773873456815
-0.348863508542964
0.00628328663094263
-0.606614625885373
0.0906677890144872
-0.604013914266437
-0.830810637113651
-0.36220133947807
-0.295693644633432
-0.283765352975737
-0.612128042467725
0.128596055217408
-0.841105557680831
-0.444836521585833
0.0134260973951472
0.0727051104539297
0.865081228409938
-0.0408361381959711
0.2220025852732
0.295071925695101
-0.405053192094717
-0.758309712027815
-0.136812050137956
-0.0965092445138863
-0.794631197448678
0.0615926534189373
-0.566786950088015
-0.444280175644139
-0.118054558747434
0.313018534124266
0.82181082795197
0.0602214347271419
1.37029622019509
-0.240143369334406
-0.432239098104638
-0.562948243604926
1.14831654252146
0.972770646421041
0.899857275206638
0.0663959223694503
0.134723470230945
0.0395525532270885
1.18752953978811
-0.440658287088568
-0.0758116877407713
-0.330197711203504
-0.623870220215626
-0.425540723892397
1.22348307543888
-0.615776458012143
-0.0544135186913785
-0.136867610230858
-0.737466593020087
0.0653577947915224
-0.367416281140564
-0.762064243232449
-0.416902510423475
-0.267472870007922
-0.0724975226946206
-0.057832956101036
0.444573393804165
-0.896318561439078
0.272921703054164
1.27394294978852
0.781698749154211
-0.933092157561638
0.0574366942178675
-0.274827212315712
-0.0546987866515999
0.109774197150401
0.41276687966871
0.319168121962983
0.0773335116191744
-0.72656952091598
0.696031412954234
-0.0316728604523581
-0.339333614018405
-0.251319726518599
0.0725501445003678
-0.284209771220757
-0.435427150638601
-0.117118118814072
-0.304534480961762
0.49294101482348
0.179496419534519
0.903946121635095
0.0388177194502571
-0.365195487697573
-0.626747586916365
-0.751198381318764
-0.617608636226664
-0.309343058933293
1.52252146495604
0.159036137911769
0.238705175354907
-0.573633239763509
0.628475889825799
-0.831780010643764
-0.3912103042676
-0.0148881012524408
0.43250078859695
0.638299898503595
-0.00231710836335233
0.599506479774474
0.0948559478091386
-0.732854745049048
0.274171421748505
-0.018653216593362
-0.0571667331507625
-0.501029511653972
0.300193285610393
-0.508635527875784
-0.34950292835681
0.143106712540291
-0.513810871201126
-0.589927609987981
0.132476328738351
0.253065775375744
-0.184749996433011
-0.571394681538648
1.05938761194467
-0.305598265821816
-0.273627029785464
-0.369682409005547
-0.538345251111896
0.12437172865085
-0.0548578017737339
0.968998642880745
0.14923496315205
-0.309844568945859
-0.279806759806482
0.564868217051958
-0.554904557986752
0.24342968178927
-0.54159046025136
0.849529918952935
0.953995940778708
0.906980607989523
-0.282104598327605
0.7314416432483
-0.096076967435253
-0.370853026178135
1.71272700639233
-0.675994102290232
-0.180809439852353
0.780877499075878
-0.36939902572219
-0.0717349325411267
1.28979231343798
-0.378595406888482
-0.446008905637756
-0.380610184562974
-0.434125958328125
0.691703380460473
-0.250310831656765
0.150368217272634
-0.125236418108024
-0.349535912303399
-0.281294787712815
0.342427445693671
-0.735525329209488
-0.156895932155544
0.687887077066981
0.3709376619228
1.30880430866285
-0.368236397699801
0.0106566719086152
-0.340072668368151
-0.179721614435761
0.911550969918633
-0.64219039182252
1.20204685576095
1.62085340619676
0.795840305817349
-0.420681973055609
-0.426209145383104
-0.0593572399981118
-0.695269507121612
0.672171167404532
0.467379733270331
1.10751248148326
-0.658892150136674
0.0212526750662454
-0.254442028495948
0.168007523126078
0.240941134082542
-0.417816048794715
-0.7754079112031
0.528512179279866
0.332008394884875
1.6044838768818
-0.598653376750714
0.0658150792307527
-0.513471077653086
-0.139056818351685
1.78075428348597
0.201229193777251
0.587698539522888
-0.536068027987018
-0.31124352153661
-0.227909460369949
0.823997327997845
1.34775030422228
-0.249219623116607
-0.310473248050995
0.0316618514535
-0.00210675613084247
0.263152478068376
0.165428333666246
-0.369118727209936
-0.916517099674279
-0.496764261472937
-0.291336897453476
0.865950139121125
-0.773891211712189
-0.112250353090605
-0.715990813956787
-0.810815775894055
1.738840949606
-0.39582024187229
-0.398014482337518
0.017928249825583
0.0162571559326415
-0.916173567137285
-0.455993033911135
-0.486560143450835
-0.492014522968045
-0.268092945170658
-0.296856575487982
-0.322020235766476
0.283170306283913
-0.973855513063715
0.0841238084160618
-0.0809884400582487
1.58744179804032
0.267990485871592
-0.351816719299976
-0.587012524793066
0.274679073795911
1.33768700905012
0.0949488578423878
1.86192265001105
0.825178827766245
0.839095865458882
1.17360675546319
-0.05729208334923
-0.0115029068078924
-0.074056037937162
0.580942423350275
-0.0660586363069523
-0.181898841068589
-0.420655880249136
-0.342943510771016
-0.688024618303443
-0.462895715838378
-0.6708443660313
-0.577559534240931
0.303906224480347
-0.783684382034621
-0.0337923691442734
0.499665128210036
-0.4211194382508
-0.442301810629648
1.42143393811238
0.0448091350193291
0.748643943109016
-0.945958396432687
-0.865623667397619
-0.858478988256441
0.80086833089647
0.783687227242739
0.824074173571288
-0.156195113303287
-0.511707853675529
-0.0876032458064562
-0.135621420073088
-0.257698524683708
-0.0705995810467561
-0.922594662960928
-0.296689143088728
-0.292642942863146
-0.0996167790065571
-0.462259909797976
0.184204480533341
0.421497566197633
1.43933791437153
1.48967606074433
-0.518196296847119
-0.138668852538731
-0.0449966103052875
-0.358572062314873
1.08678659174586
-0.455583470884388
-0.780678555573818
-0.446905808023154
0.78806889718248
-0.724705931205935
-0.755590787258408
-0.376512563581413
-0.272463633751456
-0.644776070528066
0.0755133451708677
-0.0103727416927269
-0.607089325062563
-0.833648748979784
-0.697178836898039
1.01512814891211
-0.0481760710856577
-0.584804287979564
-0.445332233161431
0.0520141634469631
0.181298190357096
1.37065806016482
1.47520466387214
0.23965131471898
-0.330678053313572
0.229887777150754
-0.570005535979121
1.39100412805437
0.114953939200796
0.0590608760324617
0.818099113541187
-0.225176076059739
-0.0550580643542002
-0.27550623545331
-0.382555602640416
0.349455356287057
-0.408907642613
-0.649989516004815
-0.116749398069191
0.19901324064163
-0.490808455109049
0.21514601213569
0.0628255680256718
-0.0504439244025182
-0.103698291576202
-0.247199335571265
-0.596780552652723
0.850579117146663
0.873335463346203
1.67380915433936
0.0487886072364496
1.29297487418084
-0.502084867235108
-0.651048907311899
0.0616820729201957
0.0412666248950509
-0.385447286748903
0.998306849804209
-0.513043014346994
1.58229763169898
-0.890817888571934
-0.458566831055756
1.1345343839792
0.0215075507813037
0.0749041903844786
0.00948259047402538
-0.229238739422102
0.355141104188666
-0.565493759428274
0.91335561949869
-0.100551849226026
0.0718199605626378
-0.279599474959073
-0.615556118700103
-0.644464960952539
-0.345023692624794
-0.399743110123537
1.09121689117225
1.06501987278096
-0.457412481708797
-0.517246450818445
0.241528320001237
0.826202851889065
0.0968634603599927
1.35313496360072
-0.127817349184563
-0.0404381158109209
0.0235078869809165
0.47834689207995
1.50712966914577
0.106717548572061
-0.0476859432454807
-0.0362647500219032
1.27755921022062
-0.204508044027846
-0.191992900751012
-0.641743279774826
-0.459427403096544
1.40134705452232
-0.734458766718221
-0.536569017229763
-0.0871588070156376
-0.112676544938654
-0.142757380552042
-0.557966726074049
-0.0735406770604723
-0.121773815615261
0.972357163586489
-0.419296929722994
-0.773310960374391
-0.0969381620319335
-0.0331998391541702
-0.159564312398045
-0.667826544791265
0.361422247044387
-0.456587301374363
0.819740864337386
0.736870256051452
0.715598870577946
-0.404842896850545
-0.783416749668822
-0.163373405290787
-0.382818775874202
0.43138796095336
-0.368280842341098
1.0959034025823
-0.142615414056713
-0.0238795020263617
1.1228473740756
-0.730964043334401
-0.815543915660771
-0.125741156443749
-0.189628812001855
-0.310177231721746
-0.25499224364035
1.14926344326943
-0.10575942410399
0.480524342949585
-0.119405545138521
0.485957462111109
-0.484213814845144
0.153143562256204
0.976169670062674
-0.825893471641786
0.119888983872379
0.010164802150186
-0.554639529682713
-0.432326478654424
0.313989181196965
0.154485125138738
-0.0844136194958257
-0.550922570003412
-0.0867733959313945
0.00304405347165114
-0.0895116012261495
-0.0181191362435833
-0.695775237908039
1.0397923019831
1.78881601244887
-0.344683501064201
0.14664261799784
0.54358484797865
0.250380296372754
0.247760269275079
-0.207950302635765
-0.498816017540923
-0.414723717340725
-0.420278280093966
-0.466673369590886
0.0656881226073971
0.00950899569232262
0.200463773921408
-0.238944056506523
-0.0916731430992551
1.45148626104566
0.174026383848197
0.76761049405098
0.0933105610800039
-0.119339829550982
-0.642800355942737
-0.505715654416992
-0.0294662109548598
-0.0194616722996661
2.06918516454068
-0.393832903015453
0.500037861953488
-0.398894062722446
-0.585119643232018
0.435344663384079
-0.0608394455065342
-0.135123917301901
-0.65081804615284
2.06326027491936
-0.77062379845394
-0.269869914654674
1.18306241021507
1.30023079729005
0.384504179668692
0.708517349375841
0.616929489719902
-0.393107585662417
-0.606474326940394
-0.366318509251625
-0.0904250389366937
0.63383858416079
0.0785354098626452
-0.107540781960407
0.294008558520296
-0.224198116711456
0.635983882386233
-0.280490486734502
-0.157446093509662
-0.107871137719899
0.629592055881266
0.120635476962297
-0.396320845337772
-0.275195072847194
1.03460667741886
-0.786491591204798
1.50562386397743
1.27022983169008
1.19163550169213
-0.692735523009266
-0.734736353416246
-0.0569493424311589
-0.427082342882224
-0.499397064367853
-0.42929138783692
0.226830162001734
-0.255547551825071
-0.294527330421314
0.788406839239565
0.833915958862438
0.286603051711335
-0.229109803814472
0.0610419688016209
-0.825805508269871
-0.167579346066236
1.28877021153988
-0.0362080990285329
1.25417560525583
1.43961846385496
0.872060610047208
-0.104765234215932
0.117693694981932
-0.467110683963682
0.217408685517434
0.798259700138724
0.564917833317234
0.0909479415857864
-0.0989150745061101
-0.0824179134268831
-0.123174647831349
0.278435479516797
0.328438456224693
-0.25060074641184
-0.138749263031392
0.00502898208933048
-0.00436369562992726
-0.165311821866862
-0.266197347928533
-0.262241880487465
-0.240793845216252
-0.184414541166667
-0.0744625936659413
0.0299184169925344
0.507654041663848
0.231466123996759
-0.246771475370588
-0.331897593313044
-0.305149799653468
0.345957790812601
-0.289798964828147
-0.102186434189169
0.892926186259785
-0.154350332017703
0.844366172305822
0.125113038695488
-0.0187512449401788
-0.319274782050119
-0.228718552763013
-0.373727174308393
-0.0876248987087522
1.01080836804352
-0.162525212176357
-0.165349600137396
-0.265522961788024
0.587983995401346
-0.273878203841978
-0.0692464934733703
0.0413471105342444
-0.40072883640969
-0.0288646602461865
0.290407152578836
-0.22697679981628
-0.31925146209595
0.332283068914165
-0.119595813630851
-0.289721769202741
0.724267910243785
-0.303521109705077
-0.210890504042794
-0.03268677489071
-0.319029810898056
-0.160530231203028
0.993388034511367
0.637959883309669
0.0323790139789501
0.449408187267923
-0.129328622655386
0.460617670239512
-0.21760481988274
0.947759867188614
0.65780055630797
-0.261941517343226
-0.245154427227868
-0.331483916614653
0.00228781847518867
-0.245803072384969
-0.128145539448095
0.47111294229494
0.15929506466585
-0.271785743961607
0.589339883195636
-0.0394839697010724
-0.0444524399507608
-0.0875391097372457
0.0302510790022578
-0.00569140184433153
-0.149086856201139
-0.0464768030398784
-0.078740152778345
-0.246919109270682
-0.26229654158353
-0.147916527240666
0.0331128896019868
0.0822628879041562
-0.329808116390095
-0.24369285680655
0.035635637664459
-0.0322927296725849
0.467677200985506
0.360409421218757
-0.0554865357292012
-0.168552155949296
0.0238316065993676
-0.411733866207497
-0.323809291687712
-0.00334767199917411
-0.00309838434856618
-0.396674737277609
-0.309060792410175
-0.210056640494855
-0.256442369903232
-0.30417142084259
-0.242203586260936
-0.138879940719475
-0.180523694618882
0.195899620812508
0.222809532562427
-0.0756307753085633
-0.107911434928545
-0.0852426563197792
-0.299323707632422
0.867369841352396
1.05325382039239
-0.25036716640711
-0.0710597929081107
-0.101160343576908
-0.124278916001896
0.96140446293527
1.05470983083758
-0.201191838977761
-0.328999243003447
0.540253395131533
0.799566699609657
0.00978596757542051
-0.293575238163348
-0.237567952301441
-0.225284022212782
-0.0241865520721849
-0.295752126580561
-0.311199976313475
1.10392071328341
-0.362658287745015
0.671828824914295
0.0353470188996667
0.0482635907349203
-0.252889736440574
-0.291804207987996
-0.313688114301727
-0.288495900149331
-0.318095937946243
-0.312567056343056
0.651117716231147
0.286121408006054
0.632795556783277
-0.319882323234152
-0.0268974350200114
-0.0285585866940406
0.0165690634773841
0.0494089886517858
-0.0103389683275835
0.405849150183686
0.0667780607917722
0.554347590454304
-0.281794705636348
-0.35593290913749
-0.350846211509798
0.234029037562775
-0.312060141956467
-0.123546031112583
-0.01891271252829
-0.0608760822901714
-0.414338711479038
0.774357329715909
-0.182533929834058
-0.0305011191995135
-0.17178878576098
-0.162176903105256
-0.098173058003472
-0.244373939507073
-0.211402843777332
-0.0612459938039803
-0.0847142492737574
-0.144353730569566
-0.00064547712803815
-0.044518002797685
0.0115034734094455
0.0344577047626271
-0.0353669458700289
-0.114144629963358
0.0382868608671745
-0.430532080834278
-0.142553991504353
-0.196112007603367
-0.186839357530011
-0.222460816789271
0.883696418683518
-0.10225508294975
