0.0559099255236922
0.140249029870643
-0.0169198306579866
-0.0547543270813606
-0.268668311004653
-0.380821339443611
-0.396664115645545
-0.413399442282581
-0.437647082611008
-0.0082271398257314
-0.117499075578182
-0.129139615140396
0.311233507277881
0.882754156757016
0.432182997713772
-0.023426995004721
-0.0466618749164641
-0.0932789712555058
0.0699052061150088
0.17758014755368
0.0513799273897772
-0.279304373108436
-0.203598033692696
0.543471826281708
0.206205783526268
0.374740719339093
-0.28129136687161
0.728575953316903
-0.311189620914216
-0.23357649340079
0.0557262466274707
0.151591950895069
0.0104116701598832
-0.130461932225123
0.0130424018792929
0.0821326331997651
-0.0780787714567297
-0.351137926501214
0.138909263137617
0.384308093599284
-0.254098967462765
0.324866627426623
0.700261022954284
-0.286144223125114
0.507724487640169
-0.086669150981316
-0.036583036863418
-0.283088022183234
-0.275696413545845
0.590601397157302
-0.296763432893809
-0.385488281330479
0.527476324863413
-0.370443248206009
-0.330496441261527
0.846478428345694
0.597117201684846
0.443579097791159
-0.277556345760388
0.849665603995322
-0.0429719248160028
0.147930927200161
0.383807004161136
0.270616488593531
-0.0836462704749786
0.153624222296781
-0.28292280562813
0.029795028899857
0.145400338155763
-0.270619784973464
-0.283187394166744
-0.270849595670497
-0.0890906945201897
-0.169308474272164
-0.278473864835444
-0.233111217857597
0.479361216521928
0.103274322939465
-0.339988208989353
-0.319750062506275
0.239938626499451
-0.36187836287136
0.155356170361023
0.0109927352176568
0.0295377349821876
0.642532618341653
0.775299223198033
-0.0873210203994737
-0.0847725794537551
-0.117474554951815
0.506782669939014
-0.0646250689490451
-0.391353127096731
0.11720471637877
0.223334131977328
0.438096734052388
-0.0446049448248034
-0.377049397512927
0.0746927430253064
-0.291408028550724
0.531622452145244
0.127000248169456
0.522056456749471
0.565210144073205
0.889703665974105
0.380055685232006
-0.273431255489535
-0.281820200096101
-0.303405339616352
0.885844218856693
0.664478852734693
0.796267578413239
-0.00945974754848844
0.226376452245566
-0.0784249628637008
0.0158496473270043
-0.317955233738479
-0.187056124698613
-0.244841054153187
-0.0693683090428629
-0.122611175081192
-0.0341181445466122
-0.0777902315190671
-0.137460589477602
-0.198663474166565
-0.163430813151193
-0.160388101671642
-0.204341949033826
-0.226257322703438
-0.156590045089495
0.223391976664153
0.0583218257580095
0.131370388541539
0.23246600793186
0.320890375194339
0.349993461732221
0.147897984635938
0.259047649865819
-0.000321263195525754
-0.231634275956233
-0.178523294817245
-0.358339382987711
-0.636972961648036
-0.757547199595071
-0.726316219750288
-0.805515609604535
-0.206579152453994
-0.397579231785079
-0.12241971066473
-0.174517264774054
-0.402164673493195
-0.483274347868754
-0.56312643424633
-0.709881095232578
-0.802484451279577
-0.37884457301762
-0.453179136046685
-0.454994184142964
-0.592319243242453
-0.807515806709401
-0.797894047463944
-0.668186478045903
-0.478858945260852
-0.467369097587423
-0.550434702519647
0.534094214918194
1.1947944240053
1.31299028276142
1.24373863566796
1.01686406808059
0.755417469943839
-0.00376918901065915
1.26480603393774
1.12371880655184
1.58646519063124
0.64228258330496
1.07101018249302
1.76274133147171
2.23229958794448
0.261756248879464
1.02514131203148
0.171959210608393
0.145478400694117
0.350508286503518
0.0950887668541002
-0.606725934107908
0.546800035623582
0.0613506698822508
-0.118462043949131
-0.17924138128999
-0.216465746060666
-0.285859761444028
-0.144530366003985
0.0497841854618728
-0.0136839933546548
-0.026707042699772
-0.00227840459601933
-0.0394836832260307
0.121711503966213
0.115704053294746
-0.473516422900066
-0.00989176295075217
-0.482694798580807
-0.187713155758441
-0.131038712975348
-0.422129199172457
-0.471195846103612
-0.797873414089561
-0.879409328444549
-0.901924603385224
-1.02130745214627
-0.822383948458214
-0.736512799126255
-1.02469698727832
-0.451732348422619
-0.376236543389572
-0.570920340001848
-0.686886258801733
-0.765630043186546
-0.803911578359583
-0.749338957929844
-0.151009928120653
0.333984361408156
1.14935095966186
0.576657731830408
0.422686931684629
1.15127958822488
1.27891579321241
1.39898791563158
0.680768927576028
1.26647509740165
1.3340428681606
0.195608349124796
2.02628654272394
0.838602500029087
0.194921656239592
-0.0281596211812671
0.165467844629321
0.994441406042938
1.35466395973675
0.846493312266168
0.536479502538919
1.36246709546116
1.3349064348348
1.43322220399742
1.23385761826381
0.670820762919917
0.381715426325329
0.753342020855195
0.40038437499455
-0.802061610353999
-0.651646330645839
-0.713725517876626
-0.584317163837376
-0.64598283491903
0.166240738090616
-0.185897521873948
-0.206339633162037
-0.426476177672185
-0.187715008763933
-0.320095526704562
-0.211841299956452
-0.437354267173468
-0.258264826403307
-0.370558752869632
-0.590266010635924
-0.0864779499158762
-0.148714982720804
-0.103455830607538
-0.0767353084634505
-0.172597350484861
-0.177948528145415
0.131957404489574
-0.777298997343849
-0.81468202922013
-0.322553795080725
-0.13948508042266
-0.131267476595625
-0.392655855751334
-0.260766092861593
0.51642504368602
0.703956207598469
0.284280819532418
0.488565196930568
0.459268751493553
0.823164728883939
0.860675298119239
0.989517303803554
0.850431654832385
-0.0698047165326165
0.00928257694424802
0.00427240960626038
0.156856700271269
0.366503202904141
-0.470484355154652
-0.52193400812294
0.185513595422059
-0.167074695259439
-0.223547741063825
-0.667391014703463
-0.952995933734039
0.088726163149343
-0.278200805893518
-0.193819107645203
-0.571678809458825
-0.0230927340540722
-0.147329504565269
-0.361364232185991
-0.792316973045914
0.00924485355622842
0.0559118760676016
-0.501640986437967
0.610887249514057
-0.771870753822015
-0.182819922037819
-0.281460755990518
-0.0966101997282404
0.528124491325107
-0.405946452838547
-0.397808716164178
-0.150552886667271
0.0329182739623107
1.39057337011112
0.20233278166438
-0.704299248956436
-0.835855224087198
-0.5062850035822
-0.223385791172547
-0.00963870491883017
-0.569163868648337
0.0426401066132192
-0.508546789063884
1.67657089001892
0.786214881317508
0.587625531284406
0.603530813612039
-0.810212923316601
1.30078064726774
0.808502869616356
-0.567839139822732
-0.673763891504332
-0.0914187680487686
-0.661857123843586
-0.411929776890028
-0.266878548136458
1.36952275258216
0.661513393131866
-0.373380212440164
-0.748052737840163
1.72203725858295
-0.15237846562252
-0.615833822393255
-0.343423171591515
0.106219218646767
-0.26259609797578
0.51366826845144
0.604456927149398
-0.466222522750028
-0.141309581179509
-0.0322389426182452
-0.0166678628890095
-0.174417944578647
0.558333957703249
-0.556467248439968
1.76917786340521
-0.233622126481826
-0.543619117941575
-0.707560565990611
-0.0853549554308251
-0.0933420433672626
0.0223301256093061
-0.162960691839935
-0.465640802921758
-0.390786098291783
-0.264292825901924
-0.287528942296262
1.11581679711306
1.46556183124269
0.78205118598918
0.420871133865395
-0.483892956574423
-0.859946165002967
0.0737229542928534
-0.744326367084496
-0.225689851735203
-0.0286139466290158
0.0725559375132478
-0.160209199917855
-0.754572424876852
0.3741782534374
0.541599798164311
0.36008456426917
-0.385395781200288
-0.387776695765464
-0.038338381464671
0.0459347656246625
-0.272169418071634
-0.889715034924454
-0.914914860569512
0.344769905499906
-0.00495492750863064
0.168232937213504
0.525599095083326
-0.0011510098400158
0.101616565170112
-0.098173632657338
-0.412089317166145
-0.375939297806795
-0.346055355032609
-0.33823700298738
-0.0855927535518211
-0.213559819352097
0.43397151795788
0.0919413416160802
0.563717188981397
0.626482463956781
0.566867661253028
0.21116555885804
-0.683613348711805
-0.553293639712896
-0.39608417674982
0.429064946716179
-0.348730007453837
-0.791209655606335
-0.23671889870693
0.266394070062932
0.795777415648955
0.612986894566121
1.04289393895698
-0.103866517471923
0.00868443925551303
-0.196452809405686
-0.280543158686827
-0.269308231635652
-0.316334759062503
-0.292994408124533
-0.407796400854855
-0.279700252356878
0.191285466737811
-0.0581090397716579
1.16418819289232
1.39929292710846
1.24891785335149
0.603282226070338
0.214774465299796
-0.107945815077175
-0.0863142886048857
0.118396352215373
-0.0236817542853899
0.0537207087391348
-0.0633673583569487
-0.155860999246759
-0.327867010886994
-0.371542385344582
-0.135662453667992
-0.698529691692039
-0.566781162748027
-0.571311539065221
-0.189702192718594
-0.307474676259748
-0.0602496613565761
-0.270182841503875
0.266464681224323
0.351829855202757
0.485955989252277
0.726426592444929
0.332440340506988
0.436949146053866
0.499060605827778
0.535580364965251
0.235119667976502
-1.01869359777789
-0.934946114403578
-1.00202086884985
-0.497082776237656
0.491354231797903
0.320181433755736
-0.793185174880266
-0.742932286753925
-0.634728358095752
0.0296147679046431
-0.38489712480208
-0.759960510698071
-0.350816756582312
0.17495581561865
0.506641020269267
0.579822108467118
-0.00264655817160358
-0.72448513693533
-0.0957981150777279
0.624589913130491
0.617872059447267
0.844627805745802
1.11838434405447
-0.327329616794767
-0.357143167447921
-0.332246087886142
0.250423573028288
-0.326490440135743
0.196294951592338
0.558360593736542
-0.103124761184879
0.556474506532418
-0.337971524074082
0.977681975224152
-0.436706373922908
-0.025174419630158
-0.751275359796685
0.177669359598883
-0.714249730194583
-0.859548139546413
-0.361882407916203
-0.339422102300128
-0.342292213203818
-0.520520801278497
0.08539004702616
-0.82347490651893
-0.428106269866672
-0.0697847628539838
0.00656747357747331
0.617401644165362
-0.100994756793827
0.3759286063195
0.208934334689451
-0.45668057837025
-0.735501323653876
-0.188961742180387
-0.147202134587396
-0.761688349316688
0.0126350130042543
-0.52052288107615
-0.387434736799759
-0.16281670297047
0.157238784877436
0.673124550776513
0.161114282610418
1.0891009990799
-0.355889854047981
-0.453174911595923
-0.579379106444461
0.475348354715925
0.839719845005108
0.390855303914148
0.182613242185879
0.100235056903983
-0.0759989737493743
1.31827679560078
-0.318654960466891
0.0396968219458126
-0.325286501443321
-0.604861409082524
-0.527244830777345
1.26005605762786
-0.680897849961246
-0.143096480586462
-0.309889044127202
-0.777022246215816
0.0500411154405395
-0.420988479774759
-0.804823054313825
-0.331217560143389
-0.428652776121538
-0.14466182004065
-0.0178053374630234
0.456636438569847
-0.89933600249978
0.310671528105347
0.83387214798271
0.467912900151008
-0.913276771132636
0.0329105226339919
-0.420514422265371
-0.185855939251523
0.351960177284253
0.517792286512119
0.466995267621922
0.0919920854805414
-0.652255873104533
0.598647880976614
0.110438451009864
-0.333715157483211
-0.37356909473565
0.104849172239958
-0.376436793969112
-0.45124115979235
0.00253685157265834
-0.330914385474094
0.568785183254109
0.166521762248604
0.771102058894152
0.0237491955618607
-0.342861353691174
-0.664413924943086
-0.6936370080529
-0.729290902115226
-0.33603947301572
1.5146333756746
0.190040848686837
0.214745633061817
-0.615733436957985
0.54753349158437
-0.880863706064412
-0.347225729067949
0.0679364396486078
0.192627155886315
0.379296770303832
0.0281064489641998
0.613787106490603
0.00545523851336068
-0.750990805557248
0.365298909829684
-0.0741471064102182
0.0118100602812858
-0.379399263687538
0.434647781819857
-0.438177590484443
-0.334736687241952
0.0617648047186613
-0.372702601141687
-0.441395124737391
0.105682889684313
0.225570169496798
-0.202810810026894
-0.562694480607214
1.02521047983648
-0.346037458513099
-0.315889716087299
-0.326001507719765
-0.44002827746434
0.0655705469437855
-0.117318079257809
0.866000340028512
0.299529902634714
-0.404215753411577
-0.384028580307436
0.581541725140752
-0.59322171091628
0.190911866886882
-0.591977596123732
0.586708736280695
0.823334302364202
0.720500753330922
-0.29136940953331
0.610605233513086
-0.0368177711545759
-0.417999743993747
0.947190691961417
-0.603093209878216
-0.219543508618115
0.53264382128565
-0.322059986210072
-0.107485705237393
1.27187808809196
-0.354644764549579
-0.368002317061746
-0.325201508385596
-0.564221363658507
0.300032914006979
-0.260000703708589
0.105158822854093
-0.156066725783202
-0.430002370542649
-0.307932946346907
0.2793075388997
-0.777620505929072
-0.174072527051338
0.57933425959363
0.249710959473474
1.28256870164648
-0.399298546571948
0.0130381380779671
-0.346150648894175
-0.288728164708056
0.97280312576393
-0.56370485050861
0.855476895854448
1.20945535895467
0.587931314341488
-0.44259927415808
-0.405080141706249
-0.0499118990990066
-0.748997254435472
0.437300555144414
0.289649064381369
1.03371428570123
-0.70189559519347
-0.0567413375984005
-0.215777833931586
0.0720503792710528
0.147801021546118
-0.467485523414141
-0.773489414322939
0.466031111781359
0.232162075477463
1.50776453885791
-0.601574715489142
0.113507852998989
-0.46297003334918
-0.153157017568593
1.44067663123346
0.183329551352906
0.540465284187665
-0.644333894343239
-0.359563861378512
-0.312748759618114
0.554771087020697
1.08857261423148
-0.313097411135006
-0.318135125683968
0.0480401239032734
0.142852202599063
0.239186884068581
0.11956516262917
-0.34170970791455
-0.932732711572862
-0.502161579177169
-0.286361865952565
0.767206310643363
-0.78634688851887
-0.108091985274337
-0.769977703744787
-0.809369306885451
1.09120384111271
-0.429460217645572
-0.397305345673392
-0.0782922228880461
-0.053009715799321
-0.828900749357252
-0.403493988552632
-0.473386533111919
-0.375316790460227
-0.26579999607848
-0.351168108186103
-0.341665801235293
0.211930309443362
-0.978138759475626
0.128583723629643
-0.201502060041731
1.81282861997509
0.104902216488571
-0.425048350029522
-0.517086791662888
0.19413049234989
1.33043856630943
0.0619160038606036
1.91992167286846
0.534431673621179
0.599039667852971
0.961465720766456
-0.00443671325827499
0.0707307889784851
-0.0811123344656187
0.467814812027507
-0.0418919508448494
-0.237217425293505
-0.492653011503335
-0.223703855441785
-0.780489896072438
-0.537772376542021
-0.784274268583075
-0.439822968071833
0.290324770829562
-0.737470547413976
0.0126703410610057
0.403328731700273
-0.477047000743298
-0.547456712416283
0.689005520130997
0.051568637536121
0.540755464411463
-0.906572857394521
-0.794585597485828
-0.757888090773303
0.821327230563875
0.547223487065908
0.532111169400203
-0.20751144559231
-0.542852454206858
-0.112458371316994
-0.15718226268935
-0.358596356656038
-0.154934384073804
-0.946865635533319
-0.266953764808207
-0.385736620378582
-0.182502799883203
-0.329600172233377
0.358974321966356
0.332802871178842
1.362786809833
1.39361840208498
-0.500426192956897
-0.0930549202366771
-0.148659026558023
-0.325358095942823
1.0500001859523
-0.531370744123971
-0.834617609292277
-0.482403701890874
0.824688453467075
-0.779669663839088
-0.741489500927336
-0.414115972418007
-0.261488143023147
-0.683795186784591
0.0747428942230057
-0.0470650702464839
-0.487051057769821
-0.857880132729067
-0.774661261702753
0.850489625530245
-0.123720382865052
-0.637743502766685
-0.504010604575688
0.0579205911486078
0.16359799866502
1.50181030577582
1.11719358767297
0.189486913291795
-0.391522872517333
0.128134232413866
-0.426925500369958
1.44707603081293
0.0819191060091329
-0.00153154422912994
0.624695184001253
-0.24670785028468
-0.0134882018359617
-0.333946098833482
-0.432895359738512
0.370519078881744
-0.447781697253755
-0.643265392373252
-0.307435785913278
0.156551485355598
-0.527752678582315
0.482207811578936
-0.0408517197118233
-0.0637872574083454
-0.139617870900847
-0.324715273005051
-0.674018528764522
0.809680886691444
0.834864984397412
1.87698564917533
-0.0139179309219266
0.883715445396816
-0.514268521315105
-0.679586820296959
0.135568004530494
0.167771286700742
-0.310656136237731
0.970965644418289
-0.619243823111611
1.66078394236453
-0.853441339324732
-0.478884788156676
1.02998231576742
0.153449564929035
0.193469747932088
0.0800062634080525
-0.318722964733311
0.531620377200223
-0.640397704651799
0.675711075263933
-0.149899787324594
0.0306503088519215
-0.228374684455679
-0.628072218007188
-0.635068846481863
-0.378579611917846
-0.435597789074779
1.06219861575581
1.16364236702442
-0.454699414542197
-0.515085821318168
0.195414000731466
0.671173780773387
0.00982566670126277
1.34128393951597
-0.151767543423381
-0.115815719078525
-0.06454840879327
0.538213163994413
1.53216203305526
0.118533484956495
-0.0353411327819471
-0.120119691468626
0.636218995114041
-0.354076267199093
-0.377611446042033
-0.715186985420585
-0.443189410485323
1.26722090164506
-0.675514437672505
-0.517145706722744
-0.127268543974596
-0.169577255338175
-0.183571072502775
-0.451621075080278
-0.144471624824548
-0.177101023341329
0.771033120990694
-0.488983358719597
-0.783591900613477
-0.114028538614718
-0.0586371326686541
-0.149537555881684
-0.7290641378302
0.35841608774573
-0.387907391534402
0.54203660776675
0.606699664310606
0.582837386533884
-0.426949350119837
-0.830924075194362
-0.298925771387941
-0.391331980927211
0.390946498502406
-0.339760539029436
0.953601925602964
-0.227177450811406
-0.0602321036398791
0.544102469995955
-0.65833528021236
-0.84303253916515
-0.196967297115414
-0.24258652619909
-0.33251230932784
-0.356296175834488
1.1130130922653
-0.0927501476651186
0.359944486747161
-0.144974845671573
0.199469692292563
-0.656026619822905
0.202921905144763
0.765647661156558
-0.83624725814634
0.0819889785450986
0.105970719302483
-0.485349564565379
-0.476705260000183
0.41773699802421
0.257552398164754
-0.146634209955157
-0.70572647266867
-0.053178241767455
-0.107200288972267
-0.0798621041338349
-0.000101197496059281
-0.695586385374431
1.02118751201559
1.97001260194434
-0.362169355423095
0.129574201117288
0.58038488268198
0.143863878632729
0.470569750673212
-0.390887462665504
-0.609393393982471
-0.344556174392178
-0.315352616371226
-0.345394530253234
-0.00624143157223379
0.0349433699336469
0.190842936086588
-0.3899770496717
-0.00850484030311161
1.40034481828957
0.108748861322824
0.452080717727553
0.0338274160118752
-0.132352991366107
-0.712559416035894
-0.578079013206657
0.222647249120354
0.0118949480974685
2.0700858162035
-0.42147169124653
0.558297274081537
-0.40946392765969
-0.667175948535922
0.386716851651341
-0.13376407036895
-0.157750042447415
-0.582131374359081
1.60824283933727
-0.743114457507833
-0.339185815328444
1.11772681552545
1.0464887781991
0.49475154039172
0.649747192481538
0.606377259968197
-0.366105179306557
-0.659811457208023
-0.364442875941554
-0.0745585489397407
0.580129253298
0.064739972251984
-0.0393587506561209
0.198221560117753
-0.255088853163445
0.661745195739388
-0.308945020074606
-0.103717786223394
-0.0140701058340532
0.469024067730344
0.197439434510613
-0.314721475225705
-0.328019244208265
0.858994397851042
-0.793781209856715
0.751215261829566
0.519819205718792
0.461303961590118
-0.718490035810083
-0.720495038856412
-0.157528029632027
-0.304775257575845
-0.366554110134263
-0.301882076238097
0.195707947237743
-0.329163696861283
-0.292711066331463
0.5452221711711
0.523704272218219
0.19723472701075
-0.330050415049557
-0.0399873414589942
-0.834646551501047
-0.246430995321561
1.18444190343311
-0.069332523148704
0.723698153212671
0.810448678778864
0.649425570302483
-0.25736841642375
0.0594429781319348
-0.48319994626871
0.379017052220531
0.721141276275016
0.392103695818132
0.0968980739468114
-0.103319458038855
-0.244208450970653
-0.1645051177728
0.151566532407631
0.294961178979554
-0.129201497147966
0.119381322053403
-0.02262148942884
-0.0424280050988673
-0.0650148275664108
-0.0929594811754311
-0.122838503135263
-0.181491818900236
-0.215371470453103
-0.00448143284452907
0.207673813562362
0.0855331990920061
-0.00763812605005217
-0.0560352667913095
-0.113058677373977
-0.170882776883017
0.304807507173176
-0.252853781756931
-0.0610393269574479
0.269390906364353
-0.0528929152812897
0.661778625229712
0.309113214037441
0.113582278186439
-0.218446546558783
-0.135889605870538
-0.278694751915772
-0.0620918665550557
0.558448736924134
-0.0745514348633136
0.10561279769894
-0.00989125502019379
0.514809446420905
-0.181565901453285
-0.113198492755975
0.0255846894398338
-0.298748452368818
0.15994178167068
0.0255411670182503
-0.171166939786663
-0.33389533830658
0.431109225135315
-0.0859859450567294
-0.179640586430055
0.570760382233496
-0.235173875228798
-0.0714418118584793
0.0670048182128969
-0.268184530040569
-0.119382863370788
0.427064327803457
0.111828862783378
-0.032912291891194
0.0299897531817469
-0.0882274349664219
0.175468125052118
-0.111067401131478
0.62506488695502
0.230726448887153
-0.10986369391766
-0.0762430651125793
-0.141498435058943
0.155884288924347
-0.0823132417871997
-0.0703822545562198
0.395820255697916
0.304884959040482
-0.13119678984979
0.104188286555012
0.128790480923408
0.0613118889824317
0.1172535356571
0.0538642685558131
0.0436708221606041
-0.149568036670845
-0.0544103409029472
-0.0713229196283604
-0.206797475774528
-0.187347318291381
-0.0838458185018543
0.179000677209797
0.251706292288791
-0.214937955484526
-0.132558920884325
-0.0258214965136171
-0.0325431581049064
0.477721295715742
0.402732643074218
0.299178843500679
0.111573563138057
-0.0313167592186463
-0.305121979541189
-0.172606316220606
-0.0736757504686901
-0.0489465971257328
-0.342717536194198
-0.220254769939691
-0.232552522721097
-0.0633697720680337
-0.138666459272122
-0.0619998629472573
-0.0628568690239444
-0.0883541252966093
0.371039160681603
0.361671178836745
-0.0329348010017212
-0.100729552118711
-0.0609598856346177
-0.2997375335492
0.232999478585312
0.470201034856788
-0.150508176581048
-0.016503510143272
-0.0997174185720321
-0.0673080226496784
0.7504954373599
0.703936081828118
-0.0848884703418318
-0.256935805502679
0.117144514003893
0.620489947228926
0.103768662736034
-0.277055458304746
-0.201294673695538
0.0226371596018345
0.133406305590182
-0.218043846502068
-0.217772170500823
0.632224719522897
-0.31697107355387
0.535285686338168
0.247205113798395
0.00323784238561546
-0.115480910193244
-0.132641460235939
-0.154929072311068
-0.101404823038632
-0.0798453154786498
-0.097250277316568
0.123153620136825
0.00801389985346288
0.468201938682371
-0.177063069054531
0.0842365607717056
-0.0737477220671078
-0.000136331610879702
0.0339657645233613
0.123661942603041
0.475011121838786
0.225903205726427
0.504386494686785
-0.220674397003386
-0.243941666041366
-0.234263556961357
0.0377672937995938
-0.305890094427268
-0.157316090340315
0.0863353337646191
0.262789360319209
-0.332545572626956
0.25742576302196
-0.0818392744537283
-0.104599158293741
-0.142479499481459
-0.109772289347133
-0.0992984622016594
-0.160332514548959
-0.123217792483483
0.202094321709132
0.13489807452622
0.168565629529211
0.0804917190028472
0.0955178048581918
0.0484696258490181
0.192338813306252
-0.0348441043379089
-0.0672577433011021
-0.0344234715267218
-0.347982179088567
-0.0268332169298436
-0.090426952930153
-0.104764189606608
-0.201327061933615
0.719686083143007
-0.0964203579488424
