-0.212530652007674
-0.117669365463736
-0.121880191743417
-0.15319038453278
-0.428786605384329
0.0602716396352294
0.0686005148631081
0.0665234377824025
0.0600314697922542
-0.0864310068962322
-0.214897715815497
-0.236426665157712
-0.0345460093184708
0.817102702000263
1.54104107528879
0.0983940774279221
0.00867280987014748
0.00590184423180706
0.104304882175298
-0.105203516053355
-0.215708620071083
-0.44808113230681
-0.364173550634221
0.453549824949813
1.0181215871653
-0.00226217436095297
-0.461511385770857
1.27796893283468
-0.15238467799461
0.0146963396069506
-0.0697551664665421
-0.0696373118551081
-0.214355304453379
-0.254112502308976
-0.0853444088052915
0.524120741295374
-0.0611270461505325
-0.0056596349620855
-0.0907548408422049
-0.0655654272454117
-0.432223453861461
1.4367461121414
0.574908609228429
-0.324049994263956
0.229220602421102
-0.247757309114489
-0.159327217431636
-0.449970667289746
-0.463367625408754
1.47809038518901
-0.240713428938417
0.0425745110389942
0.357502382537996
0.0369940749653384
-0.0692215748042912
0.665905897609602
0.518536134451246
0.091373550775497
-0.390128021315088
1.02220209843098
0.110634526103907
-0.139871586518844
1.53056832600932
1.24932765435628
-0.0294974967809511
0.0203134685993767
-0.454157779397976
0.300814311102362
0.776922302302646
-0.451806683265037
-0.447950820743098
-0.445224545736384
-0.196612681695237
-0.309949722460548
-0.464650270432662
-0.407219301012977
0.159150221649633
-0.0765990914815392
-0.0356943705422961
-0.109049477487995
-0.0331297359236224
0.0190940879259439
-0.107688039205725
-0.100245069665422
-0.0731856336005526
0.543907689919517
0.613224308884633
-0.0343530883408856
-0.191860240175814
-0.247325934278464
1.5333573771057
-0.0494243174933633
0.0663254507282507
-0.10596351364726
-0.142627533076651
-0.0162964860053719
-0.236952133089592
0.0503251956119299
-0.182085630549295
-0.284947049781297
0.410772385997198
-0.163809383981493
0.296170224585786
0.490619331767249
0.7341700464814
0.0264003709166862
-0.412822779464013
-0.359395924843903
-0.196093895385843
0.9139457496264
1.38453334870242
1.15061826345908
-0.124556859701252
-0.0895035413251598
0.0670751780688451
0.130278487079969
-0.454339268323216
-0.330358769168634
-0.361188457872185
-0.327268318288207
-0.183365345481138
-0.169157684420828
-0.224818787999485
-0.290058323465065
-0.346026285152192
-0.314902165233944
-0.330971600644364
-0.228039984292895
-0.349619572978647
-0.311714979904989
0.0653220354403989
-0.0495165416072752
0.0375197261826935
0.0827513271305915
0.214584504651069
0.207595211701025
0.0282288183308498
0.161982437592751
-0.109089571763717
-0.23511141815211
-0.37040500970056
-0.562683273733456
-0.760123722864653
-0.809359890979289
-0.820786177755502
-0.891983851474296
-0.404347305380416
-0.607132143080903
-0.34795036271478
-0.383230007229183
-0.59886993096626
-0.596271015960577
-0.672675557886261
-0.826994567514629
-0.863169025649874
-0.491893646948289
-0.476262093756792
-0.486572674195339
-0.599426776639952
-0.954258631181419
-0.972789571562984
-0.899808866216793
-0.460810681561053
-0.448470383497964
-0.769933250310112
0.343660975998696
0.750888688821845
0.938895613369097
0.92416187036198
0.876702087736709
0.556713788247965
-0.102891190041734
1.08232642701247
1.31159946499953
1.35953949291099
0.561996158702212
1.07659567087482
1.76841036047084
1.99074499683333
0.233986203398072
0.58513604123622
-0.0788377522270616
-0.106759980694932
0.140492848952625
-0.0524131910738511
-0.684398826882602
0.226966196980854
-0.0539022155716429
-0.27967066903769
-0.292846422371909
-0.281144168941382
-0.310742613369834
-0.271400355953025
-0.0876253274395972
-0.205363519944374
-0.0320483318714779
-0.258315793028748
-0.298030699674169
-0.263762039414161
-0.0504818277870262
0.060119732231456
0.0057772655065554
0.0626559868927021
0.0353927058108916
-0.286125645115113
-0.415164110964562
-0.570070699214449
-0.926045714112907
-0.996178225973191
-0.966049594718472
-1.1264161553588
-0.955834866560429
-0.914481498757414
-1.11643874547387
-0.601357177111365
-0.576131432913626
-0.711755418424447
-0.786207072222359
-0.849121742824451
-0.886430970302173
-0.836005590377714
-0.32007782527063
0.495166601850084
0.952030123184933
0.443849915202985
0.301035806586106
0.77267674509798
0.681880465362752
0.6542938543224
0.323164627415101
0.662494438349804
0.76121170042925
0.185285069927567
1.88048929428162
0.923701503581412
0.0909431322319004
-0.194403882707655
0.0324006819617984
1.85354128356672
1.6249245292418
0.661239132599596
0.342502498229098
0.840262146370338
0.740321112217343
0.937191645246621
0.669095810506497
0.320622362303708
0.147809335657743
0.375257687194986
0.108239787738448
-0.768748544946235
-0.734133688484306
-0.632482866371448
-0.672481885633913
-0.78845150730543
-0.0387798714937708
-0.262498328951163
-0.233390472376887
-0.497142733351545
-0.323223877224363
-0.416253380809361
-0.369809163617313
-0.498724569996061
-0.38998413150453
-0.430520622613036
-0.499543228707426
-0.22639278521895
-0.313756003406153
-0.33134353599642
-0.259906397226224
-0.345653413222101
-0.353488057136494
-0.0714419285708873
-0.86260341883078
-0.860481084630656
-0.266467263632952
-0.309766455179194
-0.247785986446761
-0.482934623252682
-0.346075787543736
0.330949919275914
0.590232009825004
0.0838847478323142
0.38258634466106
0.254540885061876
0.73426149187074
0.761648562267462
0.874142917823618
0.639533548980495
-0.319554731584656
-0.217356342656368
-0.16402433377306
-0.0959445520561791
0.227150313692521
-0.632785253985314
-0.592740317508981
0.00148565976414436
-0.177878590026963
-0.413053387518407
-0.792387144527829
-1.1110824981024
-0.0954825566088069
-0.535586575633235
-0.495213979496085
-0.600691171498554
-0.0764426032843746
-0.320597045232395
-0.321276633430717
-0.881058537284964
-0.123272172350022
-0.0587865783964962
-0.516228041095872
0.584261657860166
-0.947627333459698
-0.326084711102508
-0.365420908722601
-0.265511679934968
0.292946259283645
-0.4169274067388
-0.484569832937072
-0.328178210655503
0.0932502747144913
1.12076041114112
0.467333908644918
-0.856351169494178
-1.05413259232995
-0.508907582772427
-0.379772743207098
-0.232400296961667
-0.732920605360493
0.103058265487823
-0.63474370509137
1.22439604617713
0.764011189877547
0.30973240925694
0.564336255425711
-0.880975251737421
0.791272799126466
0.379463601398982
-0.612546243156333
-0.746968262669932
-0.28293558255179
-0.735628177668165
-0.585423797300645
-0.356127312829539
1.13418016950045
0.863553003220502
-0.560362462503917
-0.866039928840495
1.31036266975105
-0.273706173817782
-0.652114929733206
-0.380823330373105
-0.0314304746279093
-0.459238560605493
0.386104460903798
0.305316768323473
0.0669433870080861
-0.257581211775174
-0.144143720999456
-0.104542801173292
-0.34075518158731
0.485031646301575
-0.590010260968961
1.47838235757003
-0.264035886738631
-0.528264857005158
-0.926696374330298
-0.327382192382215
-0.283637350364289
0.0194721346478585
-0.405987096551987
-0.460782892221112
-0.437971755917676
-0.402686200919308
-0.447550560558665
1.33609923607249
1.9534169389433
1.56326551744112
0.310859260574048
-0.641880087239669
-0.970808604367702
-0.186277567361329
-0.892404195902865
-0.336369695167886
-0.201405878865745
-0.17762320877325
-0.297325308577401
-0.820294489934977
0.0143620972978191
0.171930559439952
0.114697379011086
-0.526203725935545
-0.484607816307665
-0.324201897597139
-0.266045909029845
-0.440492046321217
-1.06244759520431
-1.01870262098457
0.282284117256287
-0.229455213310848
-0.110321128059788
0.460267572036251
-0.0971108065526343
-0.0529498978172125
-0.216918418081734
-0.437791018962945
-0.478325314712224
-0.285750390729706
-0.114086631584719
-0.227796715414043
-0.0317558571052213
0.178267934253271
-0.0314985972840445
0.33578387007768
0.323446580767517
0.408635794264037
-0.0126277037897163
-0.80212524829553
-0.719186636253937
-0.585444230237557
0.283371284472038
-0.438460206391558
-0.922076568818436
-0.388061655035971
0.0580789885489543
0.693106530819888
0.389811111611165
0.888237177885354
-0.345460877056717
-0.264138564467904
-0.40291409646669
-0.533087403187814
-0.480882151250852
0.0517429142889124
0.0324358363495803
0.024361926629159
-0.376264623001411
0.0333637540493242
-0.266274691905049
0.969305593758584
0.779327254895115
0.854622525832206
0.596066623486717
0.0256909767085111
-0.27065817745561
-0.299581852606246
-0.0515068282404644
-0.178098469058838
-0.075148151009392
-0.0447047015928477
-0.00593191931974826
0.00897642342513769
-0.030170460613983
-0.270918017530216
-0.803350084632231
-0.71048050680802
-0.692719738911147
-0.240512989900886
-0.272282084726616
-0.180775900752768
-0.156920965640162
0.070010094272844
0.148641822176862
0.354700096448163
0.504236075666545
0.172528046532771
0.335072963712172
0.42553428558852
0.459706408573771
-0.0277166720244668
-1.13595054782125
-1.09953259590605
-1.08773363024565
-0.640708288014483
0.113417205842637
0.88219551981209
-0.936059708049105
-0.746601718870792
-0.622458912405484
-0.164576382486343
-0.490628750872622
-0.872187091897356
-0.529060604229742
-0.0856081678233661
0.149915474954989
1.21301337145041
-0.0652909153870171
-0.843180314553864
-0.000565212078569798
1.69003403693453
1.6933046191528
1.66452223692058
0.832996546344769
-0.481618202654985
-0.472007360103249
-0.476519452679031
-0.0343270131248034
-0.508376316090678
-0.0628299956544062
0.287506519860249
-0.284356614984572
0.388474477799235
-0.361838784847146
0.637242119513606
0.0505770290108014
-0.104175959968894
-0.767151380728836
-0.0461398740892814
-0.769990585039789
-0.933081953609508
0.0480465510939108
-0.216817813572458
-0.158953823554452
-0.691779779944518
-0.1106111831997
-1.00862430658629
-0.400585872119461
-0.165795177158347
0.194117238468828
0.494368980907685
-0.263462814214817
0.0173648988725336
0.0273274303187656
-0.527143375086603
-0.840851695179491
-0.329314603698967
0.0255643615254968
-0.916616558460951
-0.203069975193509
-0.737798884430258
-0.603806030368424
-0.278194622470227
0.368652453134508
0.491334112908473
-0.0655657759715705
1.092635353239
-0.0779290898170841
0.063811917028967
-0.721184690533439
1.48447665384005
1.08881691564319
1.24870424783189
-0.116186347187801
-0.0432837792085809
-0.0995523349519818
0.636880446704119
-0.406342374658325
-0.117909148146994
-0.21525770214435
-0.761717741147626
-0.508914051303358
0.633713397660836
-0.781804527226303
-0.289059532839352
-0.0586245042616207
-0.883781603808637
-0.0439483372583732
-0.478331850674685
-0.942729862678954
-0.519588377645475
0.0438583238672031
-0.313721564509418
-0.000555162007061987
0.273151327639029
-1.04479079496231
0.250750315285182
1.48314911488559
0.382776245810971
-1.04667995900377
-0.307532197760991
-0.453059735938224
-0.0953232906453871
0.0630183264165447
0.175454531392057
0.105215688236189
-0.0544373908008612
-0.652219651425954
0.524257127636592
-0.117100351424388
-0.470791912007578
-0.0182462269384252
-0.0734176791660655
-0.405283777477079
0.0577206046294539
-0.0559687520246531
-0.387576022592084
0.210692949921605
0.00101230379982004
0.46436855584748
-0.141132284704236
-0.48788055082866
-0.661628249616064
-0.849023340944073
-0.788325504872414
-0.482475266450975
1.45955865101422
-0.0102298905094963
0.0248883762568752
-0.741746150835706
0.2496295993217
-0.95551082098383
-0.583400105532717
-0.131940150328456
0.62885782183034
0.773175759606054
-0.199447213237307
0.366751912599302
-0.0516428531915388
-0.859847842316981
0.0467377178445902
-0.313812275331754
-0.283998577233673
-0.430106931028774
0.11782968115605
-0.428542381286315
-0.404279719897173
-0.0647868117583504
-0.516895466582177
-0.552924065952698
-0.162052957847755
0.0388930819375068
-0.379012694040262
-0.597378346195936
0.456666010503343
-0.476315098098405
-0.232133168470353
-0.521796389473008
-0.62443478199702
-0.133440397902316
-0.216560157465854
0.792874073674558
-0.0404301475196181
0.0319364105476394
0.00977017620975393
0.224686464078214
-0.753607631000597
0.149403217433964
-0.563184086802085
0.503228066002743
0.588629045187986
0.552798950543534
-0.455668906276298
0.488957395842573
-0.00278600013611659
-0.527227586348023
1.85011907050576
-0.731153894447514
-0.374598402554846
0.981498323839036
-0.495432554400085
-0.300531843045436
0.769402883707466
-0.296324050744202
-0.361223861676611
-0.287790804398175
-0.557475679410469
1.0278057568208
-0.378587807792926
-0.02321491957357
-0.315982728700761
-0.387737703589981
-0.459892330165204
0.181008654857859
-0.908100200194329
-0.350383425472691
0.719116583905065
0.0865400715265748
0.951477810628267
-0.598996226120679
-0.194098717236004
0.0523908394934777
-0.330313594297181
0.565261466631298
-0.7780105362096
1.40800187473528
1.63800368322667
0.380564238296862
-0.5783434872568
-0.569449095088841
-0.283151583991348
-0.742718489026317
0.630512750430098
0.392219966032586
0.906694671451469
-0.824191600674698
-0.137558785738615
0.0295605996810409
0.256535006551519
-0.043667553235777
-0.50254884623755
-0.923637623492586
0.173231999886923
0.337421680679242
1.50962508086375
-0.782315435272506
-0.0543171183460629
-0.643841014001033
0.0335610871150534
1.86207953969949
-0.00618977937918861
0.214693800086414
-0.687719740339666
-0.484768614132109
-0.41243448249761
0.488597458791241
1.53680702144754
-0.513140566984557
-0.48850719052014
-0.0743946332915469
-0.105257601118924
0.153438009903769
0.0623434927852374
-0.470111951177015
-1.00670968344044
-0.606643579124904
-0.41538519529829
0.415894718734821
-0.901859726609619
-0.273240511900314
-0.88771321831524
-0.967024671237378
1.79285634178905
-0.53932336489377
-0.482347525015421
-0.102794821069065
-0.129677471852927
-1.03268127800796
-0.584808796808162
-0.621035817856691
-0.558796575559306
-0.46758543126929
-0.470329328351195
-0.219844053401803
0.100030553400266
-1.0821459610371
-0.116489143696602
-0.224261358522746
1.46912157014276
0.427551279703658
-0.510117394304867
-0.703348819231952
-0.00669522480121035
1.09804149295756
-0.0362932097571326
1.57003443301368
0.434775449435029
0.441226048404945
0.549638821194713
-0.22850141769513
-0.186001514229703
-0.273065130800031
0.353817435462823
0.0557581780703238
-0.432692423393294
-0.562380864201916
-0.520634616983704
-0.792587328243782
-0.56027756104537
-0.807478604530492
-0.508779420944854
0.0983772718384814
-0.837209091687376
-0.200341975361139
0.14811787094229
-0.489980900121936
-0.558375421724182
1.6587082872191
-0.0993416177121887
0.431179082677306
-1.08530795373554
-1.01628988400459
-0.990177600363104
0.550979410602397
0.42852096471096
0.439213543915662
-0.313898080256109
-0.69487051415519
-0.2124248339094
-0.318979514044855
0.0494019773938198
0.0100163268368652
-1.02243169623204
0.028874030747475
-0.396727346184588
-0.270363919089728
-0.455690223586163
0.147571150405419
0.285231469890577
1.38700857400183
1.16848756743219
-0.70879938296778
-0.367511234089767
-0.362473487002189
-0.470396041736249
0.842389946619899
-0.509351808019816
-0.920880796764561
0.0651874152598342
0.509942434373118
-0.882544732819195
-0.82588873055524
-0.432631250970437
-0.422990575632584
-0.7891314876983
-0.115151318435982
-0.212207918761444
-0.521464492727125
-0.95711169352933
-0.856828079280556
0.773994638912205
-0.270711884721814
-0.724780033812696
-0.595788888635589
-0.0179406462730865
0.146853770741392
1.30852310457747
1.74455315466273
0.274110506796303
-0.465380642146858
0.225505209552809
-0.578673600322079
0.668266351750601
0.00720277924108504
-0.114045915639167
0.405866680881558
-0.411760995519028
0.000401264659776109
-0.403347260611623
-0.456847471985623
0.0925891750995384
-0.635466397288028
-0.795432323655773
-0.0200264047429142
0.083452863750711
-0.70926526827282
0.054390084969201
-0.12146289121697
-0.28197861309669
-0.206166366034801
-0.412284116113834
-0.752500141819649
0.487946003592215
0.670441415746116
1.55988036084911
-0.132594156290949
1.33957946361689
-0.662433217678241
-0.77488539969124
-0.0639337128660424
-0.0772333416482112
-0.496675895935541
0.57580528421584
-0.661899740329229
1.16658633620004
-1.04668928087621
-0.505129963796799
0.750162088090765
-0.0889942833540716
-0.0572588889023268
-0.176622187833361
-0.165906523927938
0.175773307741135
-0.726058982693441
0.666476538370276
-0.325763450083389
-0.0625904894212765
-0.488151237149375
-0.767497473381702
-0.775212878575362
-0.490533068472394
-0.482259798408487
1.02550392134101
0.859885725911043
0.0639596271267508
-0.610993411654077
0.0598027331091494
0.615553776048749
0.205768629151275
0.849628933769383
-0.322558404452786
-0.187791767964463
-0.169938075060161
0.260209289000339
0.97744305453065
-0.0203281952771169
-0.254584086163077
-0.328746874622459
1.64467169060862
-0.0703734959811401
0.00158764224146961
-0.810585036984175
0.067355599083981
0.940701413514571
-0.857736868735623
-0.68366923091997
-0.304800605390409
-0.337263244335195
-0.343265644820816
-0.70919018356303
-0.275295192621762
-0.322606520612434
1.19910610001799
-0.489394072102922
-0.906702791587517
-0.325260889752003
-0.286917770733464
-0.380461333980071
-0.837671261738049
0.167745104264322
-0.376754707528828
0.415073527572832
0.357673836418019
0.367223123425682
-0.495478674231275
-0.883791408362728
-0.109895956575986
-0.508878148607043
0.26278839819431
-0.497531871511651
0.860947762261827
-0.306731271109709
-0.237543771734663
1.42291277048234
-0.845577444031722
-0.895422111214566
-0.341105660416139
-0.382129080458117
-0.402298390084187
-0.0491814643102771
0.697833579174514
-0.221444869209714
0.290268481214659
-0.260648758985608
0.762719890829617
-0.648647174017794
-0.0130773744343
0.519457707843102
-0.93847263784426
-0.186789661452733
-0.0958873884685663
-0.666885945315765
-0.663269890062249
0.191557623066848
-0.0470497317614972
-0.292405370851747
-0.722092522532504
-0.251545564967737
-0.126014610795344
-0.274224243231755
-0.135268827102049
-0.842903246926101
0.539951834939633
1.65348975065992
-0.390097266928228
-0.0928427406265541
0.232524560238432
0.027004605467028
0.0746200805194501
0.0276381390189151
-0.663846470432019
-0.329150646868618
-0.362041920113098
-0.415207531171781
-0.0821266059747751
0.0456721572280926
0.00491565656361376
0.00272279499283315
-0.160120416163524
0.7107118322956
-0.187863366941293
1.0461968328442
-0.0485889759304019
-0.270837834901588
-0.806653149768163
-0.696253503307675
-0.06984524091276
-0.276097441534267
1.77197748157174
0.0564644058998202
0.505060098269996
-0.480822236060681
-0.741498710939565
0.297230529907967
-0.265313173306549
-0.327811852807872
-0.762576495804702
1.96921270565032
-0.893110568493316
-0.114706126878682
0.532277556954953
0.973838224494732
0.129777603539918
0.546459822510229
0.458503718152148
-0.528748170947553
-0.704004930810616
-0.475831562985111
0.0207684069909803
0.319621811353375
0.0622657740771239
-0.0299780060704196
0.0256748408471416
-0.413280801005371
0.346590609830693
-0.513531217698132
0.0152499248117407
-0.0311086068105422
0.261514572455604
-0.017884273055705
-0.318224753478386
-0.318851235544995
0.652744847027323
-0.861927621580586
1.77697145591538
1.63670675335234
1.55262341238184
-0.835642083810904
-0.81128753820742
-0.327476233290008
-0.472840709109076
-0.530807765090016
-0.435677072693494
0.137108753180484
-0.370421664101109
-0.457073349027925
0.467089263013404
0.455866276375882
0.0436279967694402
-0.357422691680017
-0.0832495014978582
-0.92774672477817
-0.197264410705183
0.979718617035117
-0.232032428158846
1.55912843302429
1.75138008760519
0.53220671232707
0.0149809203507979
-0.218179101195674
0.0631307127420405
0.022125870733775
0.659271118411694
0.5541093310408
-0.0402346507303147
-0.250777243716644
-0.0654809270065138
-0.289008404998482
0.36038010185087
0.264431487644159
-0.399634810063226
-0.279740872775773
-0.112213165426384
-0.139698032756853
-0.182263370545669
0.055784788704451
0.0647298178987568
0.0455594040942076
-0.0188124866243142
-0.103490812064763
-0.04802588848458
0.791683391492753
0.710258015549487
-0.104372171594811
-0.34652875052191
-0.422969507033021
0.346261284221113
-0.0760553288073403
-0.234977953590702
1.33522077805652
-0.0991551689787953
0.649207680230789
-0.0226572476667578
-0.126919985656082
-0.269896755056691
-0.10002446157775
0.0494100717226172
-0.197349536733178
0.990162135047997
0.0278504985590849
-0.272398839473682
-0.291710459380089
0.392033264664681
-0.37917246479457
-0.250973147512894
-0.0981832719304409
0.0677712761763049
-0.150735885187437
0.707649670268147
-0.374395065326593
0.0316595185734822
0.16640092668886
-0.162758967336017
-0.341995716423628
0.522081010088381
-0.179291539980606
-0.0445792411803295
-0.168190819469919
0.00295946560488117
-0.0819753626143168
1.2302102924853
1.14171238818662
-0.12851920458053
0.910863461026315
-0.0739999663493293
0.59366191282328
-0.133573722219651
0.816919150349161
0.855736179256788
-0.113885638263432
-0.0779587305882821
-0.295178720097953
-0.0875327788863382
0.0221767283194064
-0.0939417612913915
0.449495474843241
0.10134215839499
0.0111901555955589
1.01057836676044
-0.148139573202405
-0.160236088580738
-0.209942377783527
-0.0935609915500599
-0.123144150118099
-0.326901241127568
-0.192268676250761
-0.234271617433436
-0.0154248729244849
-0.390646958626397
-0.277641553523559
-0.1133599163464
-0.0271372058674322
-0.328606369656949
-0.226353416081064
0.337680670411687
0.294052496118276
0.279074387044859
0.274961315004814
-0.18216051954403
-0.301083467208813
0.374718535807958
0.0659279574137594
0.0603852464447725
-0.179730354577253
-0.148092890387426
0.0601201565144036
0.0616860877367861
-0.0087692715782295
-0.329527620663341
-0.397962456931502
-0.362618593878458
-0.226083864796279
-0.252531626028863
0.0333067855738546
0.0936597666100382
-0.127450300616655
-0.19473946842791
-0.158212037945222
-0.0205518228965866
1.34976816708828
1.34733493792017
-0.0918758310772793
-0.207933565231
-0.00248680723928732
-0.157007752377281
0.737543328324205
0.901073080020435
-0.0537653408730967
-0.231892875079381
0.980362396670833
0.552832850902084
-0.102023992594145
-0.11799480297435
-0.397312618204995
-0.266026889549332
-0.129677521266002
-0.412817009993555
-0.407741204365702
1.08587953272203
0.0402162656553724
0.436838514842508
-0.0998664939362658
-0.10749625614303
-0.11227986918808
-0.161254137300545
-0.231917776398214
-0.145181678981615
-0.264749895788655
-0.229137146128029
1.14588795446045
0.777483513045743
0.587094573209281
-0.315485090939061
-0.128247222110573
-0.190317917323168
-0.114882374877346
-0.0858076850527897
-0.124744122477489
0.210761520871985
-0.0904395522816969
0.334199977898157
-0.413318725664283
-0.332517164053566
-0.375661483279412
0.572037953176972
0.0201308440507688
-0.311286212042739
-0.1690285541859
-0.180302826221988
0.0622228138108429
1.01840628991078
-0.183919808386165
-0.21931149173191
-0.333883474495429
-0.307524987719014
-0.26454816412298
-0.363391652257739
-0.307640080828317
-0.187691966804368
-0.207564597210924
-0.269731335333557
-0.114615672688745
-0.158641029948393
-0.109369487725301
-0.0898329733227281
0.182598231045804
-0.127561336669123
-0.132122992870717
0.0680165417667428
-0.102898201005617
-0.0479347327781284
-0.0584193939042287
-0.0181939376684939
0.625075952110685
-0.22133833721696
