-0.174060254335643
-0.33402393115162
-0.486743206695068
-0.469358971321887
-0.419313596545627
-0.449118277367509
-0.464096682881339
-0.480972949861482
-0.503699787392372
-0.648527998311114
-0.574906601239369
-0.484212320320407
0.17735984218486
0.916760982576785
0.924046946379011
1.20330805135059
1.22552744611924
1.09420251057974
0.427865792000741
-0.222452904100836
-0.339043136282106
-0.471943448062943
-0.480760517270262
0.771363413434123
1.07539267548336
0.0751427737013853
-0.446857427560618
0.933030613246784
-0.430557779964353
-0.575462148062441
-0.504290746729524
-0.163019217206444
-0.209910798713428
-0.477188485955885
-0.520655172668851
1.1509879676819
1.22587983262786
-0.439556123808208
-0.431444179115306
0.189359242051741
-0.478896102516314
0.994304583719053
0.896490216614845
-0.424242071995737
0.496675771369595
-0.363713266343823
-0.64203215326961
-0.460194453523647
-0.433050846233908
0.931711431201981
-0.427220970037819
-0.54158092014416
0.64540068865654
-0.444400939064648
-0.434518861765877
0.919950538894337
0.851159291507548
0.343557712573132
-0.421792866147813
0.928842767471623
0.811853643429139
-0.0278670773012723
0.960315673390282
1.03723918953596
-0.612047948077695
0.103566047732483
-0.453805963913847
1.18233392118843
1.11636133330889
-0.425873435725042
-0.466116061435572
-0.476462045386019
-0.473053682067421
-0.479616054629988
-0.44009597096597
-0.480569288863272
0.418722417568425
-0.470982805254698
-0.437132579879274
-0.432721056521714
-0.0621085630910345
-0.441663919996059
-0.391421557296668
-0.510710564222026
-0.516454048941293
0.879254566639923
0.911435147882345
1.16556279939623
-0.620882356492922
-0.426602990477945
0.928181899163145
1.24802487317271
-0.456742255146556
-0.257694581297271
0.00801017293124397
0.186639778460379
-0.292034665247838
-0.446809316735987
-0.123346021556901
-0.425699828954777
0.717463442197883
-0.296215439148902
0.572910659584602
0.822391988000556
0.921297163115074
0.259016457092551
-0.420517148208632
-0.422980735922811
-0.42883488042855
0.924376208818121
0.933224290539273
0.931795240651188
-0.656054924584888
0.0714954484903517
0.968893582177507
0.6157339875245
-0.594768495973427
-0.586358345468713
-0.590041703776324
-0.569328298690772
-0.572256584086593
-0.579663698187053
-0.598477169714917
-0.598497296096444
-0.601701591137783
-0.579535648659888
-0.574086935032023
-0.552392813265368
-0.551257264066398
-0.570944462903754
-0.296734215019832
-0.141757479287852
-0.124381804693687
-0.0219853800373371
0.0472305934256382
0.102574577937129
0.0355099993936574
-0.137957197446515
-0.477564255878075
-0.597096423849594
-0.606934866181393
-0.685515472757092
-0.779685726964454
-0.840164145746337
-0.883037639313659
-0.817341112961611
-0.569967380591963
-0.660365573666265
-0.54685335078609
-0.507989614925094
-0.606923864337235
-0.568872250825886
-0.590133970608823
-0.645821763277553
-0.705314110102735
-0.584017695304665
-0.577803619654674
-0.55933658354759
-0.635400959965248
-0.885711865926477
-0.868623818019624
-0.886395432301912
-0.637051577636046
-0.657015145394818
-0.892116475118777
-0.130193263682244
0.727788484062841
1.40077388177663
1.21075771061235
0.919821681436334
0.483447774155837
-0.114807788290733
1.2703285736366
1.6576595927995
1.60292428717981
1.04462015906027
1.43812998927645
1.64875073373606
1.65143381569092
0.720978175699676
1.12234321651074
0.404272904840977
0.167193845078252
-0.25936095233667
-0.463392974787259
-0.860644182695426
-0.277485716874289
-0.676752145426044
-0.734706293737609
-0.725798114831718
-0.719545063825385
-0.714083282211754
-0.692180546251543
-0.671717357339841
-0.653523041303243
-0.627295116434429
-0.67114741022305
-0.726705111847348
-0.704846752283052
-0.640715109756993
-0.533702086763294
-0.611952076631487
-0.537115840341498
-0.585623516528496
-0.689482674984851
-0.647162095083661
-0.762738163717768
-0.860279866351772
-0.906205804546808
-0.956917236179862
-0.992651694112018
-0.682114000373444
-0.579873280743364
-1.03166176239564
-0.78552117089263
-0.740100985077361
-0.817006143503368
-0.877364715333862
-0.916674428197522
-0.939619479608742
-0.911253241124026
-0.569652285456007
0.635210417615653
0.226954416947029
0.709406630225368
1.07566889077987
0.378797663404035
0.434242230087252
0.405937763666207
-0.214690614204913
0.43709079366518
1.06984610976812
1.39755797381669
1.49508695310164
1.40212022633069
0.918855922847092
0.498635089014584
0.811795675260634
1.21300191470392
1.2731213233062
1.32310662857497
1.07059628470826
1.36508782737956
1.3078910823484
1.19030981282042
1.24210834492864
1.19030400734956
0.965032200371276
1.18041357342868
0.980620050162088
-0.714186561996985
-0.7874126984225
-0.719555604102868
-0.89142414653072
-0.967063172650829
-0.416687272068291
-0.811246360033119
-0.802663589723527
-0.910031727750323
-0.823857077587115
-0.880563744116571
-0.827967011585244
-0.790394342776009
-0.759259964899767
-0.752921889712557
-0.720669355231719
-0.649632626927596
-0.755893533933228
-0.75918084923516
-0.52829203987113
-0.751396974194684
-0.753908202617545
-0.43543201164618
-0.618969982025157
-0.71331874137114
-0.59398121849887
-0.32162057034031
-0.191824900190141
-0.399459938834139
-0.345297122762406
0.215390669912521
-0.236709379605407
-0.397556185617789
-0.449123644296058
-0.395336899831722
-0.456116883964552
-0.498219091229137
-0.40575863960305
-0.42014782495224
-0.532610320329545
-0.50870970840709
-0.508473198048006
-0.471673387037502
0.57247255944968
-0.545721503217341
-0.588404680976257
-0.449762750507305
-0.664633188090952
-0.518551953974343
-0.883288018442829
-0.970014171396234
-0.230260199504106
0.0162683696321859
-0.0717235001996153
-0.508286919244078
-0.518691413736889
-0.586252178310726
-0.586366894152746
-0.791062745491195
-0.622838433105721
-0.641263915702909
-0.584089331448784
0.174613983801844
-0.77885456342389
-0.544064651437007
-0.611609068022993
0.363361584327181
1.00319680622966
-0.617703657991143
-0.55945813289506
-0.548587375924857
1.32986732960981
1.38212660306603
1.39813536728267
-0.741143048431445
-0.926259561221666
-0.687080753161011
-0.584322147499486
-0.471211478788971
-0.841886246050563
1.12565017839914
-0.331425759942137
1.32860153084655
-0.480399678835537
-0.116809441545679
0.777057364268734
-0.934977114842785
-0.0702111338899873
-0.324335382554348
-0.600494931433304
-0.66375621344288
-0.704683420320452
-0.627023190889488
-0.510963327424591
-0.744243370524504
1.65627393299159
1.59853029145304
-0.854087311583093
-0.815259403268533
1.49173955244064
-0.780278033652657
-0.709430873571903
-0.495628536717944
-0.483293121928234
-0.623648486483406
0.329477378698287
0.246678171192441
-0.503747155836862
-0.613630602573115
-0.528315367617173
-0.560002036448189
-0.593639044711094
-0.127146062240804
-0.554380706429382
1.72624682508186
-0.503351384808244
-0.642834519515224
-0.943919841135682
-0.552102546784696
-0.778328854649964
1.2958517303726
-0.432794377033153
-0.597210666303831
-0.589547275955554
-0.601317712469836
-0.562263442239136
1.10944167440729
1.4340420556452
1.34803740621115
-0.432898106725603
-0.459601918174553
-1.01292458809631
0.557435649593099
-0.67805117220354
-0.851632274919622
-0.684916181737532
-0.702064046159481
-0.548190989442743
-0.893975187197746
-0.032661577950677
0.225900749093967
-0.395229131656713
-0.516074077620239
-0.71159131969165
-0.747050564343934
-0.72952598001759
-0.662849067304961
-0.83571069067597
-0.933087713519248
0.207427009920009
-0.338225544931357
-0.194617361318772
0.822587041593533
-0.0799310535233788
-0.55649376570417
-0.536975528286666
-0.559095959996494
-0.499293283478912
-0.496360639575004
-0.528200830111552
-0.578808361101014
-0.601116939751645
-0.299902074297867
-0.554946269343004
0.00255886971390563
0.0318349001153476
0.449341056773952
-0.369474213713106
-0.623651701165586
-0.569649731571834
-0.504806688343161
0.108113206258116
-0.589508866695868
-0.909390046358491
-0.581996542478868
-0.0163962058814623
-0.346152614726268
-0.140054322084475
-0.112635881345588
-0.526186191602514
-0.508102064761078
-0.541726737544757
-0.520227551265556
-0.560483264150842
-0.571688542901825
-0.576071729071783
-0.509592253231992
-0.268289215135656
0.780774248928577
0.422018859640381
-0.247697507350744
0.84910739714859
1.34369234801004
1.46612697994855
-0.0389096685455879
-0.528764712741531
-0.529486070606271
-0.483808465171472
-0.664646929019352
-0.650765747535775
-0.641210971219402
-0.611630501095042
-0.561314542756139
-0.512553144247046
-0.560449999087753
-0.892796838045858
-0.841761157506933
-0.827930594242751
-0.695003746701633
-0.64675741854188
-0.691818058524739
-0.595588547851636
0.425386332138391
0.764578794033128
0.883974677210201
1.01264731159958
0.273251235199078
0.470594228146671
0.627800883168184
0.720721892246955
0.697537282432934
-1.00874925907985
-0.99809019516176
-0.992685898702946
-0.554520455646413
0.0885216411560727
1.32349748031591
-0.772171555945181
-0.727247285100681
-0.668361585162102
-0.480731722961554
-0.525000249883578
-0.728706504827563
-0.487392979910231
-0.356953845940668
-0.114653202999044
1.39308665957287
-0.535200185181543
-0.772464520016787
-0.600783221101905
1.13381393410366
1.04982197647123
1.08118684862859
1.032986073786
-0.461443103601985
-0.519677914354954
-0.541892995492911
-0.220469264194184
-0.463760677362247
-0.406934659825138
0.443138769304339
-0.453023970969738
0.567656471635415
-0.474419533868493
1.02043265670788
-0.493872304099399
-0.237855990396434
-0.793117703231455
-0.430306225688292
-0.73949883749478
-0.777238771729781
-0.557552353827195
-0.534180281856773
-0.480542530201216
-0.556105393907164
-0.309610543021259
-0.890278157814441
-0.657069428446306
0.0298281280781002
0.945152913143802
0.941109910019302
-0.623917327743298
0.0730699294503726
-0.389970428287961
-0.556993254644984
-0.849350487467273
-0.660782283044446
-0.60114976294926
-0.793199193959368
-0.399908685476033
-0.550956424653143
-0.418931144303626
0.129366226963072
0.589502005137644
1.24221092689803
-0.283072624378309
1.04519696497403
-0.480937519887141
-0.491617253493244
-0.587527937285387
1.14517700496724
1.64090870209646
1.18775987182906
-0.0664496587126778
-0.613771385238308
-0.557729296682925
0.0519267211620467
-0.454583301538945
-0.671776929375362
-0.458381634076691
-0.44969890039877
-0.61537049330638
0.785076244554078
-0.640421460894587
-0.767720131310808
-0.558308903507399
-0.690459282899042
-0.627626332780202
-0.580412885601382
-0.818619945816641
-0.471076976575675
-0.534476036713922
-0.6614074856926
-0.610774592391463
-0.52770192427792
-0.920104011624071
0.168232182731418
1.02723065429744
0.730223875553466
-0.94900660606306
-0.727729832685517
-0.329243032963586
-0.624549973064831
-0.264890190368539
0.325491356816713
0.268781179906447
-0.485372538135779
-0.654100306578015
-0.405093244495797
-0.311460633053631
-0.519960785163739
-0.473526410469017
-0.65264490461644
-0.863573715740535
-0.52717827554102
-0.634233442373918
-0.603120593273506
0.160148492141751
-0.257429033551926
1.08271761929506
-0.556949539986595
-0.496187186265657
-0.666414711149394
-0.82526086766901
-0.828427611377601
-0.574428824709941
1.56339165549815
-0.433251936764562
-0.399294501207636
-0.794459033519622
1.04923225738826
-0.958750582192009
-0.471978210595592
-0.684523683395205
1.29915709301039
1.45094255087132
-0.357230887691872
0.160898858102905
-0.521121018830965
-0.854006377543253
-0.183473629294868
-0.761912792733669
0.344321327639905
-0.512983613002246
0.123094868807123
-0.607680290079375
-0.519404780774923
-0.213969799026019
-0.491718518223869
-0.538366872682719
-0.684619513937545
-0.340155692357828
-0.584671812293776
-0.774227008632632
-0.096857656760713
-0.590827865633604
-0.583407095047098
-0.0210516763596255
-0.522411091935013
-0.645416523285994
-0.719322825290062
0.216206211213546
0.0586621874612126
-0.475933134218295
-0.468168306392211
-0.136380793124644
-0.73168475986263
1.31080565569253
-0.676760154622275
0.882973350123265
0.969935822948482
0.946983767508933
-0.531062923213993
0.0470739111038947
1.21186059406258
-0.204352592470822
1.26610120122185
-0.592597769735313
-0.534274596321735
1.48338009542377
-0.474030647199976
-0.736515131859119
1.13509537657302
-0.538087100022177
-0.522867537958803
-0.460766539060506
-0.659781099616963
1.21153882204483
-0.708444107569388
-0.484637723263451
-0.797997023181726
-0.707985162362324
-0.591847069338025
0.444136695719107
-0.811679007468307
-0.795329531224047
1.23539026169962
-0.504978968557221
-0.0324522616406628
-0.771713551363518
-0.439489066983582
-0.564248950216516
-0.866491386752715
-0.282241738776677
-0.386892443224713
1.48402974116182
1.51822223609141
0.210353605500185
-0.541353302159827
-0.518386526348504
-0.252941760351388
-0.728235751638576
1.52865409088498
1.46817690037117
1.55495602793106
-0.863862264962932
-0.577352237545608
-0.578989546126174
1.31004153603508
-0.383964828289521
-0.564416958725825
-0.85137160624428
-0.397970339154752
0.386450103593808
1.68526313561618
-0.666838618552053
-0.161772729756131
-0.536071035204845
-0.594691678443342
1.32655548338349
-0.480663580981772
-0.277696853373075
-0.673408571356455
-0.817104083269147
-0.786611894833879
0.827314154654265
1.14186516035374
-0.607060525032855
-0.706073621174716
-0.156514416886134
-0.305048865664596
-0.07399561320026
-0.34222880856011
-0.503670650676772
-1.01746723914272
-0.812702320343343
-0.647336733261185
1.1306877400447
-0.795619329408668
-0.432904532261413
-0.708498391267325
-0.828636445449782
1.3899648971712
-0.540987940091437
-0.537064152468398
-0.659031555276222
-0.521367685661498
-0.962656926450324
-0.512278791892452
-0.911577318392873
-0.491971936133568
-0.394349601050909
-0.350356006083113
-0.495600740719924
-0.408783063873605
-0.964795323697572
-0.313014025448401
-0.796610909178162
1.3913582814432
1.26711612796061
-0.726746404669897
-0.648664527681195
-0.435005421668705
1.40741083628122
-0.0894412022046913
1.72306746784322
0.884567817425695
0.964412357262332
1.26330327963118
-0.284332331911164
-0.182727033633893
-0.482703660702933
0.128327224193172
1.11432705582739
-0.639114554750007
-0.575033238227956
0.0171872324423056
-0.765951746402522
-0.605148495757941
-0.798049803984106
-0.554622948344963
-0.539955770872159
-0.768831794947178
-0.703035037851907
0.899941559686433
-0.578842778261847
-0.602160587575557
1.22751529785763
-0.640509229358327
0.68770621562929
-0.943126555060424
-0.895676982540228
-0.915414083116164
0.315039868526312
0.608110408524169
0.603672659431707
-0.752364590908047
-0.783283630680015
-0.167646607708192
-0.568730911438565
-0.562457138662783
-0.603734833756247
-0.974696656624098
-0.569981620451329
-0.558262775672021
-0.709455559893433
-0.462784951325241
-0.0605805833824614
0.739120623696923
1.22228866508407
1.18675339891269
-0.594092763075972
-0.102186784214586
-0.581439697941242
-0.488528345014952
-0.352165838341376
-0.622890520296933
-0.915743302261312
-0.518358433048597
0.739337902958064
-0.923066368519993
-0.95507126939257
-0.597705640049376
0.0957942943811292
-0.601372252063935
-0.474073517200701
-0.574753000414664
-0.595978182059743
-0.794424426528514
-0.864666046445141
1.50510272978771
-0.698460105326975
-0.542707250088763
-0.458398767293915
-0.624851096284925
1.16644095150872
1.73545359607186
1.19650720088284
0.901876833628613
-0.58577748546857
1.39070846967848
-0.522092862265023
0.407212554431881
-0.391389288907879
-0.533260377858861
1.0127128193874
-0.524560057173529
1.30291254690498
-0.592227371115034
-0.586958144624741
-0.320486848709732
-0.734151949350712
-0.567868943423498
-0.565243451373673
-0.275695412943983
-0.67908717495475
0.184214860688334
0.200272242220328
-0.682007164014028
-0.377759237406405
-0.76665148518337
-0.730302749995906
0.970265902711393
-0.160541918585757
1.56026954819051
-0.560958523175551
1.01276305378312
-0.568697333076611
-0.848229398073551
-0.452774945587665
-0.414180901788568
-0.460218212858697
0.245450350446823
-0.633493359470162
1.40845359145854
-0.911853183916849
-0.760676703046472
0.99522347250303
-0.297114900060872
-0.343796626839848
-0.232967214703057
-0.554747036188533
0.0786185082900595
-0.624569815392821
-0.454334792894927
-0.562951478598641
-0.519047246085714
-0.478428117662729
-0.602905777309408
-0.601845961464892
-0.568083652986852
-0.564589745680499
1.64464436010068
0.98170113671119
-0.504618814531231
-0.927776519707399
-0.0315563740376045
-0.35394797469328
0.829252254253064
1.08734649863652
-0.598727056951852
-0.725859793215595
-0.499803093846614
0.22279691517766
1.2852056581646
-0.110197981209509
-0.72043204418425
-0.585629487785886
1.01288018390531
-0.513489460848966
-0.526551844028637
-0.682651242370392
-0.485914463541078
1.10291738061798
-0.857993399351414
-0.559668885229668
-0.59087869641307
-0.665630220849389
-0.666643483488223
-0.292964933235873
-0.519357173086912
-0.582716960200353
1.54718430428484
-0.591791301990122
-0.739759233406491
-0.382628489225892
-0.441587146658443
-0.472843526272467
-0.673388683513276
0.0569722949367317
-0.569259054066171
0.42968871141371
0.260983958085924
0.41891792540792
-0.545125573336578
-0.785745978067433
-0.565854387844698
-0.524558023558579
1.04858255078019
-0.489958126043455
-0.455995971412806
-0.257856488940739
-0.543040122901856
1.24376433671744
-0.590049830978675
-0.747369031770481
-0.599061604769034
-0.62478601827602
-0.640913355999972
-0.462335441226554
1.06773930260017
-0.649236715844894
1.35432424808772
-0.527509305591792
1.2214390705781
-0.685012825435981
-0.321588921423001
1.2393581266342
-0.731641006236368
-0.485694930735109
-0.242770538859978
-0.542888069198125
-0.713027072336512
-0.445210611207936
-0.127451577694742
-0.787069192316345
-0.741580717982217
-0.342095017950198
-0.548198895915572
-0.443752040910783
0.50264188473888
-0.808255853565086
1.18751928677085
1.46406778154989
-0.619780467585629
-0.310435770860826
0.0621151020652996
-0.215052051462612
0.179411462623089
-0.540736516141412
-0.551038120482653
-0.486707546641574
-0.451543011975053
-0.477296924295252
-0.545611497817035
1.2354438229603
-0.440723571572387
-0.495298377486472
-0.672253758172682
0.741883320034521
-0.677637317760402
1.37014740444713
-0.51310641249361
-0.472212483397598
-0.712468760266828
-0.809146178795108
-0.309497003556836
0.1570119465608
1.68127892130243
-0.474933716600378
1.21157992422041
-0.547889775844188
-0.613444209381957
-0.317916607536285
-0.741415925947714
-0.771401129227949
-0.937245140171686
1.40996583625342
-0.6360918878778
-0.46299518748654
0.123511917623155
1.00666167814054
-0.0100011688007599
-0.47271952951743
-0.513801851306214
-0.500841728898342
-0.601371755516201
-0.531469561367549
-0.600914573964973
0.39505459312553
1.35041585998531
1.26164376211579
-0.349541291738909
-0.561590159249782
-0.423280240479827
-0.693413732659352
-0.595796627095863
-0.622285054180502
-0.0935342607134337
-0.0946539395235481
-0.450314614112897
-0.68298620943691
1.31859849644615
-0.938609057779931
1.14257107236261
1.04308065860464
1.0796945408791
-0.645584656056893
-0.649072577941001
-0.74247496583271
-0.447717417717347
-0.48656988896592
-0.442048228867348
0.785402971906673
-0.733540161981315
-0.512726358335859
0.771607428296903
0.728883732148734
-0.460409124118282
-0.867014173881496
-0.55156077640052
-0.693046199657634
-0.635971963087007
-0.0462637225600973
-0.266610552540707
1.00538142786448
1.108907132589
0.91287042586884
-0.583825263334375
-0.667347846545587
-0.525815325767187
0.172548293600874
0.506144281696401
0.488982313100436
0.75497585059063
-0.677987010584283
-0.592594405189442
-0.619114636442259
0.719188491360129
0.983579573909967
0.0493247007311776
-0.339644718513212
-0.197445249768203
-0.166889469464033
-0.152857732683698
-0.230025856258977
-0.289998864344384
-0.395033043960565
-0.542517228399264
0.262101474426328
0.542216741232524
0.415545406302112
0.403145266236625
0.588549955080983
1.10107149209582
0.0775771146672279
0.569879668091707
-0.374588406397396
-0.1575554746736
0.780565072897559
-0.615934087401051
0.800354465706387
0.339307734430978
-0.423387928446992
-0.363697364903355
1.06445421462701
-0.386678403259263
-0.248128811358343
0.792946372163131
1.05112864320177
0.125535371926506
-0.195555734514458
0.731227736224335
-0.348666218518093
-0.365997683296861
-0.451755528250256
-0.415461533740139
-0.184878636195579
0.854603756643842
-0.362050488895668
-0.51118199389902
0.589368435837882
-0.543317052261142
-0.338794247191064
0.773116096158726
-0.369109587894653
-0.179893738278435
-0.0100831507337499
-0.380217423346781
0.736606804221848
0.790405681288622
0.776259841750019
-0.395101468272259
0.407936790273049
-0.429952177418223
0.480761081806521
-0.242013990882577
0.79761579975851
0.585817076288891
1.12016536851505
0.792579484831973
1.05926865122268
0.434054196447346
-0.204548203491978
-0.485834223825203
0.646963141541727
0.620723569065322
-0.273445762214516
0.543142993004563
-0.337563184223819
-0.375217796777425
-0.363277416079988
-0.482423600767064
-0.397689524997994
-0.377402029211515
-0.16186172306113
-0.22147762742964
-0.589962164115827
-0.369345318433069
-0.217640458969144
0.134796020152287
0.495158337467128
-0.366461562857707
-0.277033842611807
0.931673991246371
0.448892249626639
0.656580981336069
0.661107297070445
0.108501700765868
-0.067495901300469
0.638303863896999
-0.4112369752435
-0.320971426281815
-0.382679122284726
-0.239557328144548
-0.462726835320992
-0.387817750265318
-0.560557452424567
-0.216876291716071
-0.132955360755621
0.0452163254016872
-0.153149352293607
-0.213254638828069
0.380752957718481
0.566858301944547
-0.0793826566507088
-0.422514504948433
-0.21753145993943
-0.403284486029594
0.823996768514409
0.848063116505553
-0.291528801412188
-0.192337505414742
0.827369041610556
-0.596795403346077
0.846414262149031
0.843784632521146
1.15026600772536
-0.39229737670519
0.913583172291065
0.822562642579553
-0.45890731365757
-0.397484174640961
-0.40830629114724
-0.253284612190537
-0.385740696540553
-0.392095539561126
-0.383723972675284
0.849307197829435
-0.409591860068616
0.764264641147978
-0.0618972319541375
-0.457844539062333
1.18373358565379
1.11628952840966
1.08403783674658
0.975594686053767
0.823385662569363
0.902803079541899
0.685681665441617
0.545658095849455
0.694417469057309
0.699074467709879
0.161121717136802
-0.287543865659498
-0.351088650310645
-0.49850568158448
-0.243714797501301
0.562996626114325
0.15035340494485
0.679622870403961
-0.410024118625419
-0.390760201353503
-0.387485427293823
0.984154538580251
-0.553305125067639
-0.41809994145597
-0.0379380943626452
0.183704918147542
-0.422541728279889
0.653881621456562
-0.193095917021489
-0.418746781033661
-0.338599718746069
-0.273051687010973
-0.289871049389341
-0.330379548031396
-0.271230545514981
-0.0777418541523456
-0.246135455494539
0.0179126707859239
-0.459442279668537
-0.415562139868611
-0.431587773534019
0.290301034129463
1.05641419005573
-0.45103712541664
-0.436319997180676
-0.444510309612499
-0.638670805072318
-0.619435394572986
-0.59812931211323
-0.584722718672057
0.854823678942048
-0.358936611154201
