-0.285346568504215
0.252594208532753
-0.162636473324473
-0.196556651633799
-0.151977600429925
-0.0390725931653162
-0.033386817972382
-0.0328245888765701
-0.0357454959835578
-0.118718008946899
-0.237626341093889
-0.287656873460254
-0.082679721179954
0.405506030187965
1.22095827360897
-0.173423344051238
-0.199598349955804
-0.249363700529053
-0.263565001946647
-0.277234431457963
-0.287922855766873
-0.298776735803764
-0.286292254604527
0.226478394244228
0.375525708794906
0.412426624450542
-0.184964477163087
1.20338419387938
-0.0989673889435173
-0.0657574153101799
0.035005822448667
0.327905888731621
-0.283120757094759
-0.213007140670945
-0.048642437908142
0.0199318690628219
-0.232584336224906
-0.065359121815048
0.161463414879255
0.0412789842469617
-0.335722538643871
0.750459678474961
0.00936857391416736
-0.130953658084753
0.215579087658979
-0.319312201380327
-0.172742779412881
-0.233084498836742
-0.165329048668208
1.46473032192738
-0.11587115704381
-0.048959295953623
0.317889950519878
-0.0508393096112911
-0.0811491115554678
0.139304235822725
0.0717399956374783
0.0549452531454564
-0.145156857379916
0.749026001895709
-0.259898787707192
-0.197654701938553
0.997259197692983
0.564190912585914
-0.0899568440448256
-0.273341174050374
-0.208670372244584
-0.0777380116891097
0.208811700070472
-0.159649654759704
-0.267476449871648
-0.325023175672284
-0.211181350726453
-0.239685828261321
-0.172749996612992
-0.33576316556914
0.131931323236193
0.0952087338152694
-0.0734985431089367
-0.0907300245701114
0.392272239569337
-0.0571062585934313
0.213749052142425
-0.101855796381236
-0.0109426621194285
0.0181224017981228
0.0411684557732745
-0.243151052787234
-0.207166669562582
-0.315981897198822
1.38066341090454
-0.220466250709078
-0.0359462188086279
0.283078554486036
-0.182348403417294
0.250475875941522
-0.307250971660172
-0.0447874055715052
-0.246083041269369
-0.124009212427074
0.29364734336088
-0.284767273724326
0.275734120248696
0.136950484714973
0.256540231484402
-0.0173988239933326
-0.149869195081006
-0.138652287048594
-0.107155907610877
0.560029326140882
1.34658708405373
0.973450197263213
-0.145840770306919
-0.143296971324008
-0.255709768831785
-0.262069823496404
-0.213515390988386
-0.126162006799813
-0.235492035173146
-0.322945048248824
-0.130377437836398
-0.234414171234511
-0.257221863704991
-0.246526808255026
-0.227668985730953
-0.259306588554239
-0.281138111924782
-0.123488333383767
-0.221880225435042
-0.279879038640338
0.16979503816583
0.222091129659734
0.194468888192406
0.239664947875965
0.226341348394589
0.234346295777813
0.0793575697328662
0.192912600580189
-0.123136132091659
0.243756271167383
-0.351785958123515
-0.412373142972024
-0.450522750145568
-0.485000391022616
-0.506604202707548
-0.505292021025647
-0.307993544287109
-0.375888483427261
-0.269789015655894
-0.308558681471261
-0.349418182267354
-0.327569054287477
-0.331171867536062
-0.274508353733763
-0.248594890697794
-0.443876322745507
-0.452809939881922
-0.396073633938104
-0.479513110714513
-0.518668096392424
-0.263329462923328
-0.242626251260756
-0.501912728147786
-0.474613996445538
-0.210206333925883
0.759252242394938
0.705346636050895
0.705198180275271
0.892209479770494
1.69789900547351
1.355602625457
0.15057451132649
1.94037281688838
1.18710633049934
2.20036197581184
1.2436932528366
1.40079191094133
2.07876153357405
2.48666904583437
0.189819267223066
0.155927429645797
-0.439441171721505
-0.370516249894452
0.276252522154487
0.137543206797691
-0.212805743925658
0.20875455795376
-0.0673838563003358
-0.374745642993541
-0.367970515260334
-0.339963184214754
-0.327433908859444
-0.351393726393235
-0.289984666339593
-0.294844538927814
-0.195477966416551
-0.343339807535299
-0.380370797466573
-0.35206744521137
-0.224484102086558
-0.0752582951620827
-0.157858675641836
-0.0653158913904878
-0.101494388352756
-0.328667281832532
-0.368351034979846
-0.561178105648535
-0.618822209732906
-0.635491055388303
-0.620960017473091
-0.538985588954622
-0.773281567267571
-0.717006735174024
-0.680474378530888
-0.489519672758689
-0.419086176459803
-0.489900502708606
-0.557857351303358
-0.610521496890268
-0.654565742117925
-0.592442779143855
-0.297682391861239
-0.155757658367883
0.263873134825054
0.177769443215102
0.22689505322651
0.690981394497507
0.810117258347069
0.535976065174827
0.328161104755186
0.51432572444027
0.6786047508878
0.0427845779149193
2.06032301132443
0.670652023255391
0.0212603694617475
-0.266070205779526
-0.135545412836666
1.85496797104361
1.59613139363461
0.328567457776664
-0.0410644352977988
0.429073741207946
0.334406224238018
0.581964831069834
0.279039364758142
0.0242959890560817
-0.146755914226981
0.0370121880467709
-0.185468506073948
-0.263094727976727
-0.250763950318228
-0.295816902226194
-0.150441197490868
-0.205868892842026
-0.0893177331122394
-0.215984117175084
-0.163747853766324
-0.174959375321859
-0.296405056775876
-0.190731345458172
-0.212255526345316
-0.303726253291624
-0.376289819869164
-0.34876610202141
-0.323014998915686
-0.273025205278317
-0.379512544153164
-0.398686370573803
-0.306148158136843
-0.402734668852477
-0.421871852536879
-0.125163241530352
-0.166881726792589
-0.275783045701248
0.494508930119553
0.0804810238524128
0.120606985289061
0.107632121506999
-0.0140700232614481
0.523575747257358
0.819656703202508
-0.101447364655055
0.231442701024548
-0.163497685224068
0.320694968180672
0.990813417734775
0.439622618906645
0.811518335090384
-0.223435575109504
-0.0985325198371362
-0.063276560673023
-0.13106715534784
-0.240417154582912
-0.245959651215364
-0.259421865925605
-0.0504964484461799
-0.275248848845287
-0.0718305847655146
-0.577466671957031
-0.68278187145151
0.261258691281976
-0.530360977441017
-0.612352921917687
-0.417691580957576
-0.0562200628846358
-0.365300320348405
-0.237776326604176
-0.665223717113732
-0.147852325306818
-0.1549711587861
-0.436512750496251
-0.244005135366046
-0.409137831443418
-0.224143769283278
-0.231925509088848
-0.242567865940985
-0.186057349918344
-0.44476746707824
-0.407545223105963
-0.275746865880547
-0.136891874514791
1.49492586045259
0.178298955288942
-0.460969617564128
-0.397167265303813
-0.531105021307574
-0.143824034476866
-0.228965471625992
-0.214277358924762
-0.225233246626946
-0.468641889548653
0.902953125068557
0.883767309467791
0.466809113872104
1.39629415068461
-0.633964596451954
0.901541926819993
0.386583931762954
-0.397142967207858
-0.414472607808713
-0.371581177997749
-0.258496701408872
-0.21431299941098
-0.35815959829501
0.977779703142469
0.604212712961922
-0.194452477826039
-0.455375126839681
0.98422232176874
-0.314659911786292
-0.548764782559655
-0.0480211263747144
0.0091790397446095
-0.370846894498024
0.285572081064883
0.286474608787247
-0.0457854881786734
-0.294659193430823
-0.208937813895135
-0.0995314031094865
-0.25164824809705
0.689520503358632
0.206977389404419
1.90456311883937
0.49866425760978
-0.288027942340333
-0.26391604510616
-0.297569467701973
-0.383543976853698
-0.194155539008846
-0.265607908576622
-0.495419890265132
-0.444302482684198
-0.203989749752691
-0.338084058602577
1.20525428409938
2.03710538402143
1.16890368004119
0.402774283227106
-0.136693166899708
-0.327538345198468
-0.365365512547409
-0.552508115450431
-0.222109580584634
-0.230132702685876
-0.259277464340237
-0.364403947656118
-0.55398459724545
-0.0189963903049074
0.506808441166902
0.0229973840179722
-0.242793012451806
-0.426435535971006
-0.408270370906719
-0.34322761308441
-0.296065519645144
-0.628720800071206
-0.710768818036631
1.1115555489337
-0.279546599566726
-0.15953916839401
-0.0353311996395869
0.0935680074609432
-0.031495126138097
-0.228838910863494
-0.237763057752517
-0.203327024783414
-0.170270294855733
-0.152296582842163
-0.243480483300929
-0.180837459850342
0.254318509831739
0.0296722264921921
0.400816139018178
0.299116902954739
0.374283757048273
0.157283868915054
-0.245358936690548
-0.236692859193187
-0.205780154241916
0.208614058231124
-0.340315526559214
-0.640252608031399
-0.229707799627235
0.370490942255743
0.0240524356436667
-0.254052028381207
0.0798846814865173
-0.225948360554449
-0.165176346714361
-0.270139340623326
-0.388050822225984
-0.305958778177885
-0.0962246669419685
-0.121319605484969
-0.0886895078898872
0.111409189854664
-0.184797661663054
-0.35334628883005
0.719357801331493
0.590216668040994
0.647272472480595
0.524572786343252
-0.0296364007943947
-0.132400728824875
-0.186361557230922
-0.0940474792519121
-0.308601948172816
-0.247069698178577
-0.228942009993959
-0.1752049879579
-0.129119563419681
-0.114544637368869
-0.228705575502225
-0.580779347622619
-0.523855261210302
-0.559669680928217
-0.309116078918337
-0.271153929688227
-0.3109164579309
-0.213269571767722
-0.336521528169284
-0.318670502574953
-0.196128624522545
-0.053377768737206
-0.113329050231043
0.00928854254256009
0.108134595945371
0.199215307485719
-0.363224508954734
-0.703402503313972
-0.497057060383173
-0.615613788929609
-0.239010050663821
0.0651509671534229
0.458610170931937
-0.28107134307555
-0.467196876628447
-0.454953076362313
-0.212599480406316
-0.295512609088357
-0.359930653933751
-0.198222768432212
0.21712589374666
0.0850135550100904
0.754754596044176
-0.0291645605616343
-0.514556674492673
-0.101008302579139
1.27193887360688
1.44986685634751
1.73742586134337
0.440672315186032
-0.179256587329121
-0.331166222038626
-0.396356964309157
-0.0847720814704888
-0.182087297864733
-0.28139961837525
0.278387339437028
-0.342388115917732
0.350168689735663
-0.16955625801136
0.146432005049619
-0.0655052380227087
-0.0622408038176535
-0.472348458247761
0.122555693323507
-0.519170943470768
-0.579895425727338
-0.0677857206316163
-0.181996197419737
-0.131267093682996
-0.232374136018392
0.128252720828425
-0.371227403521236
-0.293585246539139
-0.142282324245859
-0.274130834057091
-0.0767734320563694
-0.321319253190038
-0.0273347417370043
0.0323393315656379
-0.345914523060792
-0.417353928830126
-0.396226647809783
-0.137213080086045
-0.243864374334514
-0.121134979433547
-0.468826930861925
-0.399302768165028
-0.267361017657507
-0.274654748634052
0.541229684103264
0.235548415065054
0.827765657087216
-0.110147871245876
-0.0527336472171263
-0.276004276781811
0.87631965586266
0.752192170495732
0.658190136467092
-0.167282963572294
-0.0831552823391787
-0.0553537302462364
0.729868789592321
-0.165754124978596
-0.164327363312949
-0.129441530424632
-0.614477608192487
-0.501273712431365
0.718034218514907
-0.324267600101105
-0.370970621533601
-0.157266167470456
-0.253275626843295
-0.203837261721685
-0.46226855740725
-0.370201075756518
-0.185666142415887
-0.0897847997846549
-0.361752908770524
-0.136727266727299
0.338380991441695
-0.591117897918459
-0.284645925522402
1.4889371128674
-0.120006523821555
-0.671997783259886
-0.39246006068851
-0.376819672735431
-0.222802617304016
-0.291244016136145
0.144503144785895
0.0671217239419352
0.0461388916287176
-0.279420304898333
0.781029324116891
-0.267685255034649
-0.360800423369793
-0.0865309309282228
-0.200549805404696
-0.133116572094917
-0.049789512790391
-0.122728928080859
-0.354323550752513
0.170535309391578
0.219518419795603
-0.0178001648582318
-0.175364920823587
-0.238569357281584
0.161030930026681
-0.226940235722765
-0.502930902599998
-0.406770338141103
1.47385375461869
0.0635012050992393
0.064352673009532
-0.588039462352247
-0.128688619655575
-0.679951691933759
-0.352482968642457
-0.201595152669358
0.22414645241581
0.472093441177475
-0.249002748932094
0.685689849191775
-0.0376376260460022
-0.477046385814938
-0.00985254192722823
-0.390153755722059
-0.494922750734882
-0.208294014581028
0.507029963327471
-0.266338170199781
0.0746741346964177
0.164961409899743
-0.200284414568689
-0.23391707904869
-0.275776272541152
0.163237473170339
-0.202212812282795
-0.294285915013826
0.379527940990349
-0.345142666983658
-0.219966383848823
-0.451762894621192
-0.216129519842858
-0.262649726568191
-0.223977684934119
-0.0672013847045234
-0.0876384346697168
-0.0673274977836468
-0.0738735010581075
0.155070837134281
-0.406182346674846
-0.0126496726269428
0.205939741051231
-1.3260827422076e-05
0.034357131493198
-0.0211490984056408
-0.378145368990784
0.692186856479153
-0.246047530262133
-0.378815123158033
1.69062526298357
-0.244552344888514
-0.260807660752637
0.613815468047996
-0.195692049888729
-0.358387274927591
0.372204087340195
-0.200410505024942
-0.202210006222911
-0.14647690678799
-0.528878723120896
0.488339127156535
-0.0660260345649254
-0.0433246942510299
-0.379022568304989
-0.322606087958591
-0.28091022250758
0.48795679156244
-0.470086379506271
-0.316230608764836
0.592700629157833
0.000898450017071114
0.782537963206612
-0.426518440222705
-0.244707976511199
-0.0823790780772291
-0.181035163393426
0.685548983814773
-0.696617885047792
1.080691399302
1.58777163478808
0.406508439575509
-0.26633977042117
-0.225479279830059
-0.19041142784122
-0.263405248415314
0.460975192754747
0.236531040926488
0.665633611535673
-0.610841049033708
-0.128928481516703
-0.0861291995058717
-0.0588553204268579
-0.00482961808964676
-0.390217959611335
-0.566978057739059
0.157603300081607
-0.279400252304194
1.7163401179922
-0.456344361663141
0.300232252238609
-0.224597448452329
-0.122333918506636
2.05927139832085
-0.0693567702996409
0.147700969859188
-0.489928216123647
-0.230062449242122
-0.314332628559625
0.0878118220784857
1.53053168621481
-0.33952676366459
-0.343486066183285
0.251412109016856
0.251219651195187
1.06290779242085
0.850103500899688
-0.287331434369257
-0.479626256335658
-0.238960012814412
-0.0677137746819969
0.00147839468859203
-0.490738756048862
-0.338301194084156
-0.292263637914816
-0.276388743745564
1.65635875906309
-0.293348858715031
-0.339404714372232
-0.262508919730578
-0.0505114529240411
-0.355714814743762
-0.211540324495278
-0.194058612986488
-0.200297499144534
-0.112319500270875
0.0915605366867856
-0.156240938262681
0.495681740803897
-0.633422744006201
-0.164743789534445
-0.127360465473835
1.25136921721254
0.0289989734311797
-0.504649185591845
-0.261643175435512
-0.0772104450657167
2.10787696232829
0.00528448142751588
2.21879245324662
-0.113709925222745
-0.121706624357671
0.151975557214102
-0.286404516891961
-0.242315320055503
-0.317833864472743
0.454050558383138
-0.262817292780722
-0.377797130783582
-0.370811006606763
-0.592348708413913
-0.524512082490533
-0.381735579836181
-0.491276821779957
-0.240849995482575
0.111188286032945
-0.243617963542268
-0.250953037006332
-0.265420563983846
-0.443336717992697
-0.444645643655976
1.21957105088813
-0.239193739333859
0.299380016818896
-0.533912096508298
-0.324416393423978
-0.301262555739351
1.04571424646834
0.329803289256848
0.254802210651058
-0.0800923131518397
-0.46513552288915
0.0205742793658688
-0.375808777198388
-0.0983784607611526
-0.152842366486361
-0.649801931459336
-0.070199025932718
0.0991137727337344
-0.35261484353631
-0.177780434447582
-0.286280204330393
0.432758034354135
1.21164971451458
0.888216390615657
-0.467934813335577
-0.434187104001678
-0.340090510809495
-0.249202426420732
0.968736343887613
0.298920381788361
-0.69562921052942
-0.0602901549264927
0.545401975017157
-0.607644043699869
-0.233994184141329
-0.464683939876668
-0.350238145933253
-0.593211269290717
-0.156306866449351
-0.262622643320896
-0.265835233968595
-0.750856050813696
-0.623844489523316
0.605617111961863
-0.337169385311724
-0.00578513854966548
0.101128677205316
-0.173389505262538
-0.0886030969163921
1.31371810307607
1.87605422459051
-0.140486182175369
-0.443552240184033
-0.00340188845261471
-0.221990164878162
0.70353109734748
-0.0128314663706076
-0.139508083087179
-0.126674050072091
-0.31720645526876
-0.196217544125129
-0.360506762788549
-0.476395877082504
0.01225348816633
-0.435734031380828
-0.32171819916309
-0.147622219599003
0.0824284125460001
-0.385881125812381
0.23693467862812
-0.169895877558142
-0.36393490147465
-0.125542778007124
-0.357966180878262
-0.531646971991791
0.581290660142142
-0.0829050507649238
1.44240157772696
-0.170365355633606
1.26542110173512
-0.283829720566377
-0.51379730958788
0.109602183363095
0.168414403324791
-0.181025121737032
0.60784145292608
-0.431004522106642
0.80465227605247
-0.448215380220836
-0.319998483412228
0.312521083895813
0.243005371384867
0.206405667832969
-0.228048725182915
-0.184177157787632
0.363468010665146
-0.354893148272313
0.678231855017672
-0.302107153441233
0.000648459134747197
-0.341681328785922
-0.258935999487289
-0.242392889986185
-0.427281459864315
-0.418671655714364
0.736181627753093
1.31490365328997
-0.0412441844131577
-0.171147868541428
0.163272502318996
0.845804438986015
-0.27169304594321
0.62177865455369
-0.261777604607361
-0.172665935392031
-0.210422453836513
0.584058092060909
0.617800552671748
0.285214693523211
-0.307104108989753
-0.305705062665905
1.53960400104291
-0.129956082544928
-0.109895529391813
-0.371330833435531
-0.0446260632422933
0.598674640249502
-0.228990157775329
-0.244772222807968
-0.348243319217569
-0.382893018655642
-0.400340416212374
-0.693080834032854
-0.218264146035203
-0.226307218373608
0.846350792140264
-0.47358449068533
-0.248318389503689
-0.11479873507302
-0.222965969896485
-0.300533768834933
-0.311358243851576
0.37126368282985
-0.235019583861718
0.322950960869129
0.357036558813841
0.360460681219114
-0.344065225039807
-0.559013806833964
-0.177871972318804
-0.27656190053587
0.0452879487490011
-0.21825971985702
0.819466834649653
-0.219544412618859
-0.290381410294528
0.870842359546798
-0.541670755110125
-0.529490381681374
-0.161059937291726
-0.231317575199065
-0.274434691788587
-0.0906072889435342
0.26713089270086
-0.24185920462656
0.231724518247679
-0.31594145916404
0.27805911488375
-0.445846828764883
0.200488690445453
0.134492006110595
-0.582983289297565
-0.167071054973222
0.27434320441663
-0.226256008795229
-0.414270748937705
-0.110962277781255
-0.0948614209100559
-0.372081568814846
-0.46336718176773
-0.315940573360279
-0.061964695517829
-0.323244861946253
-0.160549555861361
-0.575131780561985
0.150628467423186
1.55822976495931
-0.337830498714228
0.0978362168385913
0.184682485662089
0.190646757317782
0.449706902854368
-0.104460264516118
-0.45108425785291
-0.171886881287591
-0.154937494943108
-0.181518348249971
-0.0490126675034443
-0.208038297383522
0.00892305940727779
-0.0907245872744026
-0.186180141022966
0.691301076750087
-0.29813451833551
0.600713350335383
-0.0114003031731861
-0.340887737070396
-0.45061923505521
-0.585593346173141
-0.287723870500506
-0.521020969482816
2.34483939595015
-0.0522044833641286
0.300617723695656
-0.374110831822815
-0.518687528094892
0.399058064096692
-0.324775145400849
-0.37343017575267
-0.21019366804284
2.19445209178085
-0.509123670164713
-0.108990397480014
0.428540370898615
0.652292310210613
0.0757199254417875
0.760283324497176
0.606145921863822
-0.215965585047169
0.111236151808628
-0.362409310878556
-0.129783917917532
0.310806134898581
-0.123422981551361
-0.231339030956014
0.105244227508722
-0.280113447620156
0.399413142987671
-0.384938348521446
-0.108646007183017
-0.123883549674652
0.339210777426076
0.3571972616015
-0.145273765286803
-0.304049913322005
0.595812466110418
-0.340707937348741
1.55951202936821
1.2073885170726
0.965353129526933
-0.252729496395208
-0.24821742075532
-0.38496374855407
-0.171045230091407
-0.196981297946446
-0.163614357523396
0.0594412084246625
-0.341101443686082
-0.365036596246354
0.19283484732372
0.105576079176274
0.26555385275306
-0.158016883947081
-0.0465211925927726
-0.529792516695544
-0.252296736773667
0.347934690609738
0.125792912428268
1.594680073924
1.72655521626981
-0.0277489855906349
-0.140609832149594
-0.312147693594965
-0.0544819174670252
-0.0215789136290679
0.117902192208011
-0.210102096160157
-0.118934713172554
-0.281388197596648
-0.186182697585807
-0.339028923124543
-0.251085953845734
0.013140535138821
-0.109530584278879
-0.121528390458618
-0.0623992110536225
-0.131350123340502
-0.0218814870028937
-0.00402336935659664
-0.00340446484824032
-0.00451925878213488
-0.0121134428666366
-0.0669892915775119
-0.145171908833784
0.571797261067483
-0.0668036317625535
-0.0529648347059804
-0.0441426321042965
-0.0668840488750909
0.187814390326784
-0.055948720505172
-0.0709716170992901
0.989204063354767
-0.0992826472494899
0.0882160568408558
-0.0756578399390487
0.184448651037321
-0.0913962647764264
-0.195509578736885
-0.0275203066888257
-0.269945345360843
0.755026304584477
-0.1600985071113
-0.238205143361533
-0.226829479275381
0.262215022193537
-0.131544120505614
-0.225111065571295
-0.0500043182841493
-0.0192745918612345
0.269703387254121
-0.0174039192796857
-0.210999943884546
-0.0235854133173884
0.136736567335265
-0.167174723614414
-0.108118102817579
0.135968430352828
-0.0751134441283617
-0.00748319131370246
-0.254566547460225
-0.0359897691438138
-0.203281766029899
1.16238795707089
0.367048318927735
-0.153394124505725
0.238455187248595
-0.0287109388997532
0.278031720686922
-0.0259244069361829
0.407497130058957
0.642109815169451
-0.173794869323693
-0.0972659504257691
-0.0871444490478304
-0.179546050403559
-0.00552746052740775
-0.0555514179934193
0.177282847511025
0.0674057101152403
-0.0122816381169188
0.601255951499885
0.273504051735809
0.156606328939194
0.138961087061219
0.0331846225316193
0.0508004810762691
-0.25866829646716
-0.124714716283641
-0.149990907169198
-0.0443392504088972
-0.179105575304147
-0.0940739971028089
-0.183704666758439
-0.102559044976606
-0.107533337826698
-0.0561481068827305
-0.12208612729237
-0.0924194006193041
0.254900629253473
0.223740857030648
-0.0260040409753734
-0.154767724280418
-0.0843909610997022
-0.0240266899276086
-0.00993222109084549
-0.183067651042162
-0.145934436840822
-0.0220074906922905
-0.00882263872530002
-0.0160886222281998
-0.2443910051851
-0.114192403472377
-0.183732021860769
-0.0404478305408163
-0.0630635411924333
-0.0110563974090192
0.0500106203623778
-0.150617062301688
-0.228556044880758
-0.196582152332133
-0.0528900315310653
0.730769559945406
1.28666537707388
-0.0286148997971149
-0.286757181349868
-0.228286901100146
-0.160373731215204
0.253195170753584
0.555000164797694
-0.187056716863402
-0.095177866100703
0.231662162315567
0.0795934866055635
0.13791767026761
-0.0742907826278126
-0.273787418939772
-0.257313856852227
0.228647012001917
-0.158097326329099
-0.142459493692978
0.911984223325995
-0.035533224027763
0.237081100291556
0.315330884166773
-0.105894277095799
-0.204970234512539
-0.160945106844704
-0.123851013533103
-0.12532717366554
-0.0486874350766602
-0.0751990262260916
0.470718258735001
-0.0197045862700696
0.111053846081956
-0.112038904475366
-0.224268901008296
-0.177338195700752
-0.076497393586827
-0.0163879753809873
0.302909008149117
0.194841266214722
-0.149019956352459
0.294992615905858
-0.228993409590613
-0.116924804133135
-0.129631260900613
-0.0335482039072819
-0.0407970204761195
-0.26217282432698
-0.244413771512329
-0.142759712578938
-0.0300701683440836
0.82323295433506
-0.0295596602389794
-0.201452492686751
-0.21651416464241
-0.143731435453395
-0.195684353467892
-0.132206999399463
-0.092909010730135
0.0950009246014825
0.138390586191722
-0.149368142667448
0.11157477389297
0.187040258706625
0.0326369577701012
-0.170708890503427
-0.161143701532272
-0.117487876915448
-0.169719254300245
-0.0253770871513679
-0.115286800191382
-0.0715736196528723
-0.0534936380731886
-0.0302757470261233
0.0499243026438425
-0.289930950436291
