0.0774554326759165
0.153603217546813
-0.0301571647526366
-0.0688336543263485
-0.262643470927787
-0.376102529551468
-0.391756810336083
-0.410703522440358
-0.439591089281607
-0.000945422604010967
-0.122188314588466
-0.133522101307375
0.331780974116686
0.860557925247605
0.375107694556972
-0.0267127410995435
-0.0467112099646309
-0.0892533412950335
0.0710982349089643
0.206680878727796
0.0795616665923769
-0.278586954706066
-0.211072435998107
0.521415969639379
0.171420680113028
0.388906433017957
-0.276325406253029
0.676550188622181
-0.312952191745495
-0.232343243877452
0.0430049652783912
0.158548310411046
0.0185105010714614
-0.142003637143816
0.000139174273205863
0.0642096388818809
-0.0742787837397537
-0.352193549249707
0.140173071859508
0.411102328291357
-0.257258889630407
0.275001544510192
0.689822361455715
-0.283429929617799
0.501886426398431
-0.0860154340839787
-0.0340523257589679
-0.279805191256969
-0.269518749905406
0.532887659259027
-0.296507865229872
-0.388835958198434
0.50830491814224
-0.368721112077076
-0.332846517958187
0.840827008526305
0.579744253800712
0.45576243816997
-0.27274553354978
0.811079596339508
-0.0436119558334679
0.163529250279182
0.328830829540243
0.227448551889827
-0.0772589946604274
0.163093883461389
-0.278827590011846
0.0192042375418014
0.11881486198935
-0.264353074517009
-0.281057454492106
-0.271863183758947
-0.102210595898875
-0.179093323416409
-0.27272324035076
-0.238443502371943
0.482838808120733
0.0969534911002133
-0.341929964300419
-0.322039714943929
0.247600017730298
-0.361580023598568
0.164043667551782
-0.00056876072294448
0.0159567988575546
0.628860139768406
0.768694561692276
-0.0830063157842999
-0.0864690104452633
-0.119899244515845
0.447784771754626
-0.0622323344627489
-0.38625013169162
0.127436413291182
0.248864358225823
0.461363682009737
-0.0404861734933934
-0.37374663063845
0.087021193364412
-0.289822396829737
0.509377072403076
0.157928864414407
0.50875776675352
0.545246054942763
0.878641083372899
0.397536033901077
-0.267852848859805
-0.2779694819771
-0.304294370465496
0.854564903925404
0.609467173846135
0.750091057276572
-0.003749414485254
0.24470742568041
-0.0770160402588878
0.0147713855117905
-0.324985341636605
-0.198321424765485
-0.254382483609657
-0.0826824714001793
-0.133534641338226
-0.0446323222495192
-0.0863531572151551
-0.146158669219324
-0.206996030635212
-0.16888674675176
-0.169818079894416
-0.213897956777531
-0.232339305422851
-0.166465273739382
0.20803232961075
0.0533635339189657
0.114796390477975
0.226190207674147
0.31084777343554
0.338101539338421
0.141879585081443
0.250462126745692
-0.00362215845165574
-0.235348990295281
-0.187440021726462
-0.365664727878113
-0.64193536080856
-0.759263572713911
-0.732979681012191
-0.808349770291194
-0.212500202769612
-0.404942956622287
-0.126703136708753
-0.176907688936136
-0.406282688582234
-0.490054742899269
-0.568731534205924
-0.713091606298745
-0.803856574329232
-0.387413687981519
-0.462015917473265
-0.460197870553819
-0.605125635320681
-0.807687167240026
-0.793525038268705
-0.660996371564953
-0.488108775196268
-0.475293517725803
-0.546739138981629
0.527171748144037
1.20032206221061
1.31785709664736
1.25299085315533
1.00427000236167
0.752639269449829
-0.0159352362243649
1.25510570613968
1.11398763769205
1.57508664498069
0.637405445960658
1.06320527829499
1.74267672975615
2.22374187264574
0.249991698918185
1.02446103758718
0.162802620822098
0.136579969222784
0.33623272199965
0.0846564709217764
-0.607770210156903
0.529894749218237
0.0433399637724727
-0.12801855957778
-0.189170262826135
-0.227755544175799
-0.295821219658921
-0.152186378072097
0.0369393773348338
-0.0195910973899797
-0.0350612378419149
-0.00897230628548449
-0.0449732050256757
0.110465540618312
0.105821765953677
-0.483874604298801
-0.0126329534637647
-0.487120875944743
-0.18896008050988
-0.137877797791088
-0.423892484022131
-0.484425954505966
-0.79432722009817
-0.874497711891915
-0.902340519658632
-1.02027271754101
-0.815692176310822
-0.725914718300268
-1.02466923635092
-0.460068065638518
-0.383256249698177
-0.575507734233343
-0.695702282803638
-0.774482519930921
-0.811638001963957
-0.759569964138775
-0.161061108957674
0.323429077190802
1.13432392120174
0.57333622143231
0.409774670904581
1.15476727214056
1.28413371427
1.38762522820121
0.674416077407238
1.2623459498473
1.3194899527108
0.181736624932637
2.01291066347316
0.844431157952254
0.196486115778768
-0.0274199329209608
0.161142570657766
0.931626902931022
1.34061749755965
0.829829304333369
0.516838382748772
1.34147101697094
1.32381721226913
1.43043826103914
1.23400913172219
0.666860311506384
0.371777752927042
0.747697162372206
0.394634885598563
-0.800046756182655
-0.647318023323269
-0.713629320060216
-0.581513967275742
-0.64235713545918
0.164582309913111
-0.199766226238099
-0.22250233424146
-0.433642896798475
-0.19741037568354
-0.331150423437059
-0.222320543329647
-0.44443885753244
-0.265974511751085
-0.379657494561712
-0.592498007446737
-0.0972859428996306
-0.162315230864757
-0.114788073455399
-0.0821228796105391
-0.183883094391676
-0.186324881814463
0.115873972691009
-0.775813674766431
-0.814023047359304
-0.322934098398295
-0.143831484002567
-0.137244343413742
-0.398039970960898
-0.265247976402286
0.506282637867145
0.689404307729422
0.289018253312108
0.47620486073725
0.469120681089638
0.800834088102301
0.843015941152896
0.968717442856353
0.847135422560616
-0.0744763838844184
0.00128480825076385
-0.00409252472099975
0.144041279337558
0.344521574624512
-0.46807386561679
-0.505892045517328
0.175247691895108
-0.175980599579068
-0.221192684048069
-0.67267964022256
-0.940231356314596
0.0947594311913031
-0.270123379156127
-0.187215374783001
-0.58284033367654
-0.0373690575118082
-0.153008210932639
-0.358139585211909
-0.796125985869103
-0.00026235473570507
0.0570120281279663
-0.511835822742971
0.604250232562521
-0.755747600920022
-0.192780556232188
-0.288239009006346
-0.0939510340867486
0.514931452173128
-0.412820910629574
-0.403209032800569
-0.15874209486948
0.0258151627341704
1.39500767168306
0.181183618564698
-0.700839935223534
-0.82443846050015
-0.519767324882529
-0.230709836396853
-0.0202015177976678
-0.570636074820652
0.038594303999452
-0.510221628829071
1.68737321536486
0.759864439115524
0.589690493294089
0.591267920617041
-0.817326417902903
1.29847145107817
0.805659322042673
-0.578314112057456
-0.683830064040895
-0.097901624690026
-0.649659751920966
-0.400024209658753
-0.27769056403542
1.38041834289059
0.636859277414191
-0.377783237828276
-0.746705927133947
1.72841461051285
-0.165136610363733
-0.628579367922639
-0.348330551879183
0.0967243855219107
-0.269988870167305
0.483719809335556
0.592138271574596
-0.46747113435892
-0.147992037061596
-0.0450760883790732
-0.0290471699751731
-0.180696789950657
0.541284399074293
-0.560511612183991
1.77126457466439
-0.233783992798666
-0.531358804346848
-0.698268802844804
-0.0946611871560502
-0.102917279029884
0.0186700201767577
-0.163701939549847
-0.477144764705277
-0.401289965338259
-0.272141522159261
-0.294691297725181
1.08444947437213
1.4158488030113
0.727797234439021
0.412597360148657
-0.482785977267727
-0.851653451877454
0.0720925853718985
-0.738244467708518
-0.237711759942943
-0.0289388660052889
0.069593935898565
-0.165566795973819
-0.763353695992037
0.391954475982962
0.54891627802962
0.344558158402277
-0.383987931032617
-0.394309002020857
-0.0469645988671677
0.0407030237837485
-0.277508077128715
-0.874756582226913
-0.911067273147135
0.334147122725032
-0.00115646708882285
0.178425545600414
0.499416924120331
-0.00993863949918976
0.0986254809815733
-0.11098032302949
-0.402218946692777
-0.367597274271934
-0.347711864897738
-0.350509076832927
-0.0959937373033385
-0.228572733858809
0.419373922286059
0.0710953865661718
0.539799179699122
0.609928283309043
0.538905298691349
0.207761649401494
-0.67855026534152
-0.546720662064306
-0.387505371517245
0.403326848679677
-0.35835070455837
-0.789175720623475
-0.244770755377192
0.266796207965208
0.782733503344238
0.623762082774189
1.02963815203329
-0.106855772197126
0.00320369874952724
-0.199965044891438
-0.280281971008806
-0.273146402704768
-0.322676114164397
-0.305908665249325
-0.420512249296352
-0.285022305331479
0.184892378047986
-0.0567636002096691
1.14817355829306
1.38884192239629
1.2425329235223
0.579695326449703
0.19931929569268
-0.114024494879008
-0.0920471802221301
0.108510063096359
-0.0328795456186388
0.0458818008878914
-0.0759063885123415
-0.169597872883044
-0.344550684001454
-0.386269208764886
-0.146861570895019
-0.70685086860586
-0.572659952456127
-0.577903106287208
-0.197442354281153
-0.309446036680915
-0.0699931828908873
-0.278473785485899
0.250426010349009
0.336881808416566
0.464971863792366
0.715443624710903
0.311690793869631
0.40939066126896
0.468853517509413
0.507451678561532
0.227685488852037
-1.01398791276171
-0.922097075052757
-1.00127963650461
-0.480909513820339
0.50255979659781
0.286928064083644
-0.792027302811859
-0.746869396160045
-0.64415176514263
0.0281991417379103
-0.385545309241706
-0.765655485528356
-0.345198182175664
0.181179406965527
0.509168403283028
0.540068051892175
-0.0191979299349917
-0.73081612476421
-0.0925759843432334
0.561010585155011
0.554637624863919
0.786529425055045
1.10776319593454
-0.320022537496483
-0.357925710932176
-0.337436014813578
0.257883816729283
-0.318810905692851
0.21930827040327
0.545793532381729
-0.104792515648133
0.532436657849219
-0.335537733269024
0.978565053080042
-0.44266375716565
-0.0308221468945014
-0.7634006101408
0.176645888615003
-0.724147254252137
-0.858488984240247
-0.364710500825106
-0.345633455020021
-0.349909097120772
-0.506759620211956
0.0752463123736408
-0.819439587789609
-0.421920642427259
-0.0786499845270635
0.0013739042454538
0.60008259522696
-0.109766525050348
0.392569214281784
0.194248479594827
-0.462961992369075
-0.729221658104716
-0.197477429229559
-0.154419934980858
-0.756335412104996
0.00466312361575834
-0.515021756798006
-0.381899044844072
-0.16562218972498
0.146257249494243
0.652123135601492
0.163789487455261
1.05991568971469
-0.365963620636053
-0.454897523260493
-0.580017911656034
0.420002098185119
0.821081357508477
0.344044431855903
0.197389356122639
0.088248122264338
-0.092469971597878
1.31600006916074
-0.314151239142563
0.0441560225194347
-0.328777849570406
-0.601641719214564
-0.539855168254931
1.25489431351286
-0.688187734330666
-0.156165843737512
-0.325201635310882
-0.77947320912319
0.0455670606785796
-0.43007341911481
-0.80585637731741
-0.324117418882879
-0.443463501806596
-0.153989841045122
-0.0187716424546582
0.452585913686508
-0.891754302967215
0.311797342272006
0.781243892054965
0.441624016039258
-0.903661425488121
0.0253881011958712
-0.429806012273364
-0.197724607720535
0.377588279290265
0.520801966886764
0.478217101564113
0.0824906006922805
-0.640402085433348
0.58374052420023
0.125918723342854
-0.336276672931447
-0.381857491205904
0.10037444508496
-0.385719044168522
-0.454705101135936
0.00751177649805008
-0.337947037029851
0.569262126641896
0.159585877389335
0.76199145204211
0.018431307506833
-0.340486588120973
-0.665715179081333
-0.689471740048144
-0.739940816611841
-0.343177226954032
1.51464026280022
0.185005814542011
0.205071867536106
-0.62196972909549
0.538872019274275
-0.885040397976504
-0.343819372434538
0.0687511722349004
0.167452730675573
0.350297580661345
0.0315870958095595
0.607209317601397
-0.010700296720373
-0.753680666029031
0.370533843475791
-0.0845925962678363
0.0123756166258463
-0.372561967028538
0.440044944341758
-0.428650716467944
-0.333219421044424
0.0485073804074349
-0.363410649103033
-0.427354042843043
0.0978461124870481
0.215979260183972
-0.209173977621059
-0.562512193804888
1.01921601031677
-0.35363019948524
-0.318940390701765
-0.321372741926595
-0.429006847479215
0.0564978563493992
-0.131069156216212
0.853670626841326
0.31765080238126
-0.409442638416663
-0.389841708938616
0.576245553090557
-0.597472587989661
0.180015873667574
-0.592590571495002
0.566369636040928
0.819106383089897
0.710238284043218
-0.297028448002938
0.594969816153878
-0.0360027016369613
-0.422215124720645
0.880505324773865
-0.590816538531861
-0.228110246252378
0.501709665286501
-0.317227128849277
-0.114776365721487
1.27232071533709
-0.355150983826266
-0.364725821792332
-0.325831877917015
-0.576714757481132
0.261183464599761
-0.267773750142369
0.0950284432158965
-0.16299668165337
-0.436505694775503
-0.314743728364795
0.266480369084059
-0.78090067907771
-0.181082710164691
0.573304414516214
0.227004500998507
1.27275615883622
-0.406389266014082
0.0130335868469901
-0.349934292931539
-0.301955385804029
0.970857599176295
-0.555038710685475
0.815573282070222
1.16954346190723
0.562111793812833
-0.443849078331511
-0.401432631599916
-0.0528161332871739
-0.751164666490145
0.411367505390855
0.269097837518644
1.0243910009699
-0.702916177549244
-0.0685049533412157
-0.215668523279317
0.059685636901272
0.133006204485613
-0.474458443636541
-0.772811480158478
0.461708910349177
0.224388600918508
1.4977631383491
-0.598222573492042
0.116623416489791
-0.455635902074469
-0.157029647936584
1.40267212780169
0.175198913443046
0.527598131765146
-0.656039857340351
-0.368367279223884
-0.32263006907904
0.530922177228756
1.05205068348247
-0.319504113131964
-0.324071170810814
0.0482991799846136
0.153769915269787
0.233609111794608
0.115041181234592
-0.340826657355975
-0.931569622552957
-0.50699839090195
-0.287890388752528
0.759408419068894
-0.784893618314493
-0.109509494216878
-0.773855685804933
-0.806094329444031
1.03344479638014
-0.43262286386578
-0.399258291059415
-0.0903612246250909
-0.0642648353950058
-0.816910427743395
-0.396943361217692
-0.476678554750738
-0.365788656004876
-0.265681848686351
-0.35525302681579
-0.346857566667082
0.207118439104211
-0.975622523455176
0.133778519990744
-0.216541987562393
1.82533602468271
0.0875964041623436
-0.435686368297848
-0.506650473662147
0.179715707909211
1.32081512786482
0.0570099475582222
1.91993636021787
0.511692687913335
0.581732590174683
0.935254109936024
0.00115284323600216
0.0810782677505026
-0.0843567899778618
0.45413521745842
-0.041446396882967
-0.244148858561991
-0.501416060106219
-0.215426581566951
-0.787993388303989
-0.540530279713296
-0.793847737367662
-0.42667909622366
0.287071342187964
-0.731623678099774
0.011675779062311
0.392986724304878
-0.486206259855472
-0.55908256316075
0.62635888616859
0.0470312115806608
0.514949718287146
-0.895333641202435
-0.785720531931215
-0.747593287266589
0.818665592472138
0.518877206411927
0.501748685021681
-0.215861706715091
-0.54854853585865
-0.117079668299349
-0.162219008910495
-0.36902599119828
-0.16542306426517
-0.948144996908357
-0.267159584314828
-0.390321009609385
-0.19302484990719
-0.323184446607243
0.374129984345365
0.320529163645089
1.35246129662475
1.38611410454014
-0.497294699013889
-0.0918599068109621
-0.158080027078705
-0.323047360211008
1.04050690554147
-0.534272810530278
-0.838667181797684
-0.487339653509184
0.821700021043375
-0.782966161479527
-0.735979964487499
-0.42390644367758
-0.260052531197381
-0.686473459408559
0.0734504371081145
-0.0540513631826162
-0.472588213451552
-0.856231992041858
-0.782527531778781
0.830509532528367
-0.135503829949643
-0.640174511567272
-0.508462620634528
0.053453178255598
0.155854457767576
1.51057547480836
1.07121290935923
0.181516689601623
-0.401342643380111
0.114191028212065
-0.413751599769031
1.44028881618359
0.0750218758949712
-0.0128775193433948
0.610793415217237
-0.253839318580529
-0.0157740132193023
-0.34361411566469
-0.443278084663232
0.36344821219871
-0.454366686277197
-0.638795534231891
-0.324126085019007
0.148159183176772
-0.531366430580519
0.500608989311789
-0.048536730503906
-0.06944904853274
-0.145567383163779
-0.334369741193707
-0.684285630162958
0.798683638584707
0.831806736068935
1.88626575925653
-0.0247965491714849
0.836868302931338
-0.515814814252396
-0.6851075239573
0.132016290561725
0.17103937025379
-0.304368088333619
0.966312429035477
-0.630668220972996
1.66247351948345
-0.844864031194133
-0.482534983860159
1.02330072499213
0.160861261182322
0.196029763810828
0.088687668397611
-0.327599177825835
0.541364791951746
-0.649402859623283
0.650409470177662
-0.159536043270719
0.015436122891315
-0.227382877826679
-0.627182703739198
-0.630537462188125
-0.385301756054988
-0.441915448502326
1.05652538458338
1.16728151044737
-0.456347799232073
-0.517294276338156
0.185131031258465
0.653188859569694
0.00515633189461337
1.33831429836892
-0.157311839889686
-0.13040413276867
-0.0782079845024909
0.535697193438437
1.53639053916828
0.11812531970449
-0.0383342942538885
-0.132342459375465
0.574519309941703
-0.367415938005835
-0.393652009955655
-0.723299026722899
-0.442462806618364
1.25636661030358
-0.673334264105825
-0.513126222454983
-0.13374373783584
-0.178193903896258
-0.191420789872554
-0.441693994824261
-0.1557590135963
-0.186530134143367
0.741743424524976
-0.499801942606756
-0.781820058599757
-0.117594721118239
-0.0642228288695903
-0.151736347157688
-0.734855114555368
0.353759294327419
-0.381366900885113
0.511760354854154
0.586130103991644
0.560546696521141
-0.430651307203661
-0.833541430079913
-0.31119905304974
-0.391900951149291
0.383676038982772
-0.336302098271009
0.932276006536501
-0.235459419083608
-0.0661428955745511
0.490869355127398
-0.64748520577244
-0.841848713439179
-0.206841499265416
-0.249390634942773
-0.336401597913659
-0.363235510320005
1.11452771959658
-0.0960944682968462
0.342781810914161
-0.15057236650334
0.170848593348293
-0.66808453083814
0.199848030909743
0.740181192807248
-0.832017244763721
0.0727609875772325
0.114138841386368
-0.475297446218852
-0.483350473864275
0.424078321076672
0.269002528053748
-0.157176270744565
-0.718876469454751
-0.0504400213407504
-0.122273810320562
-0.0812673024424315
-0.00043754562202465
-0.698153717426362
1.02067308619095
1.97605454592376
-0.366727983227019
0.123081892224929
0.576641504937033
0.128006652684225
0.483850938416029
-0.407355759190449
-0.618974936095174
-0.343790438855433
-0.312523687222194
-0.340306728354767
-0.0202048372871478
0.0315819604947191
0.183088661611521
-0.401400653614487
-0.00581893913515004
1.38869026939381
0.0982967792640516
0.415569067261304
0.0186393497798491
-0.135698450360901
-0.721444733844444
-0.585863662442239
0.251309121492202
0.010788130019578
2.0674002039512
-0.422167262040198
0.555407726638119
-0.412825410343391
-0.674254468096882
0.375726173609078
-0.146692560545419
-0.164364503089256
-0.57948594288573
1.56494364039656
-0.736009101730756
-0.345807453441682
1.11024784371774
1.02004946054705
0.501617354447416
0.637498692454058
0.599239264957551
-0.362375593892184
-0.662094611680193
-0.366903633789104
-0.075620384769687
0.564052859353521
0.0573710984791388
-0.0387496831609812
0.182704703154652
-0.262818224195973
0.659576134538117
-0.315627777620527
-0.102403120790877
-0.0112975497289891
0.447974150923859
0.201227409700453
-0.313575719271347
-0.330612910024011
0.837301996014947
-0.792459328044196
0.685188690486592
0.459161020528573
0.404170919356212
-0.718895368038167
-0.714808535749949
-0.170185523378155
-0.297925027790612
-0.357328990381726
-0.295912923225438
0.191121798864877
-0.33863117062058
-0.29669047147179
0.520402541029019
0.49501255794785
0.192787118804613
-0.341948559759673
-0.056439808748031
-0.830754509597471
-0.252745584473457
1.16942522177166
-0.0761339626420499
0.66621563136843
0.746923689342249
0.634958336490197
-0.272015334440073
0.05012378509002
-0.486848337372696
0.395963706036225
0.711867645987299
0.378416905078149
0.0967230886683185
-0.10799108763828
-0.25823418293404
-0.172380959853444
0.142360934324586
0.285503210896918
-0.101645173161522
0.161076514319637
-0.0363222636391218
-0.0487107705867059
-0.0534197830261142
-0.0746438718717712
-0.106193442087438
-0.172414879881587
-0.219658153802703
0.00913145880028056
0.228557284004989
0.0515759643367917
-0.00928301710057364
-0.038422953976963
-0.0898818165976832
-0.154700559219404
0.282930594772546
-0.245702881605698
-0.0567498879679081
0.22222266042152
-0.0455320708863238
0.64786644376818
0.330965710468853
0.11699916427604
-0.212321750963971
-0.126768716039957
-0.267774781896402
-0.0595181879079051
0.512996655525437
-0.0703549497709709
0.138192121386769
0.0183142711021664
0.5025467985904
-0.176074425029554
-0.120594244037765
0.013941505031532
-0.289229033543861
0.176663920627006
0.0123019052117763
-0.169729848343607
-0.336974259157973
0.430973788143661
-0.0863608042762725
-0.173235860919152
0.557155734940949
-0.228968185014027
-0.0558169442330527
0.0820349005181289
-0.258803196144129
-0.11428748252204
0.375506875923792
0.0822704519296561
-0.0463116326756609
0.0125883510165079
-0.0801273224098305
0.133135925903343
-0.100012582338438
0.590388248245887
0.188291455336302
-0.101137062334001
-0.0625642105940587
-0.124145521527721
0.180101752494775
-0.0648667926826451
-0.0620918180656988
0.379257704937425
0.30611509931307
-0.116865042285844
0.0737508461439888
0.146002997441618
0.0540822954459904
0.139560246800296
0.0437116906821947
0.0340762542325505
-0.15314262239477
-0.0551000100223909
-0.0728297075573816
-0.204649577469351
-0.183798557379695
-0.080135441528263
0.198981217680152
0.271357981014601
-0.208772613414034
-0.123373324094367
-0.0292162388348549
-0.0234989736383293
0.46844303442568
0.396523179388992
0.336835707433925
0.154331367123994
-0.0282629535007853
-0.29489124935795
-0.158689059892456
-0.0849428750661461
-0.0581227972369352
-0.337926800393541
-0.210714868443217
-0.236354414977995
-0.0347306925080363
-0.113839424862645
-0.0320468730278419
-0.0546104313782984
-0.0807414480982816
0.388269491119466
0.369270773407213
-0.0275799565817825
-0.102788641895884
-0.0591413327413651
-0.295292894817227
0.189797081078919
0.415680990330039
-0.139376437084183
-0.00936828197251062
-0.0971991037549949
-0.0657830695745391
0.731445329106261
0.666072597214705
-0.0795916709796895
-0.25321661695804
0.090668125539187
0.60802903268179
0.100286383533794
-0.274075230172889
-0.201628896223974
0.0534676398917178
0.143917025031091
-0.213094206607879
-0.211952558732081
0.583466380814427
-0.30942787059649
0.518930398727518
0.262894121694115
-0.00930146106473155
-0.107144542380627
-0.120999070361304
-0.140849156059145
-0.088293473988377
-0.0582185517747409
-0.0790948015692096
0.0917331598655525
0.000216276205797367
0.448238604493317
-0.166047868185007
0.102691773897906
-0.0816922916467646
-0.0125311778254893
0.0223058093750292
0.135965137935272
0.470411861213128
0.246655752505304
0.48928603372175
-0.218253185432011
-0.238857856156871
-0.22834980774742
0.0241064551437265
-0.30754775420992
-0.164342518874706
0.101132473343707
0.296025264751588
-0.324095197599549
0.211650176429185
-0.0716258110785455
-0.11567324785999
-0.143284947219889
-0.108247028853636
-0.102573996227059
-0.155901600458891
-0.117630944543986
0.228678847142111
0.159004846544951
0.210071611509022
0.0757155693051604
0.0996302599688148
0.0388776221492837
0.213863077439069
-0.0367352626479023
-0.063326197486577
-0.0481704671442202
-0.340562628802307
-0.0193758182282037
-0.0823209160933938
-0.0968236350650058
-0.200350209146393
0.711060595316668
-0.0970911018858953
