-0.119216828741479
0.0199158340294613
0.0478837986018747
0.0230944016858393
-0.280841333631808
-0.346820053975587
-0.342813497978419
-0.338268535981054
-0.332710401964778
0.0942625982372902
-0.11508901687315
-0.144023203686439
0.14656766925896
0.847856533581187
0.21079968600534
-0.0107687971773399
-0.0252573379284586
-0.0493876277060225
0.10172866144064
0.0470711290916173
-0.119079495727212
-0.253087666592653
-0.122066861337556
0.499475108174832
0.106376550351632
0.207127448163928
-0.299958225918366
0.598240539862799
-0.284922736657632
-0.0243710833583064
0.0596513436690993
0.044513203409357
-0.0723138036563961
-0.0387242553562548
0.0553785289806167
0.0545996639171381
-0.0425256981002788
-0.321704016940074
0.0645708580055046
0.197293381160906
-0.198114395799165
0.136090248498631
0.678291456670265
-0.280365155051743
0.391492834461112
-0.130895751436518
0.00141606756341119
-0.283670486222303
-0.298356907598927
0.385967900114357
-0.279850879222417
-0.230223017153883
0.455947962318266
-0.342560215676736
-0.299714831572617
0.820234764763698
0.566506230573512
0.284041679808277
-0.28279892445656
0.7922851183627
0.00838881618488115
0.0200087782792645
0.171262892489078
0.126531256513849
0.0933387984316558
0.127246529163217
-0.292900370193453
0.0264781965742897
0.0856507913230673
-0.288722282108092
-0.271099461442958
-0.230373716701547
-0.00279573963566459
-0.0786796394276519
-0.301472731589188
-0.162728970364516
0.339666079338705
0.0672455783735084
-0.309278924905747
-0.290741454278862
0.112320381453546
-0.333852556984321
0.0500101653032442
0.0613416857730232
0.0560208694809168
0.618229184216446
0.75394365041707
-0.0481510977357258
-0.0656011952162383
-0.145126193982266
0.282814095336578
-0.0348288466486323
-0.349813143415087
0.00429114907965218
0.0414036959010325
0.242948614207157
-0.106045747887046
-0.348028509081958
-0.0322072367333329
-0.2804171236878
0.47687150510283
-0.0341856259930702
0.428858670480657
0.528737899658044
0.85928874956678
0.21501022045538
-0.282894103480542
-0.281936837324803
-0.281036865519051
0.845288578564388
0.497447555968918
0.706607835655468
0.0549783734327365
0.0795539862006937
-0.0290214257446008
0.0637400584644901
-0.313972877512417
-0.0111749932868643
-0.189681451523611
0.0178876074412003
-0.0671717055365976
0.0369399379378433
-0.0209100991888563
-0.0570602896369621
-0.0489024478986399
-0.132341323810425
-0.12303730054432
-0.176702294810649
-0.215182505866695
-0.0910211273293186
0.334346384061524
0.0723936619744661
0.260103060195923
0.321926230749142
0.363064454944046
0.431717834450799
0.185592269773686
0.296204200248308
-0.0614299531403005
-0.457645480619491
-0.311155670309222
-0.239161186347761
-0.593224644897232
-0.743383778491275
-0.641417940831624
-0.721142668765668
-0.222006366137581
-0.31881646271887
-0.108172713951634
-0.188042491053502
-0.345857784098134
-0.434620887587548
-0.512610040094854
-0.743240958611074
-0.773648725514182
-0.331803409792462
-0.407930254867591
-0.420962319974648
-0.31302679411184
-0.750820626691316
-0.822805231647545
-0.846734842195852
-0.462765480719898
-0.398257913897433
-0.708908804389554
0.642445732049012
1.7055797943355
1.32019035067071
1.31729014246344
1.13117248211855
0.794146898501063
0.113313264029217
1.34685649331653
1.08851178356604
1.63129581467961
0.544538487616474
1.0506174335805
1.57735961921963
2.35644019191515
0.410979677207412
1.14622985860288
0.158983018182912
0.163865936962243
0.462075859527701
0.161955020051672
-0.697783616157621
0.662096651737611
0.183864995982398
-0.0323869081278275
0.0901220186084395
-0.113563751094842
-0.231914513446959
-0.180096175533255
0.135708192277663
-0.0422013794783422
-0.123197258393388
-0.0812974713232552
0.139535398676646
0.250665415491825
0.190616263547133
-0.466114496171379
0.113628828159744
-0.448359936165869
0.0364595674774787
-0.104429869980625
-0.418778511639961
-0.355236254880176
-0.784778884408798
-0.846013102349597
-0.833560582731159
-0.918113358748051
-0.91201116525837
-0.838142886556294
-0.978604230948088
-0.373149134096551
-0.311355164669061
-0.524914431539379
-0.611313995645929
-0.670287167489062
-0.648812435877519
-0.63961435542639
-0.100647104631969
0.351645156549704
1.32116594403257
0.486043338426835
0.424343980422416
1.06859913522843
1.0350467926019
1.54539144849533
0.779409682794394
1.58948246710341
1.4437748652303
0.241253348860713
2.12294119711781
0.730435174308826
0.246426201770611
0.557458845430562
0.685939842700182
0.703600208355236
1.28108920553532
0.946222625431747
0.768225551631748
1.46975526803969
1.61945212036694
1.51404846290403
1.31829718169055
0.659325027712381
0.618750309927286
0.788133089617673
0.548355004656176
-0.821948256860651
-0.751086683110919
-0.788399220850982
-0.633887137236898
-0.731450580591657
0.160661800291291
-0.114166632024039
-0.0898485473269794
-0.414961946273187
-0.145901900194854
-0.364095390678678
-0.143333297380393
-0.398219183866921
-0.20984942844967
-0.279184263880342
-0.586952075551499
0.00342851262122449
0.536872043356297
0.839227490675112
-0.0258965764156152
0.316413663651921
-0.0325731686112498
-0.00988132796584199
-0.73610595918385
-0.77411835963443
-0.371297337929845
-0.0741857472993835
-0.0860994243411041
-0.312600906263012
-0.161768888822604
0.418669906050841
0.884723744671659
0.328234919479451
0.88488091745781
0.381217731171801
1.22983484226694
0.959081996781477
1.15871815983585
0.674420519555026
-0.0103856407841272
0.0742548936012565
0.0712650823708563
0.206473430023548
0.418159232494374
-0.558989386106593
-0.615975634238623
0.140418237195454
-0.146904195145544
-0.233294702309301
-0.586487264276662
-0.929555467080342
0.00066589998279207
-0.203121521316939
-0.344165590767245
-0.295149355669244
0.0251498730241889
-0.00532598886188183
-0.405839267783294
-0.732936104713881
0.0494121443993421
0.18231944697497
-0.375063421007116
0.69854145567337
-0.831459856913099
-0.0778136851252107
-0.219000754257093
0.341647501192233
0.618469139323131
-0.40178858349164
-0.358337432418095
-0.105624195106901
0.0633695766435591
1.46968711451112
0.224427884017442
-0.67053570833449
-0.923302950742168
-0.387961168961961
-0.209128683710883
-0.0616758707591576
-0.612370523233902
0.0654791831423648
-0.28812923869423
1.69602173615601
1.17790670117733
0.653616475096653
0.590294395917831
-0.711282140299971
1.18494928641025
0.614130118709006
-0.408212931145991
-0.492419877129913
0.0262040420582189
-0.741333356184628
-0.498632932588104
-0.0827279388952476
1.36438524144279
0.688375575866655
-0.411774562437781
-0.713559063902901
1.72321272198512
0.0299867485841755
-0.455154231075751
-0.314978294873335
0.0942947436894248
-0.241131032164306
0.599701513116557
0.585833214048125
-0.418575924488509
-0.13728806905375
0.0443911938117893
0.0421222644980032
-0.104952355429209
0.69326818898013
-0.519454348034214
1.87378336922223
-0.243922006966248
-0.614740224515284
-0.84149647408126
-0.0135355505903276
0.197261598867749
0.0585556150893391
-0.17284049238151
-0.372802528820366
-0.35943041254229
-0.17556241897322
-0.211415462917895
1.04832843470708
1.34899561704417
0.628146894435389
0.34437766954775
-0.438793387419803
-0.940269262865778
0.328215617113834
-0.726833146409019
-0.212844004297159
0.00250390939775434
0.140767716473222
-0.156394599034114
-0.683061769240227
0.267855278221152
0.432249532557482
0.425751087050616
-0.42710465969606
-0.343902517628229
0.413206468981134
0.208240723917246
-0.305605740840466
-0.909535170983426
-0.830390858867561
0.359212586242694
-0.0545365512076032
0.0739050338200655
0.563532764547381
0.072980201491968
-0.106906438428676
-0.00415493081036827
-0.479219345400322
-0.433794198508343
-0.361467121802311
-0.337582275017582
-0.00700805874619426
-0.25134656046407
0.543917223674364
0.199887515834612
0.676395799599952
0.680713530662452
0.600893186733798
0.151189499387232
-0.747128928690572
-0.655751736063209
-0.479436026504779
0.537395177394348
-0.347465134378395
-0.730156700529472
-0.132656534464532
0.198783900468548
0.887656147139912
0.582601796135702
1.16962920429327
-0.0854888829612745
0.0547413843662887
-0.197912788198655
-0.270437101889683
-0.247807897884469
-0.230765393289398
-0.298604782872023
-0.393450486425426
-0.217334010398955
0.648608613039136
0.347668004550223
1.25814919443506
1.59223147969889
1.31320034801979
0.641904613619295
0.284215568891369
-0.0648820389562079
-0.0315284987185536
0.163756124962421
-0.0299395628978567
0.0287118457387706
-0.0805004855470075
-0.220432406746338
-0.337975108758962
-0.357201862736353
-0.0318635216282165
-0.613282249590266
-0.495788081008227
-0.492277140457478
-0.149070960322456
-0.32044044723007
0.00234495883724914
-0.290232444336374
0.28946783647701
0.427155320475117
0.556394228086806
0.790415571166378
0.400022589308298
0.508483682341086
0.552297986600267
0.546545696069576
0.349138382071369
-0.939547975558672
-0.974821696989165
-0.848345809396753
-0.600812587902086
0.385564025159397
0.2777735427655
-0.766293700144297
-0.679551454531306
-0.463370256340093
0.0114817924664677
-0.388725228143656
-0.660451991273342
-0.406159376334437
0.0798359288248123
0.473315493359469
0.492878509210176
0.0407661677282719
-0.601088560044392
0.118238239701199
0.374982097393071
0.345738481614143
0.606815290866783
1.13887860434563
-0.36823129243286
-0.339030563268906
-0.278218872769849
0.181977839076909
-0.373570760363801
0.059229995896201
0.490252859586618
-0.105955641852946
0.53460257684555
-0.359543276430294
1.02634452787116
-0.42432592612467
0.0270117079003944
-0.57710032527462
0.107251915343153
-0.558544380249521
-0.804378515511671
-0.209305361960593
-0.355130566073386
-0.330251402703924
-0.631714666444128
0.162047608805012
-0.826847611348642
-0.461403361525187
0.12263061017323
0.0464594093055516
0.652858291633151
0.0907878150422132
0.241493055195561
0.153730477158987
-0.412444736532527
-0.800779386559885
-0.142946897673726
-0.112516515597485
-0.791679889171186
-0.0194219391869122
-0.505691945009805
-0.44925547960576
0.166062205284725
0.219612813982402
0.665404147746152
0.113440387317092
1.07087933435233
-0.334988052704509
-0.436567392478598
-0.63789398066241
0.288139983012315
0.83436546664024
0.261263735646566
0.0596660430072823
0.140854296636513
-0.0131192847575703
1.19671706733744
-0.340315434166112
0.114605326130969
-0.314139995974795
-0.612157921606761
-0.352470594652483
1.17959100226021
-0.623200545560295
0.285532271070685
-0.319314462007564
-0.767662890684694
0.058242798030714
-0.382214809001405
-0.735885603147494
-0.38227945813553
-0.41634739137762
0.250383420484944
0.160353439948088
0.173490469721419
-0.893531347155019
0.330053253395536
0.660621465314335
0.525468366774327
-0.865681664731662
0.333142150721362
-0.165639085289796
-0.198907460601042
0.216765087356934
0.401669879640291
0.325692317277172
0.0759933467873755
-0.737502667817566
0.691314700175096
-0.0185172249342234
-0.295247688262697
-0.349826541518625
0.20044986345253
-0.33599908721155
-0.353019917883953
0.142927867246391
-0.315035730078177
0.501734391925047
0.213534447927854
0.868594017033391
0.0309063954327489
-0.365534317295138
-0.649500490715064
-0.759232199746905
-0.586191985024894
-0.274855832256304
1.51062485844394
0.131657211788883
0.159511938896823
-0.530250247937995
0.643454064991696
-0.736105802080017
-0.336763928711671
0.1404680551885
0.178633828361704
0.381178059984924
-0.0250434743209289
0.659082882796807
0.0450590130460673
-0.6778338565969
0.312108106516161
0.640367414530416
0.0434382375463861
-0.432544508500087
0.297267514638601
-0.498545372616499
-0.343012501551837
0.188623589582243
-0.435563333585169
-0.529147387099134
0.171901066295798
0.221072942948433
-0.193205619024953
-0.612120932140301
1.04772819167036
-0.31657298760454
-0.345563815989475
-0.0823915786996861
-0.536989730092624
0.0808520447184153
-0.0291374821511717
1.01071916006442
0.156737503586788
-0.384900149002782
-0.360792833658433
0.600384299960865
-0.537066505076013
0.227325206362747
-0.581719402661341
0.595796381696803
0.843133162568695
0.737551867075668
-0.224993076028238
0.739981351862046
-0.00293213629050203
-0.0713470517245398
0.689917654072277
-0.694980648092704
-0.125256494815165
0.509190343499935
-0.359118010228559
-0.0497346893028576
1.34194626960681
-0.386977305443903
-0.409381938010515
-0.326892076638632
-0.4025523228414
0.215074508796258
-0.246574156571643
0.108199215134047
-0.0585272650488626
-0.391666270440455
-0.251616432407808
0.357153403151672
-0.683467955931389
-0.148709176478131
0.541736162212507
0.360191623040018
1.31484121783668
-0.331918239081907
-0.01440342198381
-0.222939300653322
-0.247363178692247
0.764077469443728
-0.701192965086285
0.753769648932778
1.06845211201582
0.66343851640975
-0.494855336635379
-0.476159460815214
-0.0574234170584081
-0.707050248143992
0.477007550369444
0.336457738749703
1.05362878906102
-0.649478182674446
0.00571221419561003
0.00860877775900867
0.0896914906217148
0.0984615070983743
-0.409547106501331
-0.719261053698935
0.359400176686816
0.293661455386404
1.44180279808128
-0.570708184531536
0.0351299755850543
-0.564902650895061
-0.0228233868669349
1.36933964974786
0.206952695323023
0.618180646570769
-0.418277294700798
-0.326773413850152
-0.261055913614936
0.552683389788495
0.958791907241665
-0.267676010438695
-0.300251467040277
0.000489415768424563
0.0331750499688483
0.23935028914513
0.125582561058372
-0.338667148911027
-0.9706397953323
-0.507830925244795
-0.29679630177747
0.857340634230231
-0.737508595980462
-0.132451345020589
-0.725340540381574
-0.800901750197269
0.924094872973492
-0.441087448169319
-0.381007347996314
-0.0501343456950591
0.000386143910876263
-0.929010638179942
-0.485917580181035
-0.557741513926811
-0.447737824761713
-0.231756764802593
-0.28489016350854
-0.344695484077365
0.188606137768789
-0.876428301295992
0.0671805154616678
-0.119478934584311
1.81205046169093
0.103654641486078
-0.335285532647158
-0.571532077992142
0.111932230109287
1.34652392284813
0.101666386964318
1.96021534298213
0.588578315439029
0.664207038092208
1.17810134469216
-0.0702796058315211
-0.0255778121389528
-0.0456364127085497
0.485284469437617
-0.00648541037951314
-0.300556242302169
-0.394393981824896
-0.283935531914196
-0.660568351775717
-0.464884701359286
-0.639236614160992
-0.520908455178022
0.0394142100847207
-0.799347308327304
0.0582408685979493
0.500259814491387
-0.399045782234436
-0.357159134087762
0.476027405508682
0.019489661250536
0.519233995964406
-0.934212828638598
-0.878217473509319
-0.898043707434575
0.999887701666225
0.555879856068107
0.569356809380148
-0.159106500745238
-0.477473351213704
-0.0447295214999012
-0.0947995629605486
-0.328341603704271
-0.186704106731732
-0.814840826316799
-0.0587283013704519
-0.454812761031374
-0.0813679683059074
-0.365288110676192
0.299924809093196
0.408681109691611
1.32931653746414
1.40720927997779
-0.473304016015242
-0.16323595091022
-0.214054964596472
-0.334593355001232
1.0413289620509
-0.569349286938713
-0.715645298903058
-0.46806444790683
0.642121580586585
-0.694237789130132
-0.824597572100718
-0.372527164488704
0.157483769324397
-0.615497527689079
0.0579273463200717
-0.014253328283178
-0.569762552272891
-0.861946518272338
-0.674275877349944
0.888261481573646
0.16984236809694
-0.569584104121046
-0.428841973833023
0.188750117613927
0.182728318863751
1.52290100655595
0.933011626052308
0.180566760849425
-0.364325018094075
0.165047461977091
-0.514662908614856
1.41754813602772
0.0818779978192579
0.0588498745374847
0.709152194744721
-0.164961928334928
0.019198733032431
-0.312118617530195
-0.383372893476977
0.386910871943019
-0.350411414734633
-0.615833370482809
-0.320429036916346
0.188712010810374
-0.470760379247202
0.349115072784894
0.208720688254447
-0.114477791160961
-0.0804625771617879
-0.229730583286584
-0.515029797879323
0.718329615155915
0.893554813615717
1.88626186736222
0.051439476341988
0.765090491109342
-0.571181069376004
-0.632956961260422
0.0831443185671877
0.082560136344452
-0.35015825908684
1.27491343322534
-0.391157489309932
1.7183884473442
-0.888813956119977
-0.460745427131569
1.04162099788827
0.0655284389147804
0.116174729200375
-0.0069617421879965
-0.334106581103978
0.49100484866382
-0.527964593384041
1.16086992535592
-0.109384202765022
0.0546048756912512
-0.234469733754513
-0.700659301754126
-0.716848307584957
-0.329151329921461
-0.399953796830453
1.06606612287126
1.33060930162704
-0.377308042082313
-0.534335728125718
0.288242476965689
0.873442726818335
0.0601473475390108
1.52741219725912
-0.080757070332422
-0.0228222304754194
0.0196129293003189
0.422354302324311
1.64146099434463
0.0764032758962382
0.0123990512541976
-0.0450289058061736
0.378986562988618
-0.343418272237315
-0.367749250807458
-0.589475082382002
-0.410264634576213
1.304958522187
-0.751536584255088
-0.614507151626765
0.0721826061492373
0.131893105943268
-0.044481555662626
-0.62801834653395
-0.0448657568523105
-0.0592187365251979
0.725758422894794
-0.373800717442485
-0.781393053150458
-0.105451189845351
-0.0937065137431692
-0.171544174722618
-0.682069848955983
0.345452542426958
-0.443130032459987
0.603852106346415
0.633043719773894
0.579795030135211
-0.401918578834426
-0.749827193633327
-0.313288106673678
-0.409096282640427
0.60006907220542
-0.374006121151748
1.15252050292953
-0.0792941809104801
-0.0197208194628915
0.389806932465365
-0.741317734324357
-0.798274523476047
-0.0806925458919694
-0.294869221183725
-0.345901653384213
-0.330315548504881
1.16971780877928
-0.0780890373161896
0.394883944746304
-0.154301434388596
0.155827000661879
-0.444190512980517
0.173434185748914
0.949816946904066
-0.804091332160315
0.116991288507685
0.00442587064172907
-0.593309078636277
-0.393417627163514
0.502767442203799
0.159401223246177
0.0832357286432448
-0.500214882017481
-0.0997652617899792
-0.0495140419189672
-0.0756516847263769
0.289560383783535
-0.61867293634626
1.10479302469409
2.01387423988274
-0.339793132802537
0.183166056755502
0.552202641191002
0.278672147196671
0.31149276855649
-0.383986801293447
-0.368893460747853
-0.364775395116715
-0.327050632751397
-0.379469086422908
0.0442794085514291
0.0651897873314682
0.140485064990107
-0.371487646088734
0.037487386438703
1.45163363308045
0.153124022852004
0.390839187652058
0.0585127814506585
-0.151565429082128
-0.552804382302384
-0.489900367980997
0.0682099845806756
-0.0612555021782891
2.09013645193579
-0.402575628951375
0.574613812733958
-0.383347201634324
-0.51561128903187
0.416331437518158
0.10978549624463
-0.119328197310212
-0.693693311335611
1.57641968694137
-0.734596356356807
-0.317875726029793
1.28967941379232
1.03685904065446
0.42320713614153
0.637847389595773
0.429306344707488
-0.417901974783903
-0.613287127991087
-0.334355581753799
0.100219574224396
0.543212693744465
0.104645527926368
-0.0044116400821347
0.221392690498036
-0.165495188389433
0.386229238029311
-0.268115605475573
0.11618272365596
0.154815287222485
0.588025035493122
0.103800035374829
-0.317859000913886
-0.317238085355076
0.89213624703079
-0.883875155899712
0.465271339773348
0.274291033684516
0.247203317423711
-0.761246740332155
-0.755573611559198
0.46625531889258
-0.337146381295008
-0.430169707159262
-0.32456532146867
0.307793211982718
-0.23490783417055
-0.23709386524297
0.529203273646654
0.556890721918716
0.0802068970288668
-0.269170452380608
0.0184342139651517
-0.80738638684556
-0.25444453275839
1.32231298040998
0.00283522152969228
0.505911349094209
0.524815980253142
0.654205775120988
-0.286679457904145
0.0552105806692262
-0.426847476691546
0.228049189818153
0.755196361540583
0.468923006965607
0.480956917482923
-0.0849507746116791
-0.2687081610146
-0.156055991569938
0.194706042072239
0.283162696509839
-0.140706971601975
-0.0352461814753426
0.00751411625068045
-0.0073146131658575
-0.0316932031743221
-0.0472035198099656
-0.0581962517122359
-0.0765670357460187
-0.0471196738718205
-0.0316604451281934
0.0363015937612604
0.0378184819869673
-0.0136434319792729
-0.0325120548292994
-0.0573290740873857
-0.102394893335292
0.136518120043441
-0.214939386918904
-0.0277400354964178
0.11511070108696
0.0226788412350625
0.562967214316586
0.123928814710785
0.0332861383752868
-0.190922173605209
-0.0822113926937496
-0.229829167519529
-0.111170079118511
0.452941805698334
-0.0628718331339285
-0.0938726506022098
-0.104423269652313
0.390577986768942
-0.166998609952635
-0.0497282498539336
0.0532345727764027
-0.219294223005727
0.0116655010292001
-0.0244215545109829
-0.139031234460023
-0.166709143528416
0.271517897985319
-0.0741151720268441
-0.156458313786147
0.466098748723774
-0.201710239194054
-0.0352313887401252
-0.0473202035297708
-0.22600646269727
-0.0590864793742868
0.27735500916054
0.0141696498536498
0.0221210628803154
0.00538932051345939
-0.0301088747163909
0.0829449232841414
-0.0687307314450949
0.527484074437778
0.132285955300305
-0.0769098388804024
-0.0474505978368914
-0.0766561567408845
0.0123926989083794
-0.0424985324524498
-0.0301889319504971
0.217318496634632
0.103700336602076
-0.0794679793899275
0.0381270992972688
-0.00196793524995585
0.0206568142563864
-0.0106336480069715
0.0547832738045043
0.032211600456017
-0.0939563055960245
-0.0198227722578398
-0.0332451891087243
-0.0346318785204732
-0.166605063394697
-0.0493660090294731
0.0283699332536348
0.0739391211148359
-0.195076975902764
-0.0953953023970608
-0.0444763785195637
-0.0233221635409045
0.342936159449024
0.215054062948314
0.0654213217606048
-0.0688057026445769
-0.0307918346726257
-0.243676149227475
-0.105717983629756
-0.00878383018772764
-0.00773410690678289
-0.235413794997437
-0.118388606410534
-0.0570102575090726
-0.208717852456911
-0.129893151726019
-0.166185185913641
-0.0292372385998813
-0.0535927718805904
0.189858368285442
0.181782521573888
-0.0604606963576087
-0.114145064758945
-0.0890874744422106
-0.263140123834346
0.0796953048980928
0.294388644808366
-0.10484314524298
-0.0936870907927064
-0.0405668090646593
-0.0380133720937011
0.676462153496215
0.625804862670942
-0.0606292375136768
-0.231525157846228
0.0246375153870926
0.547467676631341
0.0519904422730944
-0.243302767212114
-0.159548856956459
-0.120600626076908
0.0242671664673061
-0.21411541292123
-0.215696353468331
0.525209091725606
-0.277797615422108
0.446402199111173
0.0822270310574348
0.049934989458801
-0.0763067189791142
-0.0854085294335886
-0.0899001114995999
-0.0668612294971216
-0.043251889619435
-0.0540595219473075
0.0284399326382436
-0.0148446372813307
0.31119226866387
-0.097637193720082
-0.0286062340831494
-0.0232098075741888
0.0251602095329424
0.0581321166221351
-0.000168015565526998
0.336652985821288
0.0665001539045045
0.398918442951218
-0.198787028396335
-0.230475711871
-0.227205395418919
-0.0036323531633408
-0.117841721404614
-0.0851952023664746
-0.0320867307452739
0.0481985436544231
-0.284357212351864
0.15381642803507
-0.0441369853208713
-0.0273845281390171
-0.100449676488953
-0.0746650157700053
-0.0537933255176234
-0.137840591955469
-0.0927577989637008
0.0157007751169382
-0.0154873450358186
-0.0429418274627017
0.0441866461901283
0.0199364833361778
0.0445835204041479
0.0333842755646633
-0.0374347218144765
-0.056334065089008
0.0295895783177543
-0.275301694743612
0.0511968714759756
0.0586715039163827
0.00833296258789539
-0.0410134823211674
0.655400198774968
-0.131529388819889
