-0.307412025122366
0.252233507888501
-0.161081058137394
-0.196424823391785
-0.160216967522441
-0.0323834358327614
-0.026424730794449
-0.0254236312818757
-0.0275827265270495
-0.108592645138986
-0.239126075623002
-0.302482970725309
-0.122426504502818
0.2964025622751
1.33487387706307
-0.210259508283135
-0.234116801721608
-0.267385598197963
-0.27876517012264
-0.297480911534073
-0.310900730832517
-0.297421278275287
-0.2798687123225
0.210099643564584
0.394769401524837
0.422946909256642
-0.178730130724516
1.26008774249098
-0.100327230683636
-0.0551116966142806
0.0266798170854646
0.322576695283504
-0.320897652159026
-0.198352311829108
-0.040569038934114
-0.00410573053261556
-0.259519694703319
-0.0613879178899121
0.166139555256739
0.00272649361276473
-0.339562363451075
0.783692646262363
-0.113992151538355
-0.137076964493486
0.1975066324252
-0.34983217855112
-0.165795832218433
-0.225772298825531
-0.168190270723085
1.62564391082931
-0.119867197574616
-0.0395794087341986
0.326161521278704
-0.0451012183117231
-0.0795030922349943
0.00963001751823906
-0.00687170952221345
0.0192894691429401
-0.15363565035044
0.689373167015104
-0.276332756433051
-0.237475684474849
1.06278579326478
0.586865140076868
-0.0793390862488831
-0.290460977811688
-0.201512397287731
-0.107596722816708
0.211597987827178
-0.166995977043693
-0.262687844030071
-0.326934029707771
-0.206352262487397
-0.224096305875401
-0.171287685418861
-0.340644126449878
0.104134054749758
0.0931606260926927
-0.0706820480440052
-0.0907264209077824
0.398615070514895
-0.0520099935384528
0.219438334711139
-0.0923538027007984
-0.0139645946672265
-0.0861117128760571
-0.0937714300153202
-0.266273862363107
-0.203915387014878
-0.340207214557175
1.52635189397186
-0.251582078402091
-0.0290709182507755
0.278800123030064
-0.221735570580155
0.227756874224226
-0.341961188639992
-0.0384985666696012
-0.285706335692071
-0.129096641357171
0.297013174279652
-0.308875222543426
0.270265860270884
0.0867285149064263
0.132334188396451
-0.0547892325026384
-0.158629375315794
-0.145967076374323
-0.109847087110535
0.460967532582485
1.45494369887639
0.961612950020035
-0.136993274818564
-0.183253363117513
-0.272682096941049
-0.27818309944376
-0.180785348945653
-0.105622474855744
-0.222545296754376
-0.332148203035172
-0.120739506864323
-0.240138107185378
-0.265193184447941
-0.242874762946289
-0.211153538772165
-0.270491353099805
-0.28415889665617
-0.115939666744263
-0.230570516262927
-0.289844703095452
0.1858921008788
0.217477959641474
0.200620691430448
0.226696122618902
0.230126304179871
0.229133639987722
0.0927572333245454
0.204811936797568
-0.12401199170659
0.35042153344372
-0.359298558669134
-0.397278514327194
-0.412149282942844
-0.435233566728717
-0.437919452836208
-0.436849715578394
-0.295329660802939
-0.346578170514866
-0.2690801034541
-0.298788591898815
-0.327476305342439
-0.297574417587805
-0.298383072825796
-0.237347843882108
-0.22082319452525
-0.437428519928506
-0.447474288960857
-0.385744816984847
-0.468774214998803
-0.47039763056811
-0.214503789957842
-0.193785384258959
-0.509218644582182
-0.479337811566344
-0.168419742931291
0.799931464008078
0.680715802416631
0.668478586952602
0.882566776449964
1.79574775247009
1.45550975285279
0.201260639045277
2.01567163792064
1.14574095784432
2.24814889434506
1.25330972016575
1.32991390667517
2.10257833546014
2.51357446942056
0.105600544505516
0.0143979023257035
-0.502208073128078
-0.408901193412214
0.268455107177459
0.153591516716905
-0.147355542606504
0.194136275749233
-0.0367873806520523
-0.380352919503662
-0.372632102122137
-0.341053023891099
-0.328958890694036
-0.351846697345066
-0.29191149320097
-0.297870259957917
-0.193229826544404
-0.346470469554772
-0.384350100485022
-0.356102806372363
-0.220925021374035
-0.0677750082286164
-0.150485052749734
-0.0567908015562596
-0.0921104710831338
-0.333910320612282
-0.364010709212668
-0.554972069507996
-0.600009030726164
-0.606810994290053
-0.557536721134293
-0.459053086145777
-0.735454591308276
-0.680753464645744
-0.619140172844146
-0.463512791179578
-0.392026130939212
-0.452628763195668
-0.516086664270167
-0.566026549911682
-0.607763192857581
-0.529251635251335
-0.299060009938209
-0.20983160455609
0.219404821029517
0.16367673449754
0.22329120499726
0.68586332917806
0.840813496882445
0.508001909251848
0.281940246794676
0.471416106271074
0.701163375380212
0.0394746466566738
2.06336032790257
0.491988668396153
-0.0870762171594321
-0.287312401885452
-0.202107078574344
1.97650428833639
1.58044063362701
0.162102690406931
-0.140119402207092
0.247688255317421
0.157390328635295
0.419100725550718
0.113228247976445
-0.097406929048291
-0.2189822326229
-0.0890743015939295
-0.263166235318875
-0.244331061843258
-0.22830237308689
-0.287223075583521
-0.0883099762530043
-0.141918582503474
-0.0959876870351428
-0.204072658334079
-0.141766939378106
-0.137204620881613
-0.29067964635299
-0.169726624470462
-0.206652943441989
-0.292270110057436
-0.369800803859689
-0.348064238073853
-0.322332427474333
-0.280259403116857
-0.384263428190787
-0.402248210616285
-0.32696829540329
-0.407818469204404
-0.428978050588034
-0.141559670082255
-0.0663047808325252
-0.179531158197582
0.687975677458845
0.123976260876202
0.181568107562837
0.238994444974975
0.06359204070668
0.529979025162098
0.84057247576449
-0.11233678409428
0.234758048928608
-0.219997656499566
0.311758843000546
1.02057460728539
0.429622982252262
0.825832112265921
-0.222507699120943
-0.0936946771085242
-0.0597524322326496
-0.144566255802037
-0.311759420256748
-0.219405239378683
-0.261143384047643
-0.0710260869276765
-0.277342180109068
-0.0491116268052646
-0.534159429475453
-0.639962184796859
0.253376881353372
-0.528207734097327
-0.635524014598985
-0.37012701875681
-0.0620907176697675
-0.381881925503228
-0.242457072024386
-0.610065609819043
-0.139714643973178
-0.145850896746297
-0.423976582177523
-0.313690111248198
-0.345755866859165
-0.200117956004486
-0.217565326410812
-0.267229031979578
-0.291513238970037
-0.451981620715947
-0.402845453143978
-0.288387508221218
-0.167780786955152
1.5070533427933
0.191176345681841
-0.409852774574278
-0.327707961261352
-0.534026599476825
-0.112364061278643
-0.237482935152217
-0.188610470949213
-0.267386241480314
-0.427402379007437
0.729266575457057
0.916253794111767
0.464272026343804
1.50592562912015
-0.587520662730534
0.944659679117464
0.348112071484595
-0.372549902877423
-0.385331740014906
-0.376350163417397
-0.246932394778806
-0.215776211815237
-0.360677662471222
0.929202350901446
0.61800900048131
-0.174936795778839
-0.392606357574624
0.793751667631218
-0.31526848995121
-0.544422948547864
0.0442365558789474
-0.00702420392448333
-0.361145166411031
0.288892262989837
0.265196639564278
-0.0378469485670125
-0.301233479525089
-0.212451409649101
-0.0879090825782164
-0.246702660562943
0.713403221884508
0.394037233742579
1.89934943520094
0.682275504964297
-0.290501325194047
-0.197644821637948
-0.308464251566575
-0.38688381810537
-0.229445234659185
-0.270858251575742
-0.499893416330303
-0.446209874514108
-0.173139309605664
-0.325146135888534
1.16200311615243
2.11185954836119
1.16996801191978
0.407113336333329
-0.0688819536764627
-0.248039016130498
-0.400217871456166
-0.510568385555913
-0.211121432033239
-0.225467824830686
-0.256600615129357
-0.384526980324652
-0.499715146475426
-0.0513062297106012
0.516833179393365
0.0199495191313993
-0.223355808067129
-0.412492040845044
-0.414447911645806
-0.346224959968013
-0.270518994226138
-0.576313962506203
-0.665481428290195
1.2736448619401
-0.310216218712151
-0.188723297168526
-0.113753598744259
0.118652634613808
-0.0491041395207007
-0.224640520768008
-0.244182460985205
-0.210890894040741
-0.175626392759322
-0.154612304120764
-0.243876676204383
-0.181682009152607
0.249770212895359
0.0507488259949869
0.397958639785299
0.277404700494085
0.386115447359282
0.161658511120528
-0.219439378097563
-0.210553713169757
-0.198445656222834
0.206768826491969
-0.330960391759368
-0.603730617642412
-0.198794944977085
0.363297121542529
-0.0307315022303985
-0.323084689637825
0.0124139951377959
-0.210089215241544
-0.157255323262738
-0.245575445331293
-0.390235062180591
-0.280848495066549
-0.0878114583282206
-0.115368810138379
-0.0835730272437965
0.207694943844261
-0.237068673112557
-0.369175671019015
0.72940332129225
0.568595206184157
0.644177106281772
0.579199618220939
-0.0344198458656741
-0.130217941108829
-0.189028039154652
-0.108363359631541
-0.311099094390092
-0.248712493064886
-0.231152895889777
-0.173799082869001
-0.12589204835826
-0.112738730479514
-0.21747403884021
-0.537711851306727
-0.484791293353152
-0.534056475163498
-0.310114489304873
-0.274034079671528
-0.311502134118445
-0.217326400023752
-0.400263931555226
-0.404306325907309
-0.295326934145507
-0.18179941173213
-0.143986660308213
-0.0217732548113985
0.0807448667530059
0.180310142070442
-0.429287752951826
-0.649427002089259
-0.425926159518077
-0.542909916127893
-0.23714592541832
0.0341713980271501
0.490735217946458
-0.237086847644499
-0.418245698233012
-0.417100838720806
-0.229365697581562
-0.279288660661051
-0.315865912192106
-0.188158031077737
0.222754000304751
0.0613926460434341
0.745157500880446
-0.0331101825075623
-0.489010000279857
-0.0909340884891364
1.32908740514433
1.55971578131824
1.88542699398014
0.303069739352783
-0.186744846324563
-0.323286946226635
-0.396391887661627
-0.104924893060711
-0.186244895123953
-0.32364959601169
0.26279934711999
-0.369073673379732
0.358535079719289
-0.17626277893943
0.00959251057364176
-0.0590616164254382
-0.0400608953985802
-0.402178942722943
0.122144829619171
-0.452800039548571
-0.522077816530079
-0.0582389273155056
-0.186674603203785
-0.133973120413545
-0.22056757462251
0.156482818397163
-0.309282291437725
-0.297657864206984
-0.166351357667351
-0.315073506613684
-0.189034829952141
-0.335896059659192
-0.0594453605393041
0.0294498114853966
-0.323164319069435
-0.369859162933142
-0.40897861688427
-0.130356529121273
-0.207488444488218
-0.126424771883649
-0.45284636040905
-0.37191015955363
-0.289737823636527
-0.319094495772331
0.592257669075491
0.2381403652212
0.727140788911742
-0.109852014301552
-0.0453926017364249
-0.242016062357212
0.892484343431802
0.714855368640876
0.672294444745113
-0.203150101036568
-0.0654323986814454
-0.0434794076773015
0.74520045553169
-0.173916620341279
-0.15549481800171
-0.133213870382184
-0.579287943941431
-0.501801327452128
0.749257008258618
-0.287035685832201
-0.375206178858973
-0.158308453414743
-0.217627563857295
-0.200345492736441
-0.458872071949921
-0.318391425382508
-0.184128610347581
-0.0834700149864956
-0.372945765047136
-0.127620834044015
0.325936001542797
-0.549352685964018
-0.323030368279473
1.57774253775423
-0.197651797863991
-0.629041260946269
-0.397446889434076
-0.364916458394677
-0.226204963153477
-0.341476592259256
0.114456235266286
0.0330339479255946
0.0351476041271538
-0.274413466731497
0.809659426668805
-0.290401733946535
-0.358774472982681
-0.0832412397941477
-0.194106080195935
-0.087367279281202
-0.0410451770387424
-0.112592285552934
-0.355262739875731
0.140851495814979
0.226791058595402
-0.143846366068415
-0.177027023863707
-0.224274276690662
0.348219001774256
-0.195354144310365
-0.432068640134964
-0.401173608391948
1.35479464115259
0.0555545491299452
0.0592303980884066
-0.578215014520171
-0.22871174050509
-0.633422818275825
-0.345507242603991
-0.194517969392839
0.237015844434848
0.511907908029875
-0.277441315053837
0.708619654024196
-0.0495334240840527
-0.405450971481714
-0.0298808141835132
-0.393162197172434
-0.535754731152455
-0.215869696739604
0.521156236704818
-0.271744804042857
0.187176860772824
0.197713938849256
-0.206526923227028
-0.238859820769691
-0.274934926035237
0.172977796519632
-0.182678122903614
-0.281626563670753
0.328336444855246
-0.329392077523213
-0.224430025406581
-0.433966328348474
-0.209156428923261
-0.263003612956077
-0.218778578354156
-0.138626006155433
-0.122857370741228
-0.0618059474832106
-0.0694186879129556
0.131512868202784
-0.363648818465748
-0.0285704968276234
0.390461893402044
-0.0896837345156718
-0.100072832896743
-0.147915780068895
-0.380026318390264
0.707408709509759
-0.281245659279676
-0.34706957637267
1.77360733066309
-0.231608649892589
-0.239402733413323
0.621425232850017
-0.185895947015343
-0.363048281049236
0.214536698107773
-0.205829567706087
-0.208516414782788
-0.151777364231495
-0.530159812994267
0.51476243509014
-0.0200284377715449
-0.0624097679115845
-0.376873724990966
-0.324882540152936
-0.25442850684327
0.488183319516519
-0.429945743864418
-0.312996316550235
0.446985770184458
0.0121202285203997
0.795499723533092
-0.389862437135696
-0.268135092523634
-0.0735142680670623
-0.157943332559708
0.688851251330903
-0.681400651735584
1.05488476012201
1.59974684135974
0.410864516823638
-0.240043408403218
-0.206101944915763
-0.18360955873194
-0.16624652460132
0.509861628997245
0.260372448674997
0.653877795796906
-0.585105956307448
-0.117798556137904
-0.0763674575147675
-0.0843583498001573
-0.00497098872267493
-0.375163694307104
-0.53676085743901
0.112864575165059
-0.318882365768562
1.70813338922514
-0.422957881537123
0.288023709681659
-0.205052817243477
-0.114193703764538
2.15411821925897
-0.0671854274837263
0.132755047659647
-0.475048384717597
-0.217774636496057
-0.305612256820073
0.0297875026269823
1.56168591346323
-0.31546509273757
-0.312102435547227
0.241494157297934
0.250061520473697
1.25279824320044
1.02941805122685
-0.276534143699851
-0.402844064705977
-0.221124479618959
-0.0311115277987914
-0.122040176014481
-0.428135049940447
-0.365775065047076
-0.250804734213335
-0.229389494929533
1.70480444217129
-0.269405774629432
-0.326986735816133
-0.264999042441605
-0.0446104120245803
-0.280809655279801
-0.197177026768682
-0.156595265793707
-0.201481969210088
-0.0811896370348665
0.184059959167447
-0.160602168756113
0.549881656190992
-0.571214552760368
-0.186898156271258
-0.0954926863325764
1.109779226216
0.0118126260714841
-0.498685989366364
-0.218439119837258
-0.0963378272894266
2.18879371339511
0.0231954106385489
2.2382571054523
-0.21062609482373
-0.235024706584139
0.00435169234665191
-0.320296103805213
-0.278617742689185
-0.341461352898301
0.463564193253152
-0.297313292871197
-0.377154690951322
-0.345752677989184
-0.607772578275823
-0.471798526826862
-0.349356785476979
-0.425032395781869
-0.24672106902244
0.0920493796653239
-0.215458971271262
-0.247568894377333
-0.353898712127312
-0.434780162132616
-0.430596300806867
1.24718205264427
-0.239268746009247
0.304283199991216
-0.475772821913913
-0.261730455704147
-0.235758974772014
1.07773374520736
0.340637593921167
0.251922867111313
-0.035655408063026
-0.433190541826425
0.0630606196298633
-0.394921412855367
-0.0909554112642025
-0.148336062980428
-0.589747622082255
-0.0599995724584516
0.224761335297557
-0.353743459510737
-0.186065679577148
-0.328048687789397
0.365349237397639
1.12061630011283
0.747970813714657
-0.454220018785672
-0.44777241740714
-0.344062770831189
-0.237544971435863
1.01202813437165
0.502580279225642
-0.648251768333408
-0.0523728725031668
0.563833929963357
-0.554176372763281
-0.161827696237521
-0.470444699735309
-0.338589845899977
-0.543229505318142
-0.165182774762336
-0.275892002221876
-0.270616566646689
-0.704666456099999
-0.562015033037453
0.627330252203325
-0.347143413262059
0.115158684182806
0.232113069728069
-0.166012489419924
-0.116692590214202
1.26822744493369
1.99024737057232
-0.183991324728915
-0.441232106785216
-0.0155383445318932
-0.225194428248652
0.717572932439064
-0.00608939115590339
-0.130916943914273
-0.243718473483745
-0.308723998245481
-0.230610404119705
-0.358903808902317
-0.478577646791764
0.00194690606788907
-0.411635147991968
-0.257397192380812
-0.146836393997349
0.0941295711495648
-0.351291635398305
0.213062000957997
-0.21241599074546
-0.36613803066212
-0.0925215377149209
-0.35280948482359
-0.51710696304159
0.623969208292078
-0.149889387376751
1.30256477351559
-0.16506927663814
1.29031533282242
-0.251645700300111
-0.471400916766604
0.107946734559414
0.172125285161564
-0.178514367180841
0.572188257778383
-0.409051373178589
0.616001826536167
-0.384486996876892
-0.313656749804313
0.178622134606536
0.244167002290742
0.211868528239141
-0.26119405485957
-0.188133212569175
0.354270882998525
-0.320445152140004
0.701988067062979
-0.30909332833772
-0.00808508176739038
-0.346090270596852
-0.224962952792896
-0.213525772283251
-0.424556991827033
-0.41214099492746
0.696422703965431
1.34468854501664
-0.0331853655918022
-0.118815777981695
0.161414641406913
0.873526355792654
-0.303456322177048
0.589150473071397
-0.263658523275656
-0.158868829312073
-0.209351227822356
0.601353365488156
0.443286769174404
0.270314349558161
-0.308319157543608
-0.313487833665307
1.68178501694507
-0.130291538206963
-0.106452732433757
-0.332861710717598
-0.0371811879675789
0.45340833007175
-0.191693484595204
-0.216395128900957
-0.364649275482232
-0.393374472199075
-0.412486920511846
-0.691906730972224
-0.200990666558226
-0.207679598183068
0.814753264279434
-0.470884891595727
-0.212732883508071
-0.105955827702329
-0.230790969640872
-0.305088745674669
-0.271664672619545
0.364301940013433
-0.240583554045774
0.330040902256885
0.348546558954533
0.360400801371401
-0.327557256062775
-0.500752134148901
-0.180728148517263
-0.257570703354493
-0.0742623011026021
-0.204877157131851
0.845425673806605
-0.211730878131882
-0.310046590381863
0.872781763836752
-0.49648321374185
-0.478635545339228
-0.141017598206936
-0.208887728493411
-0.254938753262359
-0.0885751011164176
0.123719122127957
-0.239735579872484
0.246780885622879
-0.331308027632732
0.292763691567761
-0.396934737542422
0.206817609611769
-0.00795078787248837
-0.531128642044809
-0.173839517035828
0.267229598446188
-0.210230835790218
-0.38534971636676
-0.142337091781207
-0.121313412941881
-0.372814456227311
-0.396489004437235
-0.348318421635156
-0.0504501526546123
-0.349308697302681
-0.21839109099722
-0.55683626474716
0.00628955049931631
1.45347406145231
-0.335584605071846
0.097420779784799
0.158132676330274
0.20621306234478
0.458084984741042
-0.0993608951102679
-0.396504898278385
-0.177906522593532
-0.161883577872896
-0.189350900965307
-0.038994508437949
-0.246443333157749
-0.00578931118221615
-0.0866555149281281
-0.178977981110289
0.709798828341082
-0.29977280596715
0.611963876962388
-0.0239633753296627
-0.365022338075022
-0.421106671555177
-0.57105113623566
-0.325103153759373
-0.564680675119309
2.3632179694645
-0.0454059287354015
0.151091542390828
-0.365769526338455
-0.459969046688688
0.410558676676994
-0.330632176323674
-0.37189623868304
-0.158370232014386
2.29177567790194
-0.460684813988416
-0.109614794642456
0.378227483004926
0.537782950245945
0.0483468542228004
0.778763912986036
0.612661820116153
-0.20043415173898
0.278755644929647
-0.357395892912105
-0.121092804011047
0.297846552250097
-0.150000560354686
-0.265447607601621
0.117920072338535
-0.257811067987453
0.376952858741238
-0.365686029661373
-0.0988919210385041
-0.113935065506201
0.333755163417728
0.352307542076644
-0.151157353161047
-0.306557091556343
0.638193511933891
-0.265785345985629
1.65774522297022
1.28075401409995
1.00012743559806
-0.219117540329108
-0.225843939621469
-0.390590163130638
-0.178614525321863
-0.201825067578257
-0.172132518615257
-0.0363356444113052
-0.343065320808583
-0.366843646939761
0.167605207627203
0.0668884819709626
0.284138922468621
-0.124813894881038
-0.0373700842535572
-0.477107501380129
-0.255380749193781
0.308689366862043
0.172760852794741
1.7460766653876
1.8655650845944
-0.14047482812074
-0.136842842719044
-0.315263550094855
-0.0459828358626042
-0.0566471271450834
0.0816411097748954
-0.269657321579801
-0.189242766196742
-0.282388089343714
-0.188296843193029
-0.349921144574104
-0.299775487955756
-0.0109778793469259
-0.0795040968990673
-0.184241068257285
-0.0649324451401331
-0.148473181605515
-0.0204285577633297
-0.00211334242485644
-0.00149394467889864
-0.00215192404477281
-0.0066977542703508
-0.0589828868339538
-0.212529894603877
0.714912329131358
-0.102183870577024
-0.0454373544714585
-0.0297451694241025
-0.045393147708359
0.164001525988047
-0.0540977081320258
-0.0788658019961692
1.11157380024728
-0.0890648481790464
-0.0420736955906387
-0.12028337259119
0.194265996382815
-0.0958485840930906
-0.197413231837662
-0.0224806722860391
-0.301017414548594
0.768333873523852
-0.18353950134732
-0.272459362394461
-0.224321620817125
0.260793738767709
-0.138482438307025
-0.231331535585318
-0.0438534504291221
-0.0142870012454769
0.270618715230355
-0.0542492895065658
-0.21722029385767
-0.0168434270687878
0.114426600435359
-0.164206843607445
-0.117224152899953
0.0636965492469534
-0.0766183761611357
-0.0046975889093041
-0.301483816118459
-0.0310191255087149
-0.200503153972181
1.31368370729704
0.390239444592373
-0.153988557120717
0.244316516213899
-0.0182196103013753
0.275661423575451
-0.023791401530964
0.33841912795575
0.744765681482331
-0.186631072017916
-0.099703200076307
-0.075564291410847
-0.241761795722395
-0.00331174354016923
-0.0424124060422077
0.126692235742004
0.0484936884573778
-0.00922208135360489
0.703801835861757
0.278561301011041
0.187794562693728
0.133207839960487
0.0329599379922075
0.0614099484943832
-0.270039801726446
-0.143235694602336
-0.167759297042003
-0.0329887584394347
-0.181821847209708
-0.103251223851139
-0.229958288325074
-0.153962459089973
-0.114652301034451
-0.0586401401482945
-0.157151887960712
-0.0998101133071355
0.256822897820041
0.228751098949961
-0.0763392252332902
-0.208817939707919
-0.108197657163028
-0.0187825573750626
-0.00677053385154685
-0.182112539901468
-0.158979866071352
-0.0160718774448316
-0.00548194419572222
-0.00982862188390673
-0.249253912855721
-0.0922234632001191
-0.188247028921603
-0.0439308484086758
-0.0693407338653003
-0.0504334813929216
0.0196267626053476
-0.162347857474963
-0.237221272416836
-0.211722115518983
-0.0490841021259115
0.790143250801514
1.44655216657902
-0.0256788361654241
-0.325451406610272
-0.233219937564328
-0.154337497508282
0.143157403084656
0.493636725724589
-0.209119785276578
-0.0982812406431489
0.234189476047862
-0.0146646993634664
0.14422352899798
-0.0738343371506677
-0.280864100961847
-0.266181429989189
0.235017156577406
-0.158303010826745
-0.149087564096955
0.934198996645968
-0.0296380732842483
0.223255514565362
0.317348914879593
-0.0998459270896779
-0.218228620378458
-0.163929694464522
-0.116455416420215
-0.128695692872548
-0.0382049394867166
-0.0682583183822361
0.516526533160051
-0.0620457163493661
0.0055125787978467
-0.0970494849395314
-0.277802227273992
-0.188557385333105
-0.0766388671123835
-0.0125129367100184
0.303566156998268
0.178274182705405
-0.192655510613824
0.302633706392309
-0.229539294387806
-0.123526550985134
-0.138596209061604
-0.0681964170497998
-0.0306575083331966
-0.264978045391561
-0.288531727722225
-0.191928284075417
-0.0242087370691738
0.954294959610753
-0.0289855211659003
-0.193911797635231
-0.227338665217129
-0.154580962917885
-0.211187338620511
-0.137884828437104
-0.101204470288334
0.0673117677026101
0.126102096955615
-0.204332870637969
0.1202659331
0.207650185816454
0.0387503753817202
-0.222150926398043
-0.198446547267364
-0.114034631067425
-0.170338303841729
-0.0194130405388077
-0.105349411577325
-0.0598289957651627
-0.0402447081591835
-0.0214459491518303
-0.0843228690749659
-0.315777245369068
