0.749756122731965
0.816948074274266
1.00478719301195
1.04428452571038
0.269810509454961
1.11786795908971
1.34580345766533
1.49825453769637
1.64712815427088
0.103670820175475
0.185611580469995
0.301811349292636
0.864863560356325
1.280017282195
0.856160788295486
1.74803927228823
1.79010785520697
1.67008638135325
1.08189943686782
0.814166976877836
0.761452121778959
0.667629339592572
0.938496553552738
1.03173883774821
1.59054837419841
0.840828620771534
0.505267649120081
0.867764780712102
0.380728470577405
0.57240196916924
0.729162374247747
0.885346839684399
0.692487347482884
1.14029274239718
0.843359453201895
1.64542403218582
1.83311551308802
0.837850940357892
0.725418406952931
0.763476119507005
0.766249117317948
1.32114688694861
1.27501084716404
0.252635580850845
0.849483287604832
0.49569014708455
0.0528443852625109
0.597999531400295
0.462849406394942
0.712119076698397
0.288920351937231
1.03257512081254
0.90108349121285
1.17372522525886
0.597971679713287
1.27289092464396
1.18673775875949
0.859830925156047
0.293590540605339
1.17992197210661
1.39946241921288
0.823732534043463
1.08128742606676
1.48943289556527
0.262234195523168
0.910212847221725
0.586888692649878
1.68694212813848
1.62420032757308
0.35194552512667
0.643021123112594
0.697541992439357
1.09235145609961
1.09596733030159
0.446095834276435
0.842048484745934
0.851925776148698
0.712910803363383
0.697464130997623
0.465775969824459
0.882050226181022
1.0300548529433
0.763179557903244
0.930655560015818
0.768850668031751
1.24761277692731
1.27495065985774
1.77535306706387
0.114949340721839
0.398641768583891
0.751538279123884
1.83584922238794
1.21030666166496
0.854655806964209
0.749657547888427
0.798093739637317
0.600884153085003
1.05220903328183
0.771257926836204
0.275290378034216
0.955975743502457
0.780184599923573
0.863930292227642
1.11144730844089
1.27176827706954
0.866539664400894
0.212827382589778
0.293883707469985
0.33880624498991
1.26656847384506
0.751197829385119
1.03187924273413
0.0554721874983231
0.853912989763232
1.54799535324281
1.22661622188189
0.848807758009878
1.02482887152229
0.906472246291607
1.02467871808085
0.987978602563487
1.14997511134034
1.19584104303133
1.29788766379489
1.14460828430894
1.02449680229066
0.804318410850977
0.909305678050601
0.797312736287278
0.799004102398537
0.331159039233671
0.564296970889138
0.296428576332941
0.8465295371739
0.72585354891932
0.839997480441939
0.373935797351396
0.962360902908409
1.4113590776059
1.78933906044864
0.942877705742579
1.71721184115325
2.00426357500007
1.85986795274352
1.07351208537495
1.59696044919478
1.03934990755594
1.83183373223731
1.16219397161617
1.21899861468839
1.6791994259751
0.387166106900343
0.00926631830084799
-0.124232706206576
-0.316980713271173
0.84517249505646
0.260926120818992
0.38536669432861
0.307130340002492
0.367608849130963
0.196882686721332
0.346643963286907
0.741285040942785
0.667991872632225
0.455866315663054
2.67273894182412
2.69078305882475
2.11141358942313
2.42365604360569
2.63706228406421
3.00909670433566
1.80172508405604
2.16526853635575
1.96958466379518
1.39045977849959
1.28810112181181
1.13971980797658
1.52642814875098
1.01855213484443
0.723795776451174
1.32639284373756
1.60149369839936
1.82414216509497
1.2954464136699
1.3749912637754
1.49767906876581
0.711713529372586
1.03749792406272
0.145947497472453
-0.270994957050713
-0.682338257617152
-0.526736189459625
-0.505528904617167
-0.52279729503407
-0.490974225549869
-0.463001314220771
-0.37612294458965
0.156249526376347
0.449590906299136
-0.254763278070038
0.582361768863663
-0.587656457021577
0.066350047345101
-0.588692619826325
0.29365835303474
0.870966005840889
-0.0819479232036548
0.0404822899922042
0.619567523777538
0.283297055832627
0.728976518904173
0.897586439119656
1.14775719155869
0.795025637053353
0.65080646400901
1.48704066775968
1.25780773533068
0.965626398101718
0.340403317386121
0.0930656319700799
0.226244843300494
1.1048871356315
1.69342875733714
1.35859916761238
1.84435676969497
2.05352664393243
1.70538941784337
2.04354161115277
1.77668199600627
1.89918233126291
1.92714233681899
1.71351735690166
1.99123824914703
0.288775941947038
0.334586336484433
-0.0158884525720608
0.101942091952239
0.140568093414316
0.632444506015969
0.00500229666564217
0.256438185429226
0.0458725785356509
0.244475362022848
0.638557259073949
1.11040368305832
1.08379031966154
0.485342706291912
0.151459493876432
0.906224181039505
0.877949479604086
-0.0845095329953665
-0.0990891816713093
-0.243008877934461
1.49183794837486
1.0936460320163
0.972720303532459
1.224212194416
1.12658623147038
0.874553292570109
0.987307782586953
0.817974772980725
0.60470623494317
0.0691894189965069
-0.0429078357671947
-0.394463979060431
-0.153094459763827
1.49818083093111
1.51705309716166
1.19107565437476
1.25646052061499
1.05220308975898
0.601074925616788
0.343232281267152
1.86111837571497
2.30693825416175
2.15413053959993
1.25737895480802
0.838300396246296
1.50539841330651
1.31063466896851
0.911904491045869
0.946990585195916
0.749059197014819
0.902020371184532
0.712151029268988
0.846862177804996
1.29322898572924
0.849219754316044
2.13757523963758
1.15308591495326
1.0508749235082
0.870559182211847
0.613745003639434
1.5647783997293
0.0862561248546258
-0.153054667404646
0.304003357875579
-0.529401796087512
1.50209969079292
0.567425551301091
0.722970533200744
0.809479665471594
1.07380396207979
1.98854171817235
1.11197094126921
0.675403595990333
0.905322671309302
0.0670247767362029
0.386217286490407
1.31595162584752
-0.131909937935291
0.490220464413203
0.986165426179102
1.45594546931984
1.19274243658499
1.04399811191031
-0.065286740295844
1.58138840923903
0.840865894448761
0.695712198596304
0.88454449024382
1.88511039687353
2.33860504604352
1.74987325907136
2.25272755293684
0.504053969295557
0.24607014629082
0.900801040935608
1.04232926549207
0.15156976259834
1.96523986035248
0.275348931208244
0.246860227223739
1.00928165270938
0.765131463548187
2.00820152321125
0.355080724086067
2.05721481551876
2.44620896270626
0.38704496663886
-0.119948928928718
-0.0473604648799558
-0.323942760145487
0.00424025798196884
-0.521907346495052
2.13388002517236
1.73313622998885
0.593654299635547
1.93149556810699
-0.0610362589790368
1.24233466972665
-0.0650114962261993
1.41958843543046
0.562872949170722
0.988819736389539
1.17125081149531
0.736932034790428
0.838589631147712
0.194775385276207
1.08471034586201
0.915437889980905
0.863132379010862
0.927291646982751
1.50888286476811
2.08275611997999
2.97014258586441
-0.0617140035958327
0.71509989143669
1.01338703124426
0.691240802171856
2.00034127427889
0.874436854859039
0.727429758703866
0.686284314665273
0.867149815643204
0.767122975200288
0.459477679488111
1.01459123330539
1.66885577548625
1.65089728026862
1.47023300020122
1.11273427036782
0.989082033122601
2.04298722794695
0.776202983618517
-0.0435734089043143
0.25459861599542
0.459528717452236
0.783255118284825
0.717307842828499
0.759047091167485
0.526878687355655
0.540208642116896
0.830929022479731
0.790392833211575
0.586970767717338
1.19284898102844
1.01371487282866
0.495355234726927
2.86390811414645
0.92619422851597
1.03502466739414
1.36605870709289
0.518374769465477
1.92072359980333
1.21250263044157
-0.0336138329693903
-0.0195114366208089
0.307758072084176
0.119289367464783
1.26353636450412
-0.0526382427064676
1.01023134845915
1.06784038913279
0.841074964586367
0.625447597980819
0.871324747360686
0.412496239253473
-0.225509171239217
-0.197630249755691
0.00288113014531725
1.3085344332468
0.971152414590079
0.413141783980675
1.04843479782467
0.925840760508989
0.711450605326473
0.757705066400587
0.851568966912034
1.25865847037482
1.2482938204035
1.18264188532549
1.17010958451434
1.24345027715903
0.00493656240233267
0.40663947316352
0.857428055799661
1.15434310267742
0.236717405487236
0.634597954808519
1.17384397540538
1.8820019373543
1.87450775630968
1.7957182650272
1.40275810405072
0.881833422535906
0.956930142106692
0.525727361197729
-0.569084579290167
-0.51516630119319
-0.323615827386076
-0.110365738061715
0.605379571764987
0.520512581700047
1.25723179924954
0.63405395218181
0.943492030312648
0.351947930548206
-0.614307394654921
-0.268921750667022
-0.700042696565986
-0.182970673508012
1.61090553546723
1.6956457849368
1.63842938818382
1.3265416638835
1.38070593757051
1.4121901860541
1.27206565386714
1.09763920399271
1.52616052702081
0.572594610297729
0.535745544575096
0.259434966426027
-0.181701205152045
0.81025963595872
1.73529239741515
0.188930301469918
2.0394345376348
1.97485071610325
1.2919677658288
0.549795709580991
-0.0193855395783354
0.26647667912333
0.672377807005504
0.673451323644778
1.82425264735317
0.737124933717609
-0.095090799461654
0.0507098996202292
1.20146415094322
0.835942638696019
0.418265842822562
1.32598399734466
0.11400581910043
0.553192378008555
0.779414502169629
0.977999785055206
0.202410085821851
0.749910190897661
0.814907661788786
0.720641090357004
0.882779221877748
0.162185977950385
1.2523065337183
1.11381987939734
1.04336434870099
1.76888092483921
0.568691875734734
0.685311387348001
2.07180761682179
0.00823777285677276
0.0209783119117267
0.202989228653177
-0.202772769630218
0.709598409534297
0.467320525194055
-0.025438119181788
1.30671984129889
1.71705183663538
1.39923683857852
1.5065878349977
0.913105103927063
0.13279966368288
0.55111590912582
1.37527100267652
0.548736362376025
-0.174315223062748
0.183236224799433
0.617337780243318
1.54676792045797
1.78106592041403
0.662133770610481
1.3756639111138
1.97780879614475
0.564494468468704
1.02063834948256
0.399336139742742
0.861051723453179
0.0268922840509228
1.51301427036685
1.93975493314032
1.67204162590674
0.929448929551818
0.869809199264919
0.820666622406741
2.39692302580232
0.20480908948408
-0.114698462788322
0.277534602303542
0.676066213840493
0.614090603045297
1.84754389643204
-0.000960104585203215
1.58357628847089
0.111245142096044
-0.218691779087744
-0.648220975881026
0.546910906866306
0.272852317638806
0.259886184100581
0.911309462763173
1.3682581808817
-0.437082279303711
2.03981749741098
0.76373570362683
0.947534874148046
0.508142051744878
1.59235736378545
0.456080035550792
0.430738265486742
1.49665497413269
-0.330999295364031
0.769055775113881
0.825245180494674
0.85840573842418
0.653309057051247
-0.0584925387650145
1.30366021284564
0.736040220793801
0.680577931245565
0.736705781887503
-0.059921348043003
1.19772363574064
0.845328296396576
0.0292573882429643
0.955440820728026
0.749966866865637
0.370876264677804
1.28386946942698
1.43881550039156
0.586364796014121
2.26182015840127
0.145522690184628
1.05724447564922
0.653278683412843
0.855974036422051
0.432925839258776
0.257497097869604
-0.0461573619581079
1.39448457992896
0.178751232285303
1.12325631480153
-0.0628119366139775
1.70020228126022
1.7236091406166
1.09451372702889
0.716154095777687
0.649850888232365
1.54819875090063
0.820713670024305
1.05284883599784
1.62167686315256
0.0682098334733855
0.857639830949459
0.00499036597701162
2.24158133834188
0.674467833611917
0.0422175307613622
-0.122697735007187
0.226326371378796
0.262577988864221
0.772540107160485
-0.201653872101854
1.95716165842333
0.860812847366829
-0.106441775203053
0.37431626427344
-0.0412514683027351
-0.314724084595997
1.49604180066602
1.1523513324527
0.92340263876159
1.04504942654894
0.838851799117194
0.583156100297336
2.2891524335121
2.08314771288764
2.87691902755615
1.29747570894411
1.28753473141992
1.32213546174575
0.741018530029308
0.811623939328131
1.91788464519476
0.187013366639635
1.12855148175599
-0.234190379522252
1.04272767192242
1.8116050871756
0.42610519245043
0.444439330219603
1.32439617246763
0.175554777629896
0.0552066597799086
0.272060358588284
0.401699737903649
1.70068189804761
1.44533226168236
0.48944600309878
0.68565012340132
-0.271672691041533
0.829198938550028
1.31048343458844
0.0913745714534813
0.66900406655939
0.668043988772165
0.749699538510048
1.51859694172344
1.0740671814423
1.24073667673798
-0.256336234681529
0.988065549518442
2.47827421089678
1.06302576478719
1.85357013205747
1.71728024133619
0.791242487132918
0.402104635751307
0.245484228386852
1.60747288316274
2.56007477515912
1.74074151350702
1.83667938046366
1.86872107648654
0.201057272294859
0.976040909087581
-0.172098264431602
1.785627731189
0.323405098175184
0.510361170971472
0.296591488384019
2.14494459623884
1.12696522850902
1.88634617399937
2.10434125666925
0.893810047549039
-0.0857505592281352
-0.412170498057944
0.167067496903275
0.869472563461355
0.594927200618935
-0.0593185243214855
0.39372364328179
0.224439029607225
1.18373222834808
0.221407833804811
1.19362151226625
1.1617781026215
0.7703115960602
0.777842459039574
3.30789697255988
3.10153306623043
0.573905789804417
1.18848786083655
0.106868835504278
1.56453481864627
1.28217213515363
1.90834318860659
0.565597639937884
0.00319835468398155
0.204066721161682
1.43723424039889
0.475374776802337
0.489945408545348
-0.550992028466261
0.761567444155098
0.655326564987624
0.053013986991568
0.680648004368118
0.101969895136874
1.31872286179158
1.51128902679484
0.262152869008879
2.22474470688642
0.526949649256846
1.12729614134366
1.03270138824676
0.0212772562976801
1.71146356407493
0.343513886268358
1.44119876707014
0.201220903421925
1.89053179915729
0.750800108159139
1.68298768200114
1.49898593361998
1.4461046975331
0.419966167129788
0.792854870502898
0.861175584590951
1.03961836608444
0.822020778527111
1.81674538386436
1.16656980840352
0.61221749240012
1.55087758577745
1.84232386178737
1.85792081692566
1.87641047701124
-0.0412601388831875
2.05816409985545
-0.0138410782762835
0.0819516562577946
1.69400100606189
0.454167045062999
0.529586918141841
1.45780875899351
-0.641534757466474
0.977137738737165
0.682090682222166
0.374649693883772
0.542927742561735
2.93867498731445
0.960078711749555
1.05253596309809
1.40162815230588
1.81451475780548
0.851646871871483
0.691030495796397
0.434363410645056
-0.0540085129306883
0.242090556575901
0.244789818716557
1.68272750658013
-0.52609904593215
0.0799795462478625
0.834502122900086
0.866123616510421
0.186833169862953
0.570682263193924
1.67576210212394
2.07671057841124
0.971074680327783
0.60388347546114
1.61373689044229
1.81442520090649
0.234415803421939
0.445451787724576
1.94172574452101
0.491037851414657
1.46511679006656
0.80832968724125
-0.0942177251470454
0.530883383515301
1.21699928109432
1.46765649031651
-0.0669674424814998
0.696904341180973
0.252717982903099
1.77740707257224
1.58571386404388
1.69097877032011
1.55743316821845
-0.348731542013174
2.04478771146587
2.08660056712509
0.187535921437248
1.90313429589413
0.744490593392658
1.86949474368021
-0.0642391608706434
2.01963628164222
1.34711016677957
0.994055767993756
1.41745687564282
0.858665055772311
1.91677955003646
0.81447056984768
0.550328367057866
0.639962303385358
1.93866547883765
1.75350276397261
0.317698097704385
1.10497876125779
2.00233978060785
0.740845124965281
0.85769459503839
-0.417134074565759
1.39661710666305
-0.241965053191128
-0.100441840137068
1.96810698117684
0.731928616412391
0.155800339133868
1.04360933618365
0.668534138209667
-0.00101390880839766
1.56818892513542
0.653413314830333
0.666009928513627
0.366525306370168
2.48961533001084
0.163572203549745
0.136789692911326
0.669524255751674
-0.10448699115719
1.3016283600365
0.686623072824646
0.556288685822684
0.9711894546406
-0.0353970357607514
0.705623654023186
-0.0588492695081331
0.991947817046849
0.982606205422785
0.718044732886422
0.886079672437444
-0.107497225787371
-0.214521255710763
0.839480354858545
0.418084977762603
2.00209886767427
2.87981044926819
1.14267311053912
1.16568713572855
0.522873947312303
1.01841031918755
1.52292671503688
2.06763443354411
1.11974374752956
1.34096951663901
1.11523950586201
0.803077594320454
0.679573758175599
0.892960898408322
0.295280541732756
1.08807720270792
0.661117550633349
0.288173245062322
0.781306955583077
-0.0604387288930396
1.00568446334097
1.2123556001908
0.228843511014333
-0.0244799804760406
1.15661070735959
1.00405384556142
0.707260799494344
1.33073154900467
1.19656449271518
1.22013028383215
1.9103835414779
0.540179639136203
-0.040233657499296
0.869022442728625
0.794797534549564
1.0104741711313
-0.05776577504492
0.963234810949329
0.0895725850647577
0.979467179704162
0.724543653436949
0.808489557642149
0.518135169612341
1.77843118599493
-0.00610188034383072
0.543367369364084
0.166297511771502
0.512684815157275
0.990528975810637
1.71417463635296
1.38628613428934
1.66789112263536
1.60599322056275
2.40347200243268
1.09807826522292
1.03192216606915
0.975815884690435
0.622699271368756
1.33934158306198
0.0608076445744653
2.06091332892603
0.308949600734568
1.68130777342135
1.98486386178933
0.40244782112471
0.281061729968167
2.29838737534845
0.981085053182611
0.843953875027623
-0.188230844198909
2.04153420716115
0.770895064096069
0.989426313735203
1.07788245958739
1.37211020229161
0.685305721657059
0.833543390252359
0.874330303371956
0.090182158882996
0.0603135512726273
1.18614162545849
-0.066492144081657
1.00380253942715
1.45820813648086
0.697349138304304
0.411958238841586
0.810287053280065
0.935561911501815
0.784125838532742
0.158088875561699
0.263034549044596
0.151029487197341
0.831838038403889
2.01054922133043
0.352247383701398
0.809411279192819
-0.0628703182098581
1.79400744068041
0.168080824956671
1.78795347185944
0.653211663047966
0.43774479093023
-0.332594743407121
-0.071348531075786
0.771102416154284
1.98431915474586
1.31307322170285
0.996138509110135
0.214080696248368
0.52018832102604
0.422375477852615
1.25799900814607
1.48525987869089
0.475818147296646
0.76135379797389
0.555254129522689
1.90306863324939
0.343281690923102
1.75659518306273
1.21634351303
0.759583452807401
1.57462571946083
1.93021652984176
0.346533586089831
1.76165586403334
0.640035561210645
-0.694069326975409
0.797616910893091
1.98663230049544
1.92807083143988
0.261510046310908
0.936778112941095
2.3173207599591
1.63357394756282
-0.287897299636341
-0.040870563754735
1.05839356439013
0.904978606526004
0.208207295979033
-0.317721392661221
1.80434905181584
1.61600985815983
0.924540573845939
1.06431622280718
1.33313351232803
-0.222493622292122
-0.32670551883195
1.396680114182
0.17837958974301
0.0376634971547805
0.117555272051858
0.513537313850026
-0.409010172318098
0.761852288358435
1.08192468399484
1.2202866052182
2.01816787089863
0.932725888124438
0.798317975499388
2.1527962437754
-0.413909334378979
1.04821587509646
1.03897807455607
0.558360709314035
0.57684530134795
1.31795426424717
0.303816578803439
-0.0224151227357347
0.476360852689953
0.89233832178945
1.6494644778189
1.37566093309911
0.158425676872276
0.113032008148169
-0.151655303654535
0.319707136379431
1.5742315088695
1.99082004529761
0.798247983624454
0.824364117469141
0.929839841833072
0.955817722175715
0.652093575045327
1.29017147518917
1.52536568282566
1.65374039287054
1.11590405685658
0.719439222485211
0.71213254997207
0.927699551003351
0.989471719037819
1.10392624892852
0.967563915833555
0.820326502240575
0.840481022693912
0.743921825114837
0.762186779262354
0.929633603066761
0.347630566595521
1.17158656116023
0.783814457020339
0.815437063523962
0.438000476394278
1.42726683202899
1.19915339188856
0.456723479746861
1.17065896311605
1.5754183843939
0.779952581519738
0.814575386129552
0.935194176627643
0.565099594814512
0.943405265056813
0.892946718329704
1.65529271948233
0.852126091623378
1.37415447353435
0.810180911142214
1.85146365412327
0.839425618734975
0.314658964283143
0.497712634206884
1.06487308198129
0.541371722733038
0.822129136669247
0.620780321204661
0.965056530914349
1.14148690697506
0.971027324413251
1.14253928798858
0.967872424825284
0.942021515608136
0.806854403140218
0.893239545684393
0.690813262229114
1.2073347214333
1.0026450026816
1.58692317959714
1.21422929722678
1.06408545956285
0.673004215859218
1.10823843034936
0.713800224765644
0.903398225422133
0.76467262121079
1.10700248545275
0.976883026131177
0.855436453907813
0.821321431594283
0.837944870542649
0.803525411905582
0.858687849825738
0.882531750557782
0.852895386302989
0.843418024063101
1.01877991790346
0.705070596338216
0.742065666116156
0.728939982786564
0.718404631848939
0.381580872977524
0.609136878558213
1.47746556848231
1.06703832191872
0.876025784041789
0.843694460304022
0.802514452778493
0.816955469492359
1.16212511818174
1.41696309061892
1.40199519967339
0.964060082918229
0.9621385124596
1.86686991221593
1.80052523920775
1.3599921565467
0.77763627126851
0.826347006696152
0.797238879347
0.687649607972954
0.665998463191814
0.828771111339483
0.798794374632032
0.610022297445869
0.346553836195076
0.508181457421531
0.856694353556094
1.0261547173942
0.861813222557266
0.790944395074251
0.551304781668689
1.27469435337306
0.209503995125952
1.23623362202152
1.23472475841644
1.67549035014604
0.423198408781236
1.40378940766744
1.15159233258242
0.770931653959604
0.57517870233985
0.772549076518784
0.785975385018085
0.816476177429995
0.582141643898571
0.567013271221971
1.12013910802587
1.11472860770922
0.985978852978229
0.853961167584382
0.928134234872594
1.67394820399134
1.43362721057036
1.20815700462873
1.35500764967734
1.06597198193028
1.13383108738466
1.00837938861584
1.03683199784173
1.00209676342583
0.967886892676717
0.609476338210449
0.925971108494794
0.962543033068749
0.82379731836898
0.866782438448409
0.854424898615435
0.792968490517388
0.894285083040209
0.715952968469653
0.360511049447806
0.376420591670419
1.5194839072462
1.21596510655116
0.959308747233922
0.697113837879939
0.7740503635425
1.25981782281709
1.02969690116474
0.630971952609545
1.02360686761406
0.860965985409856
0.826876209294212
0.892056713110279
0.647779831119802
0.699024796316132
0.830360582565795
0.836464208558772
0.807036293326422
0.807908748228209
0.823318384837635
0.840653431948821
0.689067405460708
1.59345241150267
0.545125144819901
0.961934023164967
1.63045757141466
0.202620627187249
0.518769732424634
0.671536253762018
1.11273618849113
1.22766665390428
0.399868599598388
