0.633598572478452
0.611795330535738
1.08537886869452
1.11904764832722
-0.134227653441766
0.528387333718275
0.84345217794715
1.04944412292374
1.25645382326764
-0.068557171632871
0.214929753116889
0.322595420952239
0.811968805968841
1.4893231012322
0.644714553203716
1.80649183555188
1.78919510740159
1.51783732786979
0.898211732575088
0.68917639837512
0.643378901745829
0.47455910026593
0.953163653660873
0.966725227599053
1.60646431020958
0.621376750656895
0.354658976197634
0.808110447371827
-0.505628581889188
0.326396855808986
0.747569954467157
0.609574293537098
0.660186175901697
1.18073476869444
0.918280024203417
1.84288765155065
1.73565771741747
-0.0325001082892742
0.641673049618933
0.626706127096587
0.673835766450198
1.06006986222923
1.40883266744363
-0.416580964247615
0.796448153558801
0.48603755542621
0.0184546165764592
0.46108357335344
0.191622614110874
0.596238749322535
-0.509765668624323
0.73236111903511
0.835077549770428
0.42705389369345
-0.32834776100028
1.54683590300976
1.1735031902272
0.813614371397587
-0.239677552817574
1.20505604695099
1.22397446210984
0.773734064953959
0.816642518534253
1.34257137862621
0.00988089633041877
0.764140700087312
0.455271764937862
1.84370575857513
1.77347276207536
0.018889317608693
0.482782565741914
0.531298650286002
1.16650570268139
1.12087792121897
0.256820795196156
0.828030650441592
0.80462071958642
0.686240317554685
-0.212403346248995
-0.444478092645867
0.614994768333763
0.210013194546694
0.619911647643923
1.01714145447146
0.820315005098043
1.29961181100945
1.49529590584446
1.65019259826407
0.122356931707847
0.40379682088719
0.586699611197759
1.77761396547685
0.668729401117044
0.605282007980525
0.629250295356956
0.62555304162647
0.578984665956902
0.399679889469479
0.727198340272051
-0.460851698148614
0.887481335951604
0.662247020796572
0.803761253593042
1.05908592345086
1.53506531523462
0.816609674583838
-0.2492972276134
-0.309695395070504
-0.514214620606077
1.38120341490682
0.665225617633176
1.00020939951917
-0.040817058228656
0.800035120838637
1.38255242165682
1.04028666398401
0.909989050562807
1.0449717962572
0.842915333105105
1.06565183334584
1.09560146534913
1.30126702593232
1.27880159080177
1.31176873870318
1.2352054438723
1.17140558888492
1.08367211678456
1.02998778468507
1.0112454658658
1.10938404073702
0.149489949574829
0.296866976753258
0.189469513764115
0.423309552440005
0.465601988911262
0.416617085387435
0.293432761356176
0.779809709247407
1.88284133208282
2.19521228276928
1.08689870699573
1.72629852843256
2.07091978925748
1.77723181015145
1.27237123693946
2.20466698969285
1.08108115991971
1.91822330391719
1.12247464642418
1.11106929506581
1.70376302555707
0.0606621349343205
-0.412466878309794
-0.823388369328266
-0.908650990653414
0.474082401950555
0.265527023798461
0.308102342514411
-0.372583654510878
-0.22740052318121
-0.468115872322351
-0.0186083549273884
0.277792751859321
0.373442833005583
0.295156451944453
2.91939397153489
2.97693859141653
2.67151265763804
2.82372798677984
2.83604067147787
3.14462172118413
2.16740319980302
2.51107766017152
2.33984224308769
1.75402736091192
1.72221572628734
1.36531630096974
1.64842361554602
1.09833876917086
0.887646274402297
1.49801856982133
1.64177558126457
1.86419197346937
1.39804705532691
1.33951913043157
1.25263537142256
0.836945497255298
1.15401702201621
-0.171396481701824
-0.687190048481463
-1.36149285393923
-1.42177570674483
-0.893731275888296
-1.2067829965909
-0.891496266789353
-1.02876716321202
-0.624160519525105
0.0743280625317027
0.132941460133259
-0.727279076900708
-0.0975561100663623
-1.05933365214263
-0.195567716731347
-0.734751879175283
0.14636782210895
0.76194585534737
-0.338364723643564
-0.489999963470086
-0.241833095598689
-0.358861424472268
0.432221917061925
0.44540667791051
0.783528814552521
0.5813806406509
0.393636289859378
1.48754987185526
1.1289269567568
0.690874766620631
0.166151303868463
-0.142760722056332
0.140161809632512
1.02231047873847
1.74964898436429
1.77396123448643
2.09164102528527
2.17794492033887
2.21193523290626
2.34856474020684
2.26145202272804
2.35397465304965
2.5194006424174
2.31727249175231
2.1182513624592
0.262165676674718
0.0481203324879516
-0.234841008297483
-0.366621863796248
-0.319126238625799
0.400523304538666
-0.0834666758647031
-0.296761343254633
-0.31111015336027
-0.317668987825274
0.134736486085367
0.846029389330189
0.84652839955627
0.338705650289509
-0.0162175664618208
0.836414836094233
0.663208440392242
-0.97539438548144
-0.925962156249943
-1.1066353043612
1.30101289846971
0.935559612132751
0.904305596820779
1.07333387736912
1.09410296532589
0.868727311265162
0.731396725666737
0.600429287611464
0.184846520584815
-0.731491088445692
-0.497817492472098
-1.16209926362349
-1.1339666684368
1.27815920080597
1.35654131018916
1.16311018341314
1.17060515315568
1.06902117830561
0.7080338517583
0.375672792207242
2.26129666013511
2.51431566698778
2.46862730005395
1.08908530539517
0.781763732655514
1.57035170246867
1.4205250047578
0.567263576614583
0.682788718795586
0.618549983733271
0.709927548746697
0.686276574395683
0.770352683749041
1.53530851818679
0.971098867514878
2.20667400057919
1.04231622684389
0.879428039323465
0.811620496567372
0.584737784211044
1.76291673325304
-0.250322946028293
-0.938895852611708
0.446339522105315
-1.43230098541057
1.53455859304496
-0.0186442176382284
0.198421712545296
0.517803892810111
0.435250457342788
1.49388742334733
0.592871273264388
0.791309374473093
0.910667954600406
-1.01591818483687
-0.0770816629493615
1.13473083736667
-0.652393567442129
0.290635852884481
0.965712779608971
1.09210040619824
1.20893141084908
0.968906836121488
-0.447856910526311
1.80743762100059
0.502356371871353
0.39282281378326
1.02261667184662
1.9672198260687
2.75221959255301
2.12272343549159
2.46908764656821
0.0629662714625138
-0.080291283860101
0.933262272386622
0.822729341562223
-0.331906938410037
1.92361641292167
-0.317391882519508
-0.0447156189482516
1.00225117260466
0.62154991780363
2.24395348391812
-0.18361092733839
2.45132570333545
2.56530179702749
-0.150304697290521
-0.721566022828669
-0.365133331211502
-0.920355725316787
-0.501894252168969
-1.12330480145079
2.67180395667446
2.42182483211126
0.21694898012237
2.30352765186098
-0.3001641398849
1.14751648529233
-0.517270530687362
1.83196725370881
0.642045739795996
1.23754819330531
1.11686866653229
0.664056104548724
0.423589237903783
0.173332498508802
1.22190557141504
1.05944083348004
1.17837923438826
0.675402923233608
1.88357223712754
2.58522041608826
3.08866181896019
-1.03209095641137
0.530743729258784
1.02189802676183
0.633474933309431
1.96976278637547
1.06753133414291
0.382505786811966
0.432944389816815
1.07620630843406
0.785341294710991
0.339483293597799
0.833825673628833
1.54983105440175
1.67617062244359
1.72913219623746
0.904117561394713
0.514164226708491
2.22563989148828
0.561608227410853
-0.143465742798453
-0.31211066424599
0.430807924273062
0.834730373386312
0.611396190929496
0.598167466170419
0.756558621067817
0.357306949587807
0.678713217567511
0.771540338552813
0.196132399081698
1.14041417821917
0.578361942546076
0.12523710291551
2.91641765985201
0.881142762984827
0.966381469580416
1.33726966023025
0.404847103157089
2.14905377134798
1.29935882139429
-0.956829148991295
-0.685561902094064
-0.647224749294799
-0.939192274441198
1.34116735324814
-1.01305418483357
1.08459471482944
1.12359173376788
0.957989889347832
0.65342641571562
0.81285061913514
0.36470687431241
-0.805510921282781
-0.774229394447387
-0.384685571276889
1.37261583228918
0.66580076290527
-0.425759418981799
1.10803375195487
0.572093157672354
0.764507399846706
0.738876453984566
1.0842776564029
1.09863214951863
0.977141020059915
1.11600428025036
1.38011642961206
1.27394899617208
-0.573694665306669
-0.421822688853498
-0.0929415166458872
1.2252219233693
-0.13231556164493
0.0714782715263835
1.57392617067806
2.4842961570662
2.46541645232676
2.2663255382636
1.63989293403161
0.914527694371033
0.951306544781974
0.624276113281469
-1.02283559930505
-1.12621148732239
-1.1719068098317
-0.912229895287359
-0.413685236626968
-0.518936039681161
1.29072054984838
0.26632516463622
0.433274064567831
-0.115944266741966
-1.47500115801743
-1.35012975891573
-1.31703611176679
-1.23905613190511
1.83103709937564
1.83469923144303
1.8103053956559
1.72279501818039
1.65024142791872
1.40922262770156
1.20538368476692
1.02330894949499
1.36643544403362
0.308239833879621
0.481942102040114
-0.0978559093114714
-0.752398229795744
0.757942147656637
2.06735667495944
-0.598235668427254
2.53983135598917
2.06364154916148
1.14534492860301
0.41992478119754
-0.804051836837954
0.0338502682871043
0.530604738979271
0.643794522979179
2.02516758983045
0.838486290147138
-0.615074066005563
-0.350417659793692
0.885965228449886
0.58296515717834
0.292733594966837
1.40426553744952
-0.373445176921017
0.3905882024736
0.545821896008373
0.908343552191154
-0.194002142742921
0.65311500073281
0.746822426558708
0.701807231597385
0.806118248547667
-0.619670313756522
1.67809615082345
0.370428940372677
1.13337125342176
1.47793165681675
0.551137858557844
0.0348928822929934
2.44700206499435
-0.108672579642509
-1.0247266871306
-0.785488871681656
-0.717021717417991
0.45331149001487
-0.278885313431683
-1.13558994880366
1.56244598430162
1.62073217177726
1.5396732681488
1.33476592674877
0.86225273492659
0.185121182194979
0.321098839501788
1.21036892608368
0.50967198504975
-0.858418293038587
-0.619000820067969
0.59849074942316
1.84929877065308
1.57493536481813
0.429017998104375
1.2752416627386
2.20608451703588
0.364461281437397
0.918934861021007
-0.61094819402029
0.27371954305895
-0.63681793187187
1.29361571728005
2.45384182575114
1.65082967819422
0.87186487730852
1.08190593204754
0.952687311656578
2.54731325983108
-0.427550577264104
-0.37658210226337
-0.635154793396532
0.0614108619290198
0.143916512799971
2.20018132305776
-0.766905468351142
1.30813339929063
-0.935637155939805
-0.833637389364503
-1.01595137654084
0.33300883010079
-0.547976181435188
-0.0550426416528879
-0.0206864981065989
1.28142284477158
-0.821295717620728
2.23219976070184
-0.000113947981326459
0.832441526460464
0.415240775742793
1.5630880699701
-0.213069007305859
0.393166649888417
1.30598093465823
-1.2964364121477
0.693524983121776
0.773742639657622
0.812025253647565
0.682328670056529
-0.963878303798956
1.2115178180082
0.62896325533666
0.427874311400962
-0.23278589307937
-0.679636259259263
1.28020046345808
0.490618699637053
-0.360804288469154
0.66135281929491
0.681154752159459
0.202940909745455
1.7082371134814
1.12874301441746
0.447675290422747
2.47731085061657
-0.627815028500204
0.756353942728832
0.57624949555609
0.775887658281366
0.479987881966989
0.309421630133088
-0.530815993209838
1.35729421511856
-0.202805054917178
1.4536758724169
-0.486077779621907
2.04431564509114
2.23412012209535
1.02246286224854
0.587966290332764
0.769375403761298
1.94382577576809
0.768472342291358
0.953775060170551
1.22599427393542
-0.743153551007803
0.601850584608806
-1.03121487238297
2.74060072191547
0.377083972363081
-0.51535316588833
-0.806116319021739
-0.334086047845052
0.185874788328132
1.02404945189791
-0.998038532161207
2.32213558204022
0.709961621644795
-1.19157917958291
-0.20646058478083
-0.517225567098865
-0.668045110936778
1.27803082772981
1.31199563639838
0.869469840639271
0.212185572927615
-0.0579652580930884
0.599490727888136
2.39766863848366
2.11272517059096
2.80680399951559
1.30951140228018
1.62971353693149
1.55142664552814
0.676852650054709
0.584791466091464
1.83149052745049
-0.34768684442891
0.801051478535829
-0.772670868625236
1.06665826043708
2.267694661627
0.252567066972381
0.248362310495017
1.24109957497361
-0.855435441329906
-0.870691302070972
-0.575163896857607
-0.199764734636627
1.8508032949475
1.35536306028887
0.618293696157197
0.4990631734769
-1.28687036395041
0.856368560608865
1.72004250233651
-0.592749467675212
0.258324523585957
0.688605146571044
0.950687671238045
2.07384569791656
0.976277724604237
1.13710875268163
-0.477805313303309
0.885931820983723
2.53332230212878
0.620880267798198
1.98824408829788
1.71130606729943
0.799633541824741
0.134827420857914
-0.0026064757754352
1.68168946217355
2.70662350930908
2.28133075008376
2.17899121498502
2.53055691788237
-0.472037222371471
1.1264508729369
-0.3229061297794
1.98428810767077
0.253013596015675
0.342457049867315
-0.313152106675407
2.37789804751452
1.00067219386586
2.21227355668958
2.15944258765931
0.573734549098627
-0.519591203570184
-0.856997562069339
0.102492870377067
0.890792088591596
0.721392702947481
-0.69386956658396
-0.226389666439163
-0.3728875544051
1.13534429317656
0.135890575803822
1.367770725155
1.09073841786972
0.43246914550548
0.559067879196022
3.31223246839059
3.19589554964436
0.439258265666252
0.964124585396692
-0.550264607249089
1.49114622128899
1.4713128021744
2.39978527070516
0.544844158005245
-0.725716330386338
-0.574634806643553
1.2126517535497
0.2769509964543
0.372835771020016
-1.36574163621087
0.839618250985395
0.441243316320584
-0.268533934521236
0.541984984159827
-0.348072068397972
1.37181489299966
1.39540102138316
-0.734262158075383
2.59320980554159
0.1896247519992
1.03644160846224
1.12355720927449
-0.192886747443205
1.97319611980413
0.143219879607412
1.37773418258882
0.341408286530438
2.30667744588804
0.650753304766975
2.12359291600386
1.57587841357297
1.70145570688398
-0.0580151530099933
0.75482021414215
0.812548519156518
0.997076268802812
0.494917491098194
1.70689516989273
1.20778408970456
0.205384823707596
0.999438973433188
2.31002774344087
2.31447276601627
1.99523573952364
-0.855916012499832
2.30085053621176
-0.803970668472146
-0.231022866505289
1.66415269846092
0.320177270916865
0.0520480537042204
1.18369498007843
-1.07303040458971
0.902086484758804
0.135265312000684
-0.20235294134188
0.201225468479926
3.16513972108163
0.883831575774406
0.98231930385706
1.35306791628196
1.77862070314552
0.888066952152347
0.685511873368445
-0.344201009791184
-0.783589786247147
-0.16072830227148
0.0840855242313822
2.07860558198065
-0.978536332754382
-0.474671344923633
0.741185968735762
1.29928225226289
0.0452088915662124
0.375629992795769
1.79118822504582
1.81644085044613
1.09500372423082
0.472531312120985
1.89467978222529
2.20490627908917
-0.0775185474889328
-0.0274685787257355
2.2151448518249
-0.28819804907591
1.14183288169874
0.453182234276344
-0.561477403528555
-0.122863106357247
1.05649887794037
1.27132172414054
-0.970154082045706
0.220893637742606
-0.0999355007336856
2.38477798799018
1.37703153693183
1.98778002442964
1.68780068503433
-0.861396046372821
2.06954303612703
2.58374755840483
0.0972679946537651
1.9425164919442
0.426551107262241
2.0693207291334
-0.625659947121338
2.28380110020418
1.59286899946811
1.12468555596892
1.76904080635953
0.879324705705178
1.90603587211053
0.594318067974088
0.40187912467125
0.685057465287772
1.95136483597218
2.07110700950931
-0.713092248773119
1.16043738226986
2.09137654058338
0.613267397392025
0.972445772831167
-0.620588829725781
1.60305956358587
-0.841135123438383
-0.602504589001453
2.19701422777097
0.811030476990472
0.0725345575380846
1.20476313768345
0.583285582802763
-0.378044898901666
1.38973760994234
0.630906414114114
0.584609059774897
0.118367324489986
2.87005087386719
-0.514113910769735
-0.28188630572492
-0.0420151251735196
-0.955830607334978
1.56493408109012
0.479329937940712
0.433389997144251
0.91239327317787
-1.10167678546865
0.591523016557713
-0.675223813480519
0.828993222091476
1.04216957030408
0.779507466245382
1.14296735043838
-0.800927016722928
-0.839727698976713
0.446833858267811
0.326624440356149
2.61765009625156
3.15892228260627
0.731019759431037
1.12635575484571
0.293627570880689
0.859036859440827
1.38944757140292
2.61431325783474
1.25840975284245
1.24878330262624
1.21325981085945
0.57337245935665
0.340601134146313
0.527993719109251
-0.0173340070119645
1.16817913199146
0.472897178305592
-0.75226187126194
-0.253390064575622
-0.754724143135355
0.491672729663154
1.06580466406882
-0.320923537801587
-0.537747486014255
1.11305286442683
1.01691636399853
0.759305928446412
0.899189982449251
1.23250898337193
1.23921871858354
2.26250422376471
0.262880080832834
-0.723246486374476
0.903745845098599
0.823732195594894
1.06495588677839
-0.820734435300749
0.540915408096453
-0.930480352469407
0.929646558140261
0.689180783940871
0.736721751470447
0.379443511045716
2.37824415934326
-1.06661525950413
0.389859224991045
-0.311162094344129
0.360026678623172
1.20737587225889
2.00444071549161
1.25014758703941
1.56739945824419
1.25983899647527
2.56442533189907
1.11917859938841
1.02427226852803
0.92755460478439
-0.351944391842251
1.53427554676406
0.0440692105161782
2.16590185459903
0.303661155464827
1.93910345524479
1.67962912752966
0.28132656043296
-0.282188396085068
2.43040090954177
0.78430376136876
0.571525594772198
-0.681419661994611
2.10712237483569
0.671567072295965
0.926298349222054
0.966220949503839
0.874486890854324
0.659078843991192
0.948560503824541
0.845883987959297
-0.133106579624161
-0.425565551500697
1.18043391986458
-0.166052633823075
0.837505438112382
1.59273248810323
0.639304487277894
0.201349940442288
0.614146165095778
-0.0947799069493384
0.0884264078411379
-0.708895388206128
-0.443574678123044
-0.554554578638711
0.942680294487986
1.96960755121983
0.450973124520864
-0.170182623276931
-0.172084396917028
2.24544050554232
-0.271726710846287
2.08236798263672
0.744337708048317
0.426710626743996
-0.84254330568007
-0.530970867338722
0.6701219659494
1.68916591139778
1.53236915728717
0.349729612065106
-0.157740345669725
0.394188993303309
-0.259154570549622
1.16089330601358
1.31268278040339
0.14119853888959
0.634190219153511
0.428968467333931
2.20184563358507
-0.626557247504556
2.29846107316434
1.20152272310873
0.707274529993758
1.63366452520138
2.0067033313595
0.153537394166719
2.13247371127732
0.410916057781254
-0.975024740931237
0.723715574048833
2.02220409800823
1.85783433271051
0.174368056945864
0.973769689612187
2.42650895794083
1.5340681258071
-0.598139865643913
-0.511498903823059
1.16653413362308
0.5965752554707
-0.557022544780003
-1.35959774821858
2.27148233890248
1.32541556946623
0.627005845157693
0.777840348266692
1.04796370572869
-0.842242496481412
-0.87783894935117
1.31536076939876
-0.249757240627244
-0.459202250741912
-0.386790077565665
0.475664107861833
-1.24137444173384
0.613146581187118
1.01419427968862
1.15653123918586
2.35000952477855
0.987577405251332
0.923978440456655
2.38999012552212
-1.43361566443355
1.50042078708016
0.870343719159775
0.441163594507616
0.3791495496125
1.42559198236832
-0.585641961450539
-0.417441196126855
0.177420051865201
0.843055181102479
1.91313816502547
1.39142445940887
-0.248277167430039
0.0296121091339723
-1.15716816838339
0.259943054397181
1.51735067246865
2.09870897876943
0.627101539398561
0.649063483694338
0.783926620388941
0.835123341904699
0.355839406362279
0.932969397605383
1.20605568088905
1.3152319969459
0.892177019694453
0.650685367693058
0.638139999301984
0.859048637589573
0.866261037892639
1.02812355889507
0.747915408274922
0.631845947321798
0.737949862274418
-0.0492907572792043
0.675697080334947
0.786890810713603
0.332399454452768
1.24386510957675
0.723796459968262
0.680335219150561
-0.135684249017214
1.24045398939129
0.608108754377586
0.470735186812248
1.23069882447731
1.55941106089414
0.634125411361096
0.655809682353001
0.869117440932344
0.390740558869997
0.946807376651805
0.875592262302143
1.21304430197345
0.634683038148551
1.32321970908105
0.695883744627513
1.39801453363432
0.786402565575148
0.353005102980843
0.184942548698908
1.02693376444652
-0.184543745870673
0.341420198895067
0.59348971446241
0.221635645901509
0.905514491603532
0.910592002494184
0.955074589574251
0.95404278477975
0.850709792617411
0.690787561305998
0.78661149605075
0.224227751784081
1.32383627265284
0.97384221804624
1.48666246894921
1.14785064597895
0.864913229507286
0.61837722273239
0.666464982425421
0.644696962146447
0.816551920573716
0.665232041835604
0.577556308986079
0.893507899299878
0.649730662057395
0.666152821616755
0.659272088715393
0.769926926022651
0.736729683016485
0.86889954656419
0.75941334960561
0.784495740565613
0.873561047939097
0.563818991358416
0.634888566308544
0.680782756165801
0.653971836969977
-0.0826918735716397
0.185018993844424
1.50235718501884
1.01726149331479
0.817208926787316
0.76573959564294
0.633728589764396
0.640635305754408
1.12524988415478
0.906706068893269
0.98105768372806
0.973701722795792
0.868375985053457
1.45453857333782
1.40659568317924
1.09376878037488
0.636070418967962
0.641842822540223
0.631521476198568
0.53132697694733
0.44472266163348
0.774710576859006
0.731620115413407
0.590787537000821
0.382084027828488
0.520174179137419
0.0319581398404127
0.812446790206182
0.777262206659068
0.159934072255235
0.538054688944279
1.06237464213008
0.226633318607338
1.41519007731483
1.35784066543016
1.6187186545212
-0.293211357240891
1.29651374453905
1.15605355488
0.690329180176131
-0.253267878174378
0.677241205990013
0.647198952731995
0.649129682088088
0.441957943576794
0.348476087595017
1.13690797947765
0.450007070570565
0.923719571807163
0.629276254923327
0.951767158255818
1.54118857899656
1.27375154869217
1.00230597592678
1.25579689223152
0.905825383939032
0.997078593588079
0.860889498625835
0.905728056752438
0.948777143561307
0.741435543005234
0.580960113411677
0.875891736624122
0.864104631006311
0.83881344948818
0.627928876046249
0.802993333160198
0.73819540059855
0.832235811584086
0.559282324049347
-0.179875353839036
-0.0438748994125543
1.59307948210275
1.0136767041267
0.972458679116068
0.658192464882868
0.632226047772086
0.709945248250988
1.0104215379684
0.290551794694771
1.05651317281459
0.800747932529961
0.735539565715479
0.854046567996921
0.502616744694756
0.511926407080497
0.634718546549181
0.643410154352088
0.634399366597907
0.71417507881912
0.673789670572154
0.755690874580113
0.638096288551327
1.64023590941783
0.545404523183145
0.996716465168655
1.16103615963917
0.141330521244416
0.438419748222629
0.600157068587008
0.896010245205691
1.35085210730222
0.417104386733016
