0.605886275962329
0.51732037076188
0.815766939530385
0.848238428368813
-0.0333788602966319
0.243273880379774
0.588782194398518
0.844733513522014
1.11323142664336
0.163828685306508
0.327601914218922
0.367434098058612
0.604757617608449
0.969188502548188
0.620369518959479
1.33782079621285
1.32493754292509
1.22569411335328
0.951510907508862
0.748651713764376
0.649845070249943
0.587488497833248
0.881832539804523
0.910948707978882
1.15339744549029
0.532451990475034
0.25831375506647
0.724078190289624
-0.124782129608597
0.54383696269733
0.603333558424768
0.512676897015381
0.466572750447423
0.942158811790383
0.697791456219149
1.34618163220633
1.30648179365348
0.0242155478170755
0.544921475630371
0.566460477844511
0.778502479173925
0.830711477029058
1.05068932277348
-0.11683997114998
0.762303028382991
0.408771548172267
0.228703147430786
0.438419295652523
0.170080735347702
0.612682498570595
-0.133252222973118
0.842984426727018
0.837003814565002
0.225639254242679
-0.0517993051878003
1.03883290228114
0.986577074851364
0.681777377776708
-0.0514671475710076
0.887963331377407
1.11724526773994
0.535460150698273
0.704588652798165
0.987310555524041
0.228984316398137
0.846421483183437
0.374836382072677
1.36012740448154
1.27865715282866
0.0599414688408898
0.520813202602536
0.665293194977404
0.904640395518967
0.933972759301539
0.186621084853404
0.850624470675153
0.722493256542078
0.571421152557004
-0.026134406969809
-0.102235618863076
0.518949082773062
0.128482688317998
0.528709204199836
0.762525082184855
0.640866665829265
1.02573986687046
1.05391428731065
1.27755434319383
0.283709003880096
0.387142423403188
0.599247615056552
1.3201442621163
0.39561600693026
0.51089868806831
0.588054501647275
0.546489685694241
0.436910973422592
0.149047518824305
0.500921756565667
-0.120560571831431
0.87355643860851
0.696740427247153
0.79981430463756
0.947690105487426
1.00165095736277
0.64496671608132
-0.0943623927638606
-0.0650635603612777
-0.122937676241211
0.940125850696835
0.654777845826051
0.809237333971295
0.191832959022579
0.572073931622343
1.18008715274994
1.03281604764397
1.08883280211261
1.00163461447568
0.925051384441668
1.00219551211015
0.858933721821936
1.00079737717705
1.00007921404321
1.07923175594484
1.11641669979252
0.969625378530018
1.11848286905527
0.859726386042437
0.923889394341092
1.04943242579741
0.440860149163898
0.388276067574817
0.417945942684368
0.448760356896158
0.642925397190025
0.523748486314276
0.531650673898397
0.867582791549631
1.83057798415599
2.15049864019414
0.943671695355561
1.3083759923959
1.45342405292143
1.26161797659969
1.15508974552211
1.77279306862291
1.02803573835815
1.51853206976656
1.07321631131939
1.20342837337169
1.51737734733429
-0.229958750441377
-0.494907632931514
-0.700503203568235
-0.546635567664253
0.777323438159731
0.3567890240094
0.352708447054684
-0.426350753116931
-0.254651957097444
-0.321450971797595
0.018342378963661
0.140243899558911
0.238121254434545
0.242499332598453
2.6764454096653
2.64062110703253
2.23012486101223
2.36379387348524
2.37147906202428
2.72506636063667
2.06899684159568
2.06913391727366
1.62945044556024
1.51937213894006
1.64823545087097
1.34738181124151
1.290917372091
1.08908990432028
1.0654951359312
1.10321325263681
1.16134853732085
1.40102760895316
1.22580899718451
1.14507377688802
1.02167786344819
1.00246537975199
1.08165813855881
-0.0885489710171911
-0.341950298273193
-0.679174981422056
-0.613879840485507
-0.415790942282469
-0.537247291211117
-0.524330508018501
-0.578965509714613
-0.380417000196691
-0.000808595144419067
-0.0732609003994403
-0.439839694574106
-0.232863502457995
-0.596108543368044
-0.0511979904682364
-0.255872016348983
0.201899920589794
0.640721272877913
-0.290652128440521
-0.464622362500255
-0.29508160209591
-0.195433191598599
0.399042665610205
0.562538850984295
0.682955260170641
0.477073254278509
0.268367202347915
1.06936020589085
0.843295633911272
0.602100016147124
0.281217464540348
0.0950895982425744
0.388305592232636
1.0434218704718
1.51039089700926
1.69899871425713
1.69451496532938
1.7004834869159
1.8563004594915
1.92932947985064
2.03005357872395
2.20517481840141
2.26849214808988
1.93539025223689
1.60205542378289
0.554527473927808
0.44151465479065
0.164772969700402
0.18065997528954
0.212293254551133
0.517955064102985
0.329548533483486
0.282289689518353
0.258631706198592
0.332255716545906
0.572690137853839
0.949764152857708
0.952449193695619
0.618291454776263
0.384992401744834
0.855191378892954
0.732243961488221
-0.520850835714655
-0.50922965877982
-0.548960932427352
1.03787116317933
0.724646345702501
0.829875756860024
0.814545961284702
0.933798041386149
0.65528071549398
0.494346291338782
0.416644774878531
0.130757208416018
-0.410173191120526
-0.230400982569906
-0.543798890708572
-0.49823121944112
0.733773155421676
0.554426504616026
0.455369077338806
0.578242991020181
0.433246080023401
0.28154794377935
0.752812457688537
2.25471791416829
2.49444819870989
2.44945853448037
1.24833829458633
0.899107112409047
1.52481122222332
1.38018722210066
0.564153326892761
0.805023878291577
0.665734214247996
0.794289343184794
0.829449559704275
0.959030554402456
1.60463786724091
1.1924027640953
2.00988118305168
1.03565949469526
0.948981778119197
0.845693817148123
0.825925839849322
1.36032375626481
-0.259150427055938
-0.382452443072001
0.553574424134855
-0.538695137858111
1.29529957313644
0.0486741440391477
0.058065542950068
0.466669312505566
0.591053586782945
1.12689936842586
0.774528532386487
0.697611001030682
0.434678567630109
-0.232726032619132
0.285233610367293
0.927664492182907
-0.170543206579575
0.13984024452329
1.14027485194263
0.894968980683989
1.03309594834546
0.892289603935505
0.0497648714478845
1.29174996620312
0.493512037007268
0.622751898246137
1.03385375283766
1.45836170001376
2.20448778903064
1.57879895511517
1.96390771622552
0.00156143113733184
-0.0984334791030923
1.03862846735867
1.11064083790324
-0.154309403355401
1.48263235110267
0.220112882168502
0.446201442408244
1.14257851222922
0.671571682149955
1.99726539138437
-0.0142956054347592
2.11105764022028
2.3136710749827
-0.32533942035095
-0.672649695941122
-0.192662424134131
-0.476644647424102
-0.263416907082549
-0.520387347997566
2.02708459575243
1.83537679226929
0.171267230133183
1.67915848110929
0.330727171115068
0.671265398960653
-0.435918611793077
1.80919270263589
0.568402269150286
1.06865424898231
1.21531980814463
0.920345903341106
0.38442727799117
0.281982312528067
0.921534675221277
0.793698527922063
1.13595183630279
0.803157870139141
1.86400326152562
1.89860677179122
2.81418112364801
-0.350071111516821
0.452778163988681
1.01485540107238
0.321135906229664
1.46993941580306
1.29229920857404
0.296882421697157
0.628732535685439
1.13660329749176
0.921618353239484
0.562584319412444
0.776474484555463
1.12346549243445
1.56629014139431
1.70686765428791
0.756635210313727
0.623718801742362
2.1223322505218
0.41870079560679
0.136202044346614
-0.0733396857996935
0.338102853645949
0.786324213974895
0.602051731807554
0.55424230794321
0.977192652357042
0.153908395912891
0.482703351510223
0.276982131166818
0.0660503612685142
0.904262638667555
0.545163029616599
0.322374725933904
2.57572733742243
0.514184743767229
0.651592846711327
1.15931596512941
0.610510530558799
2.08439568963382
1.03075015868171
-0.304726445214315
-0.271513386461743
-0.0760076611391963
-0.287715127133634
1.06739973268638
-0.372207833532544
1.0468695943083
1.03239857977449
1.10179222752676
0.980951510620767
1.00829237612986
0.434101701109395
-0.573713753523403
-0.620111668081944
-0.284161470485217
1.24510202368161
0.892757753587061
-0.340432124159353
1.07139443521174
0.496832023250103
0.999326212889869
0.93201093242326
1.30725629102133
1.11220578001004
1.06200079955043
1.11951302564325
1.45040077492141
1.22074015286408
-0.424972627890508
-0.358580210371
-0.100546890567609
1.24499285943434
0.368523404049835
0.411689028080717
1.63739890834508
2.15647829635454
2.03544891847103
1.77751903737483
1.36791002423762
0.889963720798622
0.965753794359363
0.707358366848977
-0.507803756372453
-0.521055193302792
-0.458180634553202
-0.390492486484242
-0.154834181331655
-0.149071013170644
1.04372295476846
0.296998185925493
0.409560779679086
-0.044696409219291
-0.60865041934132
-0.446067825982982
-0.555125212905551
-0.393078251840209
1.36376769072494
1.29319112815109
1.33902341078742
1.18843353011291
1.35730445532433
1.25727040937892
1.18253949236743
1.02044677548655
1.06105410823331
0.209949750051747
0.303010151919958
-0.0623842723457849
-0.371331336345841
0.799992429663061
1.48105054637285
-0.466687967035365
2.24043576074489
1.82581825874121
0.717732657981498
0.325359732447531
-0.628926435036255
-0.0267281342913142
0.48910697412245
0.87207515397552
1.40503899266059
0.658333169250645
-0.577156772628012
0.0833057398810211
0.747433189673379
0.598169677582199
0.476777681626145
1.00621758398614
-0.169826497990917
0.486289571311689
0.782344796988833
0.767216001834546
-0.0907365326381799
0.699606038196377
0.850304355528119
0.421368592583276
0.922497864595403
-0.170275463830796
1.09110005867678
0.0809613226956997
1.11458012625982
1.31639627062451
0.51480862983789
0.415368843071681
2.10322890328843
0.279973573521753
-0.292216977838035
-0.229906654058567
-0.480238745237116
0.787456497892068
-0.203455976756839
-0.353116605413323
1.63564122025282
1.34243374405189
1.17511587898504
0.634054947630443
0.708661750123074
0.454856070615714
0.119019566573265
0.996568285127936
0.287337876867458
-0.613380960734691
-0.38601570031376
0.963355891083186
1.85626451403187
1.23246222010787
0.643983900966809
1.22930481933151
1.77424673224301
0.409475327512667
0.835521675996602
-0.169507836717289
0.0608557876258717
-0.555085463547109
0.964072652491902
1.77780590413891
1.17080530854222
0.588599635148525
1.08497350047398
0.743993021501006
2.15034765524861
-0.118958150459059
0.0113321146662813
-0.146730196432963
0.445952517285218
0.00245944739366572
1.83738903999126
-0.665249056854686
0.673327675915766
-0.319562247046905
-0.659951438849713
-0.650324701490668
0.578532273585887
-0.445702315323638
-0.0311900094818214
-0.206025245085398
0.52510868507663
-0.295641891238477
2.06889763898366
-0.0959537238284638
0.960595951691415
0.554568197516594
1.33053833587811
-0.250062893848483
0.109763366148532
1.28754396699942
-0.472691173962793
0.800545481835196
0.781803707616425
0.729211366990612
0.576883307718319
-0.391899564793259
1.23810121127931
0.633126311287463
0.630560119583068
-0.0371015527909793
-0.267972214400628
1.06414819264716
0.636556615709371
0.00230744205141523
0.728478559330353
0.861364480708753
0.364480501338828
1.18366343272445
0.797033254611607
0.30912229596555
2.48632162247921
-0.361379447551096
0.863302727468478
0.85500042637943
0.971347249162029
0.497758566379357
0.441887326536026
-0.449711868738589
1.08771129800833
0.0313306027836151
1.54263349936925
-0.0728857474564689
1.49613406630595
1.64725620530434
0.58866632554735
0.615206501492231
0.639647155375456
1.54605535486107
0.817944224770739
0.432936888149108
0.963707194372745
-0.220853816130026
0.525314902553039
-0.296241576250819
2.48729299638131
0.631151091588621
-0.217285530527918
-0.339052951912425
-0.219492676754151
0.375813563777559
1.15917440748211
-0.542027560568047
2.14184004399823
0.96035101324064
-0.349356518687762
0.247735184320868
-0.343272384285411
-0.456374516249315
0.884039335447999
1.40828532353379
0.642545562891338
0.0763916702815192
-0.0259153891873668
0.922206222262723
1.79234311230982
1.60754975067598
2.70478528088812
1.08563239263349
1.11314114656092
1.12459447586655
0.846076151197968
0.697365569008897
1.38870474990261
0.13745351520902
0.71466391010998
-0.447596059177867
0.996769754476975
1.63045772235972
0.143831172951104
0.15550118689795
1.071195843582
-0.161451668767429
-0.247555970183296
-0.115281897487498
-0.220574771014357
1.30902198279321
1.10614870957071
0.586609883596889
0.269484321632259
-0.509144192023322
1.02890527165927
1.72770312801125
-0.516628545901089
0.233832043797816
0.887590515481034
1.05798345369126
1.93428103691358
0.692778414162107
0.645851382168086
-0.160107131128743
0.708683563190614
2.21053449222724
0.680148330476686
1.3756336752778
1.24521498716497
1.04496712809303
-0.0934816586551526
-0.109475602066155
1.35872646454551
2.47895194072416
1.73268764162032
1.65338605602684
2.01243218139343
-0.353973183011366
0.854484548353975
0.142462607949142
1.47011173514868
0.673923454800815
0.253173071417968
-0.353110647659827
2.24368935919636
1.08139461487857
1.55263731631661
1.9061534705601
0.491826596409277
-0.416825674109534
-0.513223735318934
0.405886750732202
0.912397711548432
0.979415293054003
-0.658316356692728
-0.118069841217805
-0.185438417618115
1.02009227863654
0.433530647263835
1.19729873178495
0.788631596146478
0.427089954397953
0.492030039508338
2.94592152660982
2.93170951077745
0.437819260352107
0.781870594582309
-0.292528030599738
1.25062510272497
1.10761377369043
1.88536982251263
0.397376881032316
-0.598868007850788
-0.399369682207082
0.958782071933685
0.0406469189393976
0.396546347734005
-0.552912527847619
0.774151047468934
0.338952033736312
-0.245811744707619
0.385828506638177
-0.190291682134917
1.45821982011494
1.40119962762061
-0.134958953949106
2.47922115095507
0.264843992727956
0.703594548745932
0.994021758516132
0.330775656193501
1.45266635705693
0.0574652762859746
1.12189571931593
0.595001376970985
1.95251967624722
0.785644775876613
1.63077869424775
1.25227332110047
1.23497698306361
0.465916153881296
0.479762059042133
0.52298290750622
0.512408422307897
0.614971983865595
1.34269388477046
1.00212747728543
-0.076350257357162
0.855517155016849
1.96347267073398
2.09886739321511
1.64823912503299
-0.29372524405391
2.17523646404061
-0.430887489153576
0.0479446288318448
1.2441810141386
0.266536676088709
-0.122244861072145
0.913984396379336
-0.627419554686338
0.934159020722438
0.00353528432119632
-0.158118920586854
0.168613558628803
2.82484408834879
0.985553472327312
1.06116151160316
1.14294363935869
1.27674479762056
0.946200048766317
0.372443303303051
-0.381339077179915
-0.498635138803815
0.00368161645613197
0.431150493384336
2.05423855743148
-0.468076294631652
-0.199950579837751
0.868122679421165
1.42990209137136
0.442375873306366
0.647322007173861
1.71363596039671
1.37219669086421
0.992749439531502
0.401437164792786
1.84185034185778
2.19353166850315
0.214763238986836
-0.0881169209614266
1.77810365537661
-0.161915239263537
0.914206825617132
0.490992435254978
0.0139161368786201
0.331641960582481
0.784366326781292
0.717190080485915
-0.328374372511143
0.463707462699326
0.253478590542566
1.89245948913169
0.676710671942913
1.9514993539324
1.64784786886214
-0.38538088820341
1.58168719597845
1.87080020030854
0.387942648462944
1.55090837819229
0.705196246994398
1.54657320695058
-0.289641428891745
1.96266490490908
1.46067792752945
0.839189941942423
1.24080282638743
0.908340379280724
1.41089090563703
0.770147761385878
0.494329464481288
0.887970474112331
1.43272256939098
2.04651584230117
-0.236479574711462
1.11948571958081
1.69668882250059
0.570906009836142
1.11166825324634
-0.335383770180757
1.51479510111039
-0.408403942626733
-0.555079160761055
1.77132189234254
1.04639163415317
0.501611509997978
0.90445342813131
0.647724352638021
-0.407587879815971
1.03547301592097
0.548032389550359
0.520687789059984
0.0806058847595226
2.59248435872773
-0.553097201038376
0.352181096160357
-0.0693916036162336
-0.448350438908728
1.02082847705545
0.458256479297007
0.450316747330604
0.563651346174254
-0.338469959018438
0.59359081359289
-0.664355655709579
0.96698047920573
1.07458436554604
0.624239203300257
1.31023885561202
-0.662961920887011
-0.677035307107889
0.729147870525403
0.480970306872943
1.99802895482696
2.66381073500419
0.690138464158114
0.87608520346596
0.458202400901125
0.976547500299391
1.22923915674033
2.23894999761967
1.07617708430559
1.02253450792281
0.930568948081719
0.537750569005529
0.690101423326557
0.47069554489191
0.0958807332290202
1.03370951756843
0.54706377813207
-0.238266406692263
-0.0404936036521296
-0.638005749363449
0.310718687916057
0.962103413076448
-0.163942535134809
-0.447938103617574
0.507359436233954
0.43361836557533
0.344532377520623
0.737308508628059
0.99622578777678
1.06064798484652
1.57911962203144
0.15113620268386
-0.493641286078308
1.15227859597802
1.13672981781965
1.26550457090641
-0.684080766168905
0.493488724379134
-0.219797611884472
1.08709186882192
0.966375265366544
0.944449223960117
0.31202201686152
1.99436713951498
-0.334105236766358
0.214883142404583
0.201952207120237
0.210444868914362
1.36251150768968
1.93889259488989
0.637462226248544
1.1220171885477
1.01197494589347
2.32783053486855
1.01504467647767
0.884898753756508
0.766895692111647
-0.0589768658619571
1.06237085460745
0.236652449787394
1.68139738231021
0.338464752877959
1.39762046644002
1.49329565314642
0.389540694832543
0.321336660758436
2.16374563755388
1.00131226546329
0.492679199916388
-0.514549928749384
1.56462776640464
0.75059046799254
0.709178664781667
0.535438333117264
0.957225394476502
0.440791354988429
0.770853960199058
0.468040697036797
0.222133426272918
-0.434524140283114
1.03832281908902
0.32546170317912
0.786977481184636
1.36205172081485
0.897836247155207
0.452730011897101
0.540244756817594
-0.08820777852686
0.456570991009546
-0.18226286585761
-0.0930081655040624
-0.160422188514264
0.714936064175899
1.48508893162109
0.505769236359501
-0.0411013959056366
0.124799639213869
1.92616596974421
-0.259931616351502
1.46850813548644
0.614873006851609
0.369705255223225
-0.736044134247984
-0.420286070688571
0.73171597572586
1.23369128572179
1.29533487989085
0.0809924956991261
0.287111026690189
0.49354161371159
0.23564131549965
1.155463465172
0.722851233679124
0.118514724139881
0.476132794417728
0.580264831117841
2.18645473499204
-0.178287658815771
2.10851077616872
0.925400195002341
0.835569467714035
1.61057065813356
1.86969370811254
0.0261911379175181
2.12143539648721
0.581861653441282
-0.460973963791509
0.896627030412388
1.50714288741927
1.38655286109011
0.512652420246834
1.00002466941146
2.19600342498874
1.17616807717672
-0.0896496810610076
-0.0632351021614183
1.11982160897506
0.506518621533796
-0.154688981353793
-0.498635335371227
1.83778423793593
1.0866669327209
0.620060633329266
0.689847254202449
0.828448922718224
-0.693736988023854
-0.514174058860602
0.53562053914276
-0.113082760999908
-0.229113190115669
-0.174383188718896
0.719344530756689
-0.52917268577175
0.785866125684083
0.968269021465672
1.10330916300631
2.23805036166879
0.815672966616709
0.709247433214045
2.33941931768997
-0.5124903661367
1.58936006938037
1.06773962820556
0.549679434863193
0.506746645669209
1.09772171142315
-0.308532467261703
-0.327773874014657
0.308583769547228
0.673095457978501
1.65089290633969
1.34888254503743
0.214371349359404
0.206604009207345
-0.429156741126951
0.280810220112725
1.34173986083111
1.64162599301772
0.547730611737883
0.553956210335116
0.651428440171173
0.692355111478617
0.294781591241893
0.55724651110854
0.803498512860961
0.956269864917559
0.677975190796791
0.545860108495389
0.539418052215606
0.682004461629214
0.722366513936088
0.862917234605441
0.691211387137863
0.574467565882315
0.604086101879862
0.0810973480415111
0.526256209293915
0.679611650846048
0.393302481553556
0.910909253171389
0.561879577184379
0.558368995588393
0.0146466356088159
1.04844890828369
0.321470870962377
0.446538774774047
0.847229030611997
1.17829166507232
0.567946468654317
0.668531478436379
0.768256247870549
0.328851417674487
0.756615698650688
0.677427238664744
0.790911240448863
0.531069718718328
0.986597536190073
0.665038535818485
0.991489469838506
0.654493104247753
0.403845177979333
0.185286820476849
0.853288167972425
0.0210780489098164
0.249594376230191
0.48120677839343
0.162814395197454
0.892893055619886
0.727694786320072
0.76361427499718
0.735363010918679
0.686954244980379
0.565354507325046
0.65630378085231
0.191312208380388
0.895531890833154
0.735958474332891
1.1399911440378
0.938990174229083
0.784290780942849
0.528354255071371
0.443288771537955
0.539710849953753
0.671511060063741
0.55148002219218
0.380301487672758
0.701885748068852
0.538610134586094
0.55431458534199
0.5535244940408
0.608304050952482
0.598552985080307
0.760844799017957
0.615170962543381
0.635185156096882
0.727671157309712
0.528465918551655
0.516478081109426
0.519813484724499
0.534998061346646
0.0172994220264932
0.183300124149617
1.12009892471638
0.806109160618163
0.719955971494211
0.628328990422362
0.549037240772849
0.551752717629947
0.882101522140902
0.534114947372242
0.576317061777954
0.75129866717499
0.707615960165479
1.05030471353764
0.936898717989783
0.825006477781269
0.601366660506066
0.594622115003463
0.561170989492236
0.424167130278815
0.35882640029724
0.606782443391869
0.590006306038669
0.513975342474988
0.411221804450763
0.480041440846848
0.0882213774481604
0.693492193989005
0.686810840059327
0.17922082125194
0.449604206262185
0.997292628687246
0.338227115853464
0.954789758094291
0.904806604740042
1.21617261459667
-0.0367103357548976
0.961674359297314
0.927042252794671
0.56720202654902
-0.00948198377965031
0.70221873321557
0.653478447463174
0.538855252312183
0.368214230365655
0.296491224563642
0.830458647935354
0.225610250386969
0.836116416941207
0.529689618114928
0.722895351543154
1.18483907650056
1.02904825243539
0.88219332342916
1.0028319877937
0.797946778621366
0.856405404567825
0.716426393292723
0.74495140798169
0.762209353444487
0.712040145502728
0.504733863485918
0.699263803084072
0.698860956163927
0.64879733692114
0.52354604855811
0.708699760229097
0.544678080376985
0.775887601089587
0.580832720986391
-0.0177571734697748
0.0417796766691515
1.17047006379738
0.885047606310503
0.819055358512164
0.491519823081242
0.565007399386494
0.388135675870306
0.752563179912539
0.237776280017709
0.822126165000398
0.712636038908525
0.628362632191127
0.705954201956208
0.436790801921762
0.428681815215264
0.538859927936487
0.542244116875012
0.548529031869057
0.57712934863548
0.554480933281741
0.603670077108894
0.516076477965459
1.22079818677959
0.496066091951843
0.756184404950971
0.816427832428704
0.287235111230344
0.472043469577987
0.518645618457324
0.675474690440105
0.983153230482944
0.413563912511752
