0.71328059868626
0.852223346585784
0.928508168905991
0.958988037526923
0.254763397093265
1.09323652117982
1.34661787044923
1.50243936566447
1.65601882060302
0.105141423675262
0.0129394416722392
0.131994514620225
0.770777617406254
1.27313340420636
0.866416486397946
1.74637501312356
1.81846297926068
1.86635311909442
1.2302143822407
0.839323062553796
0.743450801094599
0.555302870141312
0.872574208578617
0.968787328116818
1.59122745624457
0.836287307186362
0.472035923667413
0.864250841991146
0.363089983910254
0.588296960795472
0.714767251019869
0.923814799812631
0.556371450347694
1.07435176711904
0.7992022645937
1.59432778062291
1.9418310285306
0.785162737860669
0.736828431206024
0.724340876134079
0.654042098005173
1.37300972419557
1.20960512520327
0.236241691296087
0.807372667560024
0.338581508997125
-0.0743504717136766
0.518184486898865
0.448858556644597
0.697780681659089
0.274693372447102
1.04495600916203
0.860214700012353
1.10952343916289
0.566574671505501
1.21483208396767
1.11452743672996
0.792113261374835
0.275234735636682
1.20783501926864
1.61431151030673
0.709459864479743
1.12140221604704
1.52374089058339
0.278477141625567
0.990299037063784
0.527824023593567
1.6491187046565
1.59197190837848
0.338532588540359
0.546811882857819
0.579002417884131
1.00771314241096
1.0400823770446
0.429625668722697
0.748962834823343
0.798002001890776
0.710588630322235
0.656909260710561
0.442924665105828
0.906122098289108
0.965431789901075
0.787381680675102
0.869003927767171
0.74089826809578
1.17860789340922
1.21142832406796
1.92990299424077
-0.0449549982310471
0.234405543989087
0.747073312809811
1.90432854034673
1.20900986691302
0.895795811778012
0.709371442390007
0.770717117155264
0.453840821541692
1.00724091186771
0.646500141536447
0.25960937141166
0.905200632152223
0.78100605700146
0.82773952651336
1.0399094819179
1.23384995944157
0.785647560230752
0.196579611345482
0.27595886448682
0.324047203668538
1.29034540891997
0.737437573233576
1.04518468088228
-0.0140906955995378
0.75022521488906
1.76753717104262
1.41352136958833
0.888007552550817
1.02709071805197
0.891568969527619
0.997372387721293
1.01333647545566
1.09956422132822
1.21532480978378
1.34336687053642
1.18571896577912
1.03314517817357
0.814656694974494
0.911242969484953
0.717488292925493
0.791689610370097
0.347263725706089
0.605700272564546
0.174079040814901
0.927570397258677
0.735641124191898
0.916740168246764
0.237028694735896
1.0055191571759
1.29283030157731
1.75359690098732
0.914702807735695
1.75272520933819
1.99114238285122
1.9922787481567
0.992341182143526
1.49685357734352
1.0470744855914
1.83871899704256
1.16566686882592
1.24400488208928
1.69653387962993
0.412762207935109
-0.0526534973475791
-0.145367453895021
-0.389389927869634
0.88182757474111
0.156027952173836
0.37366282136596
0.334205399078006
0.302325552873001
0.183636855296058
0.373439248571006
0.818599087665978
0.690923437004862
0.400436874006502
2.73131858912965
2.77080431341246
2.06394408565622
2.42019621115472
2.68281770930494
3.02016011186794
1.79803246457218
2.20731742064829
1.99972321806636
1.40941880546068
1.25496818885203
1.15626027942563
1.5344882920011
1.00957126527598
0.710885389689048
1.34757941141203
1.52937752556404
1.87381209959336
1.27686584771792
1.41255883006723
1.51094848156207
0.702355267142826
1.06849172725401
0.159955415310271
-0.290377381483047
-0.678380273611488
-0.500724600586134
-0.497439045239215
-0.411127831898189
-0.495305364517316
-0.478428072845138
-0.420939227641948
0.10612790247107
0.552794409823081
-0.257145859585498
0.567609665962956
-0.550342540990285
0.00727460000669751
-0.661193889393024
0.185431424096983
0.856480501729202
-0.108272749262627
-0.0394906002478952
0.698910742972579
0.281536034617983
0.740681464563416
0.901531419810911
1.10140793582982
0.802288865284709
0.617837971967654
1.45582181879152
1.2000126384623
0.994939215803471
0.35709381300384
0.0894044511385029
0.143228431897307
1.18377495350145
1.92185189214689
1.34993291249958
1.860832834648
2.06442391202369
1.66113583420705
2.07855761769259
1.78288889431101
1.86814574809315
1.86007163582111
1.67530879395729
2.02747077478467
0.254735569679371
0.391935555047089
-0.0666671943893122
0.122192626037632
0.18131173104152
0.663774494546444
-0.0344613849769091
0.286242160573673
0.000171451974883706
0.244297333892012
0.663266714022255
1.16995617746586
1.06698588919665
0.452767169838894
0.0617652789731614
0.911670975591885
0.90258821940335
-0.0238601507240386
-0.0801591587364065
-0.273140956475471
1.51425513614648
1.0965892807483
0.932914327732652
1.22331656454525
1.16238944967506
0.823178700028646
1.07749495139477
0.849669256130684
0.620014392232504
0.126815440404803
-0.0660912336929382
-0.40978345521042
-0.120647318399488
1.45672344018573
1.58523446657671
1.21034472383657
1.21480441936961
1.07720967802488
0.418813955361665
0.271012477656414
1.84626726260196
2.2385732509023
2.10896342289015
1.29808466995489
0.820192150824364
1.52791471192681
1.3585322597921
0.967537210733553
0.993223210417584
0.724202505228508
0.945031481946752
0.691687459719033
0.848636116130603
1.22492251059728
0.850013817743733
2.18449524758133
1.16889892384797
1.12250003694127
0.928656238898576
0.576083124177241
1.5559270310209
0.00077090120164288
-0.16836589016762
0.251666060941032
-0.542017008422591
1.51970651568221
0.558502960964447
0.742986663575585
0.879497429526349
1.12504461190477
2.03517304486821
1.06965491409397
0.689148202036429
0.808543821590835
0.0844519991028785
0.361574493214067
1.35390803945938
-0.177300851266027
0.417456889670809
1.11318864262241
1.50120156369087
1.1880563622088
1.03954853607187
-0.0823218462740262
1.57675999114472
0.835326821625879
0.723345802397235
0.806299756772658
1.90110305480701
2.36379618901211
1.67382226380475
2.30011988250849
0.485854202380277
0.220379352139675
0.874452335507209
1.10199547818267
0.0981663172234321
2.09946892083589
0.245018264003495
0.217436168865676
1.00734299465634
0.749352771995111
2.05361615230357
0.358138564731042
2.03420851098558
2.45193016038918
0.37419941107742
-0.141702917786567
0.00890117485206435
-0.368727917673043
-0.0296499651706441
-0.573433516827214
2.1625190763679
1.59628044608387
0.631727342674379
1.93589455648158
-0.105074608409421
1.17816520881302
-0.12243415958784
1.38839957003304
0.553774437313473
0.938343778134914
1.17448290045495
0.777427239489441
0.87486760696012
0.0162113736414492
1.00831489967521
0.872007739439776
0.846137603137705
0.881024219511001
1.5010745534836
2.04367290271289
2.94753142533986
-0.0921363499376852
0.740025502841754
0.990768319157756
0.649767314633886
2.07852086249164
0.79753277370777
0.750011766732766
0.659692233583223
0.851509288726611
0.703055613977135
0.420846909176879
1.06356903788306
1.74379292200158
1.72576107408087
1.43653544818411
1.07042826667353
0.992988779436693
2.00839126962245
0.758737509945922
-0.230456159677354
0.366153693999004
0.300413262044963
0.721808582185203
0.674816345222552
0.722635099889904
0.425723138022372
0.538377132204705
0.866523786234019
0.774099106232175
0.652698419829484
1.19575888556557
1.05199446323889
0.476663058890707
2.93537605648334
0.816627741514081
0.950408270869655
1.32144392019546
0.525662265713972
1.95687466708723
1.15159994028187
-0.0465068576687364
-0.0461224977024138
0.300594111841378
0.122931848519433
1.25677676309785
-0.0629556713153514
1.04401383867872
1.05455738120803
0.754293674233813
0.660559668504287
0.835906922406817
0.417893534559304
-0.196583639092709
-0.222340148205399
-0.0289967582540033
1.39255205677307
1.01790601907247
0.446974256129749
1.06510621164322
0.990144566008303
0.671182241607649
0.784220990830914
0.839110703516212
1.3027410216918
1.28687700604148
1.17323122577242
1.14826502444652
1.2932494579486
0.049099763156549
0.356625628632212
0.845250324082494
1.08921776995091
0.197910827336678
0.69306070412102
1.1778268663188
1.90376895306937
1.97766789475756
1.75750723122356
1.3884233852274
0.873818689360773
0.897411738248366
0.529273306169653
-0.563103193555753
-0.493679657233441
-0.307262146035205
-0.172037131919619
0.627755560158118
0.514853471529351
1.24921108211674
0.575116805644908
1.05497147388295
0.351156392588365
-0.621416861734887
-0.229709682862169
-0.732283940244902
-0.174371312799205
1.54886984881125
1.70969188657564
1.66515704380922
1.2917791043245
1.32247698049029
1.49538449038376
1.22419795709241
1.02862532281542
1.5229664248882
0.58229253335363
0.462715637679253
0.231941278124683
-0.223142835334155
0.783660549065603
1.68884799579976
0.204485917118865
2.03659816783741
1.98514491099324
1.23991725089351
0.51802238753549
0.00939448042319277
0.263743752483615
0.710538474590085
0.700048836877037
1.85065799617689
0.717647247200683
-0.0996755226991173
0.102304039940691
1.28733622483006
0.86695322442046
0.379168732810599
1.39827870588249
0.0899542434036181
0.483770800205677
0.717331535993528
0.916022440742483
0.180690085145791
0.739680304436531
0.809008524575013
0.581928675110212
0.85852654964333
0.145198531295188
1.1717933478468
1.04678452343973
1.03699197433192
1.80822746751453
0.575354484756397
0.746142872692531
2.05583975605022
-0.0332246229998481
0.0305618238030775
0.19906020071721
-0.227114109105964
0.759844327995907
0.48702668060772
0.0237103970129667
1.27072945004996
1.95085572120768
1.3691647902867
1.51044371476336
0.845198323247112
0.057513716039776
0.58183230558469
1.37072355059852
0.411977249498577
-0.135946319581357
0.219702633311825
0.589837136636582
1.55100690716951
1.80426230855599
0.699647021027066
1.60949468558297
2.00834451089443
0.625252111686959
1.04813214657791
0.386716119067688
0.886498679408978
0.0743545087866548
1.58231829505534
1.97108612930554
1.70671756204112
0.829434115236559
0.854795709985389
0.81551880806746
2.4273053610857
0.182915254629489
-0.161960365419669
0.268388959867003
0.687174936381202
0.605605866278419
1.79107604550159
0.0190021578523046
1.67301671270686
0.113802638869616
-0.219375995562218
-0.695663857036302
0.554081271773152
0.313985035666464
0.244314126638699
0.977633840420402
1.40738227764624
-0.439255018386198
2.06653951526758
0.84774860694225
1.05599388363441
0.471170549347484
1.66795506745783
0.437864907829297
0.352049860239352
1.51314277803499
-0.339543426130865
0.781484676677495
0.794154180199687
0.804914516754068
0.648024355814704
-0.020246713041997
1.3582976848022
0.700957987830369
0.596074494723177
0.705682215095824
-0.0220036927026555
1.13828482470906
0.900039442010647
0.0389244482923339
1.01020717546815
0.771673697734301
0.392282985775337
1.20749349790963
1.49400275508831
0.540696930250361
2.28300923602994
0.190360941147558
1.05753000051397
0.501058390362853
0.917315855388984
0.418308103596648
0.217561679650274
0.00441516694528135
1.43512906365203
0.176727885509387
1.0815808113319
-0.0872921925903352
1.62623486065347
1.62153262634536
1.01171577893398
0.653760398461546
0.643859857958098
1.52213889475622
0.779787628738946
1.06230793541801
1.6279333999645
0.0481592502085511
0.86542598811644
0.00530651426825476
2.13755212490446
0.734354372106124
0.0115212536021347
-0.152861209279622
0.261873712801332
0.247770510477719
0.743334641868525
-0.241160721025285
1.91350134798372
0.852307815276504
-0.0854696692691138
0.382042081382423
-0.0755194136139265
-0.379204747743941
1.50600114699116
1.25797921577152
0.836925329655735
0.987141800055296
0.791705160616234
0.648957443500985
2.30824619275218
2.14627036945368
2.96671488626904
1.23524874502997
1.22574187477816
1.2678454238031
0.628107208511578
0.749744241412144
2.04652475120836
0.163093486948711
1.24839415993873
-0.270440188563168
1.01666854218576
1.77412437033153
0.415749673724436
0.384502260254254
1.39439671152777
0.179070038857589
0.0469263828576438
0.259292905810918
0.440146728927928
1.69409627471571
1.40078965808411
0.473188358412739
0.702487016653847
-0.214978707352683
0.848223355760228
1.25589698113242
0.138506718865373
0.682730985319103
0.691953526945265
0.761072430144613
1.49491132447968
1.05144818221743
1.18085977435938
-0.274791892199309
1.03737121888841
2.54055091282257
0.97361882161138
1.91202258233893
1.79375602275422
0.774264101263741
0.427348047947468
0.250529378276653
1.56734446020666
2.61946908618289
1.6415584391104
1.79846328576604
1.82670585494673
0.209023013241873
0.950030747805764
-0.21421729048499
1.75261337189737
0.30623724472026
0.571352697102837
0.32100778703347
2.17436258364612
1.30052208785902
1.90401659536844
2.10911191788938
0.957346359590256
-0.133085853631114
-0.413803070432846
0.0912807456541834
0.851642158066168
0.618145844880485
-0.0314122373275659
0.437864782703522
0.253831293825164
1.1119179215357
0.154110200267985
1.15190155172675
1.17706058844663
0.845792219546725
0.828397584172594
3.42825108308624
3.09368778918039
0.511643701153428
1.21986179046442
0.0815615160521674
1.54391662505598
1.22723350631983
1.86995058271405
0.411645352944842
-0.0292682521063687
0.197340858732895
1.4967359009151
0.454203360889463
0.459249976194623
-0.556474448301877
0.788961647233061
0.685649348669775
0.027210888233469
0.692450398392235
0.0713858459857049
1.36229392307465
1.58952672833832
0.260329898986435
2.19359892088124
0.491417668356767
1.05780778768332
1.0391282150359
0.0305144323699268
1.65260211181473
0.327986271514235
1.34295522601156
0.0969210599996676
1.91888094734483
0.771372619144763
1.67422170969701
1.50662079722402
1.44951517398215
0.441213149025385
0.664936185621479
0.74485652044829
0.956363863423933
0.807239375211522
1.99954705960352
1.17353551684813
0.677354503169941
1.5877180070779
1.84368144379601
1.81847174924559
1.97702118720915
-0.0632465415205989
2.07421994096043
-0.0329157446155794
0.0320829510423938
1.73348150881576
0.482331186595653
0.528130999358046
1.54658921719694
-0.659853248278133
0.926045463308375
0.681039882822921
0.354459149985529
0.535550951653577
2.91197058623843
0.910010757190373
0.986050603516325
1.44644569731603
1.82025132217591
0.800531804670679
0.552279383007963
0.439642540203352
-0.0242404817730094
0.211529937843318
0.193823931920967
1.6621231654333
-0.546437692690096
0.0561776054123337
0.886833267374188
0.807230595503085
0.0981458753089573
0.549316322671517
1.6907890185775
2.13626305741464
0.966144417039546
0.544494904257501
1.61727372135359
1.81089461951775
0.171391286001614
0.443790843377172
1.93174354689969
0.573755646549359
1.53715432572417
0.882194171040667
-0.132252066669097
0.590976189804165
1.18062323222061
1.42869388686819
-0.0880630945142794
0.729916630008972
0.224789764189421
1.75653834868304
1.58642916962761
1.7154403827984
1.58558819384997
-0.334195405978716
2.10926239369727
2.07364441580539
0.126292903163693
2.04443120869682
0.722413895445423
1.8567337653496
-0.100688039767959
2.07897458516023
1.34075541960012
0.929317233185579
1.42275322171954
0.796553956369107
1.97097311735225
0.810276368442107
0.497340649779441
0.647818658461893
1.95197369476343
1.7822424360593
0.324706734890128
1.08093867644642
1.98220301239579
0.697832143694568
0.808152807700342
-0.464480590545795
1.44834340643857
-0.2627517827789
-0.118090381906159
1.96010015913835
0.739210450717726
0.132645469145574
0.986072119882376
0.648613744194035
-0.105981461983593
1.66333248079283
0.657917020510756
0.685060368396837
0.356762431015536
2.51370673129477
0.204574122168126
0.163029848828993
0.714261453971916
-0.109923739984928
1.30571410954471
0.744163693199713
0.591612421342277
0.869960178330364
-0.0248676852242363
0.661745226829384
-0.0496314881548794
0.99036342231864
1.04691297075038
0.701015577516629
0.843959350910738
-0.138045065057084
-0.185034081728683
0.919136356805278
0.362129172067827
2.01369749601989
2.85129821478485
1.19388039886221
1.16531280210982
0.472766314983677
1.00862053208579
1.76126223217436
2.10357543556188
1.12181143831949
1.28679278255899
1.0334266588002
0.793379010780051
0.659084564306582
0.972942185716485
0.282716436569902
1.09411093763136
0.65664060046343
0.285652041299079
0.785259103316431
-0.046890623109981
1.03148184552462
1.27472063129016
0.237215731973996
-0.0622670501781787
1.12228389370966
0.969357087962844
0.566665863164677
1.30466298666349
1.15875500046285
1.2550240408585
1.93947288321408
0.525158954976195
-0.0488762784304307
0.847345143564004
0.703578027232329
0.97530851051098
-0.0419161705808901
1.05692200748389
0.0892608524501851
0.92647500977758
0.741260357798658
0.809421528395289
0.532115163842175
1.70437656401092
-0.00125171509175376
0.501780140817665
0.189499649304404
0.491744241775066
0.970446035772054
1.77014131619945
1.35666700818735
1.72924477799827
1.57476557212821
2.46923358088565
1.1075238576449
1.06078664063444
0.951339050912515
0.595644776803062
1.37494282046357
-0.127850741748717
2.12201578167678
0.136247638690349
1.63265114249508
2.142942341409
0.424688622757288
0.298532561434219
2.33010201225101
0.983329232914227
0.900983966406135
-0.224211512462479
2.06214051793131
0.774383475425303
0.916278251291683
1.06289340939314
1.36480588728919
0.543890168339756
0.851480840018294
0.758631927679838
0.117975743057382
0.0578600188159072
1.16626207144493
-0.0833405199215002
0.957731016483613
1.4560664671013
0.747942493467356
0.426096127400058
0.791353307794163
0.996714800253638
0.871184630213526
0.146484881140727
0.243537047547661
0.128424519304865
0.796392228141291
2.10735685688342
0.318988353755288
0.786942791384478
-0.196636265212842
1.80214538296681
0.177822371895598
1.7750293554754
0.642204771035104
0.27353690565704
-0.390336999081572
-0.0151858995691083
0.774773760692358
2.04289802381295
1.34203813065357
0.96265402264358
0.211102199371293
0.485386936040724
0.422056250245717
1.28918947469537
1.44677520904693
0.497756762919746
0.780231217933171
0.583667617761131
1.91663549088156
0.329979857548166
1.67950599765642
1.27277051283618
0.753187664828563
1.58771274020437
1.95325567258436
0.349572227263817
1.76423843403405
0.571360291584176
-0.761342551078495
0.806607359936426
2.03723861376669
2.02428783267885
0.218387629287113
0.91264052180589
2.35405941665362
1.6735405196213
-0.252479220771704
-0.0233602831363191
1.06062231010796
0.952550886628693
0.192833728039733
-0.269015561719445
1.78994899099898
1.65892402887449
0.992023651609362
1.12041977008706
1.40455254224793
-0.198830787946976
-0.371010843052038
1.46376239575163
0.15845131519645
0.00831408944592315
0.097672965559218
0.479540793072753
-0.400767605017658
0.65894084912162
1.01439625907235
1.15476252524187
2.04697578494773
0.864878892514024
0.777248619045834
2.12076632946238
-0.401348198625242
0.963497280083306
1.04601161442265
0.530229974352445
0.574272879122867
1.26115613356912
0.282470780578321
0.0213393108021601
0.478080971134196
0.817149302947227
1.74411844382115
1.58632970184695
0.176932442473916
-0.0509419213589048
-0.155471070054919
0.164748676199181
1.82135426296403
2.03251795827598
0.776823467538292
0.801378693414633
0.884598589107553
0.895404111110305
0.632148222356309
1.19870785254217
1.4525166931125
1.62184535745984
1.13495515328123
0.670136450997426
0.656754373666655
0.880190831563137
0.951807246405853
1.08974643622959
0.998512033929779
0.812800549733559
0.78823524385768
0.701464959170947
0.7067617778577
0.926764623377202
0.277092050112983
1.10621288685301
0.687129403110928
0.813279003796453
0.423403812704411
1.59182353831522
1.12957786741393
0.318213492675635
1.15664588075511
1.58001611018269
0.747777611718636
0.825255266729276
0.874576190603511
0.524255281672067
0.851728627217765
0.839664898657932
1.5525163892938
0.85686109911373
1.35073438851231
0.697711725606188
2.0098185231373
0.770816664033661
0.188617373149689
0.483663664598009
0.995058455844252
0.518245732075325
0.774944113879051
0.494063143609402
0.897255174831133
1.29156465290805
0.963775081233884
1.14077644647911
0.888870841605858
0.905707337419565
0.775595483442158
0.841965234726594
0.66205402429441
1.16618259370044
0.955998541837629
1.65532070524359
1.20899215132183
1.12044441583215
0.603109069777293
1.02934865246425
0.663486748024749
0.844281383190206
0.712339159223441
1.03081164125082
0.947281836094446
0.867901832170957
0.793197165004779
0.819868373567817
0.774017502906238
0.821643433392593
0.785072450192996
0.788003044915496
0.765536278285799
0.993566101683629
0.609339208895976
0.680262082661704
0.615754062787824
0.639252066806646
0.369283213113293
0.594313071609262
1.44515630641538
1.02608814104483
0.817511807697651
0.781001208977223
0.776770826553817
0.794391773129794
1.12595632143961
1.35264116964254
1.30185556453791
0.875208996514388
0.892810630252585
1.76147926827336
1.74777389520887
1.39912673685771
0.755616800542592
0.822782842599088
0.774839280097284
0.655082672247953
0.636177852727295
0.742151301372711
0.721093943350864
0.530269354824804
0.2016699282561
0.399496481381941
0.800664410060718
1.03608963799535
0.852290315582739
0.752150719986931
0.409286418657242
1.45718351902789
0.0844716291357129
1.18487605735582
1.22411089084183
1.71977210920182
0.404969104897526
1.40413495050343
1.07976907909129
0.766833211893266
0.545359297865731
0.65185741459798
0.781006918839573
0.829900828305293
0.526725269868232
0.542847049846361
1.1233315067005
1.04876538258924
0.924211860792176
0.855688555878691
0.861450202599579
1.79057694377637
1.53448404974869
1.30805798089791
1.39023639720984
1.08393241817701
1.15725786997081
0.995662683381367
1.00477950628848
0.937890499058465
1.0246134705061
0.513963552699835
0.843430355306953
0.907232045002732
0.784315616540918
0.890507464487544
0.797275418424107
0.685051604440906
0.844287918658342
0.602487683852194
0.345365572818892
0.362813818616163
1.48284011222355
1.2064570794879
0.877736987682632
0.570811808168371
0.738042374882683
1.21720293327828
1.00199234368922
0.611498845968621
0.9358247616968
0.755939848277623
0.740231457852149
0.800306049906321
0.579404620186805
0.655944187434728
0.818810339491711
0.826142274509109
0.783435755335826
0.789181078624572
0.802727914371826
0.803926773240183
0.589829806688844
1.57266308052535
0.458074339760025
0.881001247406814
1.57506135291482
0.149598130172487
0.458847129150867
0.630355051903764
1.14090677921991
1.16004472087142
0.24518504337716
