0.608129489299288
0.528406915157545
0.837557296189165
0.867693400380339
-0.0363515074540252
0.362804500898893
0.782885388686485
1.06099136807124
1.32846595001907
0.0512667341026471
0.293212183459111
0.352595089220655
0.716081554882258
1.13080201316261
0.535818990992656
1.50227066603231
1.47661647453956
1.27230911188916
0.865584944339962
0.671302737689096
0.621011497958443
0.500064438271543
0.832964430934225
0.92381563693006
1.37637777271258
0.577412816768119
0.295137039790062
0.723258193585536
-0.335178118384153
0.422899633666162
0.592834015492839
0.549476147280007
0.53336491987468
0.963329632671516
0.707301109567676
1.57528024799277
1.4341710096792
-0.0590824329469891
0.535033427488405
0.595233070756394
0.66090822080175
0.87453754283256
1.14744903597485
-0.223702262604458
0.814987525519946
0.427825133002363
0.150434222208924
0.411525911603601
0.202839125236817
0.547569022385035
-0.313428825622598
0.863840922593356
0.847785514045122
0.257908701575748
-0.225540805770967
1.18071898336747
1.03511156742558
0.783490656175553
-0.0841777903919529
0.974340238955481
1.08548807882408
0.636197140078966
0.662851842309878
1.13854637871583
0.0770024324365608
0.754582240588305
0.388530546264943
1.55861668306801
1.52827901823797
0.0734146354018012
0.464080090941671
0.551483578160481
0.923119186606985
0.940739981632384
0.228718272016343
0.761469008837543
0.803685315866744
0.558348014149777
-0.164421656909589
-0.301597800336226
0.563773519497146
0.10252732332683
0.527415978810645
0.781908182115262
0.638463942113081
1.09934529985019
1.17238629128443
1.37255839111481
0.228003760142103
0.387674871840601
0.517747353729507
1.46502209008603
0.561278327004711
0.534355826292822
0.602470677909326
0.586958770876701
0.480203899251473
0.222602519710666
0.586590299497769
-0.264116314711907
0.877887465404359
0.640590658013104
0.827051172223939
0.975170162077298
1.16363508847372
0.754736343067565
-0.115202037468143
-0.132775004330881
-0.326351055150324
1.07470777657385
0.617868469572231
0.849366201051186
0.094568644239933
0.681178538307233
1.18311508874811
0.967214435006358
0.941672579813015
1.00233022783726
0.922897527981776
0.964641933905851
0.875964023507946
1.04975209357556
1.05360719286361
1.10455578974999
1.06666987301949
0.953486511935767
0.940197753255697
0.832791727934024
0.824901676968664
0.908941509565561
0.307626905393014
0.320235182892942
0.261797470959633
0.438722817675103
0.473029769393838
0.447862685102319
0.301857361251104
0.713515462853444
1.83832553009425
2.1869699383495
0.908398888423727
1.53971719736982
1.84126204081377
1.56883833803124
1.18500317670269
2.15944842602093
1.02614407515735
1.77395488947411
1.04103489763004
1.16013236977776
1.65751343745241
0.00673371461386028
-0.412361936481252
-0.800205639696097
-0.732852186530485
0.614283698974991
0.257561733688396
0.219648011848254
-0.408933806528097
-0.215230215863439
-0.543996312879589
0.0118766149024134
0.22418223369721
0.270628354923133
0.341322432232
2.87155776270591
2.90711126194366
2.57775854170114
2.77830343327987
2.82319775364142
3.13138352635663
2.2957011052534
2.46235714312433
2.07672040344471
1.7028387556242
1.78043495788803
1.40298173633236
1.56498709579867
1.1196993808788
1.03609632943779
1.27251763783172
1.35162776414007
1.6258387007078
1.34101655973744
1.21570982495691
1.11202486059917
0.817788349564829
0.976936725493529
-0.199916392295327
-0.58016039181571
-1.16603787390597
-1.16583680848248
-0.733541348066999
-1.003708998336
-0.923855961357077
-0.982581764513302
-0.635495426354966
0.0030701487558695
-0.176405331235727
-0.840164358967388
-0.109281064324418
-1.07012477923555
-0.00779680201411561
-0.5918271376957
0.114466798908449
0.658949360935795
-0.339851866854264
-0.523009002065627
-0.255483711318834
-0.262718527326067
0.457457415896679
0.433570406510732
0.670918099131176
0.570324915968407
0.325199899945949
1.25245597783824
1.0474372356654
0.717349974746397
0.219965686610076
-0.122734595992184
0.128597041996408
0.98899424792048
1.55504884553001
1.68283711145946
1.86031344347151
1.8577268896692
2.03327375161424
2.09075341231012
2.13112654776592
2.30219188535297
2.43075684785603
2.13466103210698
1.79370041836621
0.344911295244702
0.266054674781087
0.0393040928043138
0.00716516130532282
0.0713065151350512
0.350127702756193
0.0555577773694164
-0.0219124606669844
0.01640625205471
-0.141356818505803
0.275124491305523
0.858853066281062
0.832297621188017
0.449704380531812
0.231243807510608
0.827451074343242
0.712184062721952
-0.786331574310635
-0.723214322167069
-0.890807579199055
1.13363320611527
0.851018917038431
0.920698382607505
0.800080600166839
0.867684426431599
0.746845098267184
0.550295221888936
0.509958878133898
0.139147702233747
-0.600230291743248
-0.418706725875446
-0.885710086270646
-0.884313357327088
1.00712543748045
0.906632725459437
0.72739901412523
0.878805713402231
0.656948190182558
0.38915239340944
0.595699423657727
2.24840909674834
2.72059859559962
2.50621043399177
1.14656153794351
0.81524953657028
1.50843250182581
1.37920880840293
0.602056703848092
0.716099007084986
0.633751873049235
0.737719351462436
0.66956788799964
0.768566886628588
1.4817167699117
0.958528875553487
2.08890258209895
0.968664335226092
0.835766769933548
0.736034461845075
0.692626814771623
1.58287525351104
-0.218057802233737
-0.663596884020325
0.460801417048299
-1.17024608273625
1.45028032286835
0.0318004644717475
0.173335674348952
0.486863109230106
0.431477430364958
1.21815231257035
0.591245703447734
0.66200547827636
0.615287386228399
-0.704170073616462
-0.0663321880224084
0.946026103997939
-0.50014842420594
0.27133490217018
1.00363055312425
1.04251528847124
1.03196005752923
0.881054568628367
-0.171545042582425
1.65717456498577
0.511458247249422
0.433377491965576
0.892246763629438
1.64053068224175
2.69115610859455
1.83173933382459
2.34645214548812
0.0686098406181916
-0.100942273214902
0.976935413755466
1.05371625430789
-0.284271269088678
1.62232999465118
-0.143268826369188
0.139944307020136
0.991351106441369
0.655500505845822
2.26900982460379
-0.115547435309303
2.27092460372509
2.43710319720688
-0.174862713303634
-0.745350712417503
-0.32443403757784
-0.684744465519397
-0.316172930695861
-0.899093357726937
2.50113370359404
2.17525194500993
0.194445806600781
2.11775265870669
-0.143819747327243
0.850271034274714
-0.484752741966386
1.80142769559335
0.530591581980327
1.13218098136535
1.09845200301081
0.79230980276994
0.534379069023827
0.214159214386275
0.952888310229634
0.813991133215627
1.00551322784561
0.631190655456349
1.80706587454026
2.37629471157967
3.17596682950408
-0.774947693366249
0.561684465167226
0.933253299634545
0.459542359073124
1.63221553419202
1.20098289925068
0.338018253995589
0.568025208692093
0.990154531710857
0.774017481024078
0.436836229327694
0.75838278816963
1.367523526494
1.61981922808534
1.6329921296173
0.801575941080716
0.550771351726201
2.25663473848872
0.452129498862318
-0.0224462496209385
-0.315885207793994
0.338782509274052
0.771237275798022
0.613323721654552
0.597239009161767
0.742454655670991
0.240128063690919
0.526656026579131
0.379861959194627
-0.019730518056038
0.940402267662666
0.593899982524052
0.149420415130814
2.96913490011045
0.671498582343682
0.849263294536056
1.22264357611727
0.437032879607413
2.14595870116303
1.0600077801062
-0.667450568902606
-0.427745651387105
-0.382274280189317
-0.678504736923556
1.10805118786059
-0.804249481571723
1.02679597900263
0.948032576187263
0.968523824167055
0.743911258503816
0.876579778453485
0.367648506467908
-0.691478707704322
-0.696125384041997
-0.297578007576185
1.30991012687891
0.802782061042871
-0.364896304642072
0.990215279488219
0.553121117352774
0.777475511629296
0.765523503340069
1.12866631144759
1.0732531733186
0.988623215297965
1.09374158447473
1.40626605087157
1.23413488342849
-0.469059407859552
-0.481999966911265
-0.139172189980646
1.22176886823065
0.19662848856299
0.256925671986632
1.49882302316314
2.35154953687125
2.30879676192784
2.02290916492411
1.57320338340254
0.783434625329763
0.842164537828335
0.611866533188633
-0.887545694813586
-0.995852324332694
-0.986120841281752
-0.7772573196728
-0.352862696555956
-0.375447934455409
1.0732362207375
0.319711961196786
0.456219468020812
-0.0933463158031315
-1.23553273965297
-1.0408395561744
-1.08498656397878
-0.944384726394294
1.59029832633182
1.6725201619095
1.62097654021873
1.41272615461906
1.50868950215608
1.30828834414702
1.14032861734765
0.998142803262163
1.21223119868474
0.288964919293279
0.433450050028209
-0.0972191867340501
-0.511119979905963
0.848956815230518
1.79625299394815
-0.547030274088441
2.72997536360606
2.09415590309496
0.989027639936231
0.317176126696257
-0.714702023343116
0.0138906511027179
0.476286350741837
0.778142087268155
1.7613082241619
0.649520802553112
-0.624045224737691
-0.261688622392347
0.741841788551891
0.488210687046783
0.314384916657168
1.16170035664367
-0.20583084658372
0.359047773079931
0.613193931625617
0.909534674800831
-0.0958233965661538
0.634062007777552
0.83231736367247
0.511929007934339
0.866674921023529
-0.37043119172535
1.3006049506511
0.185677815694567
1.08779017204915
1.47113225941651
0.480866916776198
0.0638648666226631
2.49887694850762
0.146306905646445
-0.724493014872585
-0.543821836862607
-0.556912386937483
0.663119744771972
-0.264308823459209
-0.835960619637559
1.62841758030948
1.38555278334144
1.32409117860664
1.00010895207045
0.843541325268845
0.332615582307338
0.263144426314913
1.11695571402764
0.320550820404409
-0.824341439487085
-0.544024183128196
0.869241205671461
1.80100127559716
1.4113005011056
0.45294332045786
1.17842418906785
1.93634614616067
0.371483369052974
0.854592104148471
-0.428942462941645
0.212949640104384
-0.617666243747843
1.10830067700809
2.19947489903671
1.4241539261887
0.734483632744032
0.904062623034197
0.745286445018323
2.28694302041394
-0.215308777993413
-0.182689967383394
-0.406811398769694
0.139318832550966
0.0662765953883635
1.96278394740796
-0.764181676331202
0.972089695308296
-0.708026259836168
-0.767554684521955
-1.10652003028753
0.43328159427076
-0.480637625307147
-0.0177495127280068
-0.14654528168111
0.864038876648359
-0.762130412011097
2.18537318636387
0.00874031073072693
0.842596708393124
0.45445561868905
1.4529574616155
-0.20659519496658
0.157762776048318
1.27448450438786
-1.03864019439304
0.683407130737839
0.83345963518095
0.82473669771463
0.55438573351548
-0.72436295566486
1.12923804671889
0.623527933032867
0.476225648960912
-0.174543871543378
-0.645555968921438
1.11706488247388
0.696266840805888
-0.213797337030671
0.737811924909827
0.819224507487948
0.266937368760697
1.44337582982251
0.998809966295994
0.345585389769388
2.57469992511586
-0.542756993514147
0.762158506686713
0.67033575866735
0.878817939216983
0.4364797659127
0.346413855970612
-0.567857400433873
1.28031198244767
-0.171383687563322
1.45491554245917
-0.344940692347004
1.76722511112845
1.96105882081318
0.815760048839468
0.629074773275418
0.614534483660868
1.79756596458704
0.864432820611983
0.64869119140729
0.999972208505601
-0.468829749731263
0.582810005002062
-0.741088643273267
2.89175868712628
0.517642744675271
-0.296945252639571
-0.536682536308768
-0.473547947117644
0.26981735319158
0.991707563069767
-0.779262188780614
2.23030291716455
0.807749650806782
-0.875530648787703
0.00255999327383806
-0.382812286761237
-0.844814415694637
0.971949721759084
1.29944875541976
0.786198690204724
0.0915130569009106
-0.0919406297748811
0.696982608526727
2.18615565510757
1.77296470510168
2.98179348223628
1.16023593461984
1.28161726344506
1.26282178698566
0.691893078476292
0.620089265362307
1.5240128434522
-0.203539520724496
0.690120315406743
-0.578871113218935
0.941954315095092
1.99671533846572
0.193191687676605
0.101213823540449
1.10402131042489
-0.557884463720899
-0.583538771692536
-0.338828131466284
-0.200202720476927
1.59732971601583
1.19007556484108
0.533607360415497
0.338059624325184
-0.983303557052216
0.868342418927392
1.83171686873499
-0.523677025936461
0.219184401467077
0.838188456207417
0.821002366098383
1.96174976317373
0.811293456879439
0.932535003981435
-0.276545922403972
0.712426550828291
2.35922122241115
0.528453965452761
1.7449532975413
1.55302820292749
0.855814766968705
0.0529551904979186
-0.0417398009163609
1.5802801242146
2.915830162024
2.0177018974715
1.89054592253802
2.34739451695169
-0.434337464556936
0.883463032183354
-0.152312225282045
1.67803315469028
0.505858762379643
0.298933045287825
-0.355532307754975
2.34242619470256
0.984656980919825
1.98723389975209
2.11061887554678
0.532240371869681
-0.439530221859355
-0.784527701049694
0.150800080655661
0.860110557638413
0.724758576212594
-0.701711171548061
-0.198291606094546
-0.315280328058813
1.04968447154858
0.259637452662431
1.29762814848896
0.853524284898865
0.428331465956072
0.500932901444092
3.31181218133501
3.19973459586503
0.370822273262097
0.892373599471225
-0.45222763499908
1.36846492807983
1.31529049393775
2.32296677232772
0.432434356855077
-0.664141656727875
-0.550327913601611
1.08698849724265
0.172465405914011
0.289558755905249
-1.13228693589138
0.717819494918768
0.430962276784494
-0.234367752046366
0.509301367812114
-0.212059460359574
1.38022142608059
1.34594891341498
-0.470966864813804
2.57252085393656
0.213194504871004
0.931964533987492
0.929741845917811
-0.0275478132206926
1.68512158052536
0.0820154354707303
1.27694295086639
0.466470640222749
2.25049380425049
0.609301103338795
2.00125116836967
1.41766047020265
1.4737923745229
0.157807558109486
0.582344884731504
0.645390586911193
0.727294108238154
0.535210863225843
1.43228682506045
1.03211892101807
0.177044936667259
0.809416746157552
2.38729589889056
2.43283187312515
1.97759634837079
-0.576279360014318
2.26427984472446
-0.639390710760371
-0.156635780725887
1.55334832051235
0.288964136113315
0.000813329829445941
1.02800867238437
-1.10458982630254
0.911493259416623
0.133174360852066
-0.232550815788785
0.214456042842659
3.11107594711693
0.918303589150135
0.984418781663105
1.17590672918017
1.61972583127236
0.867264889848835
0.463564167542457
-0.365658959090034
-0.766289549227015
-0.112872724498893
0.251270588194841
2.04704025230165
-0.824111002460735
-0.270186511613811
0.74611993631171
1.43707455776699
0.226981237909205
0.489855080521638
1.76704245190378
1.57867560717052
0.962083074705398
0.392348579970953
1.79873384792009
2.19349519889197
-0.0926275921596693
0.0375439245304209
1.94698099354858
-0.215033889267555
0.989853692003247
0.479857178694104
-0.265342132339418
-0.0291973992446596
0.983342078281807
1.03728674599883
-0.696603537068005
0.236831550367695
-0.132059497009987
2.17987400608959
1.0267317617399
1.87734433306706
1.58935102533081
-0.858962552145881
1.74263826742401
2.360331854267
0.154564815175841
1.67966153671347
0.580573633127091
1.75545695251359
-0.394492273673419
2.06564911766456
1.54643188121804
0.866884767269581
1.53947950449342
0.808482048813759
1.57345826593144
0.73430106441651
0.437564750964075
0.762708657575997
1.7386289927211
1.98460367595148
-0.548192512520708
1.09786917609803
1.97869216703313
0.602178336007223
1.03040831653445
-0.546083106306801
1.54918445320318
-0.665381315983518
-0.616350301270004
1.92174685302154
0.85206545887678
0.209765082472995
0.940682763995719
0.594434571672662
-0.349654716525771
1.27561105084153
0.526771449705214
0.503323322079491
0.115426246486499
2.79138482765419
-0.543578464185668
-0.128378271660778
-0.0201910354371783
-0.731985299326881
1.22138206267625
0.451167499164773
0.414299146113425
0.73308849608496
-0.806337156827124
0.608105805846368
-0.683542001387179
0.862865942499863
0.938950129207258
0.612555584399229
1.22786248967449
-0.76759942681132
-0.778283874802614
0.541982862102565
0.302261194323037
2.40466925784008
3.12820632596551
0.858202988189031
0.992845934778257
0.331659748203402
0.829750337496202
1.21877583489014
2.50072710211623
1.06108349444463
0.989733804904257
0.955633031905746
0.587480206216732
0.467051796492524
0.513216201422774
-0.0454858379275069
1.02155996571785
0.421059498267865
-0.543705733567872
-0.190765239453898
-0.755082178824451
0.483281246550294
0.992889166401604
-0.301862427152666
-0.477810679377374
0.775358614199969
0.658316142543455
0.470815744495886
0.708646400051772
1.0209785236701
1.05678402253671
1.98703715611347
0.225287286860503
-0.625805340407678
1.04409524946074
1.06204881128776
1.203404335975
-0.790603960081123
0.551497089858384
-0.634372211994465
0.954421471799631
0.790271618391585
0.833640165594007
0.297751658719633
2.43632803392854
-0.796037745683909
0.273634906367102
0.0268081941432275
0.265010836235898
1.16161408505235
2.10447613901494
0.974656619921149
1.36160174975856
1.12370654585289
2.71255149401961
0.999921156929384
0.842669001378286
0.781065831820645
-0.242426360662586
1.24099889271496
0.143886312823167
1.85199631951154
0.308619069133969
1.67489477329039
1.64432368797746
0.314984644953908
0.0264104491210979
2.45649155632458
0.902865664428681
0.517438247091107
-0.568051041067424
1.88773807754674
0.660522320161763
0.878718215759819
0.71933266890153
0.889975325455459
0.511613500441168
0.763712138428305
0.61492720132342
0.0508176988163434
-0.498512383800983
1.0730061046226
-0.00909752041909886
0.80823548552994
1.53869203845882
0.777074703448784
0.327150683345274
0.588255596396043
-0.137666413931582
0.140801182168651
-0.44587102064138
-0.224516400503048
-0.312841022261302
0.722732393009528
1.64177194733557
0.429139799691732
-0.145012075939154
-0.0136246044038344
2.05620246724139
-0.511651806751441
1.8105925634481
0.591065326498716
0.372154014284601
-0.829026840055994
-0.520727437242462
0.652813264330119
1.39867431774195
1.49524136718217
0.190429186882563
0.119344672465592
0.332796393592887
-0.169836715784132
1.0731645657492
0.991822812670299
0.0813762768527168
0.622252275496025
0.418323309667232
2.19995490788243
-0.436182481375832
2.21173433169106
1.01820685182769
0.831968159337629
1.57283803023974
1.9372495174158
0.0856262321312387
2.0949668788887
0.42556595665656
-0.923122080638724
0.82883742427621
1.68289187886839
1.53586246138128
0.370095086733385
0.89730185329165
2.33136370465641
1.2967616529302
-0.510361391056431
-0.385576627649468
1.12926227964482
0.554268987420164
-0.330254078741461
-1.06325624057228
2.04728599237031
1.1958012216118
0.523477952898878
0.639247181777138
0.875646208557419
-0.798820020212741
-0.678337260404367
0.859936879592917
-0.126372414023171
-0.275213498328945
-0.216197210612684
0.655461276293063
-0.966919972263731
0.640772121966481
0.972916483187093
1.09771346535491
2.31988432556718
0.824609343113255
0.709995694724775
2.49832228018277
-1.13876872373399
1.47315167251686
0.965286751424631
0.439996355455813
0.341378353285158
1.20458421100524
-0.548227256908511
-0.611560636491123
0.382540701574715
0.798013446670588
1.73209767006635
1.29928792148754
0.0660085124940376
0.0883597667859791
-0.910021373394202
0.229005305313011
1.34545080263018
1.80538578666174
0.549500338398002
0.564922130134768
0.662633916872021
0.697607932400349
0.29980222261274
0.690137540856189
0.977049158312538
1.10401040599433
0.741585946692334
0.568292897886059
0.562688822504109
0.681897449561766
0.709479792913113
0.883851049129837
0.651797817332402
0.564836262392936
0.611053586853005
-0.0269320411832631
0.554883761453095
0.656396498195372
0.363273655047308
0.966111705946809
0.625954096436831
0.561827466543043
-0.0252571056862639
1.04665406121903
0.368572302567285
0.466656294453969
0.925887898890057
1.29736425940029
0.579354486099127
0.625883195386213
0.802077272299886
0.363106023899087
0.762942105240454
0.68812167762724
1.01749832009181
0.555611210762431
1.12734670022651
0.647990027284139
1.16353099516173
0.725350237874841
0.400184431066156
0.20922381139478
0.879773261796919
-0.0835871364916273
0.218837732396102
0.524523381374012
0.103968795530666
0.831830951872676
0.743990261556398
0.762131841456298
0.745659115878188
0.693997192865224
0.58335602445446
0.635502323353245
0.179058191564285
0.971540240686103
0.749078850452847
1.23053871054287
0.981613606067738
0.746551385120531
0.55867734700274
0.454946468405874
0.560826279854786
0.669967591964382
0.571013406946935
0.369009479308396
0.715870288151104
0.553521014393522
0.566237328817686
0.566449722540752
0.610021995761776
0.607646890592502
0.743668182802921
0.622313218517933
0.645505762431122
0.778483248168232
0.535203924233463
0.542159114044226
0.5815340411828
0.576096003243029
0.0106956475639505
0.192485586007327
1.27942773967046
0.896320942380389
0.771308664543347
0.658399935486756
0.573186109347605
0.56280752209072
0.985756872370515
0.695603324251599
0.716819564616186
0.759271587697097
0.710672877919211
1.28274001156788
1.15181254242915
0.918445871533849
0.593181252381935
0.581198142221281
0.562837143003804
0.446803266006987
0.390949999821307
0.692005652802366
0.639490385246164
0.543963916723295
0.415339332138272
0.507485921437051
-0.00433697830586409
0.646880009712006
0.672794640443115
0.126545839537774
0.482022270014787
0.952003228352715
0.306615292954603
1.05624491549796
1.01527707578276
1.33776990765824
-0.148951535697893
1.0918759537783
0.973342789175884
0.562862293349881
-0.157887579038205
0.638130577791869
0.619290081823728
0.545020954674061
0.394010997637646
0.337007825017323
0.895577889188263
0.248198888250535
0.860043766416548
0.564718605679709
0.7371506487449
1.27523393999121
1.06303729644829
0.854009756689702
1.05241939845772
0.763336316561564
0.84504748502039
0.699723990264703
0.7397144361029
0.760079168995359
0.671486952987004
0.539528126205024
0.703996970847639
0.709382996742272
0.654130150728922
0.548600380270876
0.776820159626205
0.623471019120305
0.811076619590813
0.552181655167182
-0.0483568332508402
0.0443010912492063
1.36691776421623
0.951682199452649
0.814445850673817
0.552104961752449
0.585878362892532
0.512939159290171
0.790090982489464
0.245817275347822
0.836532220123447
0.70314188663786
0.643003668337148
0.710383863883472
0.464298785774665
0.466556549663456
0.562279894806892
0.559216188414118
0.56341980175215
0.579783639096213
0.562146798222172
0.610018266363205
0.561428509362312
1.37672320677455
0.51341548653815
0.768868660113932
1.0395008983622
0.222071457485766
0.42173016305593
0.527439711509273
0.743692702382546
1.05966703486691
0.421214520776339
