0.760567147178476
0.815489110135257
1.02230759018763
1.06386808854068
0.276449644785408
1.13961450096267
1.38405628791789
1.52278815851823
1.64555204773044
0.101185883218942
0.17718472110186
0.306569293677582
0.893958253792192
1.30691804537505
0.908672670392074
1.79816675459114
1.83479026254908
1.70776718632227
1.13491775731029
0.840933762380911
0.777517141916231
0.663736518648521
0.925304469027901
1.07107971696041
1.61952768206703
0.852530032739416
0.502070003590006
0.861850283133789
0.421146787568471
0.569201229493562
0.711354398955106
0.902331486878756
0.734476168397278
1.14306611743838
0.846303128196476
1.69167421714928
1.86594273384284
0.874389568602139
0.703563731565711
0.768160810403012
0.765031070264504
1.36472693995352
1.30986260047747
0.274508884141113
0.863364337758176
0.523161977239678
0.0394194730422816
0.602760000054527
0.459587779880615
0.733290399840015
0.31935468598005
1.03031471417429
0.925438240291757
1.19159718887111
0.645385718272535
1.29930525111532
1.23203287555788
0.87451009732851
0.30812745802491
1.1860807237989
1.44759446212013
0.865594138595304
1.13327691269048
1.52198824679732
0.261774229663606
0.950578594809739
0.588889878371843
1.73866406749855
1.65877429023062
0.352648187309543
0.644656422669026
0.695780312763443
1.10625181117697
1.0852026026703
0.439600983945526
0.830869979034952
0.864696066063364
0.689977668451035
0.742295744315287
0.510219254518858
0.900011824994237
1.05633991475442
0.748378222817227
0.94197562612619
0.760897281536991
1.28900224817225
1.30394194852745
1.80890425407706
0.104362931610459
0.415446978689164
0.791328733896622
1.8730270436179
1.24368010802633
0.863188855537786
0.75710759062685
0.803686415626375
0.637437949680749
1.06948511289051
0.815786613865698
0.3013984727011
0.988024178935104
0.799687667231401
0.882197064215925
1.15683938861526
1.2999354709018
0.887569804756106
0.223122285119103
0.3118469419594
0.37449092267644
1.28521200469024
0.756268638527505
1.02748507076077
0.0473802270026652
0.890147800730017
1.59097312406561
1.27967314018426
0.853305100131346
1.02690275830202
0.906719019643016
1.02200833133225
0.983374195526974
1.15419122652444
1.19230774907598
1.29606761071527
1.14242670269821
1.02100072871387
0.807392157394451
0.907480582059056
0.798221276215246
0.802495682277099
0.338253600397521
0.556716984429041
0.3046949963855
0.840473059668863
0.733831893733331
0.838686197124315
0.380200914777425
0.96154741642001
1.4111478111328
1.78754087372776
0.948224009654036
1.70905182638538
2.01092580070644
1.85604126686921
1.07183427745611
1.6063449170755
1.03806853347915
1.82997628881826
1.16052435882667
1.22158415706328
1.68067822795784
0.382855590546228
0.0163001759707396
-0.126190308801922
-0.315894834152207
0.836898229204952
0.263131561344457
0.390751677108216
0.305736948755392
0.365509120404417
0.195954026502722
0.345618034845369
0.739728602889442
0.661452691397203
0.459079971383918
2.67133592417796
2.68661531080331
2.11113206600175
2.42663545862067
2.6364452604868
3.01025985094693
1.79318905857565
2.16718967610919
1.96914869920421
1.39212481161449
1.29427817814349
1.13942445403504
1.52522525582286
1.01590486526837
0.719675747942708
1.32216020208235
1.60161044300264
1.83362414606615
1.29037349900167
1.37437190176982
1.49810632121442
0.715482446813954
1.03594075111027
0.142093199899177
-0.272937320552989
-0.681956542177291
-0.525052201336013
-0.514644792682765
-0.529936891112278
-0.487330428948994
-0.465373900312621
-0.37241545611321
0.160848489584625
0.448606061844027
-0.258342198017187
0.579270493190858
-0.587473995574967
0.0666565960156954
-0.582976945301516
0.30812551598386
0.870407439051
-0.0783070431937057
0.0430418663013017
0.617000018396654
0.285308752066957
0.728515936124301
0.891899752902357
1.14973050190462
0.795757249552684
0.655696002407021
1.48714705742854
1.25432015372268
0.963307793477116
0.345975859348819
0.0948726482618416
0.221193068550566
1.10468102260339
1.70983617947101
1.35763168185271
1.84631430719973
2.05558533372009
1.70063660182164
2.03393889886617
1.78116960660743
1.90548076445678
1.92771281335952
1.71501230022149
2.00708255348147
0.289568069558841
0.332312506394818
-0.0186469777256511
0.0921310948493028
0.133580956405704
0.660301147781014
0.0012517362350747
0.26193816363502
0.0456828457235315
0.245779152677046
0.641280112087441
1.11163674202785
1.0867608578949
0.484115632711229
0.15236646194702
0.897248328560115
0.876458713952625
-0.0907837984363256
-0.0999750899785713
-0.239325616755832
1.49740230132092
1.08976445286792
0.97191887249228
1.22537779083167
1.12757901352682
0.869930547237044
0.986997657187396
0.816619321555325
0.604531690116835
0.0650350587814711
-0.0400403532732691
-0.401089168778642
-0.156725010738777
1.49707349336687
1.52084143131968
1.18857937223875
1.29180239328203
1.05763065711128
0.606382512366736
0.341511318690925
1.86058167948841
2.30418772197041
2.15682188576671
1.26443043268557
0.837755328472187
1.50137113019424
1.30876034131474
0.909871173306819
0.94662490560485
0.75338145016905
0.900350332110022
0.709856862986975
0.84583590282085
1.29540197125741
0.851527658602666
2.14023183014659
1.15104268228922
1.05764443145042
0.878224416193383
0.618130152658922
1.56431588376056
0.0942637181408247
-0.149256152043606
0.284083717901406
-0.527610373091135
1.50078506488982
0.574738475662111
0.720997155623908
0.80219793110759
1.07868858985129
1.98616705441298
1.11274341316695
0.668860416921479
0.946089944793006
0.0639930383144287
0.386678888466297
1.31624141430232
-0.135815796142452
0.490336912111525
1.01498833017117
1.45542872233735
1.18198312786803
1.04135127361331
-0.0641365241173101
1.58629254660461
0.845698577488744
0.693806548686767
0.882989451292787
1.91992647173936
2.3358801103796
1.7831998515456
2.24779539799695
0.508160086302147
0.243198698236447
0.895846544902593
1.03738736658573
0.157591631931988
1.98290075308387
0.27933888706598
0.245651182629101
1.00757551513713
0.767774699603003
2.01232843542514
0.353466392952727
2.05701257134199
2.44266540709806
0.387340970132688
-0.115936468891177
-0.0499666169269995
-0.317707623203295
0.00592148209356564
-0.521908535017995
2.13195825080534
1.73715808036083
0.587835707660535
1.93384029895739
-0.0581279020532383
1.24485829086087
-0.061344316525661
1.41990926554568
0.532472275835568
0.99094724453593
1.17408582961686
0.735882520912772
0.865030608442837
0.207177608976241
1.09758963948932
0.920301215919321
0.86552226679629
0.927030798009779
1.51097213258596
2.08416958055808
2.96868626182579
-0.0568985142845629
0.718108217728528
1.00536887303876
0.695382026972513
2.02063572346246
0.864942714324891
0.726525542113737
0.694122588310108
0.871244242575025
0.762326400738409
0.450696330296248
1.01744500631762
1.67659754566124
1.65676305789727
1.47468757732556
1.11437947822635
0.992129591166343
2.04680862164397
0.777481335944427
-0.036536175923112
0.255982720458269
0.486923605816265
0.785800433985794
0.722247419555877
0.757492525431592
0.526852627008868
0.53759445928432
0.825311199556413
0.779170525649523
0.588973563201439
1.19232388102725
1.01443700747132
0.496226448621599
2.86938516326493
0.975497039431405
1.06067565975134
1.39181786615328
0.511942828022716
1.91604090178147
1.22209466640122
-0.0309186123820673
-0.0104808602948957
0.321702359110505
0.143262968648182
1.26542777165884
-0.0520671068344151
1.00800794280745
1.06565344678537
0.843075293124519
0.623991264760714
0.879379019870916
0.382617465729506
-0.228931826022013
-0.199961000405858
0.00446935286284693
1.30355208798254
0.969379828631802
0.412503926085795
1.03968119061472
0.936606764133181
0.711357350261438
0.77544618369577
0.848889960002703
1.2612862410335
1.25091595444436
1.18806797480365
1.17152813698267
1.24749548534816
0.0045003995089894
0.406485603518968
0.868033395399335
1.15406095676936
0.22910601179207
0.63687470352226
1.17128730174343
1.88685164696479
1.86566346434115
1.80144309229619
1.40439454380785
0.887753191072752
0.958320757090269
0.526807965272438
-0.566693218117295
-0.516808589220039
-0.32750382616365
-0.112162226999957
0.612547540106279
0.553366806691308
1.25634105887146
0.637504093027399
0.941690451341861
0.3494215001525
-0.615345130213924
-0.273237891181011
-0.697305517507009
-0.176838291668015
1.61342348758877
1.69531326138647
1.64219631732933
1.33101740886085
1.383997233862
1.40250167223518
1.28193786021252
1.12698213577207
1.52868342351433
0.571020832451932
0.537495003492003
0.260647891925745
-0.176267476551899
0.807397214175563
1.74907263385769
0.189138765865195
2.04613375490713
1.96832686487658
1.30997526166006
0.557023157659006
-0.0200338166361837
0.260945838949244
0.646187703705812
0.667877990082566
1.82570574972045
0.726625917546437
-0.0927464198833264
0.048303021406852
1.23515022877297
0.881757659512911
0.44126910517871
1.33144983257626
0.12139590017467
0.556123094279943
0.786040127894227
0.981520637074005
0.204907152044082
0.756205105836265
0.822024988651276
0.763634862397077
0.897991705010062
0.176650813326278
1.26129049012315
1.10706746578091
1.04603154653631
1.76942270642125
0.53153007099233
0.683010972808895
2.06912328525064
0.00503840923946386
0.032488775375638
0.232851957391956
-0.208251028815592
0.712768446909127
0.46637958618673
-0.0289388491768798
1.30786763267508
1.74434378124804
1.41906434466028
1.51752525081944
0.922453074146745
0.127434354107589
0.556864397728015
1.37220097932276
0.565657530649335
-0.173771510986782
0.187249968988107
0.60517949598785
1.54495126501452
1.77800808432755
0.665218559445127
1.41271681069411
1.97761312944129
0.545814895669496
1.00901769290602
0.439156738535336
0.865445192942225
0.0245753578267864
1.53589816964958
1.93822613944745
1.68584622440166
0.965748770019024
0.871108657073942
0.818799625643385
2.39600434515209
0.218701649505524
-0.114812555765881
0.305305758131779
0.676030438308189
0.613958466702108
1.84124539599928
-0.00280536365665737
1.58415823163555
0.130823255429279
-0.220556808348962
-0.649042092152418
0.545571070126581
0.274573615506914
0.258957846866545
0.912146193203062
1.38634172745371
-0.438602400341399
2.04542915559765
0.767221451057841
0.98660111207642
0.510724957328846
1.59119997194097
0.456431075014624
0.422877910345352
1.49892762124748
-0.324230785867091
0.784076646824917
0.829469513467956
0.865482325797279
0.625141804213221
-0.0646339484538198
1.30575017595492
0.744449993186611
0.67568202143604
0.773629796801004
-0.0644045092796208
1.19797617323784
0.850602583203957
0.0301867363936545
0.953472412739099
0.747422511724742
0.368653687480875
1.2823201522484
1.44310260485731
0.589192427639765
2.27194133448372
0.143887347615754
1.05817763772881
0.658550124170067
0.852169337439283
0.398252692135928
0.232710101112481
-0.0528667564077503
1.39054677927356
0.179492784216905
1.12361320604013
-0.0615396347650333
1.73288737808811
1.74040141492349
1.13550665626282
0.714046215365284
0.63499385480926
1.54494681028633
0.816608114481233
1.0503280262897
1.61656950503759
0.0758526235682538
0.866057722773376
0.00632639621814487
2.24384786297396
0.675875706573387
0.0498018397200713
-0.116675169915785
0.227518101512983
0.252054207312441
0.771069516263364
-0.199072804141983
1.95624175929039
0.866352011952486
-0.105769692015101
0.374574136834266
-0.0423396338927089
-0.314922520117152
1.49690601746666
1.16476221853378
0.946261265848758
1.05475299869851
0.864431291181194
0.583421098724388
2.28597970125235
2.09194680721243
2.87339657005883
1.33245143297144
1.3031587401627
1.34257354818564
0.742574368866921
0.809317777635785
1.94240023841924
0.188135705358109
1.15087453486263
-0.233791913494202
1.02880465204898
1.81293944011419
0.420182594230066
0.453720177721564
1.3231093052805
0.180336030063465
0.061914117842204
0.292789866891007
0.401330971575747
1.71538461850224
1.44560239752938
0.46897088540841
0.687254234113993
-0.272519712661248
0.835209654774357
1.30704976331542
0.0884380955176766
0.67346606686834
0.666100928241067
0.749325329103823
1.51606159404718
1.07858919247083
1.26931019769917
-0.251925847047067
0.99212474550028
2.48274153121187
1.06578050372403
1.85538072987527
1.7202946831227
0.792330640342153
0.398084114937734
0.240455947064298
1.60621243316885
2.55117999925257
1.75538352135066
1.85891632424143
1.86903229668213
0.203761679172083
0.978972916563464
-0.17032102504961
1.8282368763289
0.320667661010515
0.510382674288338
0.29298188930059
2.14367516236671
1.1709125746991
1.88847635009239
2.10738303346791
0.902851033541835
-0.0856120915774898
-0.41578950040353
0.17583680046481
0.864248282815691
0.597813312698427
-0.0553206896749174
0.389892120243439
0.230282635045072
1.223354259257
0.22098053588866
1.19704162992166
1.15879704563331
0.761328518932379
0.766896641037755
3.31604540909578
3.09916518025299
0.581683266418412
1.19240475358722
0.111993215920309
1.56645316946286
1.27592241919871
1.9089082624854
0.601027224035525
0.00297446365947316
0.204114398281581
1.44573495643168
0.474345900001923
0.498811445863304
-0.54600643546586
0.766562013235776
0.658985895543885
0.055649202029391
0.672232445804595
0.103918392982175
1.31575603649474
1.50988715836123
0.281474047374567
2.22843564517922
0.527848813565324
1.14508181054636
1.02795451385923
0.0167846866020668
1.75474789249358
0.341812305060597
1.44062765298431
0.195307920077783
1.89756446915257
0.746345465936113
1.68195255252163
1.50916189883669
1.45283491999502
0.421959360082364
0.84109879685871
0.90798777057777
1.08785826408253
0.823023007075589
1.84404660006822
1.16901606723272
0.607774167550983
1.55109057364794
1.84743736528289
1.85869820984654
1.87641600742756
-0.0372207402386205
2.05913560330613
-0.0207644831883566
0.0899319057050593
1.69307009595866
0.445397692057325
0.523028012147005
1.47600179164754
-0.643077517291686
1.00508915746252
0.680579229988795
0.375081869536368
0.543645621200721
2.93513058695259
0.978524750984444
1.06908868521638
1.40618816512624
1.81710595378288
0.851910160320766
0.724696942160352
0.433856687490107
-0.0541121246805831
0.243042214638437
0.240824329084872
1.67762310265693
-0.526303771103144
0.0905376196646219
0.863006410453054
0.866303344325429
0.181591098298398
0.565771745879103
1.67440675951139
2.07576358727159
0.968797265979519
0.609668780644414
1.61207179606148
1.81678423465772
0.234184485642984
0.450264394754881
1.93174967495611
0.491503723882086
1.46145143607134
0.811725015456718
-0.0939500687118388
0.533858890901995
1.2297262286596
1.47662667046768
-0.0659325373688859
0.69498849445126
0.246561668333396
1.77413321962477
1.58418997971926
1.69348931929925
1.56356245358431
-0.347508233865137
2.05533647013903
2.08855576167522
0.200413557874314
1.91595737566955
0.746649771957964
1.9011326127384
-0.0583678685002569
2.0231743873096
1.34036635705939
1.00492219435882
1.42144035870826
0.846021870052569
1.94701424677673
0.819692706793881
0.555825365303732
0.631666959956771
1.93919151991587
1.75306724241698
0.330837188541001
1.10507500647344
2.0061794500694
0.742001275423834
0.855729022284127
-0.416074329118374
1.39487131372588
-0.240903195389482
-0.100405196342918
1.96597373205371
0.738357908221831
0.155646925249034
1.051107616726
0.657550726398527
0.00886743504686428
1.56388322686655
0.622545365186922
0.636669632358553
0.361742651610415
2.48910843426171
0.163943817253574
0.132699443085015
0.666725201080372
-0.112537460082572
1.3180568015562
0.667502214181214
0.52762960692399
1.01459503167161
-0.0236150936230205
0.707735197886796
-0.0571037296274674
0.990771748575468
0.983032582155783
0.70187316231229
0.882674319944615
-0.107061982903944
-0.219388916782477
0.83326802176784
0.422908199845309
2.00298895908854
2.88084356287374
1.16044073221434
1.16071171880121
0.518213215979418
1.01963779905581
1.56102461032683
2.05998063652809
1.11633376951253
1.34735024001114
1.13107959139846
0.803592993880021
0.681542349504868
0.894528369612198
0.305290600239494
1.09112428805559
0.702253833714287
0.319508645882602
0.804405926153253
-0.058106476231305
1.03031648705206
1.20775618101038
0.226824404934632
-0.0273233628530791
1.19385313873717
1.03227186839799
0.731077081485604
1.33328589524966
1.19420572921304
1.21342864530873
1.90896480250201
0.539125858266617
-0.0378216213453171
0.864993767645539
0.789867415239658
1.0077763866376
-0.0589918571347914
0.965027397226679
0.0905396056762109
0.987288220019294
0.725588961525354
0.813680571685288
0.524505955285527
1.78582053052874
0.00851684031178979
0.546495835350321
0.165061333487521
0.510087315597164
0.993719340404178
1.7059880580965
1.40987050870607
1.67887901943804
1.60717423805077
2.39401850811188
1.10183075471837
1.03360369232348
0.977469319896593
0.665406187568108
1.34347952272763
0.0615857255515904
2.06608458668862
0.324938366426972
1.70881214697476
1.98629757234441
0.384273851789987
0.2839596896692
2.2916575876922
0.981951289850142
0.844897138849214
-0.190994624130792
2.03736453204695
0.768963849394758
1.00092500452836
1.08668475828416
1.37472056763061
0.728368158945188
0.829769692933442
0.92336292884752
0.0933699330382125
0.0624729113704426
1.18345203761275
-0.0644357561055968
1.00390011741523
1.45781475410756
0.694154244794483
0.422275313241496
0.814752374375677
0.941003994236733
0.784185799977297
0.171792600155717
0.280193392035125
0.163458103828836
0.832181149192337
2.02822392925436
0.323541209669599
0.836185971483902
-0.0659771756848827
1.79759891785846
0.168571984916971
1.79272629585547
0.633105044285552
0.463169422042746
-0.330752072742555
-0.0750547215782454
0.785614229933223
1.98379320018216
1.31079821368077
0.997581374505924
0.213292806491931
0.525853782233761
0.428702407132562
1.26167952345572
1.48013871123442
0.473989988302143
0.757822046607604
0.560265530274691
1.90362186995664
0.381931967807284
1.76046316412928
1.21491835354395
0.754259763183703
1.58214773845228
1.93463758056311
0.341072083740546
1.76619401527872
0.636500685789489
-0.689142377437661
0.801727967070918
2.00820356834602
1.95447673103834
0.264870262975633
0.926536885877383
2.31795434590819
1.62716708337556
-0.287516851713326
-0.0437890648147778
1.05080039213404
0.921302231443287
0.228501584964486
-0.320159620836264
1.80460254377868
1.61534916917706
0.962505605188382
1.10828905106027
1.36829623884497
-0.226745866994355
-0.323552653464892
1.40351256281858
0.184068585350657
0.0426432272667427
0.128273287847236
0.508050557370196
-0.40898961920858
0.764975000721663
1.11887687003187
1.24392266426819
2.02151884673851
0.930659928244003
0.796152029953607
2.15325859074747
-0.414012758541076
1.04574309897993
1.04264184659931
0.577353359646695
0.612515314819501
1.349185315558
0.305731047375036
-0.0196283323155327
0.490801200973073
0.908040980484393
1.65225331805346
1.40062887291271
0.158638359880771
0.127543377062232
-0.141760900803137
0.340088734133059
1.60142350651314
1.99697452294819
0.829304813976005
0.856092145394199
0.965891887080306
0.987637881101252
0.677458025019982
1.37128420150967
1.60190951304474
1.75788758593514
1.20414264533729
0.707241880653716
0.710191782815201
1.00260703390743
1.07742205766131
1.18646548041164
1.04803136959024
0.868549701552773
0.89678487024262
0.796929134965875
0.765493100814574
0.978411601932748
0.335873974412858
1.22745620898615
0.816517363477316
0.819455914867383
0.465597388009205
1.48265310153458
1.24404839792203
0.456286193471302
1.20460451801513
1.6375133803085
0.79439200670149
0.850904208302781
0.980397568713157
0.562213326819985
0.947319218532854
0.908579004379541
1.69168997646086
0.875875476532638
1.44010033451723
0.806212592619858
1.8738401042567
0.865225185398214
0.288447959030472
0.502243373219174
1.12171630011053
0.586526003980625
0.893134763893579
0.647593164755565
1.01601051280491
1.20941039863626
0.994395760686961
1.21120873457747
0.995504441992225
1.01691655681909
0.835073948903568
0.967206608194811
0.738122518444116
1.25921556132241
1.07231722860623
1.64005790682969
1.29256061479945
1.13979251698483
0.66816019065272
1.18889141418774
0.707794838910305
0.968565020939916
0.791608338382952
1.17963122307605
1.04300236435184
0.874094390759391
0.854326496576347
0.869033371210944
0.804916531028058
0.885630523211287
0.873565182839479
0.869947449330127
0.851284218204326
1.02465356377359
0.701922366025853
0.742344470723322
0.76388924895284
0.735713259585251
0.399400120537679
0.636905776403033
1.5471809517645
1.15669147247525
0.906578078962596
0.888605056548492
0.816077477655985
0.843441683728637
1.24375926934536
1.46362993196103
1.47178459247616
0.984223108743215
0.992464352583694
1.87722405108816
1.85141739597698
1.43952586972582
0.799323298061594
0.870725744535615
0.82354395577071
0.695687389475954
0.674753982300937
0.855806867383241
0.828642085806098
0.585223473248926
0.331728283234284
0.487643841040189
0.905611073170728
1.09166935234952
0.882706710831712
0.852655008956895
0.576140262055402
1.3340928709649
0.188131728447838
1.27983671378347
1.27020059684506
1.72664900277679
0.458367261013147
1.45723153729248
1.20460139393323
0.760085104964819
0.62321994917133
0.768411504246731
0.811568449688638
0.81981144598755
0.580342910959711
0.562270062646796
1.13364715431339
1.14794602063618
1.03107832318625
0.874023908391623
0.946769575998624
1.71766798106674
1.49508911010791
1.27976018553103
1.42365144075782
1.14783362688998
1.21217974668603
1.07881218858773
1.12351660173741
1.07581586261452
1.03930230991534
0.607789532198545
0.946715660126763
0.992768303842763
0.827548507224367
0.887093345432504
0.874909641217307
0.829818317607114
0.924904879062055
0.71223835150867
0.380491066911833
0.386510465164358
1.57595981582994
1.21992469829188
0.94864328168847
0.735387431433197
0.783458905273636
1.29731837641868
1.07757866861003
0.65829750375989
1.03465336556843
0.854507819315365
0.824044416209312
0.894033900108933
0.644653557570083
0.699889365761492
0.852040110703117
0.864638438002019
0.827674462705199
0.813147618717356
0.847199649858772
0.857763225061924
0.710272233056869
1.65634261696761
0.518258647516443
0.985258241583774
1.66454393430705
0.193796332831942
0.518469838153613
0.672667658350042
1.15351925493423
1.27163417911645
0.404979130519429
