0.701287521414512
0.648487536146346
1.20334288941705
1.209865477546
-0.0742046811530609
0.907245377838698
1.26379199126878
1.44017550739208
1.59326788065632
-0.122673065387115
0.358482328413956
0.541195186708445
1.05101344959889
1.59497026389874
0.775726010410992
1.9891813342088
1.97586683045385
1.63701025756754
1.04533860330493
0.776806301410755
0.715935239339328
0.495244188711667
0.851225784275705
1.17879282894249
1.71276027820297
0.716803728803073
0.291496468316812
0.854592564902189
-0.20399418078227
0.301482598500495
0.797644848176357
0.690288405567067
1.00772960505313
1.15596717062523
1.0162772816531
1.97410488023129
1.89429110446395
0.364271426271509
0.659112148357891
0.698453462599907
0.621427041454878
1.20901573881587
1.63949123230956
-0.258411817169796
0.918969837682492
0.803641710516787
0.0540172181235861
0.456240488442772
0.19336643986436
0.664767823083947
-0.28230647629356
0.854133714101231
0.983306388416661
0.819205994899606
0.0486747245980295
1.70742843899519
1.43055445178609
0.97027522215192
-0.13012375981301
1.28021749005254
1.35353406600144
1.08623490257859
0.964248180219026
1.46860925521987
-0.0649801016253757
0.876617954250515
0.414605821728969
2.00527446019028
1.87251959669474
0.0494044521732324
0.502338658902697
0.519199009748439
1.20113027175169
1.03978439600329
0.202163812831458
0.728778024858757
0.937256288230708
0.715287006784448
0.18015533331147
-0.107803139186928
0.711449251716726
0.613298214639884
0.638818355984276
1.13272784980318
0.894365751168601
1.55407820683661
1.69191259574901
1.78190412630961
0.215739334320233
0.677585358189372
0.688994100868583
1.95677887223855
1.07454414299637
0.661720305133731
0.695298413258939
0.711606613644408
0.922350250401894
0.767181938396435
1.06621853655524
-0.268600122346223
1.06501853729778
0.738181903227005
0.931874632686319
1.30389920369225
1.66479386775777
1.01154650478189
-0.173723225258326
-0.175892574499422
-0.245547952113489
1.4681539147515
0.716906050209927
1.05872984469214
-0.050497361080451
1.07710278401755
1.50165301798473
1.18640894651523
0.917426776817626
1.0494666222124
0.797056965498022
1.12762115437339
1.14752510406935
1.35859181739754
1.32517292484223
1.30593298247785
1.19845816414492
1.22613738101033
1.15574057715159
1.08328754341446
1.077399884891
1.17551734148528
0.1667195007749
0.27281859542442
0.167047601493287
0.441680054457925
0.458695109247349
0.434812194811427
0.23583743719172
0.738495926995166
1.86396417442199
2.25610219995218
1.0937198888602
1.86396551235933
2.22109464086477
1.87923406247874
1.29230440021267
2.14784697472899
1.06683858770161
2.07092747216246
1.15643845773317
1.07572814367335
1.78463459829793
0.0039752752722542
-0.425168216507379
-0.822053522173952
-1.00695274834178
0.507675035830536
0.270616034565387
0.347157595149521
-0.268792282156626
-0.301433773995773
-0.522579736484867
-0.0749121436052446
0.234407546090037
0.296736288241153
0.230440423571996
3.04761177469626
3.14087033981451
2.81117942550192
2.99914026605142
2.98237196168907
3.33949401641771
2.13855121509467
2.59007425538156
2.39765210906184
1.71630558851956
1.69693502953934
1.31249028095169
1.63385311744071
1.06727202612094
0.822186573103384
1.4869862654312
1.64374690561494
1.90883946432487
1.4076499158014
1.35322797381938
1.2798596273422
0.803669314713773
1.0947078991354
-0.179419192402131
-0.773012149841263
-1.5096679860384
-1.52390578905
-1.09988839710618
-1.38172825040807
-1.04388993697704
-1.15522052930943
-0.763130809361187
0.0281368786756705
0.118859242215973
-0.848152510265217
0.0545909477203581
-1.2064749819096
-0.123945433069826
-0.84376842412451
0.387397465368704
0.70685402293495
-0.3902889181127
-0.587792167546929
-0.298125379094271
-0.431164034441068
0.400796391054792
0.420177986942363
0.836548233777726
0.567278299816955
0.461261031680768
1.64114894278492
1.28030105005616
0.758980838400159
0.15350486696763
-0.18380561725266
0.133783048975134
1.12750977290475
1.80384394121107
1.77360506971824
2.1387156390481
2.33767062290078
2.19148145430703
2.39085812698057
2.32473967767782
2.39199688855001
2.56977602937087
2.42448032633016
2.37495930795023
0.26492844937738
-0.0296583974807445
-0.374536744370879
-0.426165263461359
-0.398916570690847
0.493283103585557
-0.118325068326405
-0.323056709166118
-0.307547998755601
-0.325302336170773
0.14765958043291
0.895404674701578
0.848065240914187
0.375194593571484
0.0296234035915178
0.837128017516263
0.720371365190773
-1.05286061923489
-0.993196826227462
-1.14606417670185
1.29031659999286
0.904616255344633
0.971570527150135
1.17685380170717
1.09866452376961
0.828195307829192
0.871696852435483
0.619542807397935
0.197024544861471
-0.79077544084095
-0.512170476939646
-1.26612104761531
-1.15775061883147
1.42926076174203
1.48340173700531
1.26828542261964
1.43771744318871
1.27338083546316
0.926136526881024
0.358850778175687
2.20957234100223
2.51259010684599
2.56097861061714
1.06313550584331
0.776516136459905
1.51565412234274
1.36066023855122
0.626227558709306
0.659855410438009
0.623049778367866
0.684746142236126
0.676976690624954
0.720512426109557
1.55878643621692
0.946245920839646
2.26112166484692
1.10823193667211
0.954045380816148
0.872824319736429
0.593982398162533
1.76047688921777
-0.243229619672778
-0.955552186601988
0.407092917240433
-1.49258359592382
1.5777539837328
0.00455061186642826
0.214537003563715
0.525485003857317
0.51813569756744
1.60199117752589
0.576199020064866
0.814157021168333
1.24208717133242
-0.941908973828882
-0.141029808955173
1.17940644057168
-0.651694424096029
0.337149903563235
1.04087889541042
1.18021251416654
1.13448013331866
0.940210861968615
-0.574420346359498
1.79650607748157
0.465811983560512
0.447494785753828
1.11663446605711
2.18920812979571
2.90623827401688
2.30101750902705
2.50932340289542
0.0350908169670315
-0.113632195635158
0.988742411774893
0.81502022744412
-0.374633925448546
2.05130844863835
-0.344066615773237
-0.0557035127765047
0.989681994692746
0.624512849353993
2.27665002040678
-0.199488059830483
2.46011573809458
2.64424940202021
-0.0718577499336751
-0.667515492764028
-0.455464621687855
-0.975919739827036
-0.48324161251779
-1.23720971112628
2.79097518995324
2.53407123607201
0.179758590724132
2.33394740601986
-0.342575021067484
1.29261803598718
-0.477895484064676
1.80557944405682
0.632641215712411
1.27659632689981
1.23149426197669
0.715163377487221
0.710154725645835
0.398049209895137
1.30307084667133
1.13800649571757
1.20302828869697
0.683256589283107
1.86272200943262
2.66136081074224
3.20025165731781
-1.02279445052496
0.521898883851589
1.11011349720531
0.683626578494221
2.17670440111037
0.95791581465474
0.364043305586673
0.415769658206847
1.0376210121045
0.707963858597866
0.344723531418188
0.873417759717434
1.61102721974569
1.69988132214414
1.63709077240127
0.966939588727381
0.573720947770038
2.18662098848092
0.654590978153521
-0.0166317681313451
-0.206575255436188
0.75965009857738
0.86696581484578
0.649781525288006
0.656766260937734
0.707174017646739
0.259221752326969
0.693977475373896
0.877442112268565
0.314337120248265
1.18120986587847
0.556978865196269
-0.011193569110282
3.0526124170476
1.22292565162585
1.18480337126168
1.51613660725712
0.353461866178026
2.16201385136046
1.31719955509138
-0.912210219163156
-0.641722831394113
-0.472095998441935
-0.732874942824885
1.35891403114171
-0.966567140178026
1.06309933598384
1.08680794048521
0.997338267843411
0.657488015147757
0.916732597537574
0.314961733447922
-0.856635538964292
-0.759792593168672
-0.368531884204314
1.38418227854476
0.671816967862412
-0.449819417552745
1.01951932059294
0.646245624035324
0.735445878179596
0.77996015973979
1.08358621843407
1.11322791209155
1.04244241540887
1.08975016549058
1.34411193126144
1.27940996446423
-0.625947432448797
-0.370642036175383
0.187998376503176
1.19050783456559
-0.133839085609563
0.121823184027528
1.56887034111981
2.56466656245393
2.58188899784149
2.48061226723942
1.66369219927765
0.986079390709299
1.03526744899254
0.626835982790927
-1.20771975480495
-1.2749093527465
-1.24026330839055
-0.932460634618507
-0.244173388956706
-0.233880425883463
1.26139586564398
0.2993247314125
0.538210313710561
-0.114540601251661
-1.58056985964064
-1.35439630253192
-1.49141245600991
-1.16424638806523
1.82814866070228
1.8233566844184
1.827897453532
1.77524373697137
1.65128186142445
1.4586129079718
1.34230342219354
1.21287123087532
1.40150233302777
0.282528055404018
0.470777625801956
-0.197706620044235
-0.772597352310285
0.831916348221454
2.14867902448794
-0.634776742917358
2.4937624071072
2.04050071813308
1.31570814776343
0.39506598832578
-0.845379625980103
-0.0238841225642537
0.507651848595201
0.666450358708227
2.07045875402697
0.889417184873462
-0.659337212526822
-0.418426979821163
1.01877037326585
0.704373304600617
0.342126193049047
1.45137803932157
-0.321609672511319
0.432684329017074
0.557690029607065
1.03143452855434
-0.155976946800539
0.690789555931204
0.831844899944805
1.06987868435622
0.92736869364436
-0.496529022410898
1.70533947987154
0.658279098682377
1.07219798249598
1.48112988513612
0.521103720336647
0.0351136903122349
2.39882352468164
-0.118463794787176
-0.878579730353453
-0.541394785306071
-0.741066527066585
0.494053625895092
-0.311819337811839
-1.12643352495165
1.52032687623534
1.71249777132478
1.70303935146128
1.51954916492443
1.00822619499293
0.1566115316816
0.297764441058542
1.25735047229068
0.817839369264007
-0.948040478962964
-0.684573300340233
0.546052077949398
1.75888524789685
1.66447424751573
0.352664971710677
1.37574502280245
2.4524920730861
0.324499030984318
0.961129497164752
-0.301349941045711
0.568279505976791
-0.57609111207323
1.40833063677628
2.53589774129498
1.7355572483186
1.14406976715757
1.04686438337429
1.00638917412817
2.60866916723525
-0.325216543620911
-0.347174812232196
-0.401077058227881
0.0812086158269484
0.188266665043145
2.32178047586522
-0.701741006700207
1.44665304020437
-0.771091615232849
-0.896042264383821
-1.18768354882694
0.369281215690229
-0.615667379913209
-0.0495273027914842
0.179421697578985
1.49844015653
-0.914826766570166
2.26758467104478
-0.00554327336140855
0.938101181394559
0.440533942061188
1.64010882825807
-0.25546352043908
0.394563192652144
1.26396658415775
-1.28276812887964
0.742360574673518
0.865929296770583
0.933649641595075
0.695039692943151
-1.00150581423871
1.21394163104021
0.672378728456897
0.460462389970961
0.12663812481426
-0.670242701323794
1.2435651599513
0.665168584931796
-0.40874112782851
0.616632308590721
0.729700976248047
0.172327000775924
1.68854968422624
1.23354181582022
0.385836261341198
2.51547787871628
-0.70275449658325
0.796319859109533
0.566248753179411
0.726138453243982
0.439956251949457
0.260430291906677
-0.58989364332799
1.39046885158167
-0.304089890197958
1.33469125554142
-0.401640934174048
2.16803162778822
2.34407649366225
1.30540683442152
0.612551360066081
0.790469155777066
1.90647090779315
0.836944310228839
1.01755135570164
1.27347906526828
-0.672397220885279
0.6902811483462
-0.992072779810068
2.76731409447438
0.418433180595515
-0.477409018389639
-0.801901393222793
-0.327643514038705
0.151802593281713
1.08064138254634
-1.05350370381271
2.36205983084369
0.718815884188334
-1.11096819365174
-0.207647728068294
-0.498011620344096
-0.813663381336771
1.39709151712021
1.33796408354153
1.07846781800956
0.555571247815161
0.30053844081577
0.585318664365141
2.53681737159049
2.34568429006151
2.89792567850844
1.53443908627067
1.74436668667803
1.72095791805694
0.625837471538337
0.599780468675386
1.9818741189031
-0.424828467575051
0.906119230125558
-0.810966490385201
0.96852941478149
2.34000528774473
0.172810505188517
0.468254054407352
1.26833295039833
-0.726471178301156
-0.77536462627938
-0.390580399832302
-0.139502481915182
1.92726206905241
1.35706021865051
0.605054687498439
0.585579707867938
-1.34908702147681
0.810212967769881
1.66012972939683
-0.675969905868192
0.358116057621898
0.598235959424622
0.869247095020648
2.06608935030305
1.11219246116412
1.36285822811258
-0.527310244674896
0.901866197696608
2.61947404932608
0.683581873913666
2.01743974650263
1.73492491712688
0.866175701085296
0.0376059806037328
-0.0690442898148461
1.74118937436047
2.71034903179273
2.45305772793458
2.4080782720393
2.66412455328026
-0.538554485523104
1.18807271807667
-0.396220801535669
2.18131889475632
0.253083004112722
0.358279983152745
-0.380038044148127
2.43447274297297
1.12275002738892
2.22709983760533
2.21437104343158
0.628997517957502
-0.498037881575296
-0.97004757036818
0.129211065776248
0.89877989461933
0.673762425737718
-0.613598108253028
-0.26035747333806
-0.394624621537174
1.36566143098684
0.123665298339675
1.42211856261181
1.18158511163454
0.432749940598467
0.565354806700162
3.48997686205061
3.37191660767695
0.454962544202825
1.00898560647622
-0.582238940178842
1.53338809456491
1.46189821454822
2.39586130587514
0.89515842936595
-0.740897318787319
-0.622856900113379
1.26721220965313
0.179718370808838
0.403213304600803
-1.45459189470271
0.878533188407753
0.437204373294376
-0.278561857022121
0.491600733774793
-0.312954633207701
1.27262558727877
1.32104767798947
-0.528965575613502
2.68830079238785
0.0793180061962883
1.21387380359804
1.08358355717224
-0.22566550286407
2.13250372954339
0.108234809272998
1.42948003009817
0.308568186842579
2.33925104246062
0.588483942438526
2.10177374421353
1.68730837676666
1.76186417833952
-0.0394546679400798
1.11348742643617
1.14535249008223
1.32754166701106
0.52972867521796
1.82626113922141
1.25303351120772
0.21849579548784
1.09456933485037
2.27332490131712
2.28114322019948
1.94887397187658
-0.832726744789899
2.35202353836064
-0.903702777188926
-0.0881202857042236
1.68614522029267
0.334308069671433
0.152153363647469
1.28573888188794
-1.24484236941639
1.07319541035152
0.145860269168154
-0.258950678990946
0.169147508294903
3.34873612085247
1.02844897276039
1.12910446272639
1.33673800700204
1.95817683006204
0.829613122413115
1.03752510810142
-0.297276699147177
-0.836621860100686
-0.281667720624334
0.0501922448281908
2.09872545102048
-1.14718643235175
-0.412936808701405
0.819182588091281
1.23818292403825
0.0141421375060349
0.388515974479214
1.78270357517635
1.9125326718938
1.11001286433783
0.450654818142023
1.91445073105045
2.23183393572152
-0.168105137833888
0.157460686594745
2.28431944870545
-0.294386401662032
1.16500541476748
0.434131120691088
-0.654546289285753
-0.127859456814118
1.17418325474948
1.43394853552572
-0.960433096091528
0.152082571944363
-0.148044412975781
2.54550840427584
1.5293769474576
1.94230725278926
1.62685359158436
-0.954706942184834
2.23389430441635
2.69287065441502
0.116093050150876
2.02940843023061
0.447603817289739
2.30050295640678
-0.617505431807527
2.37719081256941
1.55823171845298
1.22343199798936
1.76999192908709
0.772978206210852
2.11490593661032
0.551220128563146
0.396179895856582
0.67867978846167
2.12655981418487
2.0017302884857
-0.555801992968769
1.11443424876274
2.20398867358802
0.66812375466307
0.907603165374775
-0.774972980724196
1.55959983886005
-0.924509603980865
-0.585515541447858
2.35851946781832
0.815820324566676
0.0167048006753795
1.27985638260419
0.603190346354064
-0.379089777840423
1.52335544857066
0.630293975693461
0.573121108709797
0.0891858021180892
2.97771444202315
-0.409003734333051
-0.298265595970527
-0.0444193474329542
-1.01285022570551
1.61315998541449
0.456810430626453
0.39018738418205
1.21563920865941
-0.963725737951004
0.620667834800897
-0.622172924577685
0.793114984854251
1.14373126222792
0.826155144257888
1.04100954312928
-0.764333447883059
-0.864193404009088
0.492528960925973
0.376129950556876
2.73492427946986
3.38925733716234
1.03154220481818
1.09029268354472
0.267352225935491
0.852459243849036
1.49671513421125
2.72398240058429
1.26742957078834
1.30830184483228
1.28028838201715
0.637842581759637
0.361136588248292
0.566313696447683
0.177530590104736
1.2029132131981
0.573386681619297
-0.499951295174598
0.0188797879531691
-0.733610367865996
0.8330880683651
1.11664813082765
-0.378744531689711
-0.495437768447695
1.40347043245016
1.29456537323013
1.05460485159219
0.978445437592014
1.18780159214874
1.18595981808131
2.31029382648971
0.276598212340848
-0.795555900188012
0.815034590880777
0.762535152715294
1.00098831109348
-0.815242406186123
0.603727550409896
-0.855320912204636
1.04370845892311
0.741044811747981
0.822236561120489
0.384119849039222
2.32139335153499
-0.926725346185404
0.320144860371787
-0.393577454285646
0.272800638616059
1.20588348106796
1.95718932854308
1.46789439460843
1.64595039771608
1.39028661397272
2.53236468493207
1.12328653717539
1.02302962549107
0.893053279540985
0.00900223621992956
1.55140653470523
0.191018386162281
2.4402811626849
0.564355103695371
2.0375623291083
1.66877969319416
0.237128798315359
-0.293187411587447
2.39257851026388
0.810253078891084
0.604712049949979
-0.673182196846796
2.26086666670048
0.663481667690501
1.08616949239281
1.08418360026485
0.901794022746849
1.02039452820359
0.992840868849898
1.20636231318475
-0.266412269230741
-0.480715409897235
1.1765879913126
-0.191251194353221
0.799751407270302
1.62328329369635
0.669101163551787
0.216675349247651
0.696820922808172
0.12616775185785
0.0840397250293488
-0.571805939240019
-0.306318106927097
-0.460485482039477
1.02350150454935
2.14070542790069
0.409425047894127
0.156750986074747
-0.112347588842392
2.34030105632345
-0.34031608034541
2.1455051406749
0.767031331905755
0.738104298884106
-0.86201576602377
-0.605053544692848
0.728566959010892
1.76634539433021
1.49595908471138
0.662820161629936
-0.240437556557738
0.450824991346129
-0.277453342550349
1.14653933863391
1.47161534408261
0.201733712580129
0.579691681827743
0.474519762539243
2.12607833757506
-0.32784604587057
2.33058532819428
1.25692908440038
0.758613893798196
1.67270976142543
2.04875654246239
0.0635445781323869
2.11443090017699
0.459715688469533
-1.09614484224862
0.799244367023507
2.25773099104964
2.03672625608519
0.183540693235532
0.878448623297186
2.5033648894982
1.66505650833895
-0.687129792267789
-0.558529017235032
1.16069993818403
0.679345257483323
-0.398245592963943
-1.40651521252361
2.464778779871
1.39816571531385
0.751034365489598
0.914478376146881
1.18715977828671
-0.884794988970097
-0.937912457752397
1.48516353540892
-0.198654487915347
-0.426620941260256
-0.319192771589452
0.397736082914652
-1.34620345362667
0.59003881638282
1.22648932404309
1.33236787581213
2.42525194463101
0.947320189279916
0.986419312346855
2.34323148286941
-1.44039759696889
1.48852508793246
0.897734827816884
0.493281239687929
0.467485856930038
1.64086155831838
-0.521943357399574
-0.51812628383329
0.341632516368503
1.01510908431521
1.93432254301985
1.45299052044195
-0.35450856922981
0.229327907360619
-1.08062793887883
0.53995310382058
1.59587092341762
2.21242619175304
0.74863196062415
0.779530735309339
0.975792534253263
0.986990437501217
0.497957684344613
1.30740643956096
1.56398459143032
1.73011172515079
1.17408495493898
0.779566173670142
0.819606493690655
1.07498901474085
1.03587799710651
1.12505624813944
0.945671442056547
0.780928682799703
0.999165475657615
0.361041296504662
0.666267623152424
0.90907629021945
0.318670747538092
1.52317876900309
0.990902199234181
0.764171899899249
0.0625271751354137
1.37161206108373
1.04746634970192
0.689841904688202
1.37281182820264
1.69809570120354
0.729401612731469
0.774636986560441
1.08841000643102
0.374695256211794
0.924812762357224
1.02329198594118
1.63607762374201
0.742636922071935
1.45715740928007
0.675734468334342
1.7388612887613
0.971457091997599
0.415345870037337
0.248016370381849
1.30900516086639
0.132404297196126
0.729060554222631
0.891903808060633
0.680491040523092
1.08416129988127
1.01392241052273
1.12530982719276
1.10106049455818
1.01693412020924
0.86238358234135
1.06561211001804
0.506492809524216
1.54156164617294
1.18810794771771
1.62145084268772
1.23991592658997
1.03038568948853
0.806312699494441
1.07596453159009
0.765199140323161
1.10097771621358
0.891350801497638
1.02287714941041
1.05391262007021
0.741875311025597
0.818648585028122
0.793208724045978
0.876937024446301
0.898268065400971
0.788466317701287
0.82400588564316
0.78762673152994
0.98644069483769
0.557136672541783
0.620464646977478
0.980915654125111
0.889001137546696
0.0458486970236651
0.376983605832049
1.62988315479432
1.12018067333925
0.996639588244013
0.999537202404924
0.734258651538864
0.762899243234728
1.22062607179692
1.35494525090454
1.39558643050553
1.04185195750635
1.00481885066756
1.83285236660045
1.79767570320163
1.39625002161787
0.734053544738126
0.783272877041244
0.74706339375802
0.552820760279249
0.507388626387695
0.998795209667123
0.963746184211222
0.715391939063445
0.529221446990826
0.660938355821253
0.467337668953063
0.974210918589101
0.85401123199864
0.562693909560043
0.840338950627415
1.21836050697334
0.264385713033055
1.62397708798978
1.50028293778307
1.7737888881462
-0.0411517368880373
1.44164309893139
1.43780913982521
0.748729101154393
0.10455320880809
0.628651476130701
0.744336877942947
0.71284233581409
0.40517016817162
0.340827907629909
1.23131765729813
0.870600338880632
1.14704719591353
0.738433037704192
1.09231527534589
1.67770509401891
1.41370653206091
1.16290884100995
1.3699296308164
1.06080908307841
1.128756303307
1.01287855647281
1.07344682429217
1.25936208323049
0.926160346721088
0.790624736647514
0.945780671015884
1.04361053651185
0.952266940571311
0.71716276764843
0.956623224593793
1.03101954231356
1.00180493060151
0.566678076281822
-0.0348335870391833
0.046889902225855
1.71262364420386
1.16389263732667
0.887799171232408
0.984472208621255
0.717535567948104
1.13359256698794
1.15302224817497
0.462609931739397
1.06705100617685
0.748806253650578
0.711572657968735
0.83078923618859
0.489199278811212
0.53513293477214
0.748109177547098
0.765855745871743
0.747253072712509
0.817994233777134
0.804081092759454
0.900132876023012
0.902862977370037
1.78759743258967
0.623265638733672
1.12022387476327
1.59296689839103
0.10708294227124
0.417882061490694
0.66256995112822
1.10698616949322
1.60775045542788
0.651286202435516
