0.761357205097086
0.700100488208455
0.781517697876248
0.773652205459938
0.360027764368376
0.559178477448122
0.743072145845384
0.809842483121648
0.889286678442123
0.341883805597287
0.439504516554005
0.464091859603361
0.633762945432351
0.780485358929536
0.724256729462516
1.19065644214094
1.18504212765422
1.09150974160984
0.937234807259869
0.842642563276553
0.790370018159408
0.664775773936669
0.748265634964225
0.797381400523554
1.08351570927172
0.723265709758906
0.492134207117171
0.671865480762026
0.304983119980834
0.571167152813574
0.707863435542998
0.708112637923712
0.539097921372173
0.799714940367015
0.729648946865712
1.18364080076098
1.16211664679648
0.421737895173357
0.701770185028702
0.742042365767839
0.72913581181714
0.897595640173303
0.833130080559121
0.323647177614283
0.723570085527668
0.495441485360544
0.382707332633242
0.601920581167892
0.508046944543083
0.673465212126479
0.305370726707116
0.713063190575394
0.76236882932661
0.612249943001304
0.365096034399536
0.820103414902393
0.823042508371427
0.679500941505517
0.384872273922654
0.719102635535751
1.02073847626412
0.586987200644783
0.804412816572885
0.992409028136948
0.380863866757378
0.888552463300809
0.570289153077
1.1967270368124
1.14803262438884
0.428639968132866
0.654731574388712
0.679632086032043
0.777088329481774
0.790714527737033
0.46024241984612
0.747566688059622
0.70208914360253
0.704677090349145
0.380649394936855
0.321366230900892
0.714019561137165
0.520330092338312
0.700638994114755
0.759896908683254
0.711491584109701
0.830755758696495
0.827966736666458
1.13144858414525
0.41324857248968
0.478450752838361
0.689584245130502
1.17830536434949
0.660376815085253
0.702939132867744
0.752550951199452
0.731342459750551
0.517030880021891
0.506185860556709
0.563387576011742
0.320547986668211
0.780073202723538
0.81684113462702
0.743277325425309
0.812212799772582
0.799660447979972
0.658007540866466
0.318083026887743
0.376018156936278
0.313410365391324
0.750497229981793
0.664066249855407
0.691612873977157
0.359053617486302
0.611927403173606
1.05695638166454
0.97708879097409
0.865960852323652
0.937646885126251
0.862608060859096
0.953549299486636
0.787479262929835
0.854088569892337
0.842788245578534
0.874177221404357
0.885255408012287
0.839486332091605
0.886833024369769
0.800639643317766
0.838211820029055
0.873294703927651
0.819232822649462
0.756305595543688
0.861002893028989
0.775688267488433
1.0010326704094
0.885713415155888
0.952163563312687
1.13425657334424
1.62496846570447
1.93776177202886
0.999915334135922
1.2506318300477
1.34280213082943
1.22167652559823
1.2321030620805
1.6122753340609
1.08481053401713
1.44210693630609
1.03943801672792
1.15721620510957
1.47389609155048
0.397280324581543
0.342468594549849
0.24562132715356
0.243891904674712
0.763640379721634
0.592887133214481
0.59168288243026
0.339001315583115
0.456679421839016
0.351308667369263
0.551667526528574
0.574822834391649
0.622209635077311
0.683578299886311
2.12447947330483
1.9996889558083
1.66003438718776
1.75446019159224
1.82014967155655
2.06895396577534
1.66513351274482
1.55826229538208
1.33208980441625
1.27919770676904
1.37236560874263
1.2724510600569
1.10970644670295
1.05251617921196
1.16054895001487
0.869030497291746
1.23038694407091
1.40089357249208
1.14442809334728
1.13444055982664
1.18287938391759
0.859890309193085
0.957694802724265
0.273807500383872
0.28073553910905
0.234023817092437
0.315421671874197
0.186166105707077
0.175536965249162
0.136725897545899
0.185766175008852
0.155816859895502
0.295663074202783
0.327024200233554
0.153210150717341
0.450265472598475
0.112250756884393
0.434501476925283
0.262729797730489
0.359160676819268
0.866781157376375
0.492476471484643
0.433607486590602
0.513574314991502
0.608018100298354
0.851561734910929
1.06265531536749
1.08404290959318
0.913226384263319
0.730311570959281
1.09811095319825
0.976142639899746
0.857163614407901
0.722427540085869
0.767787770098572
0.913590730172786
0.905537203297345
1.227720618459
1.37299339546161
1.33339296388158
1.37405845489245
1.45673419105445
1.52945339823743
1.71157219354149
1.96910623041322
1.85984997315806
1.59872574429059
1.3471513489257
0.776469144101714
0.760742784382093
0.569656540582686
0.738677637773389
0.757928586194347
0.709047933336931
0.575604480812694
0.714978198048287
0.738881172563133
0.609515681795881
0.707215573553337
0.836331025081547
0.889219219690184
0.773278191201639
0.883164968769503
0.819306150422284
0.871227639989866
0.257872377019666
0.317220710291939
0.314458077416901
1.12007587082576
0.941218129403933
0.773672050111507
0.694311340270819
0.793688411334788
0.779116894149569
0.511650339460931
0.646454602000487
0.527017755152725
0.398629264415729
0.328228067772976
0.334745476692705
0.40316454261093
0.688645394676368
0.583537257177795
0.577490250830964
0.585962984729266
0.495449985317275
0.410022337477411
0.877882089780196
1.86102987341229
2.06362474012679
2.03663074891458
1.18211896523246
1.12713327704035
1.43559772273031
1.38615011779187
0.828842957112545
0.99732392361434
0.833925936105114
0.955208941262864
0.905323502769455
1.03439801711423
1.4528562601986
1.15835165035234
1.69712326654585
0.962557439968035
0.89554158912788
0.828297511539296
0.869443086260547
1.11651756239425
0.425290815234113
0.298726243595854
0.748574366493943
0.298527413526882
1.354816492436
0.718781438247961
0.787246633725981
0.717180387954045
1.1355808342511
1.42268188337837
1.09159840433335
0.759372928587357
0.494749150382052
0.490855395350957
0.957558479873565
0.808075604109047
0.248457973174888
0.546402430958865
1.02417482465139
1.17833427062847
0.848693666294353
0.999343938414498
0.536933118533155
1.06997892541135
0.752949894320716
0.706972779771187
0.884610933748287
1.26166687029189
1.62596627688511
1.31111697626482
1.75691119594223
0.611444462957407
0.520312777999307
0.855921305213289
1.10137678838456
0.546767565587623
1.23576510869518
0.770953581314739
0.60319555884764
1.19195810308465
0.861174556027419
1.5639618379089
0.730467534215799
1.72133551294085
1.98067550099447
0.404627539440798
0.287321792458009
0.227115948797439
0.267205764960719
0.370112946124586
0.34501033378935
1.52055520434002
1.41569668156706
0.656541678266453
1.52614507236202
0.669296821115981
0.615423623915103
0.500139464579567
1.6336710245052
0.72290502445982
1.1264307682317
0.993972163205255
0.784178686024342
0.603152983637069
0.407480598960221
0.821478619641072
0.765864995353386
0.888489499636494
1.06361000043717
1.61813362200604
1.55706450285733
2.21328714867185
0.427787403952016
0.85151938109274
0.908191390455349
0.432097296142965
1.26208167533398
1.17192672990282
0.633469436518427
0.746876020286426
0.879898680765697
0.771304797594819
0.578740833507661
0.856377761735601
1.05527158767323
1.51500572981087
1.50274796654593
1.11029844744695
1.06750661399983
1.84570167776662
0.549922620057487
0.326607634091594
0.232204633942893
0.445836845315118
1.00723078992127
0.7786697553218
0.759206227458231
0.847605585157712
0.510275108061878
0.776683003245518
0.487447459225144
0.340298504429118
1.00319663864062
0.977354574458279
0.983829095595834
2.01232497116722
0.561901794617177
0.649367140270678
0.883619432335476
1.00701800973836
1.85388999348737
0.837605339036581
0.354771826612443
0.297033674568472
0.499378605080775
0.299006220933153
0.864040732206677
0.304225661441662
0.933825127344584
0.949148272788815
0.93566892822024
0.810771616025004
0.824733311761582
0.714822825327673
0.277273252683495
0.22871971917571
0.30773560848046
1.03750770670915
0.797051241179652
0.500644423827948
0.85960833878407
0.732306796280447
1.01243536767932
0.936833058297493
1.17759541789706
1.06939818631125
1.01365538823762
1.11405578863586
1.34878884661741
1.23099448951239
0.374433871220888
0.394768093095061
0.433509352785003
1.31737802258114
0.94042306533183
1.00274938134986
1.40900345992476
1.76250958209736
1.59079152303484
1.44812544519717
1.25840944980202
0.83214712224566
0.872708595176379
0.785388762898461
0.141931231194602
0.217569108333869
0.273464124357071
0.307187793059444
0.485055571043238
0.393353740849725
0.842397254434724
0.798518537271301
0.810652012624863
0.63130672712681
0.296011803890866
0.370546634736939
0.250165370269932
0.321705784164503
1.25850853623358
1.15087650016297
1.00532444970726
0.868797927025703
1.14157191770164
0.963066938396013
0.911063951517195
0.838105175917439
1.16085776146463
0.777756325270244
0.885582503465591
0.614207154556162
0.308803821736565
0.733933040295266
1.24488185203824
0.332339501353112
1.95613664270306
1.6993965595209
0.682508269217071
0.572394993306124
0.210965072203613
0.380340517101861
0.708583933923723
0.763140277280174
1.21092307970143
0.725623143487907
0.33147388762805
0.394798560553852
0.84903065548942
0.738193011447709
0.630259335672697
0.747257624624866
0.335743585369362
0.640492194231635
0.764536816585327
0.71322365159992
0.397493763941657
0.833736416405179
0.761559700376012
0.502522142856628
0.794702984967745
0.358922516513526
0.82332840401085
0.608357350592322
1.31565589850769
1.41735096267583
0.712650539246355
0.970986433455687
1.91608421056944
0.483417507963281
0.323935309678529
0.282087949058753
0.272293912222769
0.95823048701007
0.446759580478293
0.480860980420158
1.51554590136526
1.13969638902508
0.874532373526345
0.61395636346605
0.686584569294222
0.763232232914857
0.488331816303099
1.22246576144023
0.412442347049692
0.222373342283329
0.381498995630304
0.982234635355203
1.6110515793413
1.38694630503833
0.897889636376105
1.06655216489202
1.46342161089218
0.716153011464987
0.670019049958492
0.329163993569709
0.526328954229268
0.35533084377746
0.978176086495842
1.38826153818218
1.09230265298955
0.617037379002759
0.909415415405775
0.75146321608439
1.79378492385149
0.379685092400538
0.282697050715169
0.343372540539835
0.958819765007232
0.511335847771654
1.49250781052419
0.324902799821985
0.668708355748584
0.304376077108188
0.215589307717847
0.157018578940996
0.696085000739263
0.277867251506727
0.418582201628056
0.445381752229028
0.539694377936929
0.231013073213803
1.74482284400241
0.644928953382853
0.943189260475393
0.620094364140163
0.972387901862612
0.540241886709244
0.410930506431468
1.34719384093698
0.2721967178414
0.875454737081579
0.728303886022944
0.701181826499044
0.71397581278689
0.346057584792801
1.30983946243256
0.793108398916606
0.679939135036992
0.433350865800436
0.188519087123248
1.04759476026167
0.652527981737373
0.311127234746796
0.852434666444253
0.761144479954247
0.742776329317162
0.906402310370915
0.76065534154476
0.568346378571371
2.03674574482544
0.352627677318968
1.20589909195827
0.773137143451786
1.08487376465677
0.720398231905147
0.727631983153947
0.489191095530028
1.00333227971011
0.789282665705544
1.36833644509055
0.23054644373934
1.2551030728969
1.32476665967912
0.605384817059076
0.839151848983072
0.736379507298848
1.40311141418186
0.74862712704281
0.552959474991098
1.28259150811718
0.375114926142982
0.738452500327324
0.449143515590503
2.049709959692
0.982022061434722
0.352343497631592
0.292991172857157
0.202819524892442
0.727702051194179
0.887697345038382
0.366820246566236
1.90353763460222
0.83716142013189
0.352895726999918
0.772920394165514
0.337386297537709
0.207463335795365
0.775518999900001
1.16721293187385
0.651475209195973
0.541239021318998
0.417444297500573
0.773698897514406
1.59930293084573
1.34148321650892
2.14781337831668
0.854929353787177
0.839425549692686
0.849836453482644
0.762687139062211
0.956189933514345
1.19868041416524
0.615124758404803
0.830198242327931
0.314267726179668
0.825452245444968
1.31491144734537
0.447738519457739
0.337024924472607
0.794993725703214
0.481108489054392
0.358854443355118
0.391230797798134
0.519251700703185
1.16271639695655
1.17466867006768
0.739615759219455
0.378954488683043
0.382873258933802
0.837994029919023
1.4320449431864
0.268126978460076
0.525492036871705
1.03434669412644
0.897913644587446
1.5632669078103
0.901178258888105
0.636192599985743
0.368994689781948
0.722012591458699
1.8484333338621
1.18836891122422
1.19462179141188
1.10763614054839
0.854846765351133
0.422699020334746
0.381202706697509
1.38848702425011
2.09147033896182
1.39162540542545
1.36923585044741
1.53054951500885
0.492221460678714
0.785597079313831
0.414404213211604
1.26028233118872
0.868799236268557
0.548542776726523
0.501390165276813
2.03937986260971
0.997472716259135
1.30541709572022
1.74142628958417
0.717075199541888
0.291459526874572
0.239382925608743
0.656687567472794
0.813710194168576
0.824223969163526
0.296648420855281
0.509391329182669
0.428504841911331
0.838294158324893
0.57018832127998
1.22717656261114
0.925255756545058
0.728138969038073
0.707942775890315
2.25889871694961
2.26540822248561
0.62724239251239
1.16944743552861
0.503114962479982
1.35735984923575
0.938349121447302
1.70813851345559
0.487582341442705
0.282462367063377
0.311288752242856
0.957395139511011
0.436498878729229
0.607395768984864
0.231278006125646
0.785027478884716
0.840984263788515
0.313613789227845
0.690006200794039
0.394086128648238
1.3143571744946
1.30307184192252
0.426117641317053
2.12029691511809
0.838278908719959
0.675150495992887
0.878138668565211
0.619926790998688
1.24214915247008
0.603609301188259
1.27905388040369
0.792904569772425
1.57772243000564
1.13372694455795
1.3426831484753
0.914680922609306
0.900748143193438
0.753444900856007
0.544837818269944
0.574286634023182
0.549834635253882
0.93227142846439
1.1572268000532
1.08517081748591
0.459810158542833
1.30204615288374
1.79641153574458
1.84111267046622
1.55654963659773
0.356097946359589
1.88324155524265
0.333278967762748
0.274840412234904
1.1647581580663
0.566579270459717
0.470919421840751
0.9454057945734
0.127682125841546
0.804280593245757
0.711340841143288
0.460778439296466
0.705907073740632
2.14383015310342
0.821584135449458
0.850219775817747
1.1268422968892
1.26353455728931
1.23048414551683
0.466709328024663
0.41483944142112
0.267645369608712
0.729361839897839
0.529732677950599
1.86170008066689
0.258082380847388
0.306115554971203
0.903603273958599
1.30455302450092
0.569724091323002
0.629759361016022
1.55381566889346
1.51417558680626
1.03855674878586
0.610189047982852
1.55467614532004
1.88052621962627
0.936289959477767
0.426408465492638
1.39695846395006
0.640390730995147
1.12173775449731
0.741306178586424
0.529983848687975
0.93136720506
0.729667941136665
0.677295154951162
0.37487863186127
1.08157073761093
0.905535392580817
1.48844351134498
0.644728073810451
1.66957224427198
1.47239366108301
0.182967763140997
1.3048180502621
1.47529042538585
0.602733101933496
1.25409402728059
0.739736890332869
1.31016515558277
0.336655458081944
1.62735255032834
1.45113586720803
0.793802595879642
0.92883292198439
0.761560789624588
1.23393490491128
0.787652510826863
0.732194285682901
0.779168775129927
1.34621634825656
1.74990261243537
0.392652773132513
1.28391857564367
1.54681271265992
0.758106956606788
1.16436021783628
0.143633328258019
1.49309289167543
0.347381452792941
0.412661485956221
1.43108387048253
0.998873823592381
0.756809062770786
0.816830152027007
0.628886753715008
0.376494482829034
1.13256044975053
0.709121429597411
0.707345181583995
0.449195621836845
2.0729663324232
0.323883851047611
0.600059052280449
0.595519723085437
0.454852855702929
0.784735780394508
0.71254832198494
0.712344195209096
0.596181947901735
0.302449455932085
0.785052002078198
0.303370187919326
1.09846318222005
0.896940565856631
0.716402654525077
1.17851161384126
0.292084691293025
0.210229252382839
0.742274888242394
0.660602358330283
1.51384156187063
2.05854034872266
0.69088830019912
0.986576999064503
0.863790132893403
1.12515132153384
1.07555481278128
1.72452475684293
0.880681716042178
0.876436748119628
0.815537197427347
0.765198041161542
0.732934150507692
0.7285975944276
0.300811750794277
1.03333651744177
0.680180562129356
0.311765115510438
0.533075735823327
0.300091795633331
0.646221083169528
0.734078919627014
0.476673765707507
0.362597941705522
0.532190364517954
0.477868160697564
0.440064627233644
1.12981949280244
0.821683164545
0.850635785934209
1.29732159871994
0.531630680501293
0.326373509994212
1.0542515561484
1.09001730338301
1.19083234638689
0.244517813469264
0.761775692019376
0.471768075682165
0.872202238520662
0.799808965744663
0.798163268510512
0.570198010389081
1.82171726365703
0.317910313975231
0.522542123741572
0.692051020193494
0.499275699107556
1.27433074541561
1.68067896058171
0.624419112091167
1.06340014678701
1.31529502002251
2.05103406597979
1.04150584869656
0.975164663377247
0.932361813806804
0.401718059461473
0.811515102943529
0.38254915056812
1.39909865664503
0.444788533136238
1.20572488127559
1.51876538603897
0.715107443950968
0.746253268914601
1.96108815841502
0.976307933173447
0.710154781279192
0.231478235307713
1.41376884902053
0.882296826191819
0.682778590709688
0.559116228621269
1.24080169618037
0.518676092026811
0.767403113625117
0.528930775295377
0.577210774270955
0.511985130017155
0.889199937316679
0.632868199348295
0.975681128384115
1.33837554216018
0.774151108146129
0.869939661009905
0.738716599612627
0.54040571201049
0.948134527734067
0.36666816790957
0.40306581919342
0.378830406752228
0.740495524929335
1.25671614460078
0.730589820312977
0.465630378957101
0.327183607474789
1.58310628725183
0.226609278298893
1.24031155229239
0.724857648471075
0.467160404699902
0.189422913932658
0.390307491524674
0.841742063814341
1.42032240050752
1.10741226367688
0.513815057252151
0.705489210799999
0.680819395750247
0.816224191644816
1.28374048129398
0.675714044578957
0.392314844890563
0.78130391541151
0.777051648928752
1.83548658670194
0.294580419602886
1.83742913435939
0.706566570864539
0.750756981118
1.52828236582563
1.64192607334541
0.397646584969777
1.77153142441895
0.687276120782063
0.170616425748982
0.77939928824863
1.29057104899722
1.21062552266291
0.821617443193311
0.821900242511751
1.84684778436977
1.20027007403642
0.340681428960001
0.311685575933271
0.961595382780679
0.71819130018688
0.329571585490014
0.381573327434726
1.5125470077658
1.35051380406483
0.769518870929074
0.803927157549598
0.898225489259955
0.20506814806075
0.282533912700023
0.58786412619011
0.350399005336588
0.336144893122017
0.287876070304154
1.00481246810317
0.386982289618802
0.750954839186829
0.819620986011166
0.866721599507993
2.02808616575124
0.799273039477007
0.736048218120142
1.99165895047404
0.271238046480155
1.34109393367189
1.1637441394493
0.64664298704255
0.678041609048601
0.850945508899669
0.381440198530338
0.226839662607841
0.564870850806796
0.670670108560551
1.31552984477496
1.11764607486896
0.728044791830675
0.361175529155727
0.24893293831725
0.407456709805923
1.12732905420464
1.3183183067463
0.684021335911261
0.684739605455768
0.739940192551429
0.746096174561013
0.387933025976412
0.640760683922812
0.780854634384111
0.957549181135775
0.676204542398168
0.593447428047115
0.600744069506587
0.728882953249514
0.798516844398229
0.894436837023456
0.785575047375319
0.710887719785202
0.657142879351263
0.411336675342304
0.583526879071543
0.731274597912561
0.453930856995254
0.788638130196647
0.614073331509537
0.689280462980014
0.354769454977226
0.992902164911476
0.539038311762321
0.520227924104951
0.755316576895476
1.10016083472704
0.719867838923904
0.790225683825727
0.738302778569794
0.484548657172613
0.694649680879571
0.730618947843161
0.777851552158493
0.692504968966552
0.998790036395614
0.713413169379243
0.888764502911083
0.67308237545354
0.483514144462341
0.408951132303055
0.775282748526011
0.371082331452666
0.396734880447861
0.552066405803832
0.449136286736439
0.906345832853316
0.718286867403712
0.832077480067557
0.743066650190689
0.744627257829361
0.591146519431098
0.696358055120986
0.364388334145422
0.784690001958557
0.745302853623548
1.06865253986864
0.951283383545304
0.840874604307179
0.589122889300263
0.56875855570036
0.564177257687664
0.693084547067758
0.620569537489504
0.543950449513731
0.746954356780363
0.692811104141787
0.666390705168064
0.68538354665602
0.692359240408494
0.694994819037788
0.70147237888563
0.657747192686553
0.654861221916956
0.693806335394369
0.630899869175424
0.574122467696651
0.582486153280653
0.600561354893277
0.343448210089983
0.388955472984924
1.07158982716643
0.892645831522624
0.710113496796325
0.669968900772156
0.710729943515276
0.691684975031067
0.940827321702682
0.662752747024357
0.656597888125145
0.707064704062388
0.746070851594458
0.896278005812515
0.87877075981718
0.812616252139053
0.744073064641701
0.728158979233189
0.701087049603783
0.483574390345019
0.452888171338005
0.640645595566115
0.636723090673217
0.566038121370379
0.492888076075672
0.542680551406099
0.430606354033221
0.775855183154635
0.703193156201374
0.417734519498834
0.526358734110229
0.961350124098707
0.441450581558662
0.800197416546794
0.769313059127881
1.11920457546417
0.350393047438635
0.978804862430928
0.79942375418331
0.693586690116108
0.363897082879502
0.697346486647151
0.785112093086192
0.691138486410075
0.525615681783473
0.521197727537346
0.730510203695902
0.515688917964588
0.767489056575322
0.70425407378786
0.739147804606207
1.0879879159764
0.992500026379424
0.898207075038248
0.984458051952952
0.835212074417623
0.882424581700006
0.77393938447845
0.820036869622578
0.73858311684907
0.805283306158489
0.567876996472693
0.700320278183104
0.768939174866196
0.710483561475983
0.695636246324047
0.700027659022333
0.597904325881243
0.737051479140611
0.671227004652171
0.363360895691829
0.386620310493761
1.09585852471512
0.783706739401812
0.72103473163707
0.559973082661038
0.727628293482505
0.60403724268469
0.748940791634504
0.355202508069807
0.729823169235912
0.712651943141299
0.673437169963132
0.696127051619952
0.546247424833226
0.537912954177509
0.696021200339149
0.685950472058487
0.696614234213754
0.683483868861441
0.672937466455356
0.69057230340949
0.581837062166723
1.12395645872493
0.540118418922718
0.7312893147366
0.831113454660934
0.400711347176693
0.519793408404488
0.516155501228341
0.642170404734772
0.810599630094804
0.496212252359668
