0.684804897168428
0.565647381421051
0.838046835952336
0.857509149359136
0.167457071520137
0.759077765294991
0.991462520893088
1.10823793406749
1.22550483163482
0.200875627224607
0.411864121493512
0.485114776010488
0.908908394030195
1.04600267821876
0.669167320120907
1.40111319662373
1.38283734916982
1.14878137164989
0.856559044829608
0.741535982548337
0.702767507707114
0.647594686721141
0.81713379921077
1.02257405485572
1.32563057383276
0.632629988447645
0.439418484646589
0.670156094590294
0.0770637910731707
0.551285787630117
0.608540000763038
0.591885296210767
0.733853633692406
0.915028781626572
0.708536522422933
1.43724918126972
1.3157335796421
0.45919105900407
0.56275082582977
0.6655120914378
0.750929421912668
1.00759549493697
1.15710225451399
0.0553379289584568
0.956334226752321
0.600584152688322
0.280132678763422
0.579356308894369
0.393244078174806
0.584751646420153
0.0345783738510426
0.871196068471198
0.970216016005258
0.797205246263593
0.247781078102568
1.14117779369675
1.09909891265051
0.949818923615023
0.155123684755999
0.876997223512782
0.99888495592394
0.842002859978843
0.823490190570385
1.17924688055143
0.255568391246687
0.78836962347664
0.544750391735828
1.43031070635853
1.40736120410501
0.272020269672603
0.634864078166853
0.676666692065642
0.884390774503959
0.894476114451695
0.374341691438484
0.793784490027987
0.955900842509312
0.581053878182964
0.330887978912386
0.139680607919889
0.61067237896725
0.647385089971278
0.559014645850235
0.780704627646271
0.646699087892897
1.13697186259217
1.15692565705025
1.24063744232815
0.349053595312077
0.541075629873796
0.603811655678747
1.36076453173554
0.871228157750981
0.574480650462203
0.677026018198825
0.650743696566561
0.669738115892464
0.68562748787843
0.794013860441867
0.0501822501852426
0.990179377914341
0.720861718432459
0.959271013887127
1.05957002567519
1.09598154942187
0.934333652878609
0.094279581221408
0.127622134216622
0.0574033204049293
0.97213770195163
0.604216970599993
0.769272240748588
0.233330536953773
0.881324548238241
1.07205293135501
0.9194550277887
0.898599397376645
0.971981894417388
0.898082673401954
0.960476056949517
0.830566911308744
0.962025109407138
0.953650187761924
1.0024345328747
0.976927146545324
0.920901630048788
0.913847142526284
0.827328274460665
0.872336053939455
0.913814287218747
0.450294596938313
0.439675056210645
0.476243972872217
0.543253303411794
0.758111018516784
0.651714486125373
0.605445969982796
0.922622473406105
1.59315685283306
1.97093037629022
1.02300689585356
1.55493451397346
1.72213616381886
1.49927184108757
1.25858246499667
1.78048688109344
1.07477019843612
1.7274317155992
1.05460985572393
1.15300409971238
1.62095573373763
0.290461053929255
0.122363647046172
-0.0948395064701242
-0.143021132919061
0.777946962126637
0.501854320252571
0.517141772805511
0.17015510777832
0.346677824354265
0.189872128524
0.398217274368759
0.553978856164407
0.600753379501011
0.573032627579568
2.54505988020673
2.51807380469314
2.1037345928955
2.29073756689328
2.34108474389364
2.70856739621261
1.85095671660994
1.95993474611379
1.75873745036949
1.33411662240437
1.38348271636199
1.1479698438451
1.31317400939676
0.984636743013083
0.878305416986909
1.15273406202519
1.57085840171713
1.74549221435369
1.324299075184
1.30686884068048
1.36752439859748
0.89512357558902
1.07273428231895
0.14842217134419
-0.0804744411134738
-0.398876264700724
-0.334509645129044
-0.275144420526248
-0.380171501497518
-0.305274277591328
-0.301653950924276
-0.180983547998976
0.225641973004963
0.214866291093001
-0.268397312186153
0.382250673178493
-0.464972787169847
0.227274739347296
-0.27356485169572
0.326660705021993
0.922902115252923
0.21104790249144
0.147675442164707
0.372579743416226
0.304898315666939
0.758359336893506
0.893459075118671
1.09597233283009
0.880396380385265
0.697962465874298
1.38702851807329
1.15529873358661
0.858034753577068
0.482362922680759
0.373086318439181
0.600112098332664
0.928029669965477
1.30025946336634
1.41160013986232
1.54559429291603
1.65908829366951
1.67694501590725
1.84549618927939
1.89577095072757
2.09921322694443
2.12191887751438
1.84411907185118
1.6260212181642
0.457915368150822
0.294296016868737
0.0420286893363019
0.252877237530183
0.242300610259217
0.556703669752226
0.210374303861932
0.214206773668839
0.286307664583269
0.210453059988033
0.529552318425184
0.885786509384305
0.965261340121939
0.625674995480583
0.54269860573264
0.890992471747701
0.874830269965865
-0.151634847426772
-0.0576490140341664
-0.159923831501198
1.31222738306923
1.02616590718206
1.09237270243179
1.03484816674668
1.05229660659618
0.881495982214168
0.749581953145528
0.721383737484455
0.506276553569794
0.0654302556541916
0.102723553181854
-0.185407960682808
-0.12086606924587
1.1989888288769
1.02541910294248
0.86443602612218
1.02158708623915
0.785620009412998
0.569192341281286
0.661772939430912
1.96266864805075
2.33367429457892
2.23454191505457
1.09368247656498
0.88329134238583
1.38162688550708
1.25790668709909
0.69057122664285
0.893550605094776
0.732348365845148
0.857672729881325
0.768854053876296
0.904045135662463
1.41764404466129
1.01052006177609
1.90603058989123
0.987130810998281
0.891502218998461
0.78928261998741
0.738892165249053
1.4941446311939
0.216943658028036
-0.167754870321027
0.519023463293183
-0.359273983232367
1.58903224839771
0.522357858528369
0.692358821125421
0.51902507744866
0.981644209563436
1.67482294632659
0.947486813818837
0.671120109941608
0.787847019559062
-0.0415077289059841
0.553759046338164
1.13894754044747
-0.130362309220263
0.522448008725993
0.911540877973305
1.31460807100959
0.96145814298701
1.05884282421157
0.0275557460926975
1.48065424570074
0.78153859100863
0.659209257537968
0.906824540358135
1.50879597241204
2.15874454368899
1.60322267592141
2.08901719360217
0.527792623899195
0.357091579057845
0.888116988124119
1.03388965088932
0.298165827874195
1.41802298956309
0.365161520525143
0.299521391387687
1.07892376253309
0.765120681768992
1.83457520075333
0.412297410082189
2.01401161866565
2.2817142445265
0.286564196649231
-0.0230533269563217
-0.0025985738439623
-0.187026567371416
0.0345360155968575
-0.163482021382782
2.00683767149731
1.78788563989173
0.565330010143141
1.83239265683287
0.162820435404895
1.03653425634984
0.18537896430068
1.56797913605018
0.557780120750568
1.19159184250924
1.18401611308133
0.914212385787198
0.672637089036916
0.378344289546017
0.914426632624502
0.786613217827541
0.941327975111426
0.914228991197938
1.5822989752005
1.98565416947304
2.73181541192873
-0.0742338547969393
0.806821196998006
0.92269984421149
0.621246875875076
1.49573229708744
1.0819529754709
0.631294258743709
0.72937361961937
0.923210898034986
0.801522984672221
0.428161211724286
0.83407225869691
1.30433255776035
1.50091820529609
1.48410388556231
1.1787087310067
0.979697062952319
2.03980854521087
0.705383829721446
0.174833469658544
0.0185785412885819
0.53447371419928
0.948638747465416
0.692303210970812
0.658861209668213
0.916130275511477
0.457734247069444
0.811600398720766
0.604589976761685
0.298088674995263
1.15348009053159
0.903717021890469
0.672059355923324
2.52415496975958
0.872405554344768
1.02445230763707
1.20862459812868
0.652155689214632
1.92705686794815
0.96932199017979
-0.129226531141681
-0.0879896303616675
0.11660437051322
-0.0949614787925303
0.996542946110164
-0.125835377168614
1.03612211120188
1.05684449071436
1.02994790921591
0.859102267303558
0.969806918703998
0.429066943957614
-0.121979021950356
-0.119878850739803
0.0436867281766666
1.24405195637283
0.852437120296942
0.252345022441893
0.93426628355332
0.587754925283149
0.856731012265536
0.796544004592249
1.04206870693875
1.08837477287497
1.02670457490039
1.11160664069524
1.33410476293527
1.24920056339646
-0.00816850918292462
0.200324034420563
0.46314122288606
1.19089294591593
0.503664238712812
0.693607294555797
1.35567549774917
2.02980297556915
1.91626775906362
1.7321335161551
1.51104000743655
0.839541027419593
0.891400775416175
0.64340811675799
-0.345489786344517
-0.315553781671181
-0.252833177314996
-0.0931142500305849
0.310224546349347
0.205690751181566
0.97332664490351
0.649531117990566
0.781029421751771
0.429536965055226
-0.38545704589237
-0.266195673146466
-0.379183318382354
-0.235323631049806
1.62595612277711
1.57285200474216
1.44475535547694
1.25749015963066
1.43479770322972
1.25123049070801
1.17366108318862
1.0681897327156
1.42229941978572
0.668610477587972
0.808674355460649
0.375081762189538
-0.109533801532274
0.993658882818013
1.57806648980026
0.126832257539301
2.1836590008838
1.82981544608736
1.14527207145864
0.542993124951559
-0.0686187005927146
0.233863886486614
0.504833300182545
0.925289071879096
1.56863185219924
0.653569518207646
0.0186246206999972
0.0590781729283577
0.900175287544884
0.664506878338415
0.428559702971195
0.983771502418213
0.0572000549775583
0.592106472008764
0.766129217490395
1.07212125798994
0.172672665756193
0.728084470379502
0.95612536651752
0.718108589277705
0.971657570757539
0.00194071628870504
1.15322083184663
0.758408235409689
1.1014300843123
1.51368330310462
0.508958940701246
0.666253728744705
2.13901000345767
0.251894192311625
-0.152465978810483
-0.0583006461255931
-0.113937738782772
0.70770532743786
0.378827023403287
-0.0907076840265761
1.45638581150978
1.20255623901509
1.2505393875565
1.12376335399223
1.0060079264588
0.44216484978343
0.467797720133555
1.39118441530167
0.528445697856358
-0.222596025671499
0.142992073002258
0.803064256947645
1.65385993847903
1.65507935448205
0.605354222227902
1.03449185013627
1.74547182341913
0.428539361790559
0.735425913406454
0.0938401966875574
0.606521036194797
0.0721880434150364
1.16189006570632
1.81901788637951
1.36331790263623
0.932656189095764
1.03493616810742
0.728202549205836
2.15038762578875
0.0793756289103383
0.0406740529779771
0.0245531356117371
0.669519617061579
0.474134936408235
1.75293088345641
0.0202773209637974
1.13721123112046
-0.0751863786361335
-0.133718879236716
-0.377547410830073
0.628991724943323
0.127769683313559
0.237966525202981
0.461179096174362
0.978493411184136
-0.295922816325682
1.89373881077011
0.575938237092447
0.835970875731039
0.467667654756531
1.34393965588224
0.362010943660947
0.395630826970808
1.30882904972049
-0.294602146616519
0.75619821593262
0.972938991220117
0.977428481271082
0.573411433023347
-0.110548018692045
1.22386527677707
0.704260360909148
0.655029292707156
0.375922173927536
-0.191410260222135
1.21881810185462
0.708630883973223
0.0445646313542134
0.887631710647991
0.949587720480414
0.379342259972683
1.26612000902014
1.20059427087174
0.540866028657321
2.2421254639618
0.086885827197956
1.10747212626024
0.782151582569426
0.821249765590596
0.486223082624754
0.43250271709136
0.146617838796419
1.27069191069809
0.392408201731309
1.31972786648629
-0.052554797080609
1.55567442174901
1.66788942246899
0.992320896504737
0.72619486752363
0.629990797706079
1.57602215177428
1.02408888195899
0.802232771112398
1.46753910117439
-0.039932814882147
0.626808240617217
-0.0747779828273503
2.40634187489714
0.65277122127099
0.0144866970452811
-0.136677497531892
-0.0321938977117416
0.378620870159271
0.901753662976366
-0.0650227686200876
2.07990618636308
0.876167601254606
-0.206023627749019
0.402960742737512
0.0173864577021271
-0.198985716325144
1.21821080887834
1.10327862266796
0.96899032776664
0.668521171738658
0.460106412122808
0.833773188816277
2.00993764529522
1.61694444501777
2.55135858684282
1.17189031785736
1.1935950538413
1.20867796312515
0.782871536970123
0.824513204927299
1.3685449320556
0.221174032422548
0.842173674690001
-0.103330837746015
0.907422254492494
1.69692270978731
0.362691654932941
0.340985894880804
0.99690528803938
0.0180696113918055
-0.090462351572441
0.060470271156813
0.359864770736765
1.46428062077237
1.36279947151171
0.57066440782797
0.543171784985581
-0.216544169142979
0.871953091575719
1.4584203510009
0.0455411501228475
0.576161648110175
0.698860272934472
0.942501712437428
1.67006020830549
1.05278840496289
1.08298033070189
-0.0211275753823659
0.920003043866415
2.19237387740441
1.09460567165375
1.54866339086397
1.37933395169052
0.952577656830691
0.318324165734057
0.229799182897482
1.65672264869368
2.43282644751391
1.70606875357464
1.6543321447685
1.91774024496742
0.213568543743944
0.832087339747761
0.051898396388168
1.5192131439223
0.587072058369076
0.514536537176355
0.289077776393806
2.17702453285119
0.915242851541117
1.67159899668154
1.99081994559912
0.565552343806526
0.00707617715912915
-0.289747773500325
0.35094022465345
1.02106254865504
0.843699250794229
-0.0131471794913895
0.331630596866402
0.222715101663223
1.10599147302262
0.312941044788047
1.30991212066796
1.09274567222594
0.488122578454428
0.531763248061953
2.89608127609965
2.82169795683402
0.593685813080941
1.24122333445271
0.203977246704381
1.58125132381601
1.23132922255397
1.96680041117496
0.628599913517092
0.00163736155725328
0.147423784960593
1.0949389210307
0.388126589427288
0.554673616556731
-0.382388119057864
0.732533219583883
0.78228703393016
0.0918183224347758
0.675943351735991
0.115070391338524
1.26589127984174
1.26290273529858
0.0447963280655065
2.33296718479194
0.625955502279015
1.09053738140574
1.04895698118749
0.191388264256842
1.5110828791283
0.481202785042732
1.49207307320132
0.53913513667701
1.81165557161918
0.837326188351652
1.59073393866
1.30430390420873
1.30991473482707
0.430426798002881
0.792097594917526
0.852920537508093
0.90351463071633
0.752529058553796
1.26786046108346
1.19177296710937
0.421125019538306
1.37470168000901
1.95050698122736
2.00341664952275
1.71074573040204
-0.096037418797162
2.02725582435637
0.00546293198421554
0.0945532111361859
1.53368994429691
0.51985413936813
0.408455798296411
1.09504006426926
-0.390437345451999
1.00741459345027
0.639568511279866
0.360761575593402
0.617925160301018
2.74653724841969
1.00686761064085
1.05389136088215
1.30186358497437
1.60301696201822
0.968697484987899
0.66613383733463
0.222342896539694
-0.104922841000184
0.407928430969914
0.375288335188019
1.84673582474162
-0.247923797903813
-0.00236174021309556
0.786006479253614
1.13427176336525
0.293345324814781
0.515751783967046
1.6599527273391
1.84306978253639
1.0309450172512
0.587646095196742
1.61673570720452
1.93401164329161
0.510958874921605
0.361595590762714
1.68167439148929
0.369119529111328
1.27842193705011
0.743804826908268
0.0431633199173925
0.56179036374306
1.15212000777854
1.1873353960495
-0.111200320241625
0.780634057184256
0.500568810850319
1.80723539427832
1.1703839576172
1.68583267643284
1.4451360414231
-0.315524020243715
1.552198492488
1.94892643201646
0.318063419028181
1.41939591775396
0.733672288210581
1.5806867219206
-0.040870401138703
1.88638488609621
1.34977036414611
0.845349827593582
1.3342919529248
0.811087902003862
1.4584911333345
0.807073737543881
0.686155679808102
0.926732031993236
1.72663177885929
1.80632181100001
0.0983054364205538
1.11088945810721
1.84301748402251
0.672478888148101
0.957654654430278
-0.185478176401707
1.37492266163484
-0.0343417668056727
0.0711207220724619
1.71343273171553
0.844574232185081
0.322856828870475
0.890495247453436
0.550022191785246
0.153741522689672
1.32719244384511
0.549637398949642
0.52947058822405
0.318403320580318
2.4695375672362
0.103893412965968
0.187089142074653
0.547164415456004
0.0039742212752612
1.07104645083347
0.485325902786002
0.456072197656404
0.930082028797618
-0.184973258289817
0.690517217804268
0.0186988315255955
0.994518353120858
0.919314038103489
0.623049978747178
1.10692708794753
-0.0437151658640701
-0.170508813124936
0.730835256980231
0.582241154185686
1.95673029984197
2.69414894600898
0.862180348840617
1.12428089973607
0.542916442977702
1.00469635595581
1.08060733829641
2.09489164854518
0.978152220127638
1.2131523140322
0.920298139052892
0.643626118451638
0.608171928530288
0.546878910254473
0.204997767406126
1.061527091159
0.556202601816606
0.0191710363842923
0.437562727523014
-0.0107054453204243
0.765801729684745
0.864566989526594
0.264314126679824
0.0845407383175691
0.918260615326664
0.794266953259069
0.649499578569243
1.19913461628838
0.944965958337415
0.963195644541832
1.70567619027383
0.503441556856121
0.0261623556902089
0.932609853769998
0.979492330223362
1.13536772526712
-0.0693453263026234
0.598141487410109
-0.0238507496564439
1.03698897013962
0.899246080929555
0.941503908186864
0.533686484628518
1.99744808030676
-0.143268274034948
0.49239286810278
0.161908494566262
0.446369774098126
1.1668765120393
1.76392752799503
1.10926344837101
1.32001723079403
1.49472600283746
2.32827416039765
1.09137384834287
1.04162846148596
1.01836849294219
0.27901270042903
1.09428232642898
0.297207066593418
1.68519969406977
0.468354134423615
1.50082709079576
1.61551120899323
0.393327521722026
0.288779233791059
2.20860615284576
0.922047503776558
0.550907276700108
-0.107865524074618
1.7974129990396
0.767747803167259
1.04375646021266
0.888796346253799
1.19310937226703
0.715553069255081
0.74720460294794
0.81437342241178
0.117232335849358
0.203364754385938
1.07713508523303
0.17754427974179
1.04056788803539
1.56926838710539
0.909402995577304
0.492455802146412
0.64448569898936
0.512113929866895
0.670334568035351
-0.0189989932879471
0.100548513585063
0.0319786369428386
0.716212005526329
1.47602593618776
0.490755303446247
0.439861317237611
0.161025767149105
1.81330480205021
-0.0191606699880846
1.59515514010523
0.607717224897684
0.549066491217039
-0.165022333358005
0.0757422073536316
0.735264046716295
1.74061105012297
1.1951638775461
0.66203230015184
0.194196588558603
0.621389255011754
0.434703119190911
1.15711725509275
1.17730992433667
0.403951811691779
0.771990879494681
0.578489348292986
1.95980739069999
0.0417714368696403
1.99211608038358
0.871060334045351
0.975705870885267
1.52281253529364
1.7560385973668
0.290310831269686
1.81936620531885
0.645646386388204
-0.427721711758176
0.944998090067226
1.54760355328845
1.40547127115761
0.486332370135744
0.880917047320176
2.11681594540137
1.48130579681602
-0.136847663594379
-0.0457860013284361
1.09860946654024
0.592434799296632
0.0119427857282712
-0.258926410691983
1.78205136710986
1.53288079269501
0.717709708465643
0.810667030058412
1.00664313480693
-0.168702823311863
-0.139033485344583
0.983559017500232
0.115561004519579
0.0234660946251544
0.0179668176740157
0.623756919623014
-0.18716455301305
0.762639528143531
1.05356923055143
1.13270625034443
2.12407797583431
0.960446047840125
0.701794253691218
2.20211041730273
-0.370993802536622
1.28063030409037
0.991728834617446
0.500251549842719
0.517944080545777
1.19131664522319
0.130933431089538
-0.0693943801023932
0.502088758554549
0.970676936110198
1.43162970812899
1.09640664752014
0.208972336379834
0.278158999128016
-0.230051730911428
0.421272733069447
1.14982151433269
1.55884802341473
0.647742711674533
0.657547557789489
0.758953723658855
0.794084471130321
0.389476559450051
0.954885001849456
1.16632727605518
1.30708471706666
0.879552155949217
0.691268260186383
0.69136424421609
0.818952552027449
0.819426461808243
0.887019740386993
0.733519400085064
0.662099400120684
0.785514206921966
0.380564167273015
0.622744393634073
0.714855271542243
0.474649151022905
1.04899019363636
0.819979825212253
0.609815317906931
0.195071086146345
0.99095393910737
0.790021639911054
0.589796324853839
0.92851716507416
1.23676229685873
0.659628696072525
0.706526807277393
0.948315246806623
0.455316299026188
0.771815203951417
0.724805808864074
1.19064156185432
0.618186914417058
1.13869476542823
0.744936844956722
1.32521821993267
0.894683467997625
0.499338973028417
0.328837276631911
1.00387652368939
0.234473394856471
0.482924350025524
0.692118392495836
0.569285405944093
0.842580774245624
0.753271205918974
0.893707131530093
0.788641261744671
0.775645403922082
0.715684936140795
0.813806433661462
0.379427102589794
1.02107942081132
0.864199247604282
1.16074217330275
0.964761021345634
0.791988482654341
0.684097194324396
0.777598124828541
0.688700211533954
0.849499749295451
0.720045251188608
0.737209460027058
0.788771153892319
0.610262341828518
0.645117299411264
0.647579378892692
0.638944870790545
0.677936994872865
0.762269689553793
0.706187665797122
0.707441812135062
0.919627351413459
0.639464343864506
0.608817209200386
0.771793026597052
0.732628659204102
0.189613775769485
0.344236359381703
1.2273988239002
0.915504815919591
0.926309169629006
0.836194374179914
0.647151084842033
0.650837447188204
0.988030223016723
0.985038482829281
1.00517625974385
0.778384036325728
0.796794269218826
1.35770100189857
1.33484067261059
1.08509532768249
0.676286387370725
0.672344381013612
0.652326846175622
0.503483355997099
0.467158565017116
0.878147467191884
0.822424679432074
0.657383586306952
0.524129634643684
0.614196625655711
0.473470288490119
0.786806367806399
0.679391242420756
0.435089278969899
0.64567091946101
0.917727378210344
0.413870612780895
1.0764729908024
0.992013501814504
1.26058436796879
0.155192971986739
1.13534822614104
1.06177038290505
0.59613868682138
0.240540781466755
0.723702873032987
0.701473040696115
0.589990513752073
0.504989927527114
0.463152886774323
0.857848448653023
0.719524312499054
0.984535530124241
0.62551429020607
0.759976748910724
1.18044989547525
1.01961525697033
0.865097253929195
1.01754771872852
0.809413536334797
0.862464520269739
0.791501964776877
0.848218790443474
0.919155680275543
0.741075656986762
0.665962559765856
0.760408833261013
0.787620640078932
0.672318871029134
0.599708787251231
0.932393902589318
0.824887108622142
0.950379661710038
0.674710256375975
0.170716971851836
0.227705732664984
1.2939312977533
1.05184295097862
0.799923445801789
0.744857409724543
0.661249527085105
0.863993419720646
0.838430727698413
0.356312587026257
0.82349021316311
0.7647491802445
0.719224282844428
0.758405623356432
0.548964920795604
0.550118321584182
0.634008789819689
0.633781063516226
0.645158352412142
0.622429906852882
0.630447373784063
0.661689589165056
0.726971056286654
1.30058260350399
0.624949132067993
0.783548342770382
1.19631518524602
0.345379625163065
0.578527154409391
0.656490393466241
0.89081381764881
1.10639945531555
0.552495538025705
