0.755838310499244
0.779294008684169
1.03914641153342
1.08239993251317
0.283705556511337
1.15054220478272
1.38033760700483
1.50736688654916
1.62015195699461
0.126828051673201
0.256223301097167
0.383703805165995
0.930597904524245
1.32107667197813
0.897412317521059
1.76669743794708
1.79437043772018
1.63027716089093
1.08494856463032
0.822079693302792
0.76849875043652
0.688232978554698
0.945197152641264
1.09329633589339
1.60028954309529
0.834172062084147
0.507685652907724
0.859550265624794
0.432306370325635
0.559822720445392
0.703495058693007
0.864173324023003
0.793711262458149
1.15427367767641
0.851269067414605
1.67959012842497
1.80431557488802
0.899800113169185
0.681678204036616
0.764397861898398
0.794837495900884
1.33588937049235
1.34968039653792
0.281824101312649
0.88041282425874
0.593372360941107
0.104144747928727
0.622855513391835
0.464760019304632
0.734498454030209
0.327092382171305
1.02143709387606
0.9415486555791
1.21754461319465
0.663586341132239
1.34295791356474
1.26121996788277
0.900387846270984
0.316368508546612
1.17347897102571
1.37485324978858
0.912478192415927
1.11083261844187
1.49583341686727
0.26172953003398
0.918736705488436
0.601607661835223
1.71977098179121
1.64536748899053
0.358981461750656
0.669109052772484
0.721709637961183
1.1225783777775
1.09692147248921
0.442846516942856
0.860125382440792
0.885777993869437
0.675637893680692
0.763815317453392
0.524347119927888
0.868765972311143
1.08479088824146
0.718785017401066
0.953927392059489
0.759356121533084
1.32338716633307
1.34881936728877
1.73762408515348
0.178596909721156
0.489187920619366
0.787173172383749
1.82144108808941
1.24710443704913
0.824072319326122
0.753771478983724
0.795096938336216
0.702671744021019
1.08758354092493
0.868677252173955
0.308810599472099
1.00684623510577
0.786596691814645
0.897226920291075
1.18260222810853
1.33140737661269
0.918637978833869
0.230678714289076
0.31970995981269
0.383571970945156
1.27998905881581
0.75830245639959
1.01774216675671
0.0948847681983603
0.931511447413799
1.51256882775486
1.21789383015629
0.856730722699482
1.02023071568003
0.907388728683272
1.02163115824628
0.960536571654513
1.16073357894529
1.17928889392448
1.27601142722508
1.12842750177067
1.00872513523852
0.821447537999838
0.883274692347406
0.811565778432393
0.814945679150117
0.350492518803005
0.544903161994183
0.346642116985513
0.800812721955116
0.746312150667972
0.816370767251537
0.431231400024133
0.95287404940366
1.45027422861855
1.80114482800271
0.953580065541567
1.69219203734266
2.00787252208258
1.81712714404397
1.11036469974268
1.64272713247337
1.03495160946296
1.81777967145715
1.16185150953679
1.21060270146501
1.67060243614833
0.375736561378764
0.0368566075878297
-0.130676691899961
-0.293315477577487
0.824062544539038
0.291053905871039
0.413114903242596
0.287144878898934
0.394817318978446
0.204335985136406
0.345490803486284
0.715603931095714
0.651750186473208
0.480523049231844
2.6582781623358
2.65228985869725
2.123264109738
2.42287601766261
2.62149727143997
2.99700730299492
1.79894914587951
2.15854027345816
1.96103616463296
1.38615649334866
1.29906116475733
1.12865173432833
1.5101261860936
1.01878982914001
0.726408211479307
1.32109853547366
1.62310430827966
1.82767563461569
1.2847665345961
1.35523128294884
1.46951906814065
0.730311664370156
1.03085454796948
0.125517224324224
-0.276268085046605
-0.68147067954812
-0.532804690736862
-0.511072668390066
-0.555312175937624
-0.486605138136255
-0.454923421076235
-0.357618491392104
0.185756139134627
0.425825947147973
-0.262664057323653
0.579182395861679
-0.59821482245823
0.102026496733607
-0.549412966985315
0.350072972224852
0.883477315288989
-0.0514134738967894
0.0704679685991895
0.586182831923679
0.276314216421096
0.72451870759283
0.892744984719275
1.15665512815849
0.805177145091429
0.671283491162971
1.50546297078911
1.28353322471513
0.943506223006358
0.341774052398465
0.103662434092744
0.260581119102114
1.07189550730013
1.63398397516976
1.35454886717691
1.82500226719956
2.02739017918269
1.70985844547166
2.02006884098582
1.79005283392977
1.92560811623729
1.95456969259396
1.72650332969863
1.97273685414309
0.311366851577421
0.315525301327213
-0.0154317039162099
0.0965823616567533
0.120088526782302
0.651177149078945
0.0273451222319973
0.243753523708629
0.0600364454383213
0.236402678840985
0.631361205598867
1.09713412036589
1.07582353624112
0.496199129446749
0.186401755919187
0.891426481693647
0.86665733226664
-0.115531594854348
-0.100337701003086
-0.229922252250633
1.47233500649835
1.08135573574953
0.985012215004134
1.22347234687074
1.1330758656159
0.889229630908661
0.969703550644638
0.810085700538879
0.596525946600911
0.0509135083849669
-0.020518410904186
-0.393111945205025
-0.166669422585075
1.50522966216033
1.48500664683458
1.18136034499127
1.30593635634987
1.07013935843879
0.673085787446588
0.373302201971233
1.86687355996705
2.31857837594689
2.1726951814408
1.23520798459228
0.848041726383698
1.47970300803549
1.29487712344587
0.883216031910739
0.926116619327368
0.746521864742312
0.881652877606086
0.705831347610665
0.835008192371027
1.3173175217325
0.848605373788672
2.10639353368915
1.14347769545524
1.03067431078405
0.850277295195592
0.632880239438064
1.5655611713281
0.109710391512291
-0.151740674795753
0.296358519194806
-0.528709474530617
1.51108476869614
0.570215849251496
0.705497980988984
0.757623637099976
1.0583893869202
1.94831068544549
1.10768231409517
0.65596976304827
0.988247666576851
0.0524565205155191
0.393427186412674
1.29077638667412
-0.14025045499424
0.510224975006791
0.978458102533065
1.4332359400937
1.17995211792689
1.03802893830901
-0.0645652414635948
1.58813843453191
0.847026344562058
0.683285147993282
0.89780738851453
1.88554090615914
2.32891944681725
1.77904230376187
2.23493887924948
0.507664949183285
0.248073227487683
0.90461970771803
1.03378554230218
0.176240160126153
1.91437888469371
0.292269367558659
0.254477599661379
1.01336095845198
0.766477861503781
1.99641481600551
0.352149790599583
2.05753631881731
2.43078225771847
0.390743179215617
-0.102371092258478
-0.0623201564771216
-0.300349664412744
0.0160695071687168
-0.495205074193228
2.12013055180861
1.75785105600776
0.581542848110617
1.93674691469192
-0.0362979823658042
1.26254875506752
-0.0402326596569241
1.4348258504808
0.526148622040116
1.00439181192752
1.16794391319752
0.728807611663513
0.862786077206123
0.278918716224682
1.11355513998741
0.924770148670801
0.875464398823808
0.939326104691238
1.51087618590395
2.0935293005137
2.9618582412945
-0.0562942011964464
0.725936478883529
1.01034447418463
0.706902024290636
1.96778869027393
0.894786571201649
0.720023271723424
0.699053582036641
0.878296581838732
0.790681217596237
0.468701398798754
1.00382868994644
1.64295686096758
1.63418252550897
1.48221500960468
1.12382113460936
0.982317715101489
2.04518274963802
0.782059426008471
0.0306167763295284
0.220167813953924
0.552758441880185
0.806892203308561
0.722515845739439
0.756679603665079
0.559448578834265
0.531901194069857
0.813918580573501
0.801267833178429
0.566716187153599
1.18144501446906
0.992057136280123
0.507875362983034
2.83953306667279
1.01862080303294
1.08857266215374
1.39865296655283
0.522351533026636
1.90516086919405
1.22963182108516
-0.0345702151579477
-0.0051025476574723
0.322245100885417
0.142459460758705
1.26095829608833
-0.0590413882359187
0.99954318924091
1.07322186254058
0.86515258398477
0.627003038739801
0.888918815410271
0.372714973574068
-0.228608768005596
-0.199908335329904
0.0117002975121189
1.27159061514972
0.952358846599755
0.397097350552855
1.03910110261703
0.892507019491312
0.716384888876377
0.763849074795517
0.856115465013604
1.24378082593283
1.2280875177035
1.18042283637561
1.18882756817776
1.22827002375258
-0.00538228876805544
0.398331815068573
0.87848491900826
1.17715120993948
0.245460924308883
0.622081990328051
1.16298391439774
1.89170940999362
1.86182368469145
1.80015381017249
1.41098212698148
0.877535245309795
0.962378312320627
0.527746671395876
-0.563614204335016
-0.528521771564917
-0.349622288427801
-0.101220050113128
0.602237805501349
0.559153824756774
1.24988414402487
0.640002570780498
0.92304850267578
0.367987535979763
-0.618945405712099
-0.289067149936289
-0.675708582184116
-0.184410647305758
1.63614146756493
1.69297294443007
1.63668987495424
1.37733447654551
1.39602382415706
1.3716273382037
1.28139937357221
1.14273801622729
1.52734657586982
0.570784523876654
0.579609085175581
0.265134442505215
-0.163880889421584
0.819250405570812
1.7427722351867
0.182345567198269
2.05474897710356
1.96303919133432
1.32110203214924
0.568803979518211
-0.0319519714599815
0.260783807638846
0.616361744269996
0.666860290530006
1.80704696429599
0.722937721253975
-0.0831884637866505
0.0174180866983548
1.20387858714581
0.865996153999023
0.452307929214435
1.31131058240372
0.129697696714647
0.579479658536911
0.79764743263648
1.00168255286033
0.212436481808946
0.747283325100097
0.826797656738918
0.822097448609704
0.906980503321982
0.180338421864912
1.30649679830342
1.12458259306459
1.04665599039908
1.73775124892096
0.516561054902985
0.6614404574637
2.07122351328397
0.0346477506827521
0.0274105775924433
0.236887793054904
-0.199598915617277
0.707616152271509
0.455393923201661
-0.0500609030897913
1.32633084159512
1.6593557557232
1.44396370728357
1.51006838139838
0.946379433750606
0.15304627692518
0.554753903371928
1.38068579411238
0.621122590026476
-0.186358837549084
0.170337640169148
0.614153699087577
1.5563202068031
1.77447391603225
0.653663910494416
1.3387350252964
1.94834437496038
0.518636783038804
0.991152936576652
0.448548703325147
0.868989417541549
0.00760043407091665
1.50290487690757
1.92222705608725
1.66049412988566
1.00298929846311
0.890155063171738
0.808947991643806
2.37372803361962
0.22576117352795
-0.0852455178344781
0.310524252801365
0.673575674467666
0.615514866928997
1.83448505202158
-0.0171747892126714
1.55399511846786
0.126770287897394
-0.217485634146413
-0.623375335524265
0.544043609350465
0.259141004635365
0.263895860188676
0.889091698404807
1.37523597151052
-0.440874960997167
2.03747683951341
0.741497805555055
0.95045236694155
0.523813385634685
1.56679847547544
0.454935819949148
0.447152621469229
1.48923439179727
-0.331127574962906
0.770781928139138
0.842416512472137
0.885690870001822
0.614712176387765
-0.0849513136440085
1.29389334313596
0.740208456495166
0.68975568607493
0.791606042761817
-0.0889254666148629
1.22228647995804
0.836693831746878
0.0259266947051623
0.939980779505535
0.744055040576491
0.364338186023464
1.32171626020915
1.41775107037597
0.59654147910196
2.26538097955875
0.130635210366797
1.06372856344016
0.706380180130244
0.842214901278923
0.394332819982526
0.241145262918769
-0.0555771997492124
1.37132100939796
0.186765099637966
1.14949843856379
-0.0508559315529508
1.72896751103706
1.74739724047214
1.16414869435994
0.731130305532149
0.628095671628218
1.56190276347436
0.832616059675549
1.04902210229009
1.60616106470077
0.0772563857738493
0.84501949160935
-0.00282672497977175
2.29077211432303
0.664231555269368
0.0586374762961256
-0.111839130239579
0.196240727075975
0.254988697349274
0.800837162247576
-0.189442950870969
1.97940033581657
0.875809623667647
-0.116332759281477
0.369520342988125
-0.0336434398261085
-0.298875628910937
1.48697388048217
1.13012346102002
0.977453294213616
1.0789201793412
0.887631945100025
0.569696857521447
2.27126994539717
2.04688997274904
2.83034298501497
1.35564042944571
1.35217911196128
1.38458954277037
0.777993847382168
0.821413334771702
1.8750841361275
0.19355835123907
1.11930631081449
-0.218749122686143
1.03898884006587
1.80817679055416
0.420029563781993
0.477000534198018
1.29605216118925
0.174964589646679
0.0593463725096856
0.297146231642104
0.386015830863463
1.69940790073085
1.44026859867729
0.467507595528132
0.679629972521546
-0.286804339143576
0.843757229137197
1.3245808696294
0.0882120483824245
0.670450616684301
0.656068788917265
0.739320267081146
1.52539074811519
1.10038535790901
1.28623499307444
-0.229239088280695
0.993293454911456
2.4524510965705
1.08990414217089
1.83272202424362
1.6873469393359
0.804274945246149
0.384483774744232
0.237148998111211
1.61371078640843
2.52453178570724
1.76405085026558
1.8479529530972
1.88187240985925
0.210141164060148
0.97489606202372
-0.152252153299799
1.80847806037508
0.338414168901896
0.510615979203576
0.293283697113315
2.13225544628162
1.11684231267348
1.88152010098123
2.09737385927527
0.856550604871572
-0.0774036574222798
-0.411011115199572
0.201922443460049
0.867447666124846
0.592764603349284
-0.0569255032887349
0.375042338278952
0.225457440406698
1.24480949692318
0.247909862076381
1.1961932003894
1.14904016244003
0.721088617688292
0.728043814756558
3.27480574508847
3.09073325284822
0.602812887399334
1.19243092026376
0.114632235187072
1.56224254786995
1.28962625602151
1.92669342037283
0.666906457775922
0.00943530517325744
0.197493605090202
1.4143490653303
0.474226264918609
0.519978715143116
-0.551483596045007
0.745548870203065
0.670699452618388
0.060197535097994
0.675100471434682
0.112972957465898
1.3111262853692
1.47094581263447
0.282288740491938
2.23981210296416
0.535443503441655
1.16535973052415
1.04242314616031
0.0227430287795648
1.74375439634768
0.351533296521672
1.47105186463766
0.22258271187152
1.89511480316114
0.745401560395752
1.68533145687801
1.5119623403488
1.47325365873503
0.411678513774489
0.894246815491241
0.954596843129847
1.12100870451232
0.824002883773622
1.76629025185794
1.16262589735522
0.591459792266941
1.53499128701688
1.85271426842645
1.87511362167939
1.83193360530113
-0.0369545938564139
2.0647671389958
-0.0174518588589855
0.110752218303582
1.67587400301135
0.451302803187974
0.521628788460416
1.44008569602982
-0.639495428945237
1.02123716981333
0.669474900172664
0.374426901531124
0.55193718760043
2.92765461628324
0.991108939572694
1.0800671885192
1.39226418282925
1.82473313535821
0.86907755558055
0.782813199674647
0.41527408587805
-0.0611178380513931
0.251616112730733
0.251390062122568
1.68844246065214
-0.521487876295801
0.0981764699666153
0.840507314269193
0.882696256385498
0.215312333643462
0.584688841937843
1.67391942400914
2.04849621524528
0.970090438183515
0.62494404955415
1.60044816177759
1.81815236879637
0.243805610673706
0.462902244702838
1.92100864486783
0.464983939055857
1.42514636844645
0.798782526182003
-0.0751881011943872
0.525664813739847
1.23483560161222
1.48159172116512
-0.0675356092944531
0.697988340035345
0.257468056314743
1.78164683077
1.57494807077335
1.68056427578042
1.54328423632736
-0.360320053487448
2.00756048080815
2.08790532710816
0.221741646948319
1.85065076467824
0.738355888400738
1.87802994308931
-0.0482207915375061
2.00573016756781
1.34878525848528
1.01769006059592
1.44539129702932
0.869878893445475
1.90049045292693
0.820789678204077
0.570152820007405
0.64017557450523
1.93885110366148
1.7516625029357
0.324388378561723
1.10552188298931
2.00082569505083
0.7418086267571
0.86933355570047
-0.393243747285665
1.38457641723915
-0.225275302711279
-0.0903435087520686
1.94276736951707
0.736175454035533
0.168413252957145
1.06099811888508
0.663985983895739
0.0261508223731323
1.54680954605467
0.606718903385742
0.613670765243475
0.364575474374928
2.47922542310069
0.159201576746226
0.128334291019417
0.643178311804277
-0.111695081815954
1.33102065034982
0.632352493363062
0.504052211453361
1.0521978870727
-0.0293069913877248
0.711125071792206
-0.0520572176351241
0.983916251216119
0.970441326261299
0.696499939651207
0.910327919152803
-0.110927388406057
-0.228091790673951
0.805845928721914
0.449298652633056
1.99666203815527
2.88285998746039
1.14247191479407
1.16685127156507
0.53706270754899
1.02239418022476
1.48061833573301
2.05588162809725
1.10941259948041
1.347514245995
1.14744512436666
0.79437646854954
0.688039245535942
0.845589953357062
0.313870449611168
1.09011920439583
0.698696118175511
0.322944335198606
0.805929155931977
-0.0575001520487206
1.03151010690505
1.17662989720161
0.226667561851704
-0.0224429679141805
1.21099093582669
1.05728841182967
0.788310591678577
1.33369729617791
1.19709366576687
1.19944277660651
1.8938817375832
0.544410541162495
-0.0372671176233621
0.865265022099582
0.813573069422136
1.02312011583281
-0.069037178847182
0.916005776453785
0.0833108722647218
0.996061211817745
0.728292891073477
0.816810424528544
0.533579806093855
1.81384400536623
0.0035041931679948
0.552274980988422
0.14590585465068
0.510441111204081
1.00628366036283
1.70593487607147
1.41558221619696
1.64779003369811
1.60447239571083
2.37105639895875
1.10231587820296
1.0285840204778
0.981461753781941
0.681676429454536
1.34403423283763
0.137436803307057
2.02542613785164
0.398274500556108
1.7001473109676
1.94882428849764
0.372237164293474
0.267655379041752
2.26679040568736
0.980753196104613
0.801519367121227
-0.184794482185938
2.02206306999678
0.758507499109908
1.02498946702836
1.08919409645248
1.36507119646149
0.788821754982753
0.811230428921659
0.970903089393064
0.0845639482968047
0.0684584960854067
1.18175198075761
-0.0493915245472002
1.01229951809507
1.46494943320237
0.683400228183109
0.432004109653655
0.804171308860867
0.920075783489978
0.759934678252854
0.173198326017757
0.286570056554628
0.168816418835602
0.834084032536246
1.96927362674877
0.327971879457305
0.85065820911497
-0.00709025770079274
1.793252193386
0.154369353688061
1.78111805106006
0.626975261946586
0.533663056064272
-0.302833931203198
-0.0678381792797761
0.773065770105759
1.95931014688976
1.30315025267674
1.01102882395998
0.201678146425689
0.549275073687901
0.418454508357766
1.24538932139811
1.49220688794947
0.466052077218145
0.757755948550511
0.566588150771707
1.90568254698678
0.391330823542007
1.79557852066345
1.19093475567742
0.760383091913901
1.57904482721106
1.91660486882398
0.337031759279851
1.7565916916477
0.65222872425546
-0.667764113131689
0.802179948503754
1.96556933487021
1.89548730603173
0.287504865337345
0.940629652872575
2.30414022080988
1.61099433776268
-0.296006055016432
-0.0638825012433144
1.04223292702258
0.880954104958783
0.233811660033723
-0.336502366239811
1.80289842571916
1.5920591773039
0.93960428817704
1.08358488624263
1.33647435555606
-0.231713790595529
-0.302606238546422
1.38394162186516
0.191772034839321
0.051698716219491
0.135913915862679
0.522279380136708
-0.403037322104821
0.790315253568087
1.13922779333739
1.25351170446002
2.01430380505915
0.951805739909521
0.792700441986487
2.15860369460929
-0.422828481643813
1.06099003444316
1.03873714555555
0.584593082561234
0.609408143018941
1.3819736852252
0.302437547619174
-0.0359355331557361
0.503199716698532
0.935631235439344
1.61810092725473
1.33333452243391
0.145365911606055
0.187892247034648
-0.148421959103905
0.401656905489097
1.51962919649411
1.95924675965704
0.822158975871064
0.849144122024805
0.976277061891201
1.00441466898174
0.687888424357441
1.38953586960588
1.61267082092258
1.76578715636778
1.21059200945706
0.74418705118483
0.749925724191659
1.01979645524436
1.07638409239668
1.17060474796352
1.02581266750338
0.857386595160297
0.926278341533998
0.818436877958667
0.78180460487277
0.971064635176745
0.386290135289284
1.26605812265751
0.859595527876168
0.80005479561094
0.475544879592383
1.41833205603979
1.26503725904115
0.527797197619617
1.20969614161317
1.60475490435799
0.787452544491903
0.833624705553449
1.00694656389395
0.572695330785416
0.96918799895389
0.917436943371965
1.69735493295138
0.851336586547155
1.42458456887102
0.833859775659199
1.83630554412573
0.894513196365152
0.358582520362712
0.510199699321757
1.15464268463752
0.600405566572413
0.910582570218255
0.709167212115137
1.04378628513966
1.1557693688866
0.992406805775267
1.1965012169589
1.01440150507683
1.02261316627386
0.861352856913426
0.991966121063179
0.752467635714004
1.28475224320241
1.08994353891215
1.59147529900989
1.27048164670299
1.10864695532348
0.714985100800668
1.20963399009759
0.746138842828628
0.999838794164023
0.825106648712406
1.20159170118629
1.0469053157125
0.845162040148429
0.851671695738212
0.85742474235539
0.802179565069166
0.887639206518519
0.899373220199434
0.888535002580965
0.872559162617323
1.04463818881317
0.724521698878762
0.759888348310873
0.815686609475863
0.780398636276558
0.407848354866816
0.647550605002069
1.52824106178208
1.15066357423668
0.931453725590024
0.919659525066523
0.805884905916871
0.834186728703523
1.2339194455932
1.47243965879068
1.48909506422861
1.00454307694426
1.01102040590537
1.87442925328317
1.85260677146165
1.44099334282864
0.790156899911906
0.857325062953161
0.814922547627324
0.707174732308593
0.686027868778532
0.891831856499856
0.865371429343403
0.638062933520065
0.406488559766037
0.551420629295535
0.931567648442696
1.07680692748866
0.880987423298099
0.871325527356721
0.643440820808265
1.27084241492045
0.256234188883446
1.31500916080264
1.27940898008599
1.68256858215756
0.468944057536556
1.43798644330213
1.23953784504682
0.743725255967179
0.639874852828963
0.798185095655763
0.79869484296921
0.792327050047193
0.592339559924111
0.569640298487158
1.12923070935744
1.17200675411894
1.05661627645916
0.851680429224597
0.96078095217484
1.65625133254717
1.44341114658205
1.23499182160992
1.3883401299829
1.12587537523491
1.18648609689761
1.07141592827741
1.11880690008806
1.10955715475053
1.0093213579583
0.66455183525413
0.967807032107298
1.00445600451705
0.830388119849189
0.853750626349788
0.898305913222172
0.876109756191228
0.945958370275715
0.738706244834039
0.389140790066175
0.394529955594196
1.5611694853432
1.22427366911691
0.969320237912569
0.792557916105606
0.777723686547839
1.30818176548796
1.08392198314559
0.669097164193344
1.05300204194474
0.881615796718555
0.846936434841839
0.918049630982655
0.661058640483086
0.712597224925785
0.835646543276903
0.848228865325905
0.817636941504488
0.803509488125846
0.837548317360562
0.858847733940302
0.761868927794555
1.63146927626006
0.573446495918656
1.00380056670246
1.66269844829088
0.238742330933425
0.553832683647621
0.707034553584006
1.15952283290022
1.31362979693525
0.479592045256685
