0.74452172612667
0.825299817556066
0.98867891949389
1.02824042220652
0.262698522561362
1.13363068112105
1.3871904704837
1.53116141056477
1.65653739111567
0.0961868352541966
0.0916419472190425
0.21865132790173
0.854199647477423
1.30865350885201
0.908742724028896
1.80017807272753
1.84274671221737
1.73264540922547
1.1470414115939
0.836198505314995
0.765648904479859
0.647481508842837
0.902181606569619
1.04598989597843
1.61835257370739
0.841176800044171
0.495941761881244
0.863699961712512
0.415673010668327
0.563488228541991
0.700759088461919
0.908869256780861
0.669292888738852
1.11980237910613
0.824124524294686
1.67791786789761
1.88456842733089
0.864861704198933
0.704563248718181
0.749493985135432
0.73349068592029
1.3788540369244
1.28774357576389
0.264584044215203
0.842802341499123
0.442603856402529
-0.0153174931966488
0.593776385578019
0.448057201238718
0.726748885277274
0.312514806224338
1.03798261078891
0.905449792853254
1.17802421936537
0.639164616294938
1.27852403138728
1.20724819683943
0.845506579850758
0.29502739493008
1.20415251179947
1.47066601162679
0.815008959117957
1.14268707484286
1.53134809133048
0.267102291937228
0.953371294116422
0.582198534765967
1.73069369857236
1.64836257477547
0.33929499258775
0.632244780934603
0.671999087998641
1.07366492841908
1.06617052969333
0.431778431923306
0.799847534610247
0.840361207842345
0.684955235655949
0.734910702960064
0.50469326977707
0.898874126942445
1.04383427198046
0.754673350621452
0.913302772203013
0.744700688425036
1.26606763414362
1.28121306311172
1.83123367906415
0.029751591424663
0.330180405643945
0.786823482463169
1.88729097493325
1.24373147596949
0.873420384970668
0.739639136187372
0.786101411651062
0.564297027814868
1.0588811866814
0.758395681719135
0.292990122480194
0.965450349032241
0.791220737619994
0.863453330716585
1.13055457605181
1.28795529353796
0.853457249113845
0.209611765776917
0.300208119640249
0.368595285139321
1.30089237307803
0.751764455896996
1.0390780253521
0.0175628934033772
0.845483191021878
1.61650295373718
1.29762905904477
0.866586801987617
1.02757993050988
0.900837486198245
1.01317415616034
0.988927542301732
1.13403262090516
1.19319743306483
1.31148509529081
1.16123178218625
1.01868320331898
0.803507334007271
0.912609754744803
0.768294399823803
0.78892386146692
0.337594164100812
0.5747544187828
0.287368165353263
0.871561603936612
0.73376078671542
0.86701706224226
0.348726481090858
0.976684516652624
1.38246244417571
1.77469517339884
0.939189781047612
1.71998984831805
2.01055208540577
1.88618242288585
1.04927482086052
1.58229095117352
1.04258971465351
1.83228504655117
1.16034934515743
1.22527983607919
1.6842326765642
0.391318930486686
0.00558151622756823
-0.128585073838442
-0.332500110986251
0.848839989158959
0.233356485440067
0.38272637696366
0.314257769669351
0.348806703885202
0.188892051075256
0.348883250155754
0.764260471441947
0.670340442069373
0.445046518894726
2.68421252730804
2.70516940421499
2.09947126126156
2.41950131345013
2.64580646164844
3.01492556193293
1.78874970742055
2.17983602802948
1.9770401773586
1.40072712568707
1.28271085108515
1.14494195934558
1.53593006859118
1.01540066812191
0.713735338018577
1.32632784693324
1.57729632604863
1.83763487998985
1.2849488108062
1.37301917073115
1.50396128149318
0.716042938034134
1.03571771153931
0.146533371269783
-0.278510462923877
-0.685002540776324
-0.521163283731683
-0.511522766635488
-0.508162800408403
-0.487673159014133
-0.470905979488449
-0.380912421423384
0.140079397741527
0.477927897267833
-0.262855826128267
0.575374636924845
-0.576660355463964
0.0476752255636572
-0.607987959178169
0.244067570179531
0.872427171449338
-0.0918309066951385
0.0239545128408988
0.638219632121026
0.288538686536771
0.732476628681757
0.893879184119379
1.14042674397092
0.793366898776036
0.651526717574082
1.47955432220042
1.23820132585933
0.968380819159148
0.342973108161077
0.0891006901917663
0.20163023861657
1.13162784195583
1.74056338273047
1.35243801039918
1.85036920561906
2.05867408495984
1.69616909812497
2.04339958890114
1.78194737528571
1.89393366379565
1.91070974058215
1.70741450909607
2.01929156558392
0.273831465164077
0.344781557434999
-0.0287880017800663
0.0966493226363157
0.145722662594766
0.662792747107216
-0.0114082750436736
0.26211878828092
0.0360858371815734
0.24594814547231
0.639861882060786
1.12718612902638
1.08365563801397
0.476033880263686
0.13700883246339
0.896687448927446
0.882898976752079
-0.0686929695172734
-0.0958928964890379
-0.247731220215773
1.50235660590779
1.09446235875002
0.958695292782426
1.22870910581087
1.13835098040271
0.858695460175816
1.00713789301583
0.826547118380499
0.606616993772304
0.0743751149251288
-0.0425619727031367
-0.408002975037822
-0.145556026931546
1.48555427393841
1.55004090227002
1.20100583948009
1.27707008454082
1.05423131355817
0.552647334263611
0.314530263481552
1.84695012690431
2.28224779653623
2.14652614523162
1.27567757080426
0.825609425334845
1.50130189301783
1.31548388222309
0.917385397254546
0.963375849154175
0.74850552633078
0.915127942584495
0.702568996566333
0.846651183114396
1.2688320031376
0.849347089266294
2.15269906426829
1.14856032528481
1.07295410742508
0.894199480041879
0.60378978729955
1.5573422288213
0.066642066215282
-0.156841850802799
0.265444787900516
-0.528379618488018
1.5043131076333
0.579547138054282
0.728305358036874
0.825769138044687
1.0855097537472
2.00598651397168
1.10841500995138
0.667992345992492
0.90665925546032
0.0714298153914221
0.382584304542433
1.33017935114342
-0.153755739543788
0.470167904642803
1.02378925807791
1.46774176575011
1.18048077719812
1.03884684645223
-0.0655758277615868
1.59273672404372
0.843753711812041
0.705597219612151
0.856388531815291
1.92764970845303
2.33734771105933
1.7655941516435
2.2596072332834
0.50390456343607
0.242290547141572
0.890203788365063
1.03935395557311
0.136949559330809
2.00460152313191
0.272834264888057
0.236566547696057
1.00671710257388
0.763370826792431
2.02656286097284
0.349676423305429
2.05514430241744
2.44762970501168
0.383558487311046
-0.122207383782082
-0.042676036812732
-0.332489600410953
-0.0119049884655947
-0.5377019626951
2.13457865299334
1.6941569838041
0.588412384238729
1.93782173476678
-0.0669128282750938
1.23353646867207
-0.0758561094252314
1.4085625818522
0.524600799462978
0.976651119361667
1.18064869039366
0.742626835595596
0.873890343266671
0.114835075421044
1.06559240132063
0.899961280170096
0.862526342353691
0.914342489777679
1.50856741445449
2.06587079431068
2.96497958408825
-0.0605460294368738
0.727072858916633
0.993550419782273
0.680143849079764
2.03865831230054
0.842075410983889
0.733555777224874
0.686678594841415
0.865994652217651
0.740957323315716
0.436249087902666
1.03118040537657
1.70274258891773
1.67452923948611
1.47818020171251
1.11005526594493
0.990416864830219
2.04058556967631
0.777296814119768
-0.118631484287203
0.26477670567864
0.407468361397826
0.766875526574923
0.706847838235471
0.738010680437794
0.506816004048607
0.538892824680177
0.837971946580628
0.772663999577129
0.604642087717838
1.19725772094997
1.02771385738731
0.489917741174314
2.88797021989633
0.930255483774226
1.03019633453011
1.38118475211489
0.505157259389697
1.92692944049863
1.19817394088574
-0.0330210163708209
-0.0224964898357487
0.319772354076469
0.145774839541556
1.25898296688517
-0.0508292531698444
1.01650987699974
1.0666136792978
0.836398645401279
0.632369460849751
0.868588084462105
0.384577004425664
-0.231838915571591
-0.210127550598907
-0.0139046854473535
1.32288969618238
0.984040909443223
0.423904892214148
1.04341048464282
0.949562964639785
0.698252890307282
0.771558182538814
0.836986603008777
1.27083044730727
1.25843393499495
1.18726722313265
1.1567015923559
1.25347410073951
0.00839277058439087
0.397915293862736
0.871589588780843
1.12642194818333
0.218775534127282
0.646978675536422
1.16328380598154
1.89130835523054
1.89098569817985
1.7939810478595
1.39880928910978
0.882118157100103
0.936779922445108
0.519700993554994
-0.565044349043488
-0.516130084183021
-0.316555831639935
-0.124757094681165
0.616520179233627
0.555468377864113
1.25381391200174
0.624041365341453
0.972278863925003
0.355174336009986
-0.616359189370409
-0.262631781171466
-0.703847129304589
-0.172720525946632
1.59245786177483
1.6985885953709
1.65400891433118
1.31346200110506
1.36348589074315
1.42649266394656
1.26727646422003
1.1037112205397
1.52774998430418
0.57063942754692
0.514101823070335
0.255969256512796
-0.193681352115802
0.793973571317656
1.73172645587297
0.19768351252468
2.04625277528327
1.97753363280604
1.29311274319758
0.557098263344591
-0.00316655812697936
0.252054327409747
0.658000222175708
0.670716054401695
1.83273703751625
0.713796070083293
-0.0947112778909826
0.0615814925905498
1.25657612859102
0.886846339719257
0.426927542284257
1.35985661276324
0.105965933217126
0.5485712134795
0.767664371204091
0.959542937813609
0.188927141364171
0.748476885710688
0.813770273646809
0.7007444228659
0.884968871588799
0.169241002989723
1.23343679105742
1.08893006455358
1.04355538297625
1.78083809281523
0.531370668476587
0.695978136912299
2.06797030994795
-0.0084488876103742
0.035827998717354
0.232200504767263
-0.223326873123731
0.723348351663068
0.470360472501371
-0.0110791409833299
1.29984898644271
1.77423168683957
1.41013977383541
1.51926435191042
0.89601575173873
0.106957480032923
0.569071713526726
1.37052863096633
0.505221401270326
-0.161557831918876
0.197085005595661
0.59227747988939
1.54948879447366
1.78145508483415
0.674613137920923
1.43851851021192
1.97645173291178
0.565675146757797
1.02802219836088
0.438098005421414
0.867611532138496
0.0311473407024464
1.5564766878617
1.93533472946592
1.69601637620693
0.92569406276367
0.861588816914941
0.812149550039413
2.40740883346557
0.2067291294092
-0.133232510371834
0.301822344985473
0.684845949236393
0.612688795014106
1.82973167728203
0.00166418564656633
1.60673522573636
0.133858960706797
-0.223764858432628
-0.664851261029375
0.546541140835631
0.288503826373294
0.244869862526299
0.924639896388125
1.40054002324693
-0.443233041660935
2.05527278294549
0.783644855595022
0.993455117801474
0.497892176831967
1.61357054932184
0.460526957127818
0.400303983200288
1.51606033201265
-0.321978449258554
0.778821599298612
0.813527491367723
0.842389413090101
0.618518265464995
-0.0617695798542727
1.31632872109522
0.731445578004592
0.666054224090141
0.770380050289254
-0.0607024761185568
1.18064068003658
0.865425821228166
0.0312069011244202
0.968347925673973
0.748499365648467
0.380695847827136
1.25257205396789
1.45008367164295
0.586519031676224
2.26574827369173
0.160128335693405
1.05132622475648
0.61541909493636
0.869971974566518
0.391584258995316
0.220650146133056
-0.0488736315208205
1.39696567762954
0.173783978244581
1.11543301654775
-0.0859754864805178
1.71149050556338
1.7082130350105
1.10490131421407
0.689659617933107
0.627050461871532
1.54106525701618
0.801647690265224
1.0513707217487
1.61583107426924
0.0687417505799044
0.857348923201939
0.0114029329974274
2.21330636173162
0.685306065354079
0.0340824927817994
-0.129152543153709
0.23815854184149
0.248897030034322
0.758913083082177
-0.211407160370721
1.94261965331139
0.866162584159753
-0.0990774474263114
0.381434134510857
-0.0603206556743821
-0.334272751446739
1.50109847671832
1.17084765922918
0.912293582690006
1.04327531156004
0.857510315469762
0.599898520136538
2.29569208087807
2.107903703042
2.89049146203996
1.31386433095514
1.27966311870359
1.32315458028643
0.706786474445227
0.799441462923848
1.96417055327782
0.179946436774208
1.17872059737725
-0.250922577444891
1.01866500425819
1.79467194343766
0.415425825131636
0.420725441433611
1.35401203294457
0.182867001731137
0.0602949125237124
0.287361850159806
0.410141191728498
1.71114786981229
1.42973462713783
0.459054919460394
0.689618306456338
-0.25546363269159
0.843497629492637
1.29317942612825
0.102671500244695
0.677586294816872
0.679399627421118
0.743045697902156
1.51084261585342
1.07111884420586
1.24916358538257
-0.268027277777454
1.00599519050577
2.49815715574435
1.05343656554661
1.87597489679638
1.74885398656122
0.792907931460637
0.399262426826373
0.232730730059292
1.59704956177442
2.56443358476345
1.73084553311727
1.85355536203206
1.8583273271623
0.207136332436979
0.966860694779669
-0.183706545420265
1.82357855630295
0.307306362993281
0.518916726444634
0.294608769838391
2.15434262225497
1.18686472308719
1.89955542830535
2.10975812048726
0.919928987785443
-0.106601119929844
-0.418806298774609
0.154227184555345
0.860632998331329
0.602219084810377
-0.0483395599977178
0.396257931706444
0.23642610543669
1.199564585489
0.201387392492156
1.18345391981065
1.16821634415639
0.789583887248016
0.782919705532666
3.34507156716687
3.104998869032
0.575282128128616
1.19632225971498
0.0987746859407281
1.56345173988061
1.2539824767668
1.90141670953882
0.525486307640615
-0.0031033855675553
0.213138888830394
1.46919596550792
0.476244681266429
0.493980234297331
-0.543013468835289
0.773540307225352
0.663383999002744
0.0392188526497
0.671953425511097
0.0860687661830736
1.32873790382851
1.53044742396733
0.281152426023182
2.22116337486354
0.524912152556144
1.12151704888063
1.02097953261512
0.0146010268151364
1.74068506185152
0.336883303159321
1.4196641668424
0.166183928261015
1.9097713102113
0.744353767979694
1.67920355279903
1.51282426574143
1.45207890493608
0.42856859495095
0.783783947609003
0.85802529575356
1.05493543386735
0.82598020613821
1.86982306193801
1.15931543499134
0.62321212984107
1.55672124535631
1.84228963068617
1.84576847026569
1.89796291494697
-0.0448833604561065
2.064618772226
-0.0218142940314857
0.045423389898898
1.70503002669837
0.446325920067032
0.518579587696886
1.5026042334593
-0.655494997079381
0.984100947397804
0.683124455052894
0.366215615515221
0.538194268937309
2.92985506079602
0.960266529271829
1.04929488994747
1.41616961699124
1.81513316910252
0.836084840898963
0.664173130667415
0.429888119934206
-0.0450096595880441
0.23551874415335
0.227535228272238
1.66973750974325
-0.529972138286305
0.0765591699039778
0.862616140257368
0.841233192268056
0.159463576029573
0.552697318986819
1.68063821754229
2.09011694727849
0.972200407334852
0.604689332675716
1.60810237707656
1.8096018518858
0.216439229514973
0.445323655213112
1.93007983203943
0.511882856916385
1.48197215558434
0.8230517068069
-0.100630321232721
0.543487835200594
1.21744425000703
1.46424807390344
-0.0709536021653441
0.69944465478564
0.239009287889006
1.77284171840872
1.58661452568164
1.69954450998594
1.57247781505067
-0.338713626107796
2.06902679803079
2.084108561973
0.180771146383395
1.93646930659203
0.74903833162181
1.90272488963786
-0.0752255631804431
2.04496202446553
1.33474762721502
0.976329980679989
1.4176633720583
0.82381233017276
1.96117868257184
0.820283234488029
0.539491747989089
0.63041935697011
1.94379216410881
1.76115312383207
0.334169853417526
1.10248096100542
2.00529638709273
0.723284314861546
0.844207206392375
-0.429419067620555
1.4084458503346
-0.243197661570019
-0.103135523603392
1.96144027489618
0.730802098489936
0.149834170664736
1.02664543014744
0.651511810561409
-0.0184704829440758
1.57770205720015
0.620578973911988
0.641067655116791
0.351316108515249
2.49674797116446
0.167382544176319
0.137559675003223
0.673897552436501
-0.114312862775741
1.32104105693686
0.686336140061067
0.539022808597917
0.974527760229527
-0.0195818507891743
0.692338225503834
-0.0592468370504764
0.997498976843201
0.999980412830498
0.689984349470448
0.864820175723842
-0.111446697790119
-0.21617868658048
0.849255911223091
0.405836031508444
1.99678098782238
2.86858936519553
1.17678707481427
1.15846103143795
0.517794204667444
1.01485789093911
1.58870365146349
2.07145985900879
1.1215471068279
1.3518573217424
1.09796955539225
0.790516189721334
0.673045417150745
0.918666633315586
0.274926666625969
1.09121301442455
0.697109085968774
0.321188399762217
0.808472011152833
-0.0535962697924757
1.03509489499928
1.23998786596961
0.2273933425549
-0.0456331555651961
1.17963121262039
1.01338649217716
0.679085660353327
1.32957573811873
1.18142157167582
1.22631473932452
1.91454528146494
0.536142862257448
-0.0413723143789588
0.860502113624221
0.756168241174899
0.990403472735485
-0.0532624341252513
0.98607875699108
0.093486873344596
0.97613373137665
0.727929253312818
0.809439694123892
0.528847610846309
1.76527422340823
0.0117916962245681
0.546425686034026
0.172256144421231
0.508071031527106
0.983801238145006
1.7140585751121
1.40003831216567
1.69874077434708
1.60073747781061
2.40850194781109
1.10109736679995
1.03711738461222
0.974174508474827
0.661655818534578
1.35423981588066
-0.0286929782286145
2.08013074256009
0.235342492276089
1.69293005085265
2.03010054099246
0.392972238416251
0.286774860618028
2.30174540496845
0.980981757857737
0.861919051261155
-0.207817065451064
2.04620160385996
0.769413118434585
0.974470571880066
1.08205134852788
1.37594539642817
0.66174083354498
0.831906862831258
0.874162887715183
0.100026301768144
0.0606427452885991
1.18010731018105
-0.0718837981794252
0.999103422990697
1.45619552421749
0.70411229694443
0.426902523867564
0.798851558563625
0.951909647904153
0.803105512578076
0.167501795289765
0.270305928143754
0.153041801482997
0.813648129064041
2.04725190891452
0.311035261785093
0.836105217423891
-0.120448638118554
1.80220659591506
0.177833223814035
1.78512034886164
0.623563978578391
0.379613196523962
-0.344270669513134
-0.0661182810094848
0.77870433554517
1.9967252733181
1.3181084410178
0.987916835779973
0.213043951961595
0.517186571254362
0.431137814192186
1.27410358499969
1.47064175772885
0.479880426420924
0.762981857874638
0.560574448107647
1.90279875657309
0.379528285880039
1.73778174204615
1.24315673897976
0.747827056021842
1.57895636709598
1.94211997810373
0.337713795045661
1.76299097888755
0.632334651234479
-0.706130230972433
0.79875842136444
2.02325055569021
1.97344861284308
0.251382674613795
0.917378863254893
2.33155513927333
1.64125430891497
-0.283530498604128
-0.0419282224256848
1.05430664575192
0.929435107536705
0.220922472293475
-0.307811869487193
1.79539712796666
1.62946678480306
0.976555902106016
1.12137458111883
1.38766124667324
-0.224017411145378
-0.341766006292144
1.42530711162644
0.16883630192435
0.0259221009542748
0.114358156987544
0.502239843541811
-0.40914036859965
0.736245179528392
1.09421647068292
1.22431616087468
2.02501705388358
0.917616804437281
0.783170913953043
2.1400793153113
-0.40938253489918
1.02390656949018
1.03845144137781
0.566230970388415
0.607400402556105
1.33117241108438
0.301951631518049
-0.00405664786243712
0.490150470186577
0.87762359815155
1.66720958288461
1.42407460415635
0.163684073103347
0.0401173853016216
-0.139301174765164
0.25838147228269
1.63162350850087
2.00524957890683
0.815347877602499
0.841840010600259
0.942069734284834
0.95974174015574
0.664301570778245
1.34305981967179
1.57236785670626
1.73282340156625
1.19132256530227
0.674629965996341
0.671121641013433
0.986443762276767
1.06474399010932
1.17615550363835
1.04136435182337
0.857003888698609
0.868475455560659
0.78525189655391
0.744573846397588
0.976051802391261
0.310414035701216
1.2043886838345
0.770160608393701
0.814806824340875
0.454350058467546
1.49943419617788
1.2287209192423
0.380487832065903
1.20762763804573
1.63785625900476
0.777186874327971
0.842855690487398
0.952454095823825
0.550907623426789
0.91471926201093
0.882005796159246
1.67173810995548
0.870172734116762
1.43320302486005
0.78094380137376
1.88420331316489
0.832964728147315
0.228280154121839
0.490326468714904
1.09414648534096
0.575993304218761
0.874124663325056
0.580666537813296
1.00083471688759
1.22123384436017
0.994085877972029
1.21011062335836
0.960243780364244
1.00530988647457
0.811818134658238
0.944917087919449
0.723578781574841
1.2492810796127
1.05876604992784
1.64912120866399
1.28566715545899
1.1376937034048
0.622128698945955
1.16441631405019
0.67814644843524
0.94060678591207
0.757596830490769
1.15743324875292
1.0345027798134
0.873885872717462
0.838454919896119
0.856820829416593
0.788225443522757
0.865737215449682
0.84235667739694
0.843273824104162
0.823117417380922
1.01622678764414
0.684914683715561
0.722505091409876
0.707961490507963
0.689359300141616
0.387243948215493
0.624282469648065
1.53922536072234
1.14274975728099
0.878878655063712
0.856872097558419
0.799660390480551
0.828675583406104
1.23209027631564
1.45088254216624
1.44585592078859
0.949001112003375
0.96188055683583
1.85721239458173
1.82681789670772
1.43102747592291
0.785133932178269
0.859831940955903
0.808828760591603
0.68083653160346
0.661146802526444
0.816682794349053
0.789580109694819
0.537909781266443
0.25646849602851
0.426805999669241
0.893632641688584
1.09316346396804
0.879692350892739
0.837565406574991
0.501714153441791
1.35139412489286
0.132163235452846
1.26375491952757
1.27348107249512
1.73453674619136
0.448887204512598
1.45658882342814
1.1785114848793
0.75472784467511
0.614358850057075
0.738313051802065
0.801250770622618
0.821258266253378
0.570703153706593
0.55153604454099
1.14221453475262
1.13349230297496
1.00435230126018
0.865218254026128
0.915560791272369
1.73401021963588
1.50479977610736
1.28515074301758
1.4241462129349
1.14057915168062
1.20693519861082
1.07442485019103
1.11294418818445
1.04975947036028
1.03706417586945
0.550345822357828
0.914102101443653
0.965422506103218
0.80654113470344
0.889562972410823
0.848274636861475
0.779882893451725
0.90074972394456
0.693517218926143
0.368496171724778
0.373503428330444
1.56554390775864
1.21449003692383
0.920827271733481
0.673113720610322
0.765372650685787
1.28841100858727
1.07215869509406
0.645240517981795
1.00228696825531
0.824918192578462
0.799805165396896
0.863025557743627
0.630344785897709
0.686017771105185
0.839950759212872
0.854258410999693
0.812155313341864
0.80146545747257
0.834865988670091
0.838005316922642
0.655726059300934
1.65216517671145
0.473849978920355
0.949801574552126
1.65700219232135
0.173360281042892
0.508301887852012
0.656432639363705
1.14720137897094
1.24804787052044
0.322704927343364
