0.921770888558151
0.83347628099163
0.889177422796375
0.86440306240617
0.6092794944433
0.807022885382232
0.913595310559009
0.954923443024225
0.996902087554947
0.548031332648211
0.741383628416557
0.776011938111582
0.855690545504146
0.911347277625781
0.860987502912568
1.01075137974597
0.998653021294946
0.974327707849935
0.967138846987908
0.960587812228422
0.952151177363423
0.778787363831389
0.782188308436499
0.884696595884416
1.00820342721338
0.777955586597649
0.657775133229219
0.894941239765149
0.69272229055677
0.711931671084515
0.904628149318408
0.779959939200611
0.825179508848079
0.836471352023592
0.906658260827922
1.0447828873282
0.986948500669698
0.688519886992296
0.882064017018126
0.847977307199497
0.784592074951104
0.917598117672828
0.899784646909567
0.686091681371827
0.88808922875679
0.8076311851518
0.645951033534048
0.737885401627294
0.630684323120221
0.875316020026331
0.694962891279772
0.8574949136228
0.886552821085544
0.759844103827582
0.692774505509657
0.910132159075117
0.886498993501477
0.87718039445223
0.663580546230298
0.910596854770028
0.976239768618318
0.840492399489583
0.88059952745453
0.965942528860941
0.520861715882771
0.964212174137745
0.708057530150916
1.0352252970439
1.03732414971023
0.608435530921821
0.766165302724981
0.785200204734466
0.850862302152511
0.812499505117743
0.630910472641637
0.779708147926714
0.884615758122361
0.898536945694567
0.689381933736873
0.689936799936787
0.769400968217215
0.718992070024783
0.863750851242108
0.904101592834591
0.906796730860519
0.891766959541954
0.904730781984609
0.980037921232277
0.702804446166165
0.794784549315205
0.865981056416388
0.991985289388276
0.867557194300084
0.806404629151658
0.895296309627847
0.79857567077299
0.817978627074124
0.754648143565844
0.831974752068305
0.694271146257857
0.885282494741837
0.959056930359799
0.888719013106196
0.885382849810755
0.913281779481707
0.866650844732306
0.619647292268347
0.684566774901556
0.699824423337681
0.913818057963579
0.885533570413034
0.904611132629491
0.600156474718478
0.847637897314457
0.974983729665104
0.97274037725661
0.809193187069607
0.763787501959583
0.732444827518068
0.775449778742937
0.968516789699069
0.984856211746878
0.962537073284242
0.926876579938075
0.86144298716779
0.895419278941558
0.834336852522098
0.954098825939255
0.864455573994794
0.849024483864884
0.842721489348347
0.70335444767385
0.694426172622823
0.685108525590914
0.80613349223007
0.68277011646513
0.663289780592249
1.04924196267495
1.40962717973988
1.5777170001737
0.756471921505453
0.748205810369738
0.805041408539886
0.841023733985918
0.978425527629
1.1669182014903
0.772121961125386
0.764300788386098
0.848061597456775
1.01634831456896
0.940632265534639
0.347121672015149
0.205745480304241
0.120637779808174
0.269855791911807
0.715696226068855
0.649269416993069
0.661679494423487
0.267874311065883
0.195409879418202
0.314804616213584
0.495932413066215
0.567971366600502
0.563001683600849
0.636783711676651
1.93408698389763
1.96191999814203
1.63795413775983
1.7710823403449
1.77660960944829
1.94424002083458
1.62647732392168
1.66422255684462
1.38145516265348
1.49002064853879
1.5702839928194
1.42609413048928
1.30675023375571
1.26934145299883
1.3208357853043
1.01256887228446
1.05404824488663
1.1211248131218
1.03184255633061
1.02597394794226
0.991431871199001
0.867592701018417
0.936554876176987
0.498882569209657
0.453328023351265
0.321826343957259
0.420249035185671
0.418632333121592
0.323884401383835
0.274953378198338
0.207081742792521
0.354778049292005
0.603899800491571
0.493281147230132
0.23051991251429
0.580548912804668
0.230142953916547
0.615111332239449
0.42367000354906
0.726417214744834
0.670164373248462
0.267903009330891
0.183404577499384
0.233633848222782
0.308974458484708
0.631548438095782
0.721952940056962
0.814843910071492
0.701527882299486
0.54633567457266
0.749400332461532
0.754951744806836
0.744738109368089
0.620114895049646
0.525937395185114
0.678833016391914
0.756522556410397
1.14394162965794
1.29085231697806
1.23238919603654
1.21460148507702
1.36234885837637
1.41278214866403
1.61627071143837
1.72065568730566
1.7818644707976
1.44069665001961
1.15068820727625
1.0623981863698
1.11059916464714
0.985692889302083
0.9395960021808
0.98649060124542
0.911309705141355
0.945384177584918
1.04686016143411
1.03585851805315
1.04758314661422
1.08448437066785
1.07045654384569
1.10127232571113
1.05762860933842
1.07578526649234
1.04059260711603
1.04196995684596
0.231397739821659
0.270311862140034
0.283544233624246
1.08272149638515
0.906089903710274
0.954650332330637
0.860598115234939
0.933768777789519
0.874088220190935
0.659007919994754
0.714557192358439
0.537919481455873
0.378720140841517
0.428763691559903
0.424009387533518
0.428669961261889
0.971938358496897
0.874152436361898
0.81566370385167
0.903785754843722
0.863582248290807
0.799268813733115
1.00729239188428
1.52549939799465
1.60211765276376
1.72929390616464
1.04723038686264
0.83496020069547
1.16813009650738
1.08198506918578
0.762765329181648
1.16651487923819
1.06518203787411
1.1612768980307
1.09948210182342
1.23086531935737
1.48528199693583
1.28719469656558
1.5542953118151
0.876223275655963
0.958256644239147
0.966401822058448
1.00059810369575
1.07097074428709
0.380538491692749
0.504319985023339
0.972494082458438
0.453563520596685
1.05914702159549
0.497389094472124
0.445955922016891
0.78275608089946
0.97420225144113
1.02743427220294
1.01088458270014
0.973054538155327
0.864061199627306
0.639118829245754
0.577618266856162
0.97547528831601
0.406636793704489
0.499788078694076
1.06912854549857
0.878183020107642
0.849328933839851
0.745616835643433
0.873681148673607
1.02818258530018
0.633026977040646
0.746430158234252
0.823350501736452
1.06919117787583
1.71804388069714
1.15551221853125
1.05652766191879
0.434587879071892
0.427999876772719
0.808236746603537
1.02382015835469
0.441297124887675
1.07754003445735
0.757601897091891
1.03510739681996
1.35587369063061
1.04677014968771
1.65076861273354
0.454283785743238
1.50657719170547
1.69008301193893
0.289675735138273
0.132387361051036
0.507892697602812
0.359596207947213
0.499504529383852
0.429042955473164
1.51912745633479
1.33200789412045
0.604205652737558
0.985144134227814
1.07716937490714
0.882499884958927
0.206074367986391
1.32826786224913
0.938635313673117
0.721606387100919
0.96613109855698
0.913598874895928
0.807526404074158
0.748563418704703
0.911898315780028
0.943271682271376
0.851922972790396
1.12217834881677
1.43262417952333
1.58047137469005
1.88039752207683
0.519236011684969
0.715800421479316
0.797629885711898
0.729757501570727
1.06697278031665
1.09767241814273
0.599730347528627
0.667222135403794
0.828721706700071
0.763074870034219
0.934719407224585
1.02404347525174
1.09897635675915
1.5180676965318
1.3087354801549
0.868796668725427
1.06953407698721
1.29446716149481
0.651500376190355
0.640444958025533
0.523603589764422
0.800117942658143
0.799738270660491
0.948890419504011
0.824869068992471
0.928459963999437
0.570514997461968
0.603406102869602
0.734155606762237
0.630607369533269
0.72764814777867
0.691717619387134
0.510774744646563
1.82403161337339
0.86041801308968
0.884018240384728
0.946210714391286
0.731980408162725
1.5248799632152
0.915246706485037
0.607544980468156
0.597830751903852
0.713867461986489
0.606845086777572
1.03030738087778
0.45389035438993
0.903090681210207
0.917478060958995
0.907356281019249
0.895943995104998
0.913994853621468
0.890543207341261
0.295572308006115
0.239899561874445
0.422612736190544
1.02901926666045
0.734685857709054
0.253691587796416
0.822007730940352
0.73214908556814
1.16811053151032
1.04525893384502
1.19970177260653
0.941333155994601
0.985152807767917
0.879699744504078
1.05599135527821
0.867738561301958
0.469271211322147
0.430105859164404
0.54675553021328
0.975705741264083
1.0584738618186
1.02524795570642
1.3709286101293
1.62464601647007
1.4923204599023
1.28133653128437
1.09351391688087
0.908298275341466
0.863789415464361
0.986660370471761
0.314691231359552
0.252498105781085
0.363694355242613
0.337432211898838
0.53096144826906
0.614622662690511
0.918794839410969
0.616749029098465
0.656557708249045
0.443656458556868
0.411486619155217
0.531911482806387
0.390078972777002
0.546887906120961
1.09909486638608
1.04392233545644
1.0251543045459
0.942969652815287
1.10968832007118
1.03481368912373
0.973529827966939
0.909610223886895
1.0595875449664
0.549723474093146
0.653340420841476
0.343193982040218
0.470589797657629
0.92045146569274
1.13995172220202
0.228705038194818
1.53630781378728
1.4060781639677
0.925634791395736
0.646209891070648
0.110728404165248
0.524940841485193
0.859836871552151
0.93063520455396
1.17096242886614
0.932383614561325
0.135419663793474
0.481579431861212
0.930927303311385
0.884031461005779
0.887907616959564
0.960813990409347
0.576843264942195
0.736801018124018
0.768241530359438
0.918461771408396
0.545192074723889
1.01807479164751
0.908140142312123
0.836349337263808
0.905421688068676
0.67236741921539
0.94746825954131
0.658482879164411
1.05866095482045
1.14120279938725
0.909710086961902
0.749396333020087
1.29990916886039
0.641082889993046
0.625474998917542
0.651693015857006
0.363644073169535
0.916516461862198
0.258842762997493
0.564655686349332
1.50564422162227
1.03492297295855
0.938892241244673
0.922139846065179
0.893100574052499
0.946466187295933
0.492992381107195
0.926073003845049
0.797303183926008
0.301537198522854
0.308458370845986
1.03114409038342
1.24512743068914
1.02500498646035
1.08631598830144
1.03879481837335
1.27382997723412
0.808425138719565
0.948118646178148
0.649195140790622
0.717151263393019
0.192289715428705
0.990313974326001
1.34459157519331
1.04728134078683
0.8610713427268
0.956188059044522
0.961569090467905
1.55670786146027
0.664487517287143
0.528710374950365
0.691779344815779
0.778443274151989
0.468590328200547
1.37973826707671
0.11704941018564
0.900902600122334
0.555167928266504
0.194609587293046
0.164587239190217
0.695909240090291
0.170704112459075
0.535079799778765
0.52751130222324
0.895146045143287
0.342531678471196
1.66479979620131
0.322945455485448
1.00352563664408
0.896802346234199
1.06099151836441
0.298433856268867
0.60850078210904
1.26430597516591
0.469889616053842
1.00907203192063
0.90532799676458
0.894582179697627
0.917885262520206
0.408087178505163
1.40772800300968
0.982784601881774
0.767465534562918
0.651181348817528
0.345897157199489
1.02403014462296
0.817326130992701
0.46823247484168
0.685335046128852
0.923569797777893
0.781034381890127
0.980892750112632
0.96778802133984
0.658692313515267
1.66725708178996
0.328179709336253
0.917828462572769
0.742106452160977
1.27256949371326
0.932330041435268
0.93287994193607
0.182149845458308
1.04933778859229
0.399710392162453
1.18544228090598
0.494224292499558
1.12447580123059
1.21729091263828
0.882158680714562
0.90631314693627
0.95346167603304
1.09505276655268
0.935706509256451
0.768797243906135
1.05895463331638
0.643804508590312
0.75025055708858
0.59935237672564
1.72710065515848
0.806134778211533
0.575423057288323
0.544940372993195
0.433179292736389
0.875213398191013
0.83384443434927
0.335967346624902
1.6720122229875
0.765618911358607
0.588519473422579
0.845614548918482
0.410439103152433
0.262510171438108
0.997458718129292
1.16398958167434
0.872509265079168
0.654617765089806
0.634926784326194
0.903396315770543
0.874264276344073
1.14578101169251
1.74660102058791
0.910162156213713
0.923818134967314
0.920841585452143
0.767204877724335
0.988861192314903
1.02580315674452
0.80107506979407
0.953666441714817
0.375688429605029
0.810383983165476
1.23411607160165
0.598475152226846
0.714219217921405
1.0282936861855
0.67685916958718
0.645212892400184
0.701783697256312
0.356616528565397
1.07677698372377
1.06466601724783
0.963221149986801
0.631053416011206
0.467278088686924
0.787932066901661
1.58088701496559
0.134669635528573
0.544787186747263
1.24546221150762
0.910940805981782
1.43182532655216
0.694921964755217
0.903174992092676
0.533528807948461
0.847575566464576
1.60200742410872
0.875117700663857
1.22010296164866
1.2163378748923
0.906969547350585
0.438509779176777
0.46720046835685
1.07417114194358
1.61975536623812
1.2526104034823
1.19465620601972
1.45566213961959
0.261992755242312
0.966714821927555
0.538770803664952
1.08589658146401
0.974386024571559
0.569431434613213
0.190540911980228
1.65883152714993
1.01605449050182
1.41158330982745
1.09152579944344
0.765128480359284
0.341306243498423
0.353099565738073
0.94386409263254
0.960191327634536
0.885676518070253
0.116276190808924
0.456667935934906
0.423197035704199
0.898765065837037
0.91714140997998
0.742007050007013
0.69326459200819
0.729404327005362
0.824468837259802
2.10008670456549
2.00754275440843
0.720997896276386
0.857303843648556
0.393749546568078
1.07001811989624
1.02558065161199
1.11210410852129
0.816669569647533
0.140500843535249
0.262309118403598
1.06346182405383
0.489325088370028
0.686428546271419
0.399183288280954
0.975510879233867
0.636482752710575
0.425780974896512
0.75332171858746
0.501261549758693
1.18488148053356
1.15591871203776
0.690616454250363
1.82745193891393
0.502063294929492
0.906302291839253
0.953110232229422
1.01571092336183
1.08797447866677
0.453386972139213
0.98399704347228
0.987771144240636
1.64916729265776
0.859362673988941
1.49555079029048
0.989496061938951
0.965113922757835
1.06925365342003
0.839882111913582
0.847072190904421
0.880053261389911
0.815879072227641
1.01653058406553
0.745737830154679
0.401408187981133
1.02170357143413
1.36471664199957
1.56115747929092
1.22289193998221
0.585998029657636
1.60739376286879
0.286046797868512
0.595605191089197
1.0608487871909
0.599907990578177
0.388705100093253
1.00201957764598
0.187953782639145
0.897490450286632
0.414711327471106
0.334860746515726
0.536338080968324
2.05069505885184
0.9113813729149
0.928173173361363
1.02246500357234
0.811085846462086
0.862165493245207
0.830726168054934
0.483502474223479
0.299767045021214
0.325348829597982
0.654861873044565
1.4834472738328
0.419167676224826
0.604823329814441
0.996968005701783
1.49226067401703
0.96784925006592
0.998640263438216
1.11505459665516
1.09419944775571
0.77766512955935
0.706476191726168
1.46507772891558
1.58499130402792
0.514843813599762
0.647004911233106
1.29344555232897
0.36448434955785
0.958195345465035
0.640345923775528
0.798326023834028
0.686256558309205
0.941505571550941
0.950608628955569
0.559900106691366
0.624253274151503
0.591978511934688
1.36691129694356
0.937426351706574
1.43057688653026
1.30037954849654
0.270902182161441
1.13303348825845
1.51019055078338
0.907250934098091
1.13385688332066
0.690980674414067
1.1244364672936
0.526398042084382
1.51107412393146
1.36429223697111
0.924778733058882
0.977258513793509
0.774231751482628
1.03782171298647
0.689434971089765
0.669959810461592
0.939275107946591
0.79579170373222
1.37746299700439
0.541460532962567
1.20763835455879
0.900852297174735
0.867693040973356
1.30422692553455
0.430769561727632
1.22575506216371
0.411653165475215
0.153378511911734
1.29056514911619
1.10946338423057
1.12076084186396
0.955050253744389
0.910039512358543
0.285440099386192
0.815178650509424
0.904242902618607
0.887299360527778
0.581106614996961
1.92281451640347
0.196658504987363
1.05304046879695
0.331111083415379
0.419932582152297
0.944606897847233
0.821760920505023
0.861868641689721
0.864280162624924
0.590484747497023
0.932185610930928
0.135613958437354
1.26627627425548
0.802224007026049
0.918694755382229
1.06805303217982
0.153118719409474
0.227397945012049
0.74216951895719
0.709291763102706
1.44755205080817
1.92258333897375
0.880107785733053
1.00183033003662
0.676831594504253
1.29130687357112
1.01075122327308
1.67038743427635
0.882429378953982
0.9791257659231
0.886178641210537
0.778187769961591
1.07467872735826
0.733597437655179
0.655976244783499
0.789516678902655
0.873115676171885
0.610361028944211
0.603609824038044
0.126935001308284
0.815561858268515
0.996437616184316
0.410082981970186
0.292701198015084
0.888673058979463
0.872955858437347
0.831542382596873
0.892545817383576
0.860049994716918
0.868618744803909
1.27543097073883
0.53610234702608
0.275983498546823
1.06259956792248
1.04353097030059
1.06434020696032
0.102420938937489
0.699655292927302
0.644097020415987
0.929811858728665
0.904117379960064
0.910601929952328
0.616088037571287
1.27491629900843
0.567676947303365
0.592586055717359
0.997085550841527
0.618037171420334
1.37935644742079
1.57407192439779
0.918587424796596
1.05833387438485
0.94827677917354
1.49617952475844
0.778422679661533
0.742297885257169
0.713301981305827
0.672674720422002
0.983007948890847
0.704329384260503
1.1985159108863
0.778184600498062
1.08698936694214
1.25780227776632
0.846766602120182
1.0479902226821
1.31137868331169
1.00559151677119
0.795636253297481
0.312421932533588
0.77808181259222
1.10244238996955
0.898422795549115
0.808911519554297
1.0134222271015
0.828849121846012
0.971891288694772
0.858393993171694
0.966546167467061
0.181321759551343
1.05609780625227
1.02407351615625
0.716771525929299
1.08443741242328
0.918702554759867
0.76497233204092
0.786157719473819
0.554549931241499
0.845139615449615
0.674186089066029
0.692880753675907
0.659486458974198
0.929118830522421
1.07446636312522
0.951567208370102
0.611952062092139
0.608771790240049
1.47163922082838
0.39367062500464
1.16304054383908
0.936350656408249
0.80037698632544
0.0947269800403349
0.2459076624096
0.989463306424021
1.07649705924656
1.35830131158266
0.70774042208086
1.04422498751295
0.732731958726948
0.685924117454608
1.32206131571958
0.947151808018812
0.528209259680669
0.777356887753836
0.986984861768421
1.39018531654312
0.660881740336808
1.70416497612294
0.940528187103086
0.929279082484433
1.54016080406796
1.5997446994845
0.53603680747397
1.55162883833787
0.75765745165286
0.313794032004828
0.911545993315289
1.09039846580974
1.02336674825857
0.914921671769764
0.794831559927835
1.65683719793256
0.769704081313366
0.428370866204652
0.439860259133181
0.945729889704926
0.758354036652687
0.682162810480656
0.491605736882612
1.3329687071006
0.981129280484499
0.90621305038
0.896560162788006
0.9377905183301
0.200179121397643
0.320767171635796
0.886092088253466
0.571626107695123
0.537634756905501
0.602213280937843
1.17921060544635
0.452069937343857
0.77935882525894
0.894513813851422
0.933453132706328
1.68869707968806
0.91271763230216
0.942762373917497
1.46812671421798
0.494928796884184
1.29090680264508
0.940628631913098
0.883836841833447
0.887836658126809
0.911698459047619
0.422372066542652
0.362424392729715
0.730243715272496
0.879237670822696
1.23507254147997
1.0961983738551
0.974815080789757
0.708417863774406
0.488882205178081
0.766803379581636
1.06424626184262
1.17821712408615
0.807626329323002
0.813118390186681
0.852612962039521
0.823658853875163
0.747081312122896
0.848860120922095
0.866985129669063
0.900710878271862
0.765668370212855
0.82092947841171
0.790405592397854
0.833275453403862
0.824406381259419
0.83904722301854
0.837046452824296
0.847234417432917
0.815795686419513
0.751525496503297
0.779673912792729
0.852555385583868
0.672853579164318
0.868141445654664
0.829391590599376
0.857265361438423
0.710835003176098
0.920243820335779
0.836184395645566
0.797454628988897
0.872495589460542
0.938251396461523
0.835531475198822
0.915795925224704
0.863481809561794
0.710557734294075
0.788121295810343
0.877393315857965
0.910332129794682
0.803180971150477
0.92753428089337
0.815018119767741
0.889867800528704
0.855678405829015
0.735927637120708
0.684760289684499
0.860959223605778
0.741509149563305
0.783609839011686
0.810072960009651
0.781916582876948
0.92097032450243
0.864842376687808
0.859554048087555
0.846979550316725
0.822790408552075
0.791759358457411
0.813591055395831
0.74765412308153
0.868030997423263
0.837508185445218
0.916786010294207
0.858682788944935
0.853163223526566
0.791424585815154
0.840974523879389
0.789612147314946
0.829459874235061
0.807955187613805
0.841346327338093
0.832170209205334
0.829923503483401
0.829342443131248
0.823250961147158
0.876467929058119
0.848027704887597
0.792271364470097
0.800827740079876
0.799247026195129
0.831027405549362
0.778609997410098
0.779814440953837
0.820486748763654
0.807239836412088
0.671718622473422
0.726063221489525
0.944637511418932
0.858883185304671
0.862971561067029
0.836417053865542
0.805648796138412
0.806951398753373
0.882823178030512
0.886816114680164
0.870643450857442
0.814204680074303
0.823524416279604
0.932015193839952
0.901453003422514
0.813526653633871
0.885542435318754
0.857635933077307
0.824432860092506
0.766376036958493
0.745568021443818
0.847869883539794
0.832168477141586
0.797029996130835
0.769621632687282
0.792884679745088
0.738176863169849
0.851206331921503
0.870168265681504
0.784254065972104
0.809561247655773
0.942182764195533
0.693329460168857
0.885669186938905
0.88526121601864
0.949072319616118
0.718218151869381
0.934037877081295
0.873850761577455
0.876621953258131
0.723575587103475
0.804645295312067
0.922431197454655
0.847782519295362
0.715710081606998
0.691635925172321
0.884531172334704
0.799077633882276
0.872500263272203
0.784164626736172
0.874336328669976
0.937963696886392
0.893629964822185
0.871699834180104
0.872915135326371
0.826794125929898
0.840697132126709
0.842702425389779
0.837175955193952
0.837047724563469
0.86769702101736
0.794569635659243
0.802365308597371
0.86599089476801
0.888700805555275
0.806251535601221
0.871729126050632
0.832374474770848
0.873235423731228
0.793135781692423
0.68479709385341
0.657782889787058
0.980818422508383
0.917219650572453
0.785384140265274
0.819963409699414
0.834477809263639
0.858597544898779
0.846071798608348
0.733211404014654
0.8108821727236
0.814517853683708
0.807807148526085
0.80578985933029
0.750887317462116
0.760839257740734
0.8004147894947
0.814864889168403
0.804536321549165
0.860245899712314
0.837596234589526
0.856627393658466
0.80814632182758
0.967835923996824
0.772200609420142
0.851148638843263
0.939351538289338
0.620115631448261
0.667383076697811
0.746834835276958
0.768105320666186
0.884226025270613
0.792253121637697
