0.734170986345303
0.821980527438883
0.975173028694988
1.01169368839666
0.263672095457735
1.11265209055147
1.35201799920729
1.50822288722213
1.65812460131494
0.0978756442988875
0.109672883257914
0.224943797257143
0.827304709865889
1.28116796256995
0.859072436084544
1.74748842307637
1.79562697166366
1.69810445212504
1.09722670350724
0.809323957122071
0.749889570659469
0.651911611103243
0.918048177862756
1.0129730970889
1.58998508683482
0.831589311842648
0.501732118373732
0.87204114958747
0.384667572448115
0.566012918854423
0.719834030901881
0.890049643798381
0.634733774784904
1.11686066253497
0.824650982605291
1.63176395295488
1.85127914461912
0.833056556339913
0.723720602163438
0.745848300453229
0.736537045891824
1.33402923667039
1.2544941457647
0.250988083217355
0.831133836977825
0.425305571010276
0.0009566963626858
0.591228649656901
0.457238406516932
0.71005115601919
0.291089836029316
1.038713466361
0.88606893041307
1.16160936878262
0.599876427815812
1.2539474763095
1.16598775808462
0.831930539959428
0.288416117921649
1.19683769050545
1.42748850696746
0.777469734510421
1.09091694442044
1.49834607724749
0.266466001731413
0.913893712523956
0.582204779748971
1.67758307473909
1.61458563032507
0.345636634058329
0.632577099965197
0.673599984476084
1.06073099802674
1.07739176773313
0.44240660678793
0.815010448422969
0.829034186087331
0.707199977443068
0.696780861778868
0.469273047668348
0.88153603139939
1.02052559599169
0.765135416690938
0.906056454134552
0.755339694166231
1.22707523816781
1.25408134723736
1.79874145170308
0.0467768331131199
0.324088339696231
0.751385265321823
1.84847205909597
1.2128234218096
0.861083617623586
0.732702202625433
0.782664670552538
0.53675002325767
1.04220166545637
0.71972960510095
0.275407167502837
0.939613968180853
0.771765755702527
0.848681355663509
1.09092500532115
1.26086085359946
0.833929325295962
0.207133821776065
0.290316272757659
0.342346721002517
1.28033488650051
0.750425490467927
1.04396769689083
0.0257939478583086
0.812419501095767
1.5780888241563
1.24902117895577
0.862871915208051
1.02602066141416
0.900424496531972
1.01542648586572
0.994201537503468
1.13069203232712
1.19753011749555
1.31319381098164
1.16340870799138
1.02099583101919
0.799952537882421
0.913635369579541
0.768549660981849
0.785327082487918
0.330568150926611
0.582334718945921
0.280834605056489
0.875882929131088
0.72525713079671
0.867791540989473
0.343412313292089
0.978018010615182
1.38230102067751
1.77698146241292
0.934804399799197
1.72681804586219
2.00488086386667
1.89028505332713
1.04863736324175
1.57265290997452
1.04430937020892
1.83495299810974
1.16152552123804
1.22266966241966
1.68273402387432
0.395705993273639
-0.00125373327622193
-0.126741272495999
-0.333254654410038
0.856033888241881
0.230842272857878
0.377512784969742
0.315730126700788
0.350212401617591
0.189456972707607
0.350204643490574
0.765117468646825
0.676044423214934
0.442114609660779
2.68609215138209
2.70868471191895
2.09848170501623
2.415603071909
2.64606065570461
3.01382626466653
1.79727339000896
2.17851620758376
1.9768461246747
1.39978187392806
1.27768266866223
1.14574829215116
1.5369697843313
1.01739240430482
0.71641385223049
1.33042200754516
1.57666367447548
1.82991475310635
1.28804476726068
1.37295480081048
1.50377987809991
0.712063280338664
1.03710169457084
0.150385290996849
-0.27695162450349
-0.686033734448431
-0.522463124399576
-0.502286382446333
-0.501565765081115
-0.491285280672191
-0.467696813465044
-0.384059685909863
0.13500030929996
0.478293395499782
-0.259444650612608
0.578030779153044
-0.577877110690155
0.0489867394889186
-0.613001153222786
0.231612405342603
0.872497237075689
-0.0957878289547744
0.0209191235791839
0.640402488566131
0.286855465037446
0.732606756786684
0.900042083566904
1.13779946986251
0.793008717553066
0.646191910787419
1.47930558556128
1.24217990713498
0.971727240497051
0.338376127038191
0.087577105354457
0.20521829750703
1.13097405559714
1.72741618253613
1.35400547654927
1.84836149138059
2.05652514152072
1.69970669077171
2.05076365478965
1.77876711306966
1.88842456486827
1.91101389877191
1.70546174138017
2.00355222978545
0.273639221269709
0.348243267029908
-0.026655606419892
0.106272937251483
0.15116609541929
0.63709049963911
-0.00809650390074036
0.257439438499379
0.0360702153202589
0.245020301464746
0.637778907644569
1.1256101605643
1.08090155859222
0.478008744388121
0.13667049793983
0.904126670110061
0.88369061898476
-0.0636205346414388
-0.0951579822761182
-0.25075713087686
1.49590907131037
1.09739976857642
0.958546336376138
1.2280967707312
1.13800015534684
0.863330118982406
1.00806852969817
0.826346198872324
0.607120318642128
0.0778588191990321
-0.0444456975793665
-0.402504332613132
-0.142320965480718
1.48748033999877
1.54728416238403
1.20381841453168
1.24198906370602
1.04935521737889
0.548536327339333
0.315505624013326
1.84779715409446
2.28427734774646
2.1445412561535
1.26865573413502
0.826189896947564
1.50567347692388
1.31781709553382
0.919560999214329
0.964027423514557
0.74425856923682
0.91709114757764
0.704278653416745
0.846510524119392
1.26736244031392
0.846747904850903
2.15117142696535
1.15074766017665
1.06682471931698
0.88764425430188
0.60050179014169
1.55812975043072
0.059891764089653
-0.159653779211618
0.287370865455583
-0.526950951572964
1.50587084056755
0.573082698197444
0.730004832653466
0.827896571842283
1.0810478118536
2.00809000232946
1.10920665364181
0.677414820962364
0.867535809264437
0.0793126138625876
0.381723492694079
1.33007411196113
-0.149757970414949
0.468782799592016
0.997204579429762
1.46880967736292
1.19138323045947
1.04196043799536
-0.0670840778671249
1.58877433278026
0.840163006190092
0.707931431761074
0.858622365063446
1.89134882313139
2.34094182611543
1.73262033681872
2.26445897126112
0.500145173217494
0.244666599113719
0.894460619860255
1.04400833005081
0.131518670226461
1.98749437345063
0.270350239845417
0.236731611250146
1.00962761958542
0.760711610967438
2.02257223997503
0.35169243212591
2.0548028912849
2.45107789602837
0.38255670249816
-0.125239003373193
-0.0400752724311729
-0.339198594684026
-0.00914237588505211
-0.538245826973758
2.13602071684255
1.69063027359606
0.594252195475978
1.93621289840019
-0.0693661037172045
1.23178048008005
-0.0796246313006078
1.40585219434075
0.557310760814948
0.974553923701143
1.17887593854576
0.745751648975492
0.850844087638889
0.109845962360398
1.05526025919365
0.898052479357983
0.860293129531813
0.914483308059899
1.50720382054607
2.06522021420671
2.96495912891556
-0.0653031686732575
0.724586431011057
1.00178600876233
0.67643521857154
2.01792148800756
0.8510483808118
0.734717032128106
0.679785930677186
0.862798921176642
0.749402360689084
0.444961136683755
1.02834819004694
1.69518577478531
1.66875489740526
1.47432710265159
1.10854123966298
0.986997100181238
2.03595482475239
0.776782390089152
-0.122167808791017
0.264582222583724
0.386511748373262
0.764402440334103
0.70153639500356
0.741085641619789
0.506914732394646
0.541278840276498
0.842700572956814
0.784716896230733
0.602022261916389
1.1965156474109
1.02731159922084
0.488780738745285
2.88306038051276
0.883310269803065
1.00422466282209
1.35656084048046
0.510903128375008
1.93035276900266
1.18835675747104
-0.0328269650521517
-0.0266315522214817
0.313355877295885
0.131856793872885
1.25723041229512
-0.0462388872496205
1.01801368895271
1.06954499433617
0.834179777931506
0.634785204961898
0.863956454629964
0.41327988165956
-0.227830432451055
-0.207567721506486
-0.0119319567545394
1.3262641457035
0.985225525488079
0.425658083760932
1.05346380791799
0.937514682391531
0.697554722231183
0.75297526034888
0.840081723946282
1.26870854223308
1.25618150491475
1.18193096625105
1.1556405492619
1.2496688384052
0.00888479090313878
0.398023018668503
0.863456545643763
1.12642379323385
0.225879145049885
0.645558634342659
1.16569952471823
1.88601326023427
1.90000360141767
1.79050553071405
1.39823204962217
0.877310218502827
0.936332221238217
0.520377467833895
-0.567705342506698
-0.515711824749055
-0.313336776796979
-0.122230357702451
0.614061563778736
0.530317107226195
1.25409700524844
0.621196801876814
0.975202268915428
0.359585010880706
-0.614300813530994
-0.253430641896073
-0.706335140158448
-0.170842566481924
1.58999754935045
1.69912779988228
1.65154598380542
1.31023351351582
1.36048411731562
1.43625225725728
1.25896156366616
1.0795013954701
1.52548477741023
0.570753363337502
0.512432912164796
0.254738299248211
-0.19623433079545
0.796456701838487
1.72017502205453
0.198168574621042
2.04031924635809
1.98410902093194
1.27559792491013
0.550502074324648
-0.00316163460845469
0.26109852684464
0.679834868517484
0.676028310615434
1.83206496802994
0.72745076611637
-0.0966987949775571
0.0635708856799586
1.22304844657744
0.842652884269326
0.407898874994253
1.35408637780357
0.104968016431408
0.54770547499188
0.759434319069081
0.95549951532939
0.192353411427171
0.742386958442111
0.808701727456246
0.663065849248738
0.874722875367591
0.161396620138966
1.22657790812231
1.09544239294202
1.03963711155863
1.78080306563471
0.567301412118086
0.698419458017742
2.07038301783329
-0.00510743706254208
0.0332853966727919
0.212280760820467
-0.214980637440794
0.72134456972305
0.470807093690378
-0.00712653993871307
1.29842628541571
1.75074218379255
1.390280902389
1.5097904106106
0.886284651030618
0.111790991804062
0.563436292413871
1.37347332105389
0.491680566304403
-0.162469439656322
0.193042884656812
0.603533869411538
1.55186815539373
1.78412373935567
0.671625792572805
1.40625699637876
1.97695164422877
0.581420864717863
1.04007111055158
0.407590398371729
0.864174999546106
0.0343404247879681
1.53324066420039
1.93588793900649
1.682709504759
0.89079796672003
0.860699320946807
0.81672380528538
2.40669718480297
0.199761552521701
-0.13227003802573
0.283291803316726
0.68468146632125
0.612089307950859
1.83500550746235
0.00278910080176217
1.6062918229706
0.122817029352293
-0.22274857015821
-0.664446663119467
0.547566288616533
0.2865573219234
0.250910318104175
0.923778532575042
1.38335622208842
-0.439771186131986
2.0504848949557
0.780525378736698
0.955835842719442
0.498577479617597
1.61527680490839
0.459727178667332
0.407761615445971
1.51234488507274
-0.323764045644593
0.763088793368124
0.809766661540341
0.835574493114287
0.647587744620651
-0.0550491779626429
1.31586308785415
0.723264960165666
0.669634700312415
0.739605621609525
-0.0564739455852454
1.18021196096775
0.861505784315439
0.0302933098405211
0.971439247347379
0.750635315736933
0.383290334330072
1.25546651308213
1.44617449952576
0.58431333648041
2.25564801426795
0.161879060342939
1.05030646518002
0.610254165834939
0.874204965944005
0.426906189741082
0.245937205817625
-0.041604653977713
1.40031038612374
0.172493728510131
1.11497886964191
-0.086325896813568
1.67993741904759
1.69315703118255
1.06431035363611
0.691893037758146
0.64548498310848
1.5425810352223
0.804829220601323
1.05420909828889
1.62082688011494
0.0656243054746378
0.851125987846069
0.0112638481403447
2.21139528957536
0.684722192057761
0.0318054670426294
-0.132159093468982
0.237080724509157
0.259091754729619
0.760308562701619
-0.213678593633811
1.94381544161871
0.859938312603954
-0.092008683156416
0.3815834771274
-0.0559242794630742
-0.334310908593379
1.50067691714067
1.16012774372932
0.889855333253449
1.03588663079227
0.835789567417567
0.600618989057612
2.29866307322718
2.0996279653083
2.89281099808899
1.28075159363752
1.26567871323209
1.30365519469381
0.708024653973243
0.801561552548879
1.93983509454677
0.179499449504408
1.15781670709493
-0.249268672294664
1.03457179554283
1.79508464192073
0.423861342690415
0.410938195787562
1.35590351073045
0.184693923952346
0.0588264325062891
0.274635615692728
0.411234453124012
1.69793924178298
1.4292811097254
0.48289646114107
0.689893899887013
-0.25516827731826
0.838737532369817
1.29666907358159
0.106124391811356
0.673397942220036
0.681381062098918
0.74338312048432
1.51264939618607
1.06555194589999
1.2207645141941
-0.271687107971842
1.00166088234976
2.49434951739778
1.05052765266342
1.87482053577181
1.7464458191833
0.793563780920827
0.403145134695117
0.239914938270527
1.59837886827086
2.57348371477021
1.71723969547744
1.83220599849563
1.85719831373913
0.204086202718794
0.965461080945122
-0.18511524110209
1.77974119860404
0.308715766843658
0.520373194485574
0.296824932588289
2.15587969611514
1.14643901368285
1.89784396491413
2.10630310060472
0.907328211175465
-0.104850536320656
-0.414784990642133
0.147556063752111
0.864430651510423
0.598536796699403
-0.052103237427424
0.400195821979635
0.230562747264369
1.1644035691565
0.202544905532376
1.18064208066386
1.17144938093335
0.795299024701395
0.78852765703988
3.33841862738933
3.10645617198083
0.569309974028235
1.19308840944374
0.0935260064394523
1.56181507638776
1.25865136835057
1.90178856850403
0.497705073484687
-0.00369395901015333
0.213617282990411
1.46074736320802
0.476726033806071
0.486350810525783
-0.546678489176197
0.76905836151644
0.660459209568861
0.039403449433452
0.681082205215716
0.0889576145412046
1.33176642561374
1.5309558881926
0.270937989458516
2.21815962577917
0.523865181368485
1.10342424020145
1.02606647843795
0.0195085641007272
1.69722880521367
0.338106285098071
1.41843848054132
0.172129841301979
1.90356917294073
0.748501361632747
1.68055674012808
1.50344316386508
1.44605093172872
0.426767791679616
0.740470649123589
0.814747356428055
1.00767369877798
0.825287598099031
1.84447590467041
1.15647096185868
0.62675668191047
1.55771456803213
1.83981335379238
1.84384584994841
1.89837127325351
-0.0463340115129144
2.06473201016272
-0.0147598122043952
0.0384680994186754
1.70624275048139
0.454871445832971
0.524118284412803
1.48447346350667
-0.654439013102537
0.962264272209302
0.684767220577616
0.365581626736615
0.538076528913168
2.93324465358374
0.946973281646487
1.03640641406093
1.4112264127983
1.81210932915441
0.834679523761143
0.634858067036668
0.42928612773323
-0.045181130968921
0.234415568753333
0.23059706690175
1.67455455159014
-0.530163737974915
0.0725024283360302
0.833856562829675
0.840825273509245
0.163319580538935
0.556178432580103
1.68219045720761
2.09088513667416
0.974604223611521
0.600283601897949
1.61099877701266
1.80831072022973
0.21635198099383
0.442172475708558
1.93912041795623
0.512271160096363
1.48585089338397
0.822115431084789
-0.100931817730256
0.542235164022579
1.20439771256844
1.45705202858593
-0.0706389964376974
0.701406730703609
0.244768278899688
1.77737940995092
1.58795493699249
1.69861742541164
1.566520107102
-0.340161707224304
2.05876876008076
2.08141708287263
0.171096777691244
1.92478877588258
0.747392008711485
1.87047689703312
-0.0770146156189797
2.04137756468407
1.34171696352637
0.96887633106917
1.41437178204246
0.840264407582674
1.92954792866506
0.815679557535025
0.533940020634202
0.638765902276867
1.94268361417666
1.7621353000551
0.327828793606914
1.10195803276725
2.00206228180468
0.722750803372303
0.845149330847053
-0.43062416868242
1.41017890565503
-0.244633682514499
-0.10295627311156
1.96274244706898
0.723970592437798
0.149498057875192
1.02144615885752
0.664798553255617
-0.0281684238223914
1.58312273121323
0.650413123535991
0.667354104239159
0.360791141009108
2.49673891753383
0.167615152382071
0.141485257748243
0.677059700610696
-0.107803577586713
1.30468463558438
0.700825657301766
0.564407523542961
0.932498286594379
-0.0220507470582343
0.690017913241003
-0.0600628520814378
0.998082739841014
0.999549656301153
0.708530237901145
0.867343506518112
-0.112123937035217
-0.211531267646806
0.854785816615128
0.402137982226512
1.9951583065885
2.8677624883003
1.16156712967247
1.16319897627041
0.523190353549914
1.01397161803604
1.55555534997825
2.07996291910388
1.12336829304817
1.34529678947454
1.08399048299201
0.791581061537899
0.670450239466029
0.913441947172763
0.264612558045601
1.08886303117317
0.659871300955471
0.299191382573607
0.790667480687933
-0.056158289106688
1.01292335684714
1.24477632019638
0.229317244594489
-0.0411701966703375
1.14248689134142
0.985488396423355
0.657723138989569
1.32683869850129
1.18314283760914
1.23309486031054
1.91548435092395
0.53600577232607
-0.0442358284841467
0.86369931535322
0.759002937303655
0.991410543974444
-0.0520190663468465
0.982976324999192
0.0961376368460107
0.970533127639227
0.729396473416123
0.807937172515137
0.523323087614461
1.75896900703326
0.00623775546265146
0.543349796228714
0.173160473684188
0.511525163163971
0.980734837370114
1.72167647606063
1.37763256347637
1.68790303501262
1.59864764878475
2.41609483144666
1.09796559559253
1.03544452562643
0.972359212755896
0.626735285280655
1.35055102271729
-0.0226202474758374
2.07569563619208
0.228476365193485
1.66695754493756
2.02774918521189
0.409899270752785
0.283183309993865
2.30726363787543
0.980710162685674
0.856186690225925
-0.203168705574402
2.04965007360248
0.771630333940325
0.962414133998677
1.07449469620274
1.37449460852556
0.625357871891672
0.837446494418583
0.828206119066377
0.0961264017138591
0.0587386237446706
1.18129210910088
-0.0733142684198764
0.999016713361453
1.45672859063977
0.707607052140453
0.416918001042425
0.796698759611294
0.948729954659231
0.804155122176395
0.160578801988254
0.260422858109538
0.14664398271463
0.816708676409058
2.02959775969475
0.34149526677832
0.81411177362592
-0.115316083616569
1.79868788785246
0.177505787636254
1.78204331562925
0.646592650312003
0.362942949774201
-0.34595614569701
-0.0617762939669807
0.764038337344472
1.99699573165137
1.32037709416052
0.985891799797724
0.214262881753713
0.513384223002848
0.426436122727298
1.27112505290681
1.47692312004694
0.482506966745397
0.766557100393353
0.55631660602771
1.90230674275593
0.350348637838907
1.73590440337801
1.24405431841943
0.752314918710916
1.57270714109226
1.93786392479498
0.344942345751074
1.75902975775248
0.63654832908384
-0.710592363491176
0.797069171958034
2.00107188615484
1.94638189887194
0.247661980030986
0.930099608180615
2.3315940051432
1.64735088816252
-0.282629765004799
-0.0396482490023791
1.06131986150531
0.911959892108838
0.208366804001804
-0.303425286200108
1.79640894935564
1.63098296606273
0.939506959187658
1.07765802757182
1.3518037082698
-0.220305623168019
-0.344539599892227
1.41938794402604
0.169894429185372
0.0263662048961619
0.110831755554289
0.507283206980472
-0.409753148021779
0.733320267931192
1.06311376404466
1.20369408245744
2.02281986188524
0.919952954819074
0.788538335637434
2.13866929717619
-0.403158820000686
1.02560507269488
1.03649946931266
0.551494701273893
0.574770179234643
1.30088341328357
0.300840741192078
-0.00647398522208755
0.478199277650879
0.862337487615792
1.66617433140681
1.40275583675316
0.162557827475747
0.0295323686593831
-0.142121982662607
0.243142611445969
1.60886260979692
1.99955139116733
0.786905301505107
0.813085031233757
0.911322794180337
0.933037327624923
0.646588378471929
1.26402434378111
1.49900147468646
1.63633986985368
1.10781851973886
0.69421615045071
0.685269924290011
0.912569665817407
0.976577761796951
1.09276818776491
0.964939714856493
0.811327086649541
0.819739116893229
0.739675598248756
0.745360095695494
0.930649165542968
0.322574077283323
1.15132245003798
0.743575685276804
0.808910350602987
0.436178628374464
1.44789386145817
1.18513898069597
0.394465295669327
1.17166665902137
1.57258575514043
0.764377905855609
0.806958588309723
0.913861958314207
0.559280273258312
0.912673876128717
0.870591097476223
1.63680451157066
0.846923965563105
1.36578090861747
0.787312154221398
1.86599699013812
0.811295379575146
0.261819277539383
0.494385670232832
1.04276475438105
0.540237519625236
0.809364435564837
0.565185526554813
0.953569923254183
1.1575554671295
0.973027638860222
1.14080539256605
0.937496926163129
0.931219292504518
0.786697209783907
0.875119948800303
0.684046201265424
1.19697894716008
0.989187495334015
1.59460979662543
1.20523965240962
1.06538832878305
0.63997455480254
1.08687527579559
0.687912999078076
0.881750398434689
0.741022829093242
1.08847991162931
0.969128186627814
0.852973117749691
0.808056311980617
0.82743393942836
0.788692861429431
0.842034566803975
0.854093018901778
0.830387525972408
0.818724039708533
1.01067201650741
0.691049350033552
0.726854614194341
0.681040684934592
0.68307446712284
0.378599309593082
0.605869791885899
1.46694770632094
1.05147954736926
0.853139053448883
0.818691306884975
0.78834361221547
0.805031179332436
1.14829309327826
1.40663099228676
1.37755569900149
0.931651937135038
0.936425483223892
1.84760642171226
1.77931376276203
1.35560922965533
0.764365672359357
0.817346202029916
0.78478879876467
0.678701041299511
0.659557247559647
0.793354897115975
0.766246397383378
0.572929618943243
0.282777823098003
0.459312115989012
0.850031594643668
1.02856223140135
0.862297511689591
0.7837112485987
0.488371792945026
1.29685363527166
0.158257503978533
1.22110704059659
1.23611441268078
1.68108915513567
0.422848452083388
1.40238968608909
1.12973168698438
0.764031759604054
0.574894587739553
0.744343048614895
0.776055663322217
0.8146528278345
0.576122660432171
0.562330522858529
1.12790123285615
1.1017144418682
0.965911269973773
0.847095719913491
0.901509412880055
1.69038302528805
1.44471298361154
1.21717972442294
1.35437971693744
1.06089789222679
1.12969442263354
1.00489423962236
1.02569614778105
0.980806637392979
0.968822495309649
0.565791521047692
0.897031578060101
0.940166623612834
0.806082072252502
0.867382863762721
0.830837962601611
0.748567556504186
0.875351868618346
0.699066132327978
0.357309448618474
0.371973592299291
1.50836163472811
1.21131919777649
0.933392818183275
0.643369317486286
0.757374872586246
1.25261426241811
1.02412785663688
0.626011332447392
0.992314835047163
0.834128454014351
0.806141601120697
0.863945054814357
0.637735302245339
0.691180800768138
0.820427857510015
0.827632672985938
0.794158613659504
0.79636809963161
0.811779267570739
0.823674171797266
0.645428838895395
1.58644203964341
0.506853499214587
0.93074548683298
1.62490960342827
0.181576239633501
0.508460556218073
0.655028677013672
1.10728788252499
1.20632582551045
0.330143142040984
