0.724742654827818
0.698560216341441
0.845811570160059
0.840067211424644
0.0513233339050868
0.226267118266245
0.450850464179514
0.588896682631243
0.748286532889913
0.207103184801875
0.23802047048016
0.249564942473889
0.430248658698777
0.817133980244418
0.723265948029375
1.21356611593975
1.20447987572522
1.10753090918349
0.910638112433049
0.798490663668923
0.747526027931896
0.478126556503655
0.725404662767231
0.717303318042259
1.07605417299515
0.711276222391908
0.249311790079137
0.74791239246602
-0.0229325124515474
0.470851338684042
0.748758142226117
0.699312798553996
0.31114397722718
0.83734939914112
0.793313399382057
1.21261944343169
1.1832669113313
0.0897283483812509
0.719636009226542
0.717631139707341
0.617817695332256
0.852043700044223
0.827455602456847
-0.0155335558565072
0.572281682891285
0.268681177725322
0.211896905063798
0.376386738842088
0.219334035410559
0.715065599221042
-0.0325508073445098
0.618060609912629
0.645049464142311
0.24876104580288
0.04053594403998
0.840005329536203
0.779236775552549
0.498464983971168
0.0454984645251694
0.798073788813404
1.02299202175253
0.369582489601947
0.770217988266381
0.961408388465788
0.26271911454242
0.849642383597373
0.332129600546026
1.22500501440668
1.16887555538926
0.131702222021494
0.441451354802915
0.530495101196263
0.8435486381859
0.801023447981258
0.205217067623936
0.681527497945932
0.5351288727067
0.733398848771145
0.0572884833657172
-0.000924845908771502
0.704025481667259
0.172112718665066
0.70792888582447
0.827385529800539
0.765216081703365
0.806639510197097
0.839342722839127
1.15320928512489
0.226625431966817
0.256677239667316
0.711601132421343
1.1986249656942
0.333340295413132
0.696684995890116
0.721379839159371
0.715721685914684
0.288627385084355
0.165248659032096
0.339416122579768
-0.0217598467556406
0.680827934268616
0.772277420073083
0.608160652652276
0.749884755570698
0.82378951411947
0.465272597529505
0.000250307256713245
0.0319053629210683
-0.0217001264286099
0.815717730315592
0.728015509305739
0.772625209885039
0.20582392497539
0.400692769082963
1.06863780870711
0.96453431864041
0.860158619596101
0.843669761840281
0.762628073847052
0.90806673880358
0.907730131004588
0.99595157455598
0.959530283611464
0.944545106516844
0.910919523383567
0.907977276681411
0.898572935998995
0.892792899314434
0.862874842410926
0.883914633790174
0.757964072423282
0.723032411180636
0.774181074647813
0.747601036200295
0.840662906380855
0.790590618534186
0.825145635131739
1.08841894253077
1.80824313415967
1.93542636696524
0.866285820102093
1.05276480806645
1.19048592603218
1.10303659237336
1.09032528652926
1.64005196212398
1.03715631465629
1.25674547671897
1.05814546268783
1.22448727759777
1.36129478863901
0.00333710190859864
-0.189660428924664
-0.454033336330014
-0.45135845992342
0.590502144689766
0.398096237297626
0.368121363628854
-0.234235080201417
-0.171620743141694
-0.416369571222133
-0.0282894738294703
0.251371602529667
0.308207815546235
0.245289648336996
2.26437279025402
2.1475456534251
1.86772625016913
1.98262885091893
2.09242467373641
2.29503272835395
1.90384302282656
1.88822602119112
1.51948860382889
1.58521766639014
1.6670026818502
1.5153060635539
1.26026422803129
1.20063848598282
1.29582768285076
0.867465829448374
1.04718302464458
1.18863793151691
1.04355235492183
1.04515409833524
0.949720678355079
0.820700929296289
0.90135437259376
0.0940233020745974
0.0162147048373405
-0.114689410173884
-0.113486545238189
-0.123818078517962
-0.213793410488903
-0.253356010062767
-0.296299506511131
-0.15941799359219
0.108404515319756
0.0117109517184125
-0.253954284380129
0.00262724265927181
-0.30346090555082
0.106954773956082
-0.0133396499332737
0.139293760412423
0.622039890125733
-0.115899615846493
-0.283753397439922
-0.148576290981074
0.0972900431673589
0.262157175090337
0.558223258527456
0.603689342477786
0.34055934082472
0.324289291090337
0.84222717705868
0.751155005244673
0.702877990069794
0.522467362595365
0.458450574571364
0.576519771369817
0.880794650464325
1.30261608391977
1.44461529520706
1.47143807564461
1.47529610705054
1.59245292367737
1.6064923491046
1.75457049394449
1.9946645037586
1.92696979030388
1.64882598895085
1.41188070480037
0.764279117728636
0.839861753622054
0.625227631776641
0.631839163282844
0.677314288465589
0.624590913599408
0.524206818764155
0.697599610784705
0.703188673001636
0.623637492981702
0.736985623474708
0.889434245853776
0.891943371275822
0.762698165928722
0.814384001948775
0.787460415934835
0.785362097248165
-0.503175419600689
-0.393143339218321
-0.373908145920852
1.02340861384771
0.664264443130852
0.637023404373413
0.624458579160828
0.731148765063336
0.612650508780493
0.413407558483297
0.415330778623854
0.20197153019641
-0.157877660435669
0.00869159375583084
-0.18083367564658
-0.20664443879665
0.576951930341324
0.427631075991313
0.372777747878042
0.384722340478933
0.294373461332857
0.179450380811819
0.831588339516632
2.06778142046067
2.10110080118491
2.11361666333296
1.32876460529831
1.18342186367772
1.68275554076174
1.57927810272448
0.775837584594987
0.934799999363313
0.791475755373306
0.895663703131401
0.86742595525322
0.998795321798012
1.51589321527183
1.17597326304965
1.76313893451749
1.00569305953351
0.939756394554184
0.869632325301882
0.869954729734485
0.99135435431083
-0.00492407176058438
-0.279892437465634
0.781913310934133
-0.0639301154894206
1.10954449080891
0.29226201802288
0.0943123142782989
0.714547845369888
0.833969101606558
1.14158430141271
0.894621017999189
0.848838191079169
0.277494655840719
-0.00427770986451851
0.500777635701464
0.737149109784058
0.0525552584162454
0.257109927035726
1.02882132393582
0.701023179941916
0.87547063514634
0.825860851157894
0.479186048490796
0.988134684892611
0.532736032168095
0.491529551146347
0.913112668950831
1.30481942136683
1.92842643247112
1.38408425087755
1.66242989981577
-0.0636108664684102
0.0338308347228644
0.840658103378338
1.1368196195995
-0.0716937446554415
1.30833027828327
0.522166876850029
0.63128659680172
1.17306166664912
0.819576808909984
1.83672005483493
0.377798670237096
1.78796833791879
1.96979191321323
-0.100710876409551
-0.443118815275907
0.013017707559325
-0.393202768685351
-0.0771761497370915
-0.075274405125656
1.78983867661077
1.59092012389147
0.24662906584726
1.46952830337166
0.67308577189999
0.585003820699485
-0.268344935313409
1.87344066661546
0.780476474108599
0.966017724598241
0.923843231785949
0.687261807289565
0.328964404670358
0.200860038919357
0.93443727356045
0.886635591031231
0.897054087282849
0.930802424015914
1.85925781977786
1.81156897656407
2.36027251428328
-0.192905371561866
0.367759196859963
0.924690614584932
0.364598956081154
1.31173047344424
1.31658554243565
0.409527585817105
0.572332776723988
0.883083550945366
0.72565648673223
0.651426331129635
0.847507082858981
1.07801658671384
1.60803074951509
1.71541655875088
0.625281013604176
0.872750211745575
1.82983352354942
0.395713596639685
0.141929328759039
-0.0187265191413546
0.221147874057743
0.815909986594234
0.745272014877358
0.738599599932221
0.77248928285652
0.225744386326403
0.43909173339201
0.230781530813953
0.050581969952543
0.816914194014918
0.407950596852517
0.431744315259995
2.24268442829522
0.342226449416925
0.446870313944886
0.848928436997677
0.967506784980934
1.84323749454966
0.937000446826388
-0.154749345863015
-0.132177839172639
0.0629443662389676
-0.0527258856271911
0.980445188190963
-0.070917873276702
0.884867650967954
0.910716692983509
0.87512394582796
0.75327900210307
0.758654211702277
0.725120925644475
-0.346888274975887
-0.337298341574435
-0.0719764650528914
0.953407248622618
0.693576650490981
-0.0939495593515387
0.861717607777173
0.73042923525927
0.996771010105768
0.911065362285518
1.19127036892534
1.12249097706687
1.05616829736928
1.1401972176668
1.41700135604111
1.20001953380236
-0.0590736955427377
-0.0668861167673538
0.0466726337900734
1.45664629186434
0.831690557966109
0.821303142223777
1.46532681396542
1.81444198553861
1.70742452205061
1.53632317450839
1.09864371891633
0.868760612525808
0.923751818567901
0.83767719535298
-0.237121578856678
-0.234905026934959
-0.129631310547344
-0.128777416247824
0.0658222389676379
0.039010389245878
0.919550763399735
0.531080954693486
0.496992515472526
0.106153621071735
-0.0769183652406623
-0.0740790989184073
-0.0865799305410434
-0.0538785561519031
1.08585653292085
1.00245029359075
0.950882515492485
0.903297917022579
1.01360809103258
0.899537699121885
0.862841948046371
0.776752681960437
0.984608221771013
0.152896845633048
0.235394120308189
0.0178789641124361
-0.220686978824869
0.577889876760777
1.32238050217351
-0.350067154061019
2.01522446631943
1.74592479094964
0.50366737828419
0.320254503297946
-0.459542789282241
0.0915743912242088
0.722080032021149
0.655924055441865
1.29285777137641
0.805984534653045
-0.398036279809649
0.249803084829064
0.787857689893066
0.69312801999652
0.618325918686692
0.82470110972824
-0.0310006553163328
0.41941739158605
0.61155171866455
0.538552229560014
0.049002128266765
0.78834316909563
0.633131342309492
0.273010327013069
0.69722628790813
-0.0449301438578573
0.844049525195158
0.190847192385931
1.39345138998756
1.26844734148965
0.744429431332169
0.603650233084655
1.87025116148659
0.29933395283454
-0.0731390787918687
-0.0686507595325248
-0.242829868226904
0.972625535850134
-0.20019732963772
-0.0707535668184
1.65059121246973
1.18300021266293
0.869474904020313
0.444664569442047
0.500396272204122
0.73453539624242
0.198340159718369
0.818567806158143
0.18025220558556
-0.244563256491998
-0.351910681353121
1.09028918802575
1.70796152804128
1.0541287582277
0.880397288137703
1.08799616570322
1.52954320054346
0.708970928706866
0.768873732037751
-0.00508854418375441
0.146111310291268
-0.271927226966142
0.943730823564492
1.5937889977411
1.09504101812649
0.405507382457214
0.838368140791211
0.870169970169267
1.8207529859541
-0.000312552901076597
0.126193379687261
-0.0216633085809714
0.60874307988084
0.127639338172063
1.56565329001762
-0.432635339296471
0.588530730051351
-0.0420029016823368
-0.452639112413829
-0.344747727085674
0.478105225501894
-0.339785067720851
0.0992130291111189
0.0226540595174533
0.355007062527031
-0.0274757582637303
1.87732200757729
-0.0119857189112157
0.916613744903488
0.670340982653535
0.925087879789452
-0.077372141959562
0.169413661520704
1.32320781773884
-0.0773308429428644
0.833492994404316
0.571764404558515
0.527264830849104
0.759356020423201
-0.346264163223083
1.29612303173911
0.752922226177548
0.498338648555397
0.0848313496182202
-0.0968953208560608
0.972587094393061
0.480022452426878
0.170015921649513
0.684786839717465
0.633613929941605
0.711616360978659
0.907027771855626
0.633009955745921
0.306728894872101
2.14553669536386
-0.391853535414407
0.897637794929225
0.666302715833899
1.20192175330993
0.753321291341151
0.736852483263041
-0.286350960672655
0.90556032075851
0.343578644866604
1.51092731841361
0.038028659415889
1.32345799014796
1.44087216249862
0.395125934192566
0.787569147156777
0.821321260780716
1.41808968124577
0.603646240576836
0.396283904685442
1.04250967855265
-0.0870192907589925
0.732826257399685
-0.104164469964045
2.20859673650723
0.942190941437212
-0.0688200604886224
-0.202294823432494
-0.129378292356764
0.706184133939271
0.907010348827248
-0.274093270987935
1.9025492359331
0.753201870300266
-0.0684959264952267
0.572760141928348
-0.119924240409737
-0.231220501283871
0.726372604864942
1.20292989227452
0.450604521299669
0.160823754420052
0.0685500783645168
0.702537133382783
1.45747795082667
1.41716079272047
2.22590754268365
0.824866739769614
0.865439294361808
0.861204025169343
0.665370353153127
0.845441974994471
1.24138873097965
0.440191905467269
0.768959307461174
-0.270465297644974
0.81745003183807
1.45135441467167
0.188031774291888
0.0968070153302357
0.848720322098843
0.0172401318463077
-0.0964449260328821
0.00405412904834633
-0.0594476660754615
1.19465166482935
1.0799479148618
0.803385276731455
0.304521107077677
-0.135920926997002
0.810825151468578
1.67841110352681
-0.374828057053786
0.295784405173656
1.19657934750538
0.843103923968157
1.64565335509589
0.590192581567231
0.437119172834751
0.0577946427042262
0.610994667355201
1.8916169301766
0.751589582959792
1.29514102921106
1.20108155700328
0.800480022718647
0.0866852887322354
0.061299943459362
1.15201083042234
2.1246371571917
1.50161598230916
1.44610547646053
1.72316412820311
-0.161577238294739
0.926399409979142
0.244659937730941
1.30804288285216
0.819671732062584
0.306259007562478
-0.21625856447145
1.99698106817363
0.99247832032282
1.49715770659852
1.62541594227988
0.711652623421069
-0.156494506152411
-0.170582684742995
0.571592452371085
0.723408795704607
0.773179777066419
-0.444356095131586
0.0285123958123985
0.00232977206153505
0.78737546761891
0.588737516147084
1.08721369275259
0.663117386794577
0.7178840240964
0.709844466175176
2.46863193095057
2.43561329052773
0.391968131405233
0.646398780844757
-0.105075618687696
1.16005377452185
0.875610053830732
1.6789280034242
0.260079527141626
-0.408578458613972
-0.378209353785942
0.956639980854758
0.136198794607934
0.373261440282797
-0.122089255481599
0.86491748450115
0.234167783066991
-0.0376420925383998
0.396903915440756
-0.00968671299341266
1.47945047753508
1.49367443830386
0.0244257342258162
2.18699226047499
0.249773521813799
0.483145469456112
0.819083523900217
0.593608581033483
1.29061142899093
0.162434215173338
0.923070166220458
0.784527067060587
1.8758505754487
1.1011507947732
1.60398053627281
0.892646783992544
0.90470313011727
0.749989169185606
0.319361031249369
0.354175018681121
0.335310699137361
0.792057752827907
1.19560855826562
0.91793449086628
0.0895729788196117
0.973465827726954
1.8436221204966
1.96818416624292
1.55702661425698
-0.167258206688636
1.93461697651993
-0.414585761209849
0.0697169122921524
1.01922293337679
0.343176127945145
0.0430143003068615
0.907355349928366
-0.334515525856054
0.719335682952215
0.0191836863730427
-0.247649764950704
0.0786379476430327
2.32907203314911
0.746731872487487
0.793382331904925
1.06014658521645
1.04293736856124
1.2797811306137
0.236740526836703
-0.0525236604301891
-0.201425770351894
0.185027006247039
0.409331011014567
1.95637230838127
-0.0384312111696699
-0.0672882215271817
0.867141930162913
1.54085949169472
0.596336291032257
0.702890829567338
1.53099108692461
1.23658735093165
0.9548974501298
0.364878835385959
1.61953603503528
1.99682460586221
0.496214687185358
0.057629320578017
1.51065414557482
0.158255163207215
0.830513997372273
0.545839342585953
0.413085067704762
0.554930580434539
0.572739247823119
0.514959906504279
-0.201520580090779
0.567958854704891
0.500763196522927
1.6176529012466
0.519139412685093
1.92152392035864
1.73173034746517
-0.146914399468853
1.39123965713196
1.72420343530679
0.545243559675847
1.35273360256931
0.555890036503881
1.36770007769789
-0.133189164747942
1.69634506332074
1.60476390326917
0.895815212364286
0.938971679299445
0.725674622941383
1.26914418724867
0.65007727076268
0.533857828567458
0.688241578467465
1.1214333169955
1.92412760734134
0.0156352449755086
1.34701305308563
1.4153725500018
0.732976314896684
1.25626265860799
-0.128930640584435
1.67064406306659
-0.102795164203281
-0.371375227867688
1.51715682308804
0.995164423067047
0.799431997413658
0.957100464605662
0.706409971584499
-0.111804188320773
0.957934524897248
0.741805509575352
0.7288310292577
0.161283790949704
2.17771748197595
-0.327805567895436
0.620680635942326
-0.0600167565132087
-0.1456021681145
0.820744098481268
0.716811520694061
0.721443499784013
0.381180265690825
-0.0745326043036399
0.751295164175049
-0.389468968061208
1.03778735683739
0.903724032824918
0.775321287776806
1.30882519948819
-0.393140013765931
-0.395271907817863
0.55198649307117
0.425423990083606
1.75041990411885
2.26938254831285
0.492838456244003
0.829965807608605
0.779971333815194
1.0626657955956
1.09764267865642
1.85037479324631
0.923781264513819
0.804849231499002
0.902179295681684
0.743806468422472
0.775345083875721
0.727857876453717
0.0742464404010309
0.920724534042261
0.667571091052994
-0.0293956760406072
0.136438278955191
-0.438921694091774
0.304572679283712
0.828798614796989
-0.197572887597437
-0.168855868521999
0.329818587684319
0.274591640017765
0.215224881024757
0.745804463164169
0.873306636998677
0.894774763048475
1.44548035055313
0.272201832117168
-0.377105342065607
1.22213332885851
1.19683535737235
1.29062012704985
-0.469871548729021
0.761755762865958
-0.0397980337808074
0.817183323314457
0.727889108866871
0.708382408496582
0.324808540610758
1.83780121381242
-0.0417740913586855
0.246473293803429
0.659990905824385
0.238875444099917
1.32410590976361
1.85847799898386
0.434935239863073
1.06543743368103
0.868831084616506
2.01694716313677
0.892462784342075
0.821320890990055
0.743949988747775
0.0628205224975541
0.836809522922778
0.190540730558821
1.47035989454811
0.229079419861097
1.25435558413558
1.4428787599162
0.705416004966286
0.711302957277272
1.88736509335311
1.00144970160904
0.706611200966014
-0.254063889980481
1.23252130827924
0.834898753975037
0.492936060433055
0.513966383565609
0.987469017773325
0.289996277144699
0.876747247392843
0.306111485693604
0.606309638996511
-0.263905953422079
0.864158913893691
0.610380801347729
0.763204275482946
1.15697958674188
0.673059956984425
0.800635286862188
0.726367342729408
0.110359350148348
0.661360333314418
-0.0482118156583717
0.0206607420902639
-0.0329417045655635
0.828462917473796
1.31869199640077
0.764919490484771
0.0950089272566195
0.160355755378246
1.63817052098266
-0.1365484024051
1.32575611584935
0.794012097426184
0.243375350228846
-0.531718585318404
-0.243188005983782
0.797034386529296
1.17888843605121
1.32774186866451
0.145103391868485
0.736712491905552
0.443566629789228
0.477310557481671
1.29919225413218
0.602547829421394
0.211495351540497
0.451101901577444
0.714365332886235
1.94650362400842
-0.0389426324467002
1.86643354506273
0.801520202798997
0.614193003277464
1.58177293408999
1.73188686403123
0.122565731805611
2.00363875371935
0.47592220137206
-0.164326667133276
0.66861724853287
1.34285748085201
1.24617801089893
0.766431438915042
0.800786438177623
1.91155422063567
0.967325662930915
0.126826430756447
0.152891668881017
0.896272891842303
0.711326747739583
-0.0399371149154877
-0.0870426009746851
1.57924906978723
0.946285894185533
0.698202757733077
0.753904463441006
0.845983587286075
-0.443457155608779
-0.370967098176992
0.399311368773285
0.0112369109769057
-0.064227526845716
-0.0534807532472853
1.06638621425258
-0.0940144803422668
0.62024520035192
0.751756867039629
0.819269744126854
2.01625591952177
0.713319822613172
0.839812776088344
2.01513444482263
-0.107228424922606
1.3876117623526
1.23250933097288
0.67290246094056
0.62605421089729
0.838799409013168
-0.0591111988375692
-0.143064076455723
0.305934173662899
0.479883302757562
1.41743999027284
1.16229238992589
0.674611440741974
0.161221118809939
-0.0935718182368461
0.189962182609276
1.17143836815811
1.43213618561479
0.649845755818979
0.651541445345786
0.660403293684185
0.647330938830437
0.163339552192266
0.383803585923001
0.547681703468347
0.699355815186761
0.464947504115676
0.372832255348143
0.39921801936906
0.730005899208136
0.807306055799117
0.857055908551558
0.741188486205603
0.671216409958811
0.568811038875445
0.105762060564197
0.387422012946198
0.774241132569656
0.302337783501322
0.778756043866257
0.410834792886151
0.684379465407563
0.0623825254805503
0.982481692577082
0.241032276352362
0.295210148264248
0.802551946986953
1.09480349508976
0.690995355696359
0.744887713808295
0.628276320784459
0.257252655029808
0.67237245628111
0.742961404507761
0.535331752806637
0.677129916186406
0.97432305655133
0.541004971694233
0.72046435380042
0.506227827785391
0.287655878934055
0.156989840946175
0.716180567520447
0.0651009936801401
0.164467285147082
0.322607538440205
0.146157077542624
0.873548418165387
0.774954228512028
0.823544251975132
0.749616819224463
0.782617109355796
0.370873498940553
0.662702637683071
0.123058493702185
0.802468216801304
0.757148202494771
1.06207878745242
0.91915314431013
0.803233341426435
0.367825176606429
0.314545893792227
0.356558733118983
0.619660536356943
0.466267964026325
0.271807783795496
0.788460600601759
0.680429769329591
0.623721520301649
0.657741438339893
0.708927154888612
0.662677536890321
0.634519971260082
0.518068884127888
0.534466418617768
0.557212861702975
0.42428391927827
0.371785573612479
0.362654297143751
0.389633416837428
0.0586335158568161
0.137099512997644
1.06127765593932
0.865425029479029
0.568015854349393
0.540917848162588
0.68930994649541
0.66570515904489
0.918226446237508
0.377671036582753
0.395934912395477
0.718006369940591
0.679554790760051
0.703077405621641
0.651237025549787
0.596422008063574
0.705808631077987
0.689065773761576
0.670271113946238
0.252485062199467
0.223448943752651
0.448244312261272
0.459234672696209
0.341372278887312
0.280066726659546
0.320470899418474
0.115553693277287
0.774782769943241
0.760016222302838
0.145255790751298
0.297284854665896
0.943584420101368
0.261412509991304
0.814254980645528
0.81064504147089
1.12180836996465
0.0310781272205431
0.948690361641011
0.760534956648716
0.703274987375255
0.0491034730032803
0.564230279923256
0.741263961611932
0.687387538422877
0.300243851128146
0.26732605776025
0.793821450104004
0.198198301175278
0.675855176197219
0.689891386812313
0.770227032260412
1.09016886875751
0.975175443519451
0.868172185372228
0.96218223068278
0.799852310638059
0.849603040956312
0.800487075566372
0.826841997720658
0.701405561250403
0.761281627232639
0.340085893512638
0.646524129572831
0.732482998369895
0.744649421897462
0.684163719523285
0.542151527643654
0.384637800858373
0.609150598949154
0.476246285323652
0.0521263600191533
0.0905621048098444
1.09283688742376
0.683119620476553
0.69718790425225
0.333550577030996
0.70193249238072
0.298772890616837
0.788651074360903
0.128071119633581
0.753882046852261
0.58602960277371
0.495399428964942
0.603630283948846
0.330067185917706
0.305765877991419
0.676692353118264
0.664290396431519
0.67304745648228
0.681991489603712
0.650899800888436
0.678925670986863
0.360676152891602
1.12799256566301
0.332206651884953
0.77033182721177
0.574334526944909
0.255835379661369
0.393398500156224
0.363964116245024
0.473099471647068
0.807777367949706
0.274208606386367
