0.697644142160312
0.652693169758992
0.817793425264675
0.810337487639388
0.0906156223716166
0.239210673015484
0.480995600224095
0.618943845870992
0.772791364775045
0.209039385143775
0.279187999209553
0.302051865247071
0.507260157281684
0.824501890198079
0.720116517450196
1.20334827068315
1.19379426112808
1.09814476114524
0.900708161443323
0.780034502811919
0.72341242165529
0.467160072596201
0.69601500927956
0.752596366418391
1.06625579571507
0.673611241251244
0.266813196157321
0.742105842235944
-0.0259204687650569
0.473513473827946
0.705101909948065
0.656843359938345
0.385141726522994
0.809876648735119
0.758822419483929
1.2040733038533
1.17317399440951
0.0826255006534034
0.670502959971338
0.685565219199662
0.596672189915852
0.840284614412139
0.836434606164642
0.00484047048714986
0.638539422229062
0.335440984069771
0.232518418279266
0.378686866496801
0.254452226139412
0.708413973656063
-0.0250582565990841
0.627653857312316
0.698760079952238
0.252657162492437
0.0335385865433591
0.846834676742905
0.79778209726576
0.572912367688868
0.0808556575646615
0.792867769227298
1.01133981804725
0.44459272116241
0.76496366547471
0.948886050852492
0.258293570708714
0.836914986200203
0.342247339171114
1.21724756785128
1.15869262629164
0.171303720712489
0.437093429713573
0.513176580534028
0.815230169878202
0.771425851278888
0.229427962729135
0.6560963966301
0.606004602678576
0.68659945380907
0.0485759383902733
-0.00709739361984295
0.663909267093254
0.168775440986914
0.659445383458495
0.797510519639274
0.725852347719483
0.818823043482431
0.846687356675086
1.14334518144103
0.257467780873734
0.31644915659439
0.707358291210365
1.18828076447221
0.357294438898608
0.652245602243123
0.691792214928463
0.681294152230625
0.35968089964649
0.170622441548579
0.414727639772695
-0.00689890630530764
0.726275685685756
0.750943207229571
0.669042513034965
0.776082431828038
0.832375633080813
0.541243868063357
0.036383688091487
0.0606550767222152
-0.0196972685877355
0.815405776395833
0.720696191453958
0.766825424174425
0.216493874102425
0.477207043180602
1.05772064152807
0.953450516994215
0.819627745564235
0.811400544761829
0.722619987742104
0.881922744794515
0.86725966876268
0.959335495953435
0.930934142095938
0.921311287926795
0.889460613814086
0.881253902951202
0.868794434584742
0.853385749953794
0.8337141082052
0.860296659677611
0.716833526626663
0.658155859519278
0.722672831449626
0.693539663506046
0.804727851892436
0.746318690167134
0.776542301407213
1.05786485956219
1.77758906331595
1.93248645744157
0.845022522743848
1.03612033403505
1.17935202301339
1.09076130825972
1.08763423593467
1.62212149216438
1.01947848902185
1.25108969593133
1.0339260010813
1.19243527980517
1.36958516972939
-0.00245092058247688
-0.193416143023766
-0.458247079407357
-0.462530011509092
0.552953611372355
0.350500727409276
0.335184724749477
-0.242295505118065
-0.210834902445042
-0.442459350684383
-0.0625771271550475
0.208702078700266
0.265421020698909
0.217594650883279
2.26676387456606
2.16569314930637
1.87964331630518
1.9821032172223
2.08352813743557
2.2974743155576
1.88927551427963
1.86834271474642
1.51300605835973
1.59214001644944
1.67021460494552
1.52661676478011
1.26148632581395
1.19915772391523
1.3129922957921
0.863803236705574
1.05992226185954
1.2112910602066
1.05881566928688
1.05680544664998
0.941314698044555
0.846796321015986
0.932139343004922
0.0611786059325644
-0.0259531441800276
-0.16449758517027
-0.158552058441183
-0.160637442591626
-0.247321594644523
-0.277414477529024
-0.314718448295103
-0.192493887894545
0.0741577987303462
0.00553342641650494
-0.239411867964722
0.00960817488478061
-0.297121966772998
0.120301487389919
-0.0132440974325103
0.17289397726913
0.593224249923157
-0.147902157048668
-0.295839614570806
-0.165275288141429
0.100094473620251
0.237041917281146
0.560210391007248
0.601841000903336
0.310767585578735
0.300883416586956
0.829081333255771
0.738771645762749
0.693272435295996
0.515792307195269
0.46863631501529
0.608011830931812
0.84383525325967
1.293307102949
1.43470591094232
1.4624185621522
1.47095365109862
1.57175215112505
1.59515327368655
1.77130260137508
1.99890219783813
1.95065510441254
1.67001912407907
1.4137188643134
0.767685211502134
0.848164193605072
0.636232019408415
0.628157354328723
0.68012984011701
0.631328117117286
0.519969339654888
0.704179230444773
0.674437607078578
0.611668669933311
0.725922759128559
0.875969798655513
0.885706901375365
0.745553006959099
0.783542825175078
0.783310587111316
0.783964990102462
-0.500797484671074
-0.419850821354378
-0.405588074552855
1.01547529369105
0.636088495340538
0.672749586177497
0.640818518663603
0.754296583776201
0.606901249538241
0.413788442440382
0.412598072328898
0.197924270010852
-0.186176979086602
-0.0120365263551512
-0.217734952829161
-0.253893931602617
0.592737578448464
0.430336578122138
0.37084008985452
0.431061102892798
0.306911640793557
0.202455205745127
0.779886553458626
2.05304495075815
2.11734107134023
2.10352409504456
1.29793703406308
1.16831962276136
1.67078116560723
1.57036072550391
0.733095908302729
0.907388492230736
0.760711724998448
0.873557918581044
0.854268255419938
0.993514780772098
1.51025442963628
1.17547499302027
1.73176480597063
0.973662896563503
0.891620449325121
0.827308006457784
0.820710823894686
1.00711481381658
0.00704063506714656
-0.278530650121206
0.731252065352365
-0.112186832353693
1.11661493109102
0.284635207285074
0.0763913509870622
0.659837593544661
0.825662355862798
1.12264793790284
0.927859182535833
0.801339126770264
0.320860453977864
-0.0262179294719093
0.520617805752977
0.761721531874455
0.0388783891805844
0.238136649013081
1.01723312216057
0.686008116318406
0.848295573761706
0.797680673135373
0.500535267098057
0.989201985820254
0.49716077788646
0.459914392830951
0.876985021199554
1.30057012792023
1.91016501118486
1.39287682328541
1.67597773720038
-0.0888330054327941
-0.0074152569601123
0.797805966555517
1.08930584955222
-0.100485224093407
1.30594970377007
0.539605967996925
0.626675247296196
1.17931732519845
0.782616977017272
1.83001956128433
0.377276056757653
1.76293336989952
1.95841594148807
-0.10122869475968
-0.441434494103688
-0.024393979862823
-0.387558340714425
-0.062650034399107
-0.105689176450333
1.79037574437914
1.60453215226164
0.227183829499969
1.46447612924224
0.671680300539526
0.586189545563474
-0.272822830729798
1.8591013679161
0.730419976687714
0.948534604920281
0.941903859434709
0.730179714080916
0.352159007574455
0.24029407491979
0.899942665845123
0.845485035954573
0.877300065139436
0.92595858187949
1.84044521342716
1.80654450941613
2.38067416326208
-0.215471964820716
0.337281608290968
0.892535467173998
0.342020058585808
1.30662523514945
1.27372777965974
0.365637769111022
0.524428440027614
0.856412909419494
0.693241362696079
0.634792430759016
0.851700271046205
1.07292028442245
1.58370363363868
1.69447477083077
0.605733982590868
0.854418555811743
1.84737570305721
0.395435808434005
0.156212622950151
-0.00679126738255734
0.273866732785625
0.814993360450098
0.711311930571399
0.698425732146049
0.810176503883712
0.236043131026295
0.404916408350217
0.234751100754494
0.0734468583831418
0.79334072641925
0.397665988005822
0.439355719178632
2.24457541672416
0.406538011532074
0.51513792330301
0.853809589884668
0.938654961331312
1.82702226848465
0.910948559969799
-0.16220295589162
-0.120308005875461
0.0629556722049947
-0.0813352241937595
0.952980239353715
-0.104725561138852
0.902413693493312
0.931457210800179
0.897456796880174
0.78443870945087
0.787728583940783
0.66620470172974
-0.357016625615959
-0.332909752191552
-0.0543462188049218
0.970003675236456
0.648313484936478
-0.096832089244975
0.835538633443037
0.684014963667116
0.992121415578169
0.902916000721247
1.18187392233363
1.09246524874025
1.01646302340189
1.11411731425077
1.38669656323458
1.18410206047876
-0.0491422521511915
-0.0872138363911968
0.0308574321281375
1.45809069986477
0.814670440967626
0.799302252075138
1.45893040555742
1.8473326839597
1.73638557666164
1.5516299178307
1.12012662660652
0.830966961208157
0.880482884193544
0.788412314140455
-0.269871359198862
-0.259225425752836
-0.15988010277708
-0.14953500732496
0.0467553215019447
0.0154039526163159
0.892594703732424
0.526601207055842
0.479027978422376
0.0818465553700732
-0.128427245902914
-0.114314335244919
-0.128456906526883
-0.0907082320377364
1.10713358481784
1.01264409768482
0.948504575099422
0.894941267497923
1.03543398076283
0.907723240729332
0.872122318396494
0.800091283495099
0.993299595107005
0.123891509526091
0.204461192884362
0.00735466879766201
-0.212645745641568
0.637198827977585
1.32550382650897
-0.378981540370114
2.03397149365848
1.73500272622216
0.547301682796153
0.314463621453061
-0.487969067397754
0.10923731592784
0.663777196734845
0.697133232918726
1.29284408216738
0.763537106450896
-0.421742411485243
0.23506544390152
0.785495586900419
0.692438915354394
0.6138575146796
0.812250027467414
-0.00419623015724497
0.40157909065403
0.585120205862405
0.595276005099609
0.0801569910669332
0.764409381456975
0.689261813535981
0.335155438226978
0.741247638378154
-0.0350356655721301
0.847413678653415
0.189513858857555
1.37121050611175
1.28064411615571
0.687245507416819
0.647250885425338
1.89273638936895
0.306244739426639
-0.0945982191386168
-0.0845633855005847
-0.243690985802013
0.947822827066688
-0.239125143280031
-0.109457182359774
1.65809094562234
1.17553526316305
0.869581772791032
0.468930078543954
0.571308487817325
0.686338875531426
0.195674627770023
0.80314199046121
0.22261811309634
-0.250600810822695
-0.369427166115775
1.04451556475343
1.69134103498524
1.04684158105824
0.906458513607105
1.07587943130108
1.53477906516477
0.645430648629793
0.750755390589613
-0.0252083660105554
0.157349224011808
-0.263078790890269
0.935407087765888
1.59962372435716
1.08986450262395
0.479408438044089
0.875537404311994
0.823154079107422
1.80938971970262
0.0224663569671077
0.12127645115702
-0.0248834267488301
0.616365626633405
0.0941565967953281
1.56184068619442
-0.432333705782267
0.588479921951977
-0.0776486729960479
-0.472573996981861
-0.341418959130944
0.43353484432228
-0.383216831979349
0.127540981682221
0.00330257188937055
0.377013331948444
-0.0367988765170792
1.83064969695836
-0.0419876330208103
0.907854255058695
0.658499562650398
0.925469334398722
-0.08840871696073
0.148286392672431
1.33818780613108
-0.120630092953004
0.818230183418399
0.636614241465883
0.597918826234532
0.709989112727293
-0.349665392253997
1.2933861614056
0.723911332080526
0.475699011513944
0.0709583945856298
-0.0932578664500099
0.985991333680969
0.497402583538729
0.158516891080785
0.646204227138525
0.684528665758472
0.65143823740902
0.898181940457179
0.658247377068916
0.314722774411585
2.14026092518823
-0.409990586334068
0.935377497160889
0.631209269027093
1.21170917730554
0.699396462505078
0.684323582458658
-0.29465016719964
0.913538181605712
0.354476639509676
1.4813704668526
0.034110711188771
1.32541275157538
1.44996655164188
0.457371953715302
0.746044178490125
0.774759278289184
1.38711114787951
0.65073813373498
0.380676035451918
1.03343934998214
-0.0804709690326233
0.691192061975145
-0.126339949320099
2.22411313350231
0.915257649556911
-0.0495665492957525
-0.195454005277427
-0.111489302103466
0.652673044850078
0.866807492044583
-0.316810913617977
1.90478436682165
0.713569077602139
-0.096992029097553
0.569778033594583
-0.108607465975965
-0.229451538728575
0.744211739190709
1.19118964166145
0.525658804895993
0.154618099085632
0.0566643871580743
0.738309982583116
1.45582130965198
1.41408887342312
2.23998661596799
0.83364456355462
0.866687530830816
0.864272149928524
0.63822173216992
0.817293042645248
1.23528976380606
0.471956191795406
0.771881696783391
-0.273295351262345
0.789001063757233
1.45823644899576
0.204425458514183
0.126587414221698
0.836527465583908
0.00632274535434984
-0.10132700794841
0.00967070598867816
-0.0798884215632706
1.1930218856506
1.08320258020762
0.755245629403366
0.286177277766416
-0.178883719682867
0.777406029529244
1.67702826418334
-0.416395358607744
0.289854214414007
1.21092505896554
0.879302724574811
1.62971933079639
0.575044738869767
0.491112201990518
0.0668629968042141
0.618800874452165
1.86143850723264
0.757928846972091
1.28972308678257
1.19644014250382
0.823268160137228
0.0912098729511554
0.0722361304120982
1.16328747189518
2.15529056616807
1.51775692684411
1.45619308272339
1.73951477465986
-0.168354717059251
0.881515744132848
0.240951467493143
1.30726270867936
0.778666378134491
0.288264513097705
-0.235595630535694
1.99913485894322
0.981404890078854
1.49034620847886
1.65139913222738
0.66486077355875
-0.14436011898239
-0.163408035751533
0.576626202986789
0.754176410573494
0.806979047566791
-0.437833931632208
0.0118668297690691
-0.0081525812450707
0.805505380765095
0.577364839662053
1.08019168416247
0.641164044852179
0.658961015910643
0.657424009322234
2.48614862809891
2.44466359192736
0.383187095282457
0.624642708993594
-0.136779299511233
1.16982168292221
0.880223015755913
1.67921398394641
0.32312968741786
-0.427078428619739
-0.414037953841594
0.95641523973412
0.142323439578634
0.353278486075672
-0.164722432851639
0.820191050271925
0.208700291777086
-0.0222530225386877
0.372237566911751
0.0122060184817518
1.45143919819299
1.48016608749288
0.015417888342313
2.1829066663611
0.240456945074937
0.542003716315043
0.842387369168709
0.592943887649713
1.2903021836749
0.11874239567766
0.914023588468964
0.732133639187074
1.88299415485765
1.06844391858856
1.60681176490443
0.890281161315061
0.896526193463065
0.730433175641324
0.388860012518307
0.425276400820517
0.388588710190337
0.75786853176695
1.18948401461455
0.892665961130693
0.0850821352681542
0.96467689189051
1.83389857171975
1.96364525877992
1.53897998865642
-0.164352824031699
1.90790418537369
-0.421790823910015
0.081199367083533
1.0304217993848
0.310632793599657
0.0293630852037817
0.903583044434345
-0.352484015919414
0.756466463837988
-0.00739526996938269
-0.273839297661528
0.0525635715318067
2.33751030283096
0.778825186014426
0.814227188229168
1.07605243368326
1.03348819762392
1.2678007180915
0.288678861401656
-0.0591647956032475
-0.220581784313368
0.187012105370372
0.407901644998402
1.94788770852184
-0.0805273796193917
-0.0442157697975951
0.855523269102324
1.55036625454388
0.584886477045968
0.685077854924435
1.53084980032547
1.2420312875602
0.937523760604782
0.366117520533899
1.60456493960272
1.98169680285207
0.517288330121998
0.0690671485422156
1.50180628319331
0.160693926260858
0.812615980938242
0.500000321093382
0.420553863146853
0.572643446562701
0.610489187457856
0.543325927819545
-0.208936064147074
0.579017331328959
0.530453996764253
1.63971691112669
0.530922128531262
1.90183248535835
1.71476531248667
-0.145566013012603
1.38793133294766
1.71702787013837
0.544989215825439
1.34998609796825
0.511899012606905
1.37036552846426
-0.119557676762674
1.68831221531034
1.57415768267457
0.862255362077249
0.923295493293449
0.696235747809739
1.26196717912642
0.60640866050666
0.484762838521965
0.722188487063618
1.11161662014935
1.91068673171843
-0.0131861350023222
1.31962074516589
1.42020997299408
0.69739213184463
1.2712600649481
-0.167109713427256
1.6558251158479
-0.122905085489195
-0.379771514901575
1.51446637316611
0.985769523192835
0.797427053343713
0.914555601938792
0.693798267924931
-0.10969664281487
0.952903004986989
0.689480610105764
0.673663711241187
0.187514470753928
2.19255502892349
-0.318435851778045
0.613620409272312
-0.0931505499995718
-0.184112880927866
0.82439560233603
0.657165954622935
0.659523666647711
0.449981074116619
-0.103873140598046
0.713498958983292
-0.3825636994847
1.02747605671587
0.867161841487481
0.731829068575238
1.26899520779536
-0.387144466222163
-0.398249747995907
0.519711054878903
0.388501792782282
1.76311033119115
2.27143371420673
0.516245726904602
0.81886148488683
0.723802141761471
1.06328177492244
1.08668007454015
1.87834983497678
0.903112189544764
0.833782464213502
0.872394032184652
0.6994986469755
0.766006880228861
0.67518763323803
0.0970589253139499
0.899971464329838
0.66602778268792
-0.0566305537995418
0.120093066638284
-0.451447847379393
0.327407354585422
0.807733701656447
-0.223910761346835
-0.15714284273773
0.368440769963644
0.302952213552264
0.251768230382873
0.737167412190086
0.845583106126299
0.869515550186075
1.44616793546116
0.238277311846177
-0.393723220503307
1.17570651353478
1.14967195379017
1.25164325905735
-0.482270569737383
0.712159812047324
-0.0535259756569597
0.836247213908161
0.763055040639786
0.749289220183635
0.310162382241399
1.84033369621677
-0.0761487315765874
0.251350360731609
0.673013042388651
0.25039187289427
1.32637404603452
1.8449674548029
0.475184714941057
1.05933762609551
0.86034051876743
2.05133294093334
0.868835661340758
0.792907988938242
0.717700291756658
0.0501992263393376
0.836237099843749
0.218922229102251
1.47309742185405
0.279727384443281
1.25198651199056
1.45254649843221
0.64493356580426
0.70348882428888
1.92164128328436
0.952084626022477
0.657929643014948
-0.248463106661786
1.22213800974125
0.813745305294398
0.559312889000045
0.504750586213627
1.02232320083434
0.358447304393208
0.831726933770892
0.364959571573437
0.622798264517911
-0.273851218040686
0.863612938746314
0.609353086026055
0.737127122077778
1.17498879325594
0.715420726694689
0.757604736448343
0.688289375137797
0.0946871788170312
0.702168389942277
-0.0459804548967751
0.0393558952560827
-0.0175800784738721
0.790630279864683
1.31460855729626
0.713621822464894
0.0804681526941566
0.170059506483016
1.64807029485546
-0.127991735790111
1.32914785059988
0.748024321545234
0.301803803138601
-0.555844270531798
-0.268049126973252
0.776558878148032
1.18212717061349
1.32613889731996
0.148114569637254
0.748371109959938
0.418212120913264
0.506895029980902
1.28058474536592
0.609293738173359
0.194014489494436
0.420085397669151
0.725144170868339
1.9410094844936
-0.0532465875340504
1.87924987535422
0.787118591245016
0.664083937935177
1.56867553628764
1.69950656733118
0.134353780598209
1.97722623933699
0.453096977546277
-0.164829797791181
0.717280143710924
1.33885759901246
1.23910053485111
0.726650738258748
0.771730597044413
1.87684848917105
0.953171518930711
0.117796725851895
0.136925915406512
0.913531198783582
0.667944273281208
-0.028610630734676
-0.129506810259202
1.59513473359159
0.935510016362394
0.700384359305725
0.751073255216488
0.838472759199105
-0.457019276443512
-0.378019832504558
0.409386028571278
0.0446178717402429
-0.0445401518361347
-0.0247833788709962
1.09186011858833
-0.131855392636361
0.597609919760722
0.779464383524743
0.832873999568214
2.01982865092016
0.721226588158405
0.797057250083187
2.03139522745943
-0.153385976789869
1.37907280357876
1.21361107910387
0.664746295635431
0.627983202118799
0.845287879580641
-0.0785304077936503
-0.153996470665677
0.325077572866334
0.554437887950905
1.40709045360077
1.1500007539689
0.694452693476265
0.188322203522805
-0.134869346438121
0.233116976537809
1.16097757792944
1.42830217927348
0.6350030824142
0.622229527563167
0.65520992791779
0.645043102062229
0.229628902312692
0.413941909905149
0.596076607408183
0.770382909376171
0.524854527649151
0.441883042144483
0.469964142694645
0.728434212452059
0.785136556279291
0.836957047234144
0.733357770505626
0.658650403285616
0.604933824777882
0.117196548698527
0.422526624066853
0.771515670712226
0.326617921515766
0.794068603165481
0.489845735235797
0.646605017918163
0.0985325386355375
0.969893695184741
0.256404172274766
0.362031141691637
0.807414980789111
1.0761595596545
0.664162377651598
0.724685218692375
0.681259017650512
0.292300683233613
0.645530415287893
0.714945974023485
0.565822186970593
0.638658276592303
0.941769257212544
0.543451378611619
0.759432091273204
0.578029279222607
0.330320391002415
0.208654379938607
0.746253013446132
0.0871891681916619
0.2042655926502
0.403604690661954
0.151578172092891
0.86321150309222
0.775545482922968
0.809497130109714
0.723687777751414
0.773785123398226
0.433078546907622
0.6799610024319
0.171233941081227
0.812950037209778
0.758234427749832
1.04390488358933
0.893394684855704
0.792453307539786
0.445966687929355
0.336679408480632
0.411400994554156
0.655603743525681
0.526464683822724
0.297530440390913
0.783690933892809
0.641488758161958
0.597682517411288
0.62470887349616
0.673590070839206
0.6378385206159
0.612097367912635
0.526202486072263
0.531037012513719
0.584449148803193
0.439732196994108
0.408190638974688
0.443476871246551
0.47243856380345
0.103726539412019
0.19261136983578
1.03184169192118
0.821380044354233
0.633188276564787
0.598010720383935
0.657876459068976
0.635197750543188
0.873060990997418
0.404904659543722
0.421664660400687
0.689378856804861
0.664239880739175
0.736845970218468
0.699738700504197
0.655794523316992
0.682410034380303
0.671008018883246
0.647028625755835
0.31741868593582
0.28455119618626
0.52478632712031
0.532373776974209
0.40861819862413
0.333634721481383
0.384146910389899
0.11610623443763
0.768593578557882
0.755939594928859
0.180163592899925
0.371979635385444
0.932678962540553
0.294177062613225
0.825031791621058
0.817770556434061
1.10610935225648
0.0519160038912261
0.927003818518438
0.781315185578187
0.661516073424902
0.0558208737638989
0.552364178068724
0.719160846215643
0.645999527535312
0.322957957453229
0.305261448404549
0.794714410410203
0.206228187846148
0.719039799219797
0.652481629336111
0.743098484102037
1.07566791195278
0.959512213088664
0.856589960007811
0.940404840672267
0.791001004081488
0.833883563479609
0.791118398972851
0.801683470599421
0.723155064503463
0.74854943236594
0.418034088070359
0.627667301600417
0.712303201919077
0.710792821398686
0.643391509508784
0.611961686496637
0.463154969889257
0.668758743325423
0.478452857475242
0.0898219378776709
0.136881138444807
1.06928945635127
0.703061272325074
0.668575653483526
0.412734166601791
0.672592014268657
0.319105306445956
0.787989791621797
0.190172491073965
0.724555558625504
0.579252466411852
0.511666180045921
0.589334266848139
0.360469982474223
0.354936476878637
0.642229679742924
0.629085802868963
0.642342308810773
0.64721688280928
0.618662990862002
0.649936093039419
0.444866862417321
1.10916006373189
0.38549985790529
0.742269967692043
0.606513471066934
0.270607314102727
0.404855126601489
0.395947470502556
0.514914967132826
0.819546709158542
0.336136073569226
