0.593489155872068
0.518762709954214
0.784126899680412
0.823087298480217
-0.0924881578764589
0.189780049397029
0.541616392071268
0.813310101741029
1.08996273544969
0.176852160342307
0.292161679595569
0.322059764890158
0.529876345123013
0.980806971938179
0.595775653108642
1.38466489828037
1.36838123427232
1.22820165901942
0.937614339857188
0.729282410152866
0.632283227288509
0.592693110060616
0.88995004385225
0.893989102751441
1.19904874389362
0.530872821295895
0.238399306073037
0.71521033397243
-0.166000086732728
0.561045030669278
0.576404638141528
0.516622937312
0.401424330344325
0.93989732265899
0.663626884925571
1.39984320487931
1.3331979539317
-0.0131691488919164
0.533797999780204
0.560159793570297
0.793454882619379
0.841833599600441
1.06137677003128
-0.179522358051951
0.711104079290908
0.352135160981632
0.214578482519856
0.43887168697433
0.123899524245029
0.588358486936209
-0.185959202458774
0.836461939261919
0.806442311502782
0.182344777438291
-0.088903034024903
1.05307137371112
0.980695789259318
0.610136798054151
-0.110854813386338
0.900461267795734
1.1071776534961
0.463886056267345
0.692984828899315
1.01815900372087
0.250761850692869
0.828864897462783
0.36875417880727
1.40973803098203
1.33325047859346
0.00299046568794466
0.524105488831318
0.675800225897575
0.892462529372688
0.937908079932418
0.152800178795602
0.862893374157617
0.65989297811586
0.552580688622327
-0.062638581897701
-0.140826801413452
0.521286626963681
0.0891017192962517
0.524818953074772
0.727035205182741
0.609253838594344
1.0284192946049
1.06739095903372
1.29275064132511
0.257392906729785
0.33582529740063
0.571093906605068
1.35648742853089
0.341732958142147
0.51501426816234
0.579127718858707
0.542512923115487
0.375809525818176
0.098651745507824
0.431604809463443
-0.179299738238831
0.851178799609684
0.677496386742249
0.759968402713001
0.936397129062696
1.01309653590253
0.571031534586697
-0.153178158942824
-0.126252658606298
-0.169081548209227
0.954088413525726
0.63614341095106
0.812200970507559
0.190333504265343
0.498389723188741
1.17399261843801
1.02107027068835
1.10134025828196
1.01248176683178
0.940336237843308
1.01430373882857
0.864226267978921
0.984736978361679
0.992045427185748
1.0599122211821
1.1090069496534
0.965656926300271
1.13327671104978
0.873944126538159
0.934793540225288
1.05516946519761
0.427878092112457
0.39881354695772
0.423661579797063
0.460014065333797
0.657795072347946
0.536559331066242
0.545842727796875
0.873632067051979
1.85843412820997
2.14870400283571
0.961443323487833
1.30855895743289
1.44063698128665
1.23130735048884
1.13750569277339
1.80118528518045
1.04266989842748
1.53069495065817
1.0948947165177
1.22431837153514
1.51792817355475
-0.223631726641736
-0.490269084672101
-0.697403137079859
-0.533022937373578
0.791050078665347
0.372420941090438
0.375306527037497
-0.425801413027773
-0.234891613532271
-0.330904709202638
0.014208175404795
0.155834242544128
0.259120138159288
0.232264342752951
2.68973143174853
2.66496204720943
2.25656070176873
2.39463174961848
2.39040920792899
2.7412904565619
2.08383057199266
2.09365211895049
1.66210957881668
1.5102143304214
1.65084635115196
1.34375852668437
1.28611513960293
1.07102601624315
1.07907652468576
1.11120567458108
1.14911618447372
1.37568015122757
1.21792030532628
1.13111455324253
1.00644440724996
0.9973651688514
1.06866784076445
-0.0807783081835377
-0.317074940307869
-0.637357412589652
-0.587995040921884
-0.400451403581703
-0.527697258263087
-0.498475699703813
-0.587663556122206
-0.352311815820746
0.00580548336688503
-0.060964748229333
-0.440721342549495
-0.275318350632509
-0.599088661823171
-0.0864786538903514
-0.2491527548316
0.141026826212237
0.658832149233003
-0.282386907559823
-0.47403575303332
-0.297613208280218
-0.231213496213374
0.36116369434238
0.529892448858758
0.651232616632003
0.458230449513719
0.269201191438025
1.05011117116226
0.814291882690766
0.560211582221965
0.230105740270052
0.0446910705991725
0.347323337297513
1.05609262867835
1.50446499430978
1.70022715073275
1.69283923785601
1.70105605939731
1.86371113264321
1.91553141439531
2.00991147991565
2.19789731089722
2.25188436425225
1.93194500887144
1.62786784639813
0.528577193917193
0.437054977212814
0.162212784305153
0.168470535377692
0.198341415320184
0.479473721494187
0.282891531246002
0.258546337788078
0.269555360660689
0.310524853748139
0.555417479216852
0.942028715210918
0.959664507882081
0.629977817347268
0.422388795925468
0.877506049260383
0.730574091799383
-0.488556939175754
-0.48735665845053
-0.51923690128609
1.00921324189726
0.702845221929187
0.790205915962311
0.806880403441398
0.921575448785156
0.627864629126026
0.490120437138178
0.391460452377589
0.103162395341781
-0.422037509370417
-0.231003906152546
-0.540042595195253
-0.487083720865067
0.670288942066088
0.487065067683593
0.422873719598591
0.495726079763011
0.39520117858595
0.232933096267002
0.772739908477971
2.30388710763214
2.55274199812696
2.46797511838103
1.24017243445952
0.901168465834764
1.50569753652092
1.38752034956348
0.564138045064477
0.791669872178114
0.654750537278842
0.780161010954267
0.811315474255521
0.939360622922759
1.60274793986747
1.17688227353702
2.01847073527992
1.06898384836417
0.989921721697776
0.877741304792508
0.857520181369983
1.33922277931511
-0.27345196132556
-0.386380089797679
0.544585005140514
-0.531330409123469
1.29300779669983
0.00886824403830572
0.0410161307005001
0.481149683543461
0.589761679669181
1.09955905848352
0.790881541842747
0.698539357552165
0.365776421846415
-0.235488085773508
0.24575702484574
0.906199200230386
-0.151948860768182
0.147851804659973
1.12801903009228
0.861314487869973
1.02965362398711
0.908300972612503
0.0309208208120105
1.27664175831989
0.507935821785197
0.628390468503141
1.06056154652664
1.49573144537999
2.23152938569172
1.61185091979032
1.98695611065818
-0.00101334374141534
-0.0840991492253697
1.05359913064417
1.15787755433566
-0.141465881571458
1.48731614112575
0.195762601890326
0.410359256791041
1.11867638220497
0.664639428698809
2.00167535566191
-0.0602784769020886
2.11604194004678
2.33238589100235
-0.32171562572916
-0.672536350223283
-0.182989125583261
-0.480809040425687
-0.309450150426343
-0.494464883121176
2.04807831314024
1.8598933302236
0.150310177273387
1.69472825148499
0.315961705801048
0.633159116589135
-0.429599367128375
1.80401596963691
0.552657775099272
1.08584874075488
1.21442043255741
0.904013065097331
0.33726572338393
0.228394139699121
0.89330765737327
0.763803561871286
1.13953878248582
0.794899621281979
1.85568025693855
1.92686533446421
2.82502394548842
-0.337062477261069
0.435962127882458
1.0377668350013
0.299812270414758
1.49435417168581
1.30854888205329
0.306995362824898
0.644913376798759
1.14060537352894
0.939512412006643
0.527847785902478
0.754350415117109
1.13982326610484
1.56971394300757
1.70364049115588
0.736065296289167
0.633512090242957
2.15507102674548
0.400080788787946
0.095526086581559
-0.108954138189513
0.272275665115868
0.743645311019629
0.595925269548257
0.550391123852664
0.969249443077361
0.150455321672549
0.494000595064339
0.26575867950632
0.0303703958789701
0.894994787683851
0.514346661433257
0.282042360417411
2.580099859121
0.436794385709935
0.566736636043646
1.16358069272607
0.612212295047869
2.10102968034285
1.01850332459968
-0.311409858358392
-0.312308106285494
-0.103753200434887
-0.298841341369659
1.05335705988299
-0.392119836698614
1.03895015128936
1.01309910163601
1.10284485910134
0.979437456327764
0.995514355678248
0.436353802836683
-0.597558268446198
-0.645577011666165
-0.324762011058267
1.24370175330941
0.909313390973141
-0.369634359022859
1.07305097446791
0.502975297067956
0.981527015237129
0.914708597456853
1.29784906149594
1.14037932444359
1.10572207487657
1.1406472730404
1.46785919015304
1.23292291264379
-0.446893184166697
-0.374388970007302
-0.123731956123714
1.24329119720918
0.380080747742196
0.429156426103496
1.63497875189561
2.1346717519539
2.03186134377898
1.79301219253861
1.35077198377668
0.916257405597919
0.997349038915606
0.720578280236174
-0.484490918925621
-0.513154174049782
-0.469650039914457
-0.422285380972066
-0.183305619016337
-0.169490714611767
1.03011587808942
0.250853891749616
0.392682587892738
-0.051151659917013
-0.583488600115548
-0.439003440738083
-0.553125872374388
-0.393231581294183
1.33357164988256
1.26305849568656
1.33101928282374
1.19866982664531
1.33120131232044
1.27176498228859
1.17633561888108
1.00606141708289
1.04884106648905
0.184337649958948
0.315494566741575
-0.0940304655823056
-0.403147554745423
0.74656251475506
1.52365173174416
-0.459739850782762
2.26092127939507
1.84102868319295
0.630522672822266
0.341765017467572
-0.613680787494793
-0.0532404298073894
0.493950984627085
0.850411953882975
1.44401274265868
0.630170932652704
-0.568260785453042
0.10704768376254
0.733154732568315
0.567531320241305
0.434886177960567
1.02066856215448
-0.221588619380098
0.500868916611626
0.797277012336961
0.692824260513801
-0.141586537377101
0.682070730096288
0.817032595710562
0.347749107432277
0.901772772974855
-0.21605954867954
1.09396610118225
0.0466720348890937
1.12094440555027
1.31213453499855
0.510200710263063
0.394671905672177
2.12658055456586
0.278455216049076
-0.302843357762147
-0.252460886258322
-0.520003801609753
0.792897202601627
-0.20595019019898
-0.344451228678017
1.65577585517328
1.33614092002972
1.19439268255165
0.543174555148143
0.632398370099855
0.440184179697606
0.13438632097224
0.991241546689429
0.217494140027244
-0.632454546445009
-0.376151176554853
0.977458161511056
1.87987853690568
1.20490911849418
0.662088721992555
1.21450497271188
1.78340100860895
0.423154351984021
0.837363460241113
-0.192596742923628
0.00581296206744553
-0.566111967953781
0.979410966507116
1.80575325179546
1.20604996344987
0.508483397354546
1.07632060446881
0.732647190467664
2.15427957996719
-0.172396395325797
0.00693031488274603
-0.182347178487617
0.411073486768053
0.00738791737087698
1.83316268101521
-0.668060008364031
0.616830210687488
-0.334996627467607
-0.669516904009595
-0.645028322481745
0.58823640689399
-0.424795508313791
-0.074532040986964
-0.224900769635476
0.453127015988669
-0.280855314899258
2.09627445079387
-0.0947815052239272
0.9451281533894
0.520792650831391
1.34969444035825
-0.266456858378956
0.118745947387592
1.30581296042986
-0.480093390710097
0.781408573198442
0.728322942460972
0.662098715937292
0.558574002159359
-0.373149960449396
1.22349285710133
0.620296804702635
0.641498765590237
-0.0650833428280467
-0.272342356405934
1.03390562981096
0.618667472964583
0.0253063402701864
0.748993785602808
0.830592891844846
0.367321136222563
1.17773519439857
0.755821091060033
0.310388907105018
2.53190069290389
-0.352156696072258
0.855995559089659
0.878210849298589
0.966055834703816
0.489586866639046
0.430814581405312
-0.442602759080842
1.09195213170984
-0.00859160262468879
1.55120311253737
-0.0918249114612242
1.54021673818215
1.68172379485351
0.505137989795258
0.610781560618065
0.620717252536251
1.54197863609382
0.773477090701401
0.406783851470302
0.952025744951612
-0.251335074620703
0.524770389369186
-0.289594882123554
2.5004063471969
0.629420391684273
-0.262941725618752
-0.366648253826234
-0.238887212136199
0.369739290733238
1.16564011419419
-0.521178190929268
2.13180815709545
0.978273421036714
-0.350951433073321
0.229445486805993
-0.38652193482808
-0.444258827200166
0.853438970870234
1.39062959500877
0.562174042110576
0.0433923536089033
-0.0568219265268839
0.916884650423999
1.80646781205774
1.62428878395134
2.75704555824069
1.0884473822721
1.12445577139563
1.14120887618796
0.865468557610473
0.692262000534399
1.40512279783305
0.125853933980482
0.6905693920929
-0.475206556674906
1.00137309549004
1.66470554263108
0.123123810435414
0.0955166548000344
1.0897549812833
-0.175043445036851
-0.268286301590644
-0.160466007458699
-0.217739770261143
1.35425183676414
1.0811211594105
0.572625741102282
0.25594530511609
-0.495152903632482
1.04673651241115
1.73559518125832
-0.492731423652651
0.224689671530107
0.893269911423409
1.0520208086262
1.95203387165438
0.679773196995484
0.556819472666225
-0.170947118438085
0.689871364505255
2.22507077736749
0.660316841701857
1.40729645950496
1.25635504789528
1.04375332726398
-0.095870154372001
-0.12448409976776
1.34384578108616
2.49487079711533
1.7544128518181
1.67885602372941
2.03211059121708
-0.371543190835981
0.84370536391353
0.158226374122938
1.51066349472318
0.684823626561373
0.269594012633496
-0.342762463961706
2.24337873825457
1.06888117475429
1.57518961217978
1.90372222774129
0.502076030010126
-0.446955867448759
-0.52594563667358
0.366950520837246
0.892940693065823
0.976005986456498
-0.660079735140323
-0.141300270101113
-0.20929284690555
1.01046571603472
0.389122294921982
1.2093439375429
0.782671759914157
0.440954044726949
0.500500462787399
2.93660012612117
2.94877899979124
0.45093199993798
0.778904141129678
-0.288436666319992
1.24098112812037
1.115664764824
1.91472136513381
0.33147227076786
-0.586449839341929
-0.399377759435753
0.95575211811632
0.0462436261463239
0.418648859652348
-0.556542047632701
0.78804343478728
0.331291323110385
-0.27511553245648
0.36172860189625
-0.237506958709219
1.45698704304303
1.37547969373527
-0.156151533069447
2.49041998743893
0.231500525190911
0.617229094795772
0.978062964114697
0.293214962147231
1.49621703456674
0.0776357641583853
1.10696682236421
0.60039416189675
1.95671270832641
0.78863834929077
1.63656121690264
1.27388507105291
1.2448703081379
0.461822675167912
0.406477543181268
0.448020157897982
0.436159570703143
0.621429668017646
1.34729368615358
1.02307330773647
-0.0635058599302072
0.842431191694181
1.98696436315963
2.12316583847077
1.65316945160131
-0.307488265073333
2.21137468485156
-0.406601933168697
0.00414064651115621
1.23228870296324
0.271564929037493
-0.113989564751381
0.915493561030822
-0.612112075685079
0.915871038546469
0.00304372890837581
-0.169852144063813
0.160142683065747
2.85021878079015
0.968338113687323
1.04706829741202
1.11529534101611
1.24769063636144
0.952505638925055
0.298315919702031
-0.402844117973869
-0.51108928705606
-0.0346334847081401
0.445148017190806
2.04819077293244
-0.449988008700573
-0.251388314288143
0.85030677574834
1.43870114858759
0.397907684251699
0.615450923866772
1.7180095277311
1.34803427262732
1.00399248738134
0.408257085973562
1.85508564700195
2.19697278162362
0.171380427039836
-0.140026244742946
1.77159926702311
-0.202226177674955
0.8938372481128
0.518360059793821
-0.00712374077930952
0.298186841208586
0.71322053996896
0.627614178111958
-0.323223640543568
0.42333890148809
0.208790474983249
1.90133072169708
0.59666669413168
1.95902001086859
1.63257088354677
-0.377981871826181
1.58831848022346
1.89963052150544
0.341336258826634
1.54702056039456
0.71876306167167
1.58007013973551
-0.328763070727155
1.95194894088804
1.47237589789625
0.806247585095091
1.23810990067423
0.919996543866887
1.44544907138153
0.784764473709421
0.520041573446029
0.870765835434044
1.41351751238932
2.06852309104675
-0.258092307953709
1.12293266119627
1.703946556687
0.565929030533921
1.13348660526887
-0.31206549491041
1.53072164585629
-0.414191283691555
-0.552752887359847
1.77081740341585
1.03152748853527
0.493287734103005
0.87908985570346
0.62654321645738
-0.412544741765854
0.993894137803619
0.535848992542515
0.516861922514434
0.043550438292553
2.59971118533391
-0.555463237506873
0.323983564843467
-0.0716710565051665
-0.444496606222622
1.02796180076892
0.470045077466645
0.458811420305937
0.48304028298538
-0.344344526719199
0.588480160343543
-0.66419143503385
0.948422064610639
1.09332526300044
0.597032360154521
1.32550230672553
-0.6738662954657
-0.69561846045556
0.739814169092399
0.499063650607641
2.01941291480874
2.69274707426069
0.658620192550522
0.847766232358363
0.469823786854173
0.958427426054564
1.21817651686952
2.24070862351846
1.06257920741344
1.01022980979476
0.907564632022787
0.535058930828588
0.666141140813359
0.482020730748318
0.0411981845968852
1.0440756777684
0.510421410298079
-0.255428610693317
-0.0646668213104327
-0.635120932113583
0.25620632966025
0.973103178632845
-0.158038920297531
-0.467769428763129
0.436924159947925
0.377180538495171
0.279965338950279
0.709999332973245
0.990461532880543
1.05082987471713
1.61405329862439
0.155002003376249
-0.485234690505853
1.15795917159913
1.16573766482204
1.28781753518108
-0.67653017330049
0.497953973146226
-0.224263631056057
1.0797268084179
0.957106212406516
0.927194532710112
0.332488875871753
2.02695433390331
-0.342123660642849
0.222786272891042
0.178118853525151
0.201375226992779
1.34605275047887
1.95753708292142
0.547162848616797
1.14747812798731
0.975313643157942
2.34103664913706
1.03301258382738
0.901533547052063
0.762823091650151
-0.0879414242927749
1.06796285584375
0.193889707563056
1.69889563420744
0.28462507745524
1.44629229659304
1.50010076036593
0.396499056412142
0.305538561039364
2.17346712116965
1.04888140825683
0.502252576793415
-0.549649994889413
1.56744529477241
0.734787549849321
0.627972282590003
0.502827431327705
0.965347770836777
0.371991121727238
0.773906389281132
0.392524222817886
0.224523772965545
-0.432983554480346
1.06074481069856
0.297720535241945
0.799420878502111
1.35222074304528
0.879581842062221
0.448761721928359
0.537613814421334
-0.110637232479424
0.449432349880507
-0.219219246851779
-0.147972526721728
-0.207298071191152
0.681362089616188
1.49964379066812
0.493285174306026
-0.0667705281318546
0.104184684072597
1.92067501708148
-0.258634817670849
1.50910331796276
0.592685969364945
0.310529905055245
-0.730012626505032
-0.418769830499164
0.712954961221066
1.21596696155076
1.28308698401911
0.033675343216966
0.277197391150394
0.515856991982389
0.207350532501853
1.15309228517272
0.665424935920265
0.116545944828016
0.457788357554546
0.549273545413408
2.23450901476715
-0.206007211868265
2.08844323913353
0.93813477691045
0.797307979123926
1.60826401263385
1.88023293032274
0.0119700645893073
2.14255763438966
0.591715852192734
-0.459224573735957
0.872197993800801
1.53703648019321
1.41244649379118
0.499998706850892
1.0094747325614
2.22346821544409
1.15587135459017
-0.0713978763106969
-0.0373267015756355
1.11732877932982
0.512546111714298
-0.207342498838178
-0.482953574522509
1.84417395564719
1.07317221998358
0.59023570352706
0.671591445140263
0.830613493802972
-0.70558518480987
-0.521246223179796
0.477568124185872
-0.167135401573403
-0.277200016923417
-0.229371382935918
0.731040840907361
-0.511900275419378
0.801148605828584
0.95404704801464
1.09537336341984
2.2349699113654
0.793580160376119
0.682577868168677
2.39398304542717
-0.505483684200036
1.57980865203101
1.07042181743667
0.516170068849438
0.466041640965567
1.10855436084533
-0.334790872275935
-0.307798080293096
0.275076785482021
0.596230233600582
1.64969776962855
1.33243889308286
0.19388618115088
0.152928039394659
-0.442870448224125
0.218710097571164
1.33019393978867
1.63956599197697
0.528471739666073
0.531929701642014
0.616982125044326
0.680898679156167
0.186866897844169
0.535002648427613
0.806182007363423
0.967077077005819
0.689112204503321
0.557324128613167
0.526937044051079
0.703286226332042
0.775034880148901
0.901090170421121
0.667743341836846
0.54984712053552
0.568631549183281
0.0219253429316411
0.506285562892111
0.670443739435036
0.412594988217204
0.918781338444151
0.500812399227633
0.539910159065195
-0.0607014326529756
1.04979832641849
0.268044833128856
0.411033018882222
0.862559881831855
1.23149314393035
0.556728055340463
0.64743060537272
0.738726801593001
0.286545178206973
0.759920647568403
0.644492056681153
0.764853340567133
0.525441347143398
1.05825513283296
0.664715558170172
0.985525043159767
0.592662643040985
0.399702562642393
0.112241841472722
0.845262564357384
-0.0463548081764695
0.164129541482804
0.431891630224116
0.106840252840391
0.88042744700975
0.725729435116417
0.785654333256933
0.712317749883297
0.704021706450034
0.572218644143782
0.654148974256146
0.0961225188208936
0.91480008176289
0.757982491891228
1.17820933416053
0.989393946957246
0.775730500488801
0.512399089121988
0.402905187142322
0.550757429661006
0.650155326932109
0.522825257340409
0.319698232844621
0.713345494421203
0.530367128385458
0.527433637592637
0.533523031047959
0.576243082131454
0.567553364879722
0.77094719690942
0.616584449810001
0.638331803411724
0.74698493505206
0.513119934222827
0.488712985983293
0.462116073697332
0.497278183004593
-0.0558823274521912
0.0856569662262487
1.19017067296833
0.909102216183437
0.672557847083909
0.581948326309949
0.541049974938707
0.536380301063512
0.978927272800363
0.491202266164527
0.543906246180776
0.742179117775045
0.699188743704357
1.03240930920011
0.928133277516383
0.836102984674607
0.585801341666686
0.575156083515797
0.546411869218967
0.362048517909404
0.28569172451097
0.539499946092176
0.53502534208277
0.515049548363484
0.386090117629609
0.469263747944995
0.04008221474417
0.68973391367772
0.676683723198739
0.0962261247569401
0.398904039654194
0.987072769985866
0.332534074067413
0.970869767538321
0.920658261876791
1.26026222693665
-0.102012524754645
1.01129165732486
0.924289680319233
0.546452740234316
-0.0621090153684651
0.711619868530606
0.633854745691234
0.529216639657562
0.345103346485305
0.248174015878374
0.840284170130013
0.172666445253999
0.815668914948739
0.526963101844894
0.691223776045187
1.21086911511493
1.04752969929501
0.879856500401784
1.04200990694504
0.791070771353387
0.870489626871465
0.729187036902684
0.797270712250673
0.763151217839717
0.693518358673391
0.479078170477273
0.695925166014136
0.67074073210947
0.61423842536662
0.522322908960707
0.651126426528791
0.478530818741614
0.738890066100543
0.577718113397545
-0.0859216822098787
-0.0237880364711474
1.23677387477318
0.899842762635392
0.826666413433086
0.43223952052342
0.556490648002389
0.337714624957852
0.767660321366527
0.131243389821626
0.818869545963172
0.718323861399953
0.618392142106179
0.71313530951203
0.406081579475193
0.376652157774938
0.530983685147755
0.528802744836028
0.536970404240176
0.549946218665998
0.529610930187802
0.572068475783001
0.471622759553946
1.27859386539483
0.503913757821454
0.729936635149574
0.785627071247613
0.299834828283022
0.501428859053802
0.538428439231345
0.686293565250358
0.993240163576713
0.371130365501754
