1.56821838271937
1.16476387329431
1.00872129409033
0.996489364707894
1.03626810309219
1.1214169804485
1.14672864929715
1.1520224094415
1.1579192925832
1.1247630311526
1.09404754168416
1.09913946832984
1.2803351628088
2.03052247653161
1.94350150375283
1.50070656758627
1.483691613691
1.4927341651804
1.60455558123415
1.67350684696229
1.64236886435663
0.942900902066012
0.936265096572747
1.57979176594535
1.71453281739447
1.38204656672613
0.991517928258017
2.10012942534976
1.06039313503986
1.13612928100184
1.0659708838751
1.24484694514046
1.16077369738481
0.968180765088898
1.02777722567463
1.58944371637518
1.47059106148263
1.08871011426323
1.11833610599016
1.49200648665447
0.930267807482337
1.83381268395442
1.80783203333121
1.04897388815094
1.41185525940581
1.12115094506875
1.10889351921034
0.969041456689241
1.02698602272764
2.05952531364683
1.05373078523136
1.14074620328995
1.49229241796852
1.11963778539802
1.07470979088206
1.94901518401681
1.68379265946511
1.34284324163368
1.04846205692556
2.08231045273245
1.54691515016202
1.21496056461408
1.89365776294402
1.77870844160157
1.12336981411277
1.64322947637584
0.982041466192577
1.5430577293653
1.65318337538548
1.03301969406449
0.957609839747403
0.932321883249478
0.98150658724555
0.952819783657885
1.00498094043578
0.929542896660543
1.37708024783876
1.0938011096572
1.08004932078812
1.0658957026341
1.30602507027128
1.10440514593564
1.14227052650929
1.01862812623679
1.04457973157605
1.7442346029296
1.88005812936226
1.4801088921955
1.09818947879182
1.10741117986762
2.00385782264087
1.47184319833842
1.13598575672562
1.19599689453899
1.53276605553031
1.43948855142319
1.13885236528613
1.11107692604109
1.18540849795327
1.0521311266099
1.53528596987627
1.66703739070582
1.45176313295657
1.63130220141034
2.00034381482208
1.31129578835197
1.03564462317098
1.05142602764259
1.05818033625932
2.06673108161876
2.08551092741743
2.09728163151465
1.11845849418028
1.24631278070122
1.51699668043608
1.57876117383833
0.834899073247906
0.923429339369137
0.86725052386086
0.941902415829812
0.943058182681664
0.955981846853816
0.920226891832556
0.9041854330186
0.878768126197127
0.894729846982121
0.897668824427906
0.930465331983872
0.922606039437841
0.898375768151392
1.10797897330971
1.17271203633584
1.19972989608664
1.26797898762059
1.37744862308101
1.33098888645163
1.27549654302999
1.40456452765601
1.3761151852771
1.36925823953817
0.879525020238818
0.774621362278716
0.695657233913445
0.663711505164746
0.757996486862014
0.848903501936632
0.872777457280478
0.784087096377103
0.942064892844162
0.917927230645861
0.820323427999924
0.825166730605587
0.804574031413116
0.776293279439015
0.77298535992407
0.807059309532977
0.785635178389217
0.820563717274932
0.734307187823372
0.652818396368211
0.680564091053694
0.687991354041082
0.742527663424506
0.753414863858359
0.730686071991959
1.80896176700155
2.22014860445317
2.20717241886414
2.23445361796728
2.10393170860709
1.99535013814637
1.36395395290612
2.23114359948885
2.23974259099474
2.43714213638056
1.92005419275
2.20785823687232
2.57025796710044
2.77675497664529
1.59286432875191
2.09881134883693
1.24786589053727
1.18878519561355
1.22762371501847
1.09885631449086
0.812761168892487
1.26696818590467
1.07425786520189
0.949364578485245
0.93230208118088
0.923286932584076
0.924246986077309
0.942696009323378
0.971135453607018
0.998016752270491
1.02834792058714
0.995876633031196
1.04331181389617
1.10418922535122
1.07343022628849
1.08240818847615
1.07080954523416
1.0967463849304
1.09682467102976
1.07435530871753
0.808613225097719
0.722262804043667
0.666527180882397
0.639504867483353
0.597305036250964
0.58384149548305
0.728321352159384
0.756245320371355
0.573762439986034
0.745227719191209
0.766615683128471
0.706417026903795
0.647497274289898
0.626359425200803
0.643664179064763
0.706917372652931
0.938483216806694
1.72158800211283
1.98806311468121
1.82410758917536
1.75925852993096
2.05316950053175
2.10293946691649
2.14855276095467
1.83298730949671
2.15721292004533
2.11511996410318
1.59042892245049
2.75558310590088
2.06768836760318
1.58643303593135
1.34051241660018
1.52805873628338
2.32433457417504
2.52734771502923
1.98747677029179
1.72319725925165
2.22567244309111
2.26496726738884
2.35223162039125
2.25753675900689
1.92288414247618
1.62985790757963
1.96836547811423
1.63206635745548
0.786637704454846
0.779763512180405
0.816045672497913
0.852026660075662
0.774121694092375
1.17094169850048
0.982885706025803
0.982241439242137
0.835392929693019
0.950032113474071
0.835229721734012
0.845162830212866
0.827357060734614
0.886274488428775
0.876532420970624
0.862749306098486
1.08419774196106
1.16109309465204
1.2086293078145
1.09248280181738
1.12073764002782
1.09934619016752
0.989867856983108
0.970375325456563
1.00170626141132
1.37394003719874
1.06142809933773
1.14752261085767
1.10232056364971
1.17203306550871
1.42394537391065
1.7112611129714
1.65681746824582
1.74716314093146
1.8343564871192
1.90223773392614
1.91311210444605
1.97140847842388
1.91965087305773
0.968878786149091
1.01260184818569
1.02273601754371
1.03605686978015
1.37159644191186
0.888553871577586
0.910894059070844
1.0522703150321
0.969652321358595
0.975163414691118
0.676670932863429
0.607525252388374
1.17450162783935
1.0723792238102
1.02709641193487
1.00767422043734
1.00641750587278
1.08891492063359
0.989490912830833
0.746512926875308
1.09513883931939
1.11748698613881
0.784186892495921
1.78093176528298
0.717206810846003
0.922068940358876
0.884374150188875
1.28908907440379
1.71711335838495
0.783641735044554
0.842527103436644
0.948393011237725
1.51503522349369
2.2992887832857
1.63457636898758
0.803011524651301
0.647423128638195
0.731476689803822
0.878839615865125
0.970233005809124
0.764141186310165
1.55642844367882
0.971302381789915
2.50397336137267
1.86518178616486
1.63755064566682
1.86707754465028
0.624850727613609
2.10981447696763
1.88704322850229
0.77934664064304
0.738244238158458
0.970752093586912
0.846501659168101
0.963320831695779
0.907444733508285
2.25270160783406
1.90830315706555
0.79314682988623
0.747473806931783
2.50218201805293
1.04091090697258
0.726584536503957
1.21289279984008
1.06253043475623
0.818864560840744
1.37246124217622
1.36478911968517
1.12082968971248
1.07959084210837
0.982849365928329
0.994298757649634
0.878292810945218
1.57157500757845
1.09436153357434
2.48406388843832
1.40236173528745
0.906779432731931
0.717746150866475
0.951050951132005
1.05653314627905
1.50910520047171
0.945495275623661
0.766982973569189
0.794159414470172
0.854974400271076
0.864124731852283
2.31734250471678
2.55660693412554
2.13940287669267
1.5978614851413
0.977577999912335
0.715320166884363
1.33701784565627
0.865255872321835
0.889058668997907
1.10017938133142
1.12027160346048
1.08341875203656
0.67309737684813
1.56712594107
1.48479670668224
1.21556861500813
0.919255872762126
0.77828865715237
1.17949677009754
1.144040928575
0.832190823982556
0.649918379246765
0.645545272380805
1.71606082611623
1.13811371026607
1.19655388191572
1.57324416328798
1.20548808739257
1.48465981091994
0.951443934805842
0.965874135952137
0.984940888361858
1.03690199484365
1.02249182116843
0.934937422172742
1.02289608250801
1.23158477437596
1.08602140510549
1.32515171135587
1.33457139680915
1.41854596475154
1.098745830999
0.821643349952052
0.853871412971343
0.943404396816181
1.29009272754199
0.81309253132253
0.638561301963754
0.883345402145958
1.29694651491705
1.91194695434312
1.80623632308878
1.9546430106281
0.947685336264118
0.994258267110168
0.894681432289497
0.874271953301902
0.856439322833647
1.0897712888726
1.06507725122846
1.06833472973821
1.11951583447042
1.5257594778534
1.28830025874033
2.03749206443722
2.19169148101942
2.12271541705253
1.8335291789597
1.19490612626762
0.97671158433332
0.977238973815198
1.0450580366118
0.971561766418282
1.00584825083065
1.00739202868819
1.03624483764316
1.06188379258825
1.05197010132047
0.925962574462851
0.655686519372475
0.711126552652433
0.71523402937592
0.946136351499051
0.959919464517738
0.957816605800776
0.997396503825393
1.29345460102917
1.47362432542675
1.59276733275882
1.85309128419104
1.27473768318448
1.35954776865437
1.45352053117436
1.52752510369395
1.42289479081136
0.567775636976558
0.640119871166454
0.564697887132303
0.9203082621201
1.30425060745811
1.76936832133965
0.730677389898332
1.02798426885276
1.04723786132373
1.125545704366
0.89317433112094
0.712001164317718
0.955152590435803
1.13235249973441
1.28100351819575
1.96729317823352
1.02378855606753
0.692260896041882
1.12527340473689
2.06447635916736
2.07950419806044
2.24085812473336
2.15467906057809
1.00705107147531
0.89419589797166
0.871602763611297
1.21305884477385
1.00186017913969
1.71853758902205
1.40269583025487
1.10514905537225
1.45911068310603
1.02216829110994
2.03199150987387
1.10373369798428
1.28329355594871
0.897980280461507
1.1006498395533
0.840463924201177
0.878236249850366
1.11617943419313
1.00826784476987
1.03273250641171
0.893838146210579
1.0886255168468
0.657945691654067
0.938540436707357
1.33425282462405
1.56159110529994
1.72836778019027
1.09640067064734
1.27780548833424
1.04229760567856
0.831407140954121
0.729415738817737
1.07314719185276
1.0620911524146
0.748706753165074
0.99043333353674
0.886782674799157
0.920508443108268
1.25738259200103
1.63925358158631
1.87145224647374
1.13272808826613
2.22423776615224
1.04873509429416
1.10503130644455
0.83135294293516
1.93562306623879
2.0476903358358
1.85703758731177
1.21617067754534
1.11996641314134
0.983372126264939
2.10883044111541
1.02953137054092
1.12345965810969
1.04474866953747
0.873133206788891
0.747840054645796
2.08364302412703
0.773485138260715
1.11718314587456
1.02436346095031
0.760804235140452
1.04827759646974
0.794285687767701
0.682882715652306
0.987720510447663
1.07021996663045
1.10601315638792
1.10343465403953
1.65687647942172
0.638013540754919
1.6907846951097
2.20569411935292
1.48711841603337
0.5966722948096
1.11670706898985
1.13203303259456
0.996004885124001
1.75022951405046
1.35747851460197
1.33152696787427
1.07402534409967
0.859314005632249
1.69111934053899
1.61143080991378
0.889706417894483
1.07332269706422
1.10448586802678
0.922984359671974
1.12968994480439
1.12291669853319
0.825934549108514
1.33493869980848
1.12510836945455
1.92149797014717
1.11219332134166
0.941266128867044
1.13185413420758
0.739606328811051
0.826716541170201
0.837247430432121
2.44000335131893
1.08140437252738
1.0689188160405
0.707259259303151
1.77114839290699
0.623947898749629
0.920909935607188
1.12119895829454
1.65949932310301
1.77662968077784
1.13983405603003
1.53902849485386
1.02270678668134
0.785955911665553
1.24147530760204
1.16620523364716
1.2134685452801
0.994018562876173
1.38836000762355
0.952806550846175
1.27898459860816
1.1547064064192
0.988328729548327
0.948140360839086
1.099104060672
1.08498523261515
0.876685027210944
0.81731609301611
1.98827097477112
0.821977801615351
0.990654091737182
1.06795322348215
0.935487682103855
1.0457626181327
1.05443833288468
1.86913985658939
1.25884767346773
1.09596495399506
1.07844178078461
1.29443981278725
0.755987795903431
1.60517811225017
1.20604317806818
1.67080262434087
1.91386118696589
1.82759038640369
0.886219581745893
1.55476672951263
1.4980367069631
1.05109488735104
2.28469739960147
0.870735578405716
0.91259744208506
1.8930748616308
0.967466174118005
1.08919920753295
2.23261752657089
1.01440734187512
0.997196397771111
1.04159215152165
0.734971826332754
1.77475755696656
0.954315474133489
1.04664265937704
0.984208685484197
0.904722467646874
0.842453824458105
1.56952383163862
0.672667893331954
0.912439826959147
1.908407551756
1.16328720207159
2.09447220157764
0.759139905520357
1.12446366010483
1.09805617280157
0.899416082757505
1.9694725865801
0.870835523110508
2.15136485263491
2.35047985685762
1.36388527090333
0.877486752630266
0.915694023684578
1.06830663849361
1.06428079596833
1.76543986308332
1.65653793285358
2.06069070340943
0.676212627901778
0.966670125625568
1.11841827964002
1.55030732568608
1.02022666294669
0.813972344380306
0.677685368164605
1.71249608122447
1.66209963256469
2.44212274690718
0.826432923449737
1.22265260755656
0.898393896576737
1.08252934893977
2.5909394503733
1.16317183080666
1.26983241288027
0.720049199638682
0.818602359008702
0.851919509689884
1.60924532312914
2.35832880185976
0.811267509190716
0.800271824396748
1.18480269497308
1.15812887404176
1.69388099143666
1.61439730506031
0.920803705527973
0.663346808713511
0.803298321093976
0.95130992878302
1.95274339320954
0.813580610085217
1.10717683669392
0.743777189771588
0.700274263607414
2.35036717021918
0.86391924797196
0.870212045869368
0.979620880023654
0.996756978687868
0.676785870304133
0.926257824878084
0.773824306840259
0.978418087140315
0.997871140976908
1.04943503113101
1.03628115773926
1.62544990584738
0.598597477833432
1.17126297334432
0.980848169093832
2.61092598063228
1.5880721861652
0.746295849429053
0.837114122034268
1.02976072634977
2.30512124959023
1.28189725886737
2.56462287597565
1.61955772566613
1.72290750482118
2.00875023960356
1.14693963710373
1.17600765204941
1.10202683374795
1.43379382838524
1.51499102537454
0.836323958135739
0.807497902530314
1.05897009605301
0.961239069209924
1.12066354287576
0.902228816489108
0.955942724021579
1.58333225417043
0.771559738450352
1.10690543030075
1.5953690859173
0.785683034159721
0.768100416601051
2.09633152566746
1.01640769708547
1.51817343387517
0.633262724775932
0.65307334716963
0.681795798198695
2.01844956813645
1.47398798404643
1.46105412303219
0.987282917457417
0.722959606276182
1.20264487567777
1.08528341044157
1.07885515411732
1.05021444632115
0.597479837996862
1.12897014721201
1.24705283839041
0.936961107819973
1.00860664590163
1.71994893466719
1.64288851913635
2.45506516742716
2.39289482820463
0.840517963946402
1.07261747280845
0.901111192987067
0.945459696637396
2.00945150477001
1.19783784833873
0.679925591213918
1.0897184685135
1.93160824984239
0.637103574391917
0.774740199567217
0.78657405357351
1.14084779691796
0.841893786912254
1.13911925490181
1.09391538080868
0.931632500395602
0.716038892129874
0.730051203467266
1.95779765861147
1.10743264111608
0.995482915349482
1.03504733505232
1.09319599399156
1.61278015640812
2.34642731550471
2.40706487941974
1.65922481547941
0.795266616669353
1.56416118277447
0.957458396782553
2.15463335821785
1.38651618329577
1.00032012791989
1.77710849950502
0.900794234589081
1.49027645788724
0.817907827147738
0.788988893409323
1.22352652384735
0.753376003789668
0.938304769113163
1.04157679890926
1.38940234081538
0.781551919686067
1.51426792566546
1.34072428760077
0.974588041058331
1.26751238473117
0.869655007191358
0.713367478894171
1.924586556618
1.88251891822548
2.59929664852345
0.980727184429281
2.19818171373131
0.843741743227147
0.673690345411443
1.09673279732434
1.11901588531465
0.993749827216448
2.04765724629128
0.748969472898814
2.45881437740492
0.647691012962877
0.859841591874111
2.08484656568529
1.14458917807268
1.12043422023298
1.17034598962182
1.00643976105827
1.56597478523
0.77019394085507
1.81368112239264
0.934473471999592
1.04619162043907
0.896442010172954
0.819699115544088
0.823383875620334
0.834261658784094
0.820038161511473
2.10472290620527
2.22684513725747
1.13340639144309
0.840574050747111
1.24951463150253
1.71510630737359
1.56948242201114
2.20125562583345
0.885094952247703
1.04972783018071
0.981820501776819
1.44646657906995
2.40897951958589
1.22822426701872
1.0983278083686
0.937226605131062
2.09981499233292
1.03546621458804
1.07151304330633
0.740228915796844
1.12649162314561
2.26389613761198
0.719865097563704
0.870629268941798
1.09371502421565
1.09239762248068
1.08181336716338
0.882961305566529
0.944008371835406
0.900558512612333
2.05839436660468
0.766569674082728
0.761640247610018
0.987358054262099
0.961427115953889
0.933181642572156
0.7501413472336
1.32892375092786
0.985659433109709
1.40581042318432
1.3737659735887
1.409854397611
0.852241216782186
0.902641152661375
1.01481787479311
0.896598712003981
1.70336520147137
0.949220449943006
1.9523845003851
1.24664509616189
1.09468628226068
1.97512075311187
0.800442823620332
0.945867336905693
0.926771591314211
0.87096638467065
0.839714706373051
1.06941740605765
2.12972764620883
1.08768536140165
1.69742220006651
1.08893877960659
1.6828288897531
1.00531793706555
1.10712479933516
1.8936497970541
0.874537989217808
1.00950218425582
1.18584185410658
0.892129268585392
0.748454234124988
1.75929026947759
1.22617072838768
1.04814916623528
0.911610654031422
1.13004380940251
0.970915560898334
1.10923198761363
1.37505929655872
0.700911798066329
2.12656478646836
2.68730212946568
0.844198603226957
1.13942071831471
1.32503619886663
1.15707343970939
1.43205016462732
1.07552897414865
0.9475356538214
1.02037020071413
1.03994391855013
1.01585426479233
1.01463394287652
1.53132007127667
1.06634721424245
1.07269417826121
1.10988768208018
2.14518206648695
1.07936247387176
1.86867948535264
1.04025578009247
1.09789400745287
0.702559998388968
0.690446340130199
1.70959928874945
1.14244479485546
2.65951776748396
1.10345290107504
1.84743714675846
0.858037626710344
0.866472682202369
1.52765181827671
1.08578622617225
0.93797669065977
0.753180240644916
2.65786303033261
0.900580169497977
1.04762357976648
2.04648199376072
2.16499298062441
1.29203024809117
1.76161607031727
1.74568680339391
0.932953525859884
1.05281355468443
0.880203512242911
1.08628589357441
1.39735783763536
1.5222049245165
1.48414166477034
1.0622853416399
0.884293026824906
1.79465594162818
0.80598032424978
1.11539301179766
1.12114890574542
1.27541061256743
1.27272610889796
1.03670303085988
0.937531373331541
1.94785514880188
0.745513356766507
2.16375563417134
1.99719809157713
1.93729828835225
0.784128536556814
0.816216468408067
1.14424333485615
1.01528247061667
0.98439876593222
1.01911948882495
1.5823949997364
0.91035329072163
0.902585179143262
1.57141677788104
1.52022543103844
1.58718947761637
0.899980837612535
1.00092956243572
0.912626171415428
0.96866470863014
2.0155331348431
1.11088205121139
2.15492374008786
2.21739294113665
1.75311742198688
1.05347360808298
1.04386467359916
1.11608705224892
1.29509334965246
1.86125707967234
1.72213268963862
1.50030322435963
1.08052450124008
1.00867044513405
1.07391858995372
1.63517661395229
1.70358147583319
1.47245993412684
1.26032574854844
1.11788217004682
1.1332283519562
1.16305867774259
1.19730952753872
1.20425797075256
1.21495285902432
1.17837562222278
1.20747280492992
1.35888489549581
1.58218710430043
1.49468910631319
1.46317410414667
1.43195307062682
1.43874374121564
1.66371098515024
1.10899944422413
1.14602607355448
1.80834281873903
1.12807794152966
1.83971684921846
1.31055543613315
1.13931003054279
1.08717678520515
1.4680946728276
1.13657030830055
1.143228739166
1.93285880280798
1.47715503442815
1.49094494795495
1.59767048426578
1.58229675290681
1.06280762659039
1.01894107225591
1.05358979262274
1.1644159446529
1.26986289818307
1.5620620670962
1.03519525897234
1.17457114039599
1.42710276942407
1.11588402554852
1.08497213597498
1.69840087336746
1.09698032979509
1.17522059103402
1.19947293424392
1.12045669265757
1.51309955445191
1.91607682150232
1.65213766202008
1.04054998610878
1.53227606505365
1.16916549720461
1.61640914713481
1.14618068352493
1.91151636680118
1.71529057074422
1.45361306520561
1.45868432593525
1.43251225848966
1.28049467472673
1.19035164927057
1.15420655592126
1.70433115966757
1.50522250474144
1.1710577891601
1.62934280220466
1.19316152185015
1.12818559882819
1.2094935939003
1.07400624929136
1.09883283421641
1.00684185568256
1.13597103068877
1.10484494837763
1.156415609922
1.03812738891574
1.11877627343436
1.24635194093997
1.33411510551756
1.07601485392587
1.12759577325035
1.51626047418937
1.47905167576651
1.49281014976384
1.55411975524947
1.41452631016161
1.35964043753722
1.49252118540597
1.15039178501169
1.17624152290892
1.02608156291251
1.10246362331225
1.17251838893946
1.19326779408102
1.18636108663347
1.56176372331277
1.49971402101793
1.49185905324629
1.15720971261901
1.13439405669151
1.33672923589808
1.40502536566709
1.1738042645101
1.11761564288268
1.15188262478886
1.10402417835753
1.76696897833199
1.96261624990976
1.14350766399256
1.15839984671385
1.51851647440276
1.11216367552097
1.93182204418795
1.97719085406663
1.46704944825441
1.07777639478734
1.64634523819991
1.73893383409626
1.11272154705718
1.08757384309492
0.988273210630119
1.61108886274638
1.15878338771128
1.0306555211935
1.05594996198606
1.99985110757771
1.12317150266109
1.59982821003076
1.32552553593208
1.03236866503976
1.45538295562526
1.44350652322254
1.43485197410879
1.45080328172192
1.44583692049052
1.44371962807769
1.65460373312917
1.52196432171812
1.76622948161033
1.44810686461887
1.22517376875566
1.07101022343314
1.08382974764878
1.05010215930757
1.2239376491898
1.42982238340031
1.25851877957029
1.51019306427158
1.00206237830376
1.068155256388
1.0627990704288
1.56547964984968
1.15811488083851
0.980908453873259
1.20006735638437
1.47744198141731
1.13717091798716
1.75854182984827
1.1499022479793
0.999894956268973
1.04248251882076
1.09152385771477
1.06751307129079
1.06711221556874
1.11027486272842
1.33180408762877
1.25965508432699
1.39299218711899
1.1080964843863
1.15209361002316
1.08378557644661
1.27458375592382
1.50250121061471
1.14161589850693
1.01733324452378
1.16411605187377
1.12422345128378
1.14064207941118
1.14047551713264
1.15868698333082
1.84993567098763
1.12144305767814
