1.42449839049663
1.23492994294369
1.13245708431217
1.15771035706626
1.13084197422166
1.10966954584561
1.02845262379658
1.00530153377954
0.960768402387413
1.12105026495739
1.12295300594662
1.15821752336349
1.4550348419461
1.9528942023863
1.94561970327048
1.84597213152774
1.84705061713409
1.81148095376467
1.59646780312283
1.38834987077486
1.35117399756321
1.15510321278024
1.17811245056012
1.74336997117752
1.91455750157503
1.53159929237525
1.13125208505079
2.01806781033279
1.16997858773122
1.02663178968617
1.12514026298566
1.35635889278968
1.27790881102756
1.1543249269217
1.11968999006794
1.87820460004664
1.85087300971528
1.14120786485055
1.16701942976471
1.62203897409785
1.16393742585924
1.93756710974291
1.8563250724032
1.13548000682904
1.60587689532406
1.21102201447881
1.1078095238817
1.13505136816536
1.0709026108389
2.00076950614224
1.15487077426279
0.999289760356777
1.67404822341364
1.05622161886706
1.15319409379149
1.90904826766591
1.80364552666131
1.53888138591543
1.10069860052385
1.99542098885002
1.72864755466433
1.35837551735004
1.9468804842934
1.93097869737439
1.10377886719562
1.48939366380041
1.12164797077779
1.86418581899493
1.89887797439364
1.09981571265027
1.13305896264572
1.17025668862655
1.16252336368819
1.16020924498746
1.12230602173634
1.16955561236696
1.5723502430209
1.14054978575936
1.15394668355415
1.16884177694507
1.43116649988077
1.09703082526231
1.19499307446435
1.1198336948025
1.12304955183422
1.83177055283389
1.88261788410855
1.83356476031763
1.10804125014895
1.18249739436697
1.97617067127147
1.85557234323844
1.06035744899674
1.28704837771406
1.52833531126771
1.61351367532724
1.24242223851691
1.12614522552231
1.31539191536798
1.14003650854794
1.71135051960858
1.36784490680865
1.64024978834623
1.77752556190782
1.93288262299636
1.49635702866581
1.14463058187893
1.10472628818023
1.15738178589835
1.98023570100647
2.01286755907199
2.01212082454866
1.11150017911661
1.40410596315097
1.77757201315168
1.66146351091277
0.990348099746692
0.885718614644395
0.922055880943192
0.896039729049029
1.05695586199338
1.04374572207252
1.03902074851549
1.03856084970859
1.0232963892383
1.03099191853489
0.983400842115862
1.0432393074172
1.01650302083253
0.999371002280258
1.17554715595497
1.33678425707485
1.30095057168567
1.42944904202333
1.47406342130169
1.47410592565752
1.41419605794161
1.43781655313868
1.28886830099306
1.18162051628877
0.817401544999534
0.613472005689127
0.493514596093683
0.485448433142036
0.489914154783275
0.720485708878702
0.813709455090046
0.588736748012887
0.864638676304579
0.848067872266183
0.697426030222194
0.961912652001684
0.903827703972187
0.79914703351556
0.746995279546615
1.02519392374253
1.0303898863926
1.04850333262889
0.893530180718846
0.55372963541185
0.636003764794932
0.588179500879245
0.885897244591894
0.849003621256133
0.585539730477055
1.68801795494088
2.48840965689692
2.70817606241329
2.73489248482359
2.34001042824354
2.04974554186242
1.3607896273655
2.60304258781323
2.65954007702495
2.54190468654459
2.1390168414666
2.23187909802698
2.69462756166709
2.56659683394772
1.63520335526615
1.96014572823975
1.30659656265191
1.08188673510963
0.994311152533445
0.885435974163018
0.54547077548591
1.19086889530118
0.971416932442921
0.932646803812457
0.872128696707263
0.861266231060618
0.816084659075249
0.944272293706849
0.947825668291999
1.01892636301069
0.993636998769218
1.0214439156522
0.966565164909376
0.971921989967937
1.03897089871097
1.0290252045171
1.05340641210893
1.0452946283817
1.03875835410725
1.06043547741081
0.778166392663343
0.687376870823273
0.564167029848843
0.499056821813017
0.360885242333982
0.35150393787085
0.480513537044578
0.613011574870809
0.341061202354272
0.59744791460486
0.574885248329313
0.490939763985926
0.445647763315502
0.441914280105939
0.38392335362037
0.443619871763302
0.940303575887734
1.78089374229653
1.71980743934944
1.94279550378902
2.08089288498587
1.91643973549776
2.05146124339871
2.28770156915159
1.75176317979685
2.34755522497828
2.40651982162616
2.07465208384277
2.45790294540549
2.12376160749246
1.82750426817946
1.35737278550413
1.54657932294581
2.29306831913223
2.31360406200047
1.95128712976834
1.71619488032862
2.06958337053364
2.00768495362819
2.0170405270881
1.94282312986482
1.85985131915864
1.59697475907622
1.90515181096417
1.71199779756557
0.750342655594341
0.683789876917375
0.745737981832559
0.637079931969199
0.57281721682441
1.19954195725538
0.91771223662478
0.902750610991221
0.722134500356692
0.900699739590177
0.741097081552235
0.757593699860112
0.706003803171983
0.835026906430972
0.76476702710686
0.732162990597232
1.072309154734
0.957671751523736
0.9000749893395
1.14686794792429
0.976985670633744
1.0011116822876
1.03800490266243
0.859480013992878
0.800451324237276
1.15083606776659
1.07766768106313
1.19329764416035
1.11860064136343
1.19803327502829
1.59636383855462
1.49497593406926
1.42404351359273
1.39961977503205
1.45059952811555
1.43901145857985
1.4145448332172
1.47546000931332
1.50399229279686
0.924869686218001
0.981703497666902
1.02096025807271
1.01243974505365
1.51164819751159
0.929768436594802
0.892701893112811
1.09098812825145
0.883881524944661
0.651752583818784
0.406865355288298
0.35958333708018
1.2931502869825
0.913692323399949
0.846013367493108
0.827163905919671
1.06639352839044
1.10897612591451
0.851165745992075
0.43393968342661
1.07707837202546
1.05607048244195
0.956429697729257
1.60753791528016
0.435707092216652
1.09044607535926
0.793150849850588
1.45710907312307
1.76992849632548
0.875830656491395
1.0509521500064
0.975699580287509
1.94399237267478
2.81760454054538
2.07098437066702
0.629680584471925
0.529359153370998
0.79104309467724
0.965872742064592
0.901900383993236
0.587419649958916
1.90820722974127
0.881253783996272
2.21668488019452
1.415336110346
1.54940553421127
2.1096990711649
0.332842449038263
1.73819673014358
1.60732409110967
0.897598986006715
0.797053396979287
0.956493013220749
0.83212670202286
0.961240392477028
0.782098498921808
2.80790048738407
2.44362913747034
0.630964327335786
0.587576680762396
2.26083976726949
0.962066009192306
0.68203577852203
1.16850144798843
1.10730163020061
0.743410504364931
1.42678080526327
1.49240698827391
1.04297354000065
1.10037122749408
1.09141903005523
1.08390764436036
1.00067377735426
1.50967065730448
1.08857995061272
2.77440388445033
1.0989095975422
0.780900968527127
0.500181922986957
0.946051527564868
0.927100188480277
1.94401121217524
0.96297819472473
0.942979193576185
0.963261259717909
1.00657346523681
1.09828280817401
2.18234331287124
2.49840100236345
2.34790866307314
1.35112163239187
0.959329606303525
0.40673014078513
1.3123258774786
0.738123193545698
0.835433161785889
1.07620429310507
1.05433451100964
1.12631557621134
0.429632132127484
1.55485181486181
1.65747474912879
1.18453112663474
1.02711329703996
0.711457477790297
0.923685469930864
0.996009257030211
0.732727946733875
0.41246688998445
0.256857135672948
1.64928748580525
1.22721503972361
1.29201420888184
1.77632593593929
1.30674986461769
1.31564648686276
1.09440509812816
0.930400872256518
1.02669922359483
0.952043321750642
1.06135084739185
1.05194532888601
0.973720680211086
1.11595984128887
0.983416892833187
1.28033716991872
1.3779767534404
1.57370961401185
1.17177122218793
0.81615069932129
0.944317979176014
1.03620523047611
1.27855365800393
0.987839159366552
0.474310975033939
1.05323394100237
1.45290399945393
1.48625545727061
1.50668297253096
1.56997115068878
0.868122801143415
0.913671132967236
0.832198057637539
0.795800639825875
0.779418853655039
0.987321812753058
0.97330387406189
1.05745457423746
1.13129843304828
1.41977288436861
1.18945145342597
1.55985010141774
2.43149875397445
2.57394307832218
2.33173866397724
1.04661411653809
1.01650564890439
0.986371746792575
1.05255588619042
0.992774294926339
0.944343978087279
0.928444935874655
0.954879320590302
0.942385526417939
1.04953244992252
1.08335320152633
0.3892692669051
0.461543738472284
0.537647031965032
0.848217745975551
0.861114523921435
0.87695106384175
0.959338937855599
1.33148473924001
1.58616986104658
1.7634326230694
1.91783297229373
1.31725660887845
1.53640554054173
1.64597690470297
1.71516501059529
1.46555080312356
0.362366955045432
0.405223151932067
0.382702398484063
0.916971159019629
1.43591579338554
2.11405668117188
0.654067594138587
0.819759020960435
0.754472533667851
1.17519263935107
1.06478559522699
0.753491082815428
1.08012950140687
1.20160722690089
1.35153633230732
2.30027782785803
1.09843156627781
0.673095795815867
1.01717918496526
2.15455823848943
2.09559968359001
2.1691799633644
2.02982727222094
1.0680885007577
1.09770177522427
1.07961029931046
1.28763829805546
1.04687617541175
1.38283869985675
1.58165429747129
1.17427990566056
1.6364253772048
1.04298539828884
1.96658204327331
1.00165067293153
1.28364216793795
0.627084222891369
1.14674826954621
0.599907473748631
0.717349971720124
1.01729235998131
1.02189064721123
1.11997239756199
0.934158698092679
1.12676321917203
0.571308793025271
0.769067126956908
1.2116848671499
1.81506175668573
1.86132653650714
1.09114647232803
1.41770037211104
1.12598910875654
1.02227855543994
0.430389243780219
1.06718664548068
1.01173989085753
0.621962340730297
1.04788493003157
0.81249368685224
0.65327808444196
1.28616190879354
1.69832899857504
2.25572580847696
1.2419886867899
2.0906565280184
1.11253010833933
1.0655162433805
0.859501629237217
2.10042550363871
2.56514181921459
2.08361378123844
1.34395979575112
1.04066949468984
1.07492979610486
1.91009947342595
1.05329213531845
1.0920708108858
1.10009126460634
0.692524124806375
0.914169605428142
2.27279246832608
0.776947780521894
0.910064148643767
1.02972304090966
0.764741678956462
1.00986290539284
1.0186027755943
0.672197089583233
1.05014538064115
1.0255736129066
1.06247743107908
1.02898261481253
1.35959048488829
0.451568002442315
1.54250033446533
2.11751370592797
1.68949237710946
0.450432018104174
0.929075452315546
0.946632663176611
0.954777560324472
1.42566531779358
1.53464639520544
1.50926781690928
1.12144335941764
0.782807448196588
1.39599361404608
1.40264861626544
1.12147693412305
1.08402313471191
1.04951079860724
0.719840570666661
1.00699213941156
1.08315027133936
0.881219095434059
1.46461008970578
1.2419813231754
1.92199607296542
1.13683945908742
1.0652154249601
0.907098953458596
0.64984035989194
0.514046037127602
1.06442526258588
2.29385179823991
1.12787231248716
1.13681381345354
0.601438328203984
1.77008978362789
0.301848875507729
0.915252186485498
1.07543712643594
2.01901116365697
2.21335216544216
1.22210030222294
1.64088512612847
1.08473191907987
0.610198544645511
1.31542186949185
0.887559993725646
1.15081559554057
0.972285289750768
1.5576030108624
0.828597887992658
1.03107263214882
1.18126887368161
1.00396727855599
0.963028315552633
1.04328161653253
1.18112885131876
0.974198254656194
0.692677951844079
1.90359249303326
1.00169487139435
0.947311790281711
1.04438816112185
0.966923765005694
0.997935549817998
0.98630240832908
1.6672212084084
1.40417573142502
1.04922670147826
1.11428089939867
1.33350191668057
0.521931769661983
2.05135278516763
0.929318563581805
1.8190549657388
1.91858793011968
1.88544390665864
1.11464451673802
1.57315393435439
1.88590805221378
1.12184528744681
2.33328660964136
0.848880493968545
1.10467992358446
2.32485579144346
1.09896153002706
1.03325760748777
2.02053524015492
0.913819061865636
0.985250071387076
1.05584592912693
0.787400135641105
2.04432464825715
0.711707246073575
1.08600266207891
0.944857201369544
0.77624009021743
1.03077976826523
1.72036663619526
0.683072840487207
0.798347931868585
1.97294440004899
1.0953931473973
1.67562657257901
0.580959424129452
1.18943913660553
1.02548882226575
0.811578685601907
1.62106731526228
0.653658094767069
2.46578395143922
2.56047298253927
1.43740222337101
0.996176643236368
1.03257935048596
0.810906844419481
0.823345040826404
2.2788841322353
2.15914111273976
2.58941989578403
0.538908987238778
1.0650945768813
1.01153457721077
1.95119237569295
1.08942223776348
1.0204845094612
0.533558905997068
1.48344871460494
1.6178414481309
2.71570620632119
0.65699556128572
1.35009255540851
0.990540406024741
1.01350303672205
2.38890582156227
1.16555766409678
1.23142107110189
0.80971330208295
0.687161820980616
0.750295595234779
1.77914448246293
2.22728053351877
0.740218731589433
0.688254961453609
1.34220085688805
1.24323877420327
1.45448423668176
1.32462189526103
1.08933448321357
0.308892554302059
0.623573082796676
0.599214401544878
1.89014660227545
0.66590813975211
1.18164732935186
0.716603085685596
0.65199878670748
2.44476992992777
1.04433502741582
1.07063976117155
0.927884354882555
1.04821981626664
0.458743657793564
1.04533249041969
0.663288140714995
0.991325073678878
0.993449904232891
1.10123117517421
1.00798849804073
1.39999755168307
0.337149162717296
1.2443504883162
0.880326001932428
2.29885710572066
1.94934225819074
0.728219121108706
0.547635839688817
1.07489911151341
2.45277218637111
1.34347614717922
2.72924080400501
1.80914131185556
1.86779593749037
1.87516873902634
1.24802122152064
1.29166335326137
1.16460236239069
1.54148328164874
1.85136966974696
0.734663434244809
0.960651649762934
0.898152198619778
0.743648316896653
0.893076139632952
0.709065045260658
0.918233696137774
1.30515181397085
0.664094435355383
1.06499923406167
1.61947851384157
1.00361996843074
0.91209184492638
2.23988586347086
1.01481978803081
1.69683545370128
0.441440754644059
0.589126848634884
0.506089603855553
2.02845095672918
1.65431811783118
1.64997844280406
0.777226921105793
0.442154946202345
1.2346835492503
1.11677551681821
0.987347873884777
0.98855640314715
0.322098719172785
1.01023373836199
1.08334014546338
0.875743699094712
1.07934161325439
1.47495577293954
1.76770853906288
2.24136347037326
2.16290218427885
0.770934846279742
0.817433774380708
0.824498521409874
1.08459988866154
1.53018051284194
1.04482624703556
0.311546071568615
1.08118917161236
2.07209388804746
0.377764939027651
0.519421104193219
0.919435164126188
1.26534185032931
0.609603393602655
1.18123118678744
1.12677106627362
0.86008361722576
0.343965646798233
0.443696579706976
2.48008743812901
1.02161478342428
0.951978643387055
1.0605862515875
1.02796400718807
1.98744027375517
2.81960501487879
2.28602493869987
1.89176122381705
1.00307821114085
2.0244806108876
0.95945350363162
2.21304441073141
1.32298071520201
1.09227701398018
1.87431544509561
1.13871393421008
1.91231349478784
0.950626754967535
0.947799166864921
1.26118604921256
0.490821026342884
0.829802685620443
0.979630938524861
1.3700488385299
0.632623332177141
1.64372027345112
1.32781198266509
1.01674518728298
1.23184035816631
0.773052956105792
0.674972521247556
2.18793518684312
1.55451354938739
2.39950044763542
1.06721018617612
2.09979083582833
0.917523162760233
0.416396394542677
1.14354393873431
1.16826387265773
1.07381830276719
2.09962084848764
0.85813647516006
2.20752545433421
0.501689693779167
0.675915640879127
1.98922536429011
1.23913409274547
1.19922976246005
1.27262222869922
1.01845607461821
1.62319423069511
0.838127329319914
1.39232663333757
0.962898449679892
1.11117751225576
0.928405517022796
0.847526930427831
0.89081307870088
1.05055033888555
1.03468013383008
2.64211808128608
2.44724559940041
1.02763502256905
0.634855855146281
1.37609413925451
1.45522462378612
1.75893555596005
2.58468686190215
1.01768504716462
0.934088393035115
1.11914064959047
1.63532589653051
2.07972916488373
1.38149742677961
1.04838432506644
0.825738464224055
2.07402513772714
1.08251135288244
0.963881230420471
0.745021242917503
1.02637823334184
2.06498407349617
0.599746488399224
0.907258054402387
1.10816059315243
1.06369886708563
1.06351968248185
0.8102964103312
1.11943990493904
1.06493635238625
2.48171286848049
0.978234090861439
0.673025902481135
1.07242596644471
0.957516009354084
0.882580829300868
0.77404304974381
1.49779507028501
0.867911642509666
1.54538896059059
1.49065302088051
1.5650734839635
1.04805049684192
0.739145289639878
1.00408650047716
1.05432602083475
1.76787715990369
1.07755192397127
1.45788808930747
1.09590019106566
1.14174036840846
2.19203746726589
0.524907333173497
0.746580186737502
0.800053733444423
0.799541957660128
0.781092622271817
1.10431008916731
1.99520227976346
1.08950825238182
2.15527455427176
1.13751390395562
1.98593893868196
0.703158380392653
1.20658490160698
1.83696300508761
0.710183277301665
0.949984838006412
1.29016798859886
0.994579749627876
0.534611476069714
1.41764632074176
1.32548076458184
0.915311135323206
0.638602316273279
1.22186138927279
1.06317543132327
1.18055338113089
1.60356331211844
0.55624911611796
1.93344232388424
2.40510163658399
0.774928760766205
0.828115860970083
1.42023556267292
1.21829003088822
1.60798569829625
0.953295272694289
0.773484287469288
1.02950871525606
1.0488591890711
1.01977060523946
1.09648618092382
1.93853177887986
1.11051708055909
1.04630355569462
1.0943440067667
2.34673178961174
1.01618300178475
2.21924899884301
1.09930657096714
1.16208842671544
0.789988767304421
0.669766238444191
1.39165790191685
1.02432417032663
2.69454091061883
1.08877717266129
1.93868929438354
1.04088202879879
0.720421343471811
1.40236656796813
0.980053375848126
0.879998470415085
0.600554727731764
2.44933901397565
0.787986362823901
1.14454313668047
2.12533778983963
2.04980647237033
1.39581919037585
1.35378540035028
1.37956150013495
1.08158148047741
0.982430403918649
1.08343733818142
1.04524220049953
1.55831519627749
1.9817802927142
1.89339120828905
1.13512522858026
1.08245689904595
1.51286977442548
0.597551359384784
1.00255529443663
1.04681779555504
1.2057715859656
1.40264151496611
1.09799683637863
0.809735019838534
2.36309326139378
0.331821855089522
2.19917793324977
2.05535429054099
2.05426048106492
0.821810690390761
0.784620452583
0.953738618370534
1.08985432481268
1.02477151756515
1.12456025952223
1.61070502518749
0.756547144054241
1.12055595744446
1.74442837721858
1.71989004791474
1.38192412118511
0.807852712742621
1.08941757432906
0.753177723585948
0.935623870424579
1.61727783105833
1.09457978620878
2.08581052001975
2.18729783368914
1.85160780836253
0.9631800714186
0.998185002484375
1.02088444895938
1.45985509608555
1.82687745906167
1.71838048157939
1.56516409497699
1.07022697959425
1.01278816204648
1.09341257908861
1.76291605403213
1.98224041295454
1.41118859062823
1.31848491435776
1.30932831441496
1.32406596952111
1.39865211261712
1.27746769980465
1.21458405697642
1.08832486681543
1.1596699424742
1.42961679916478
1.56827683726014
1.5147459264931
1.46541818935947
1.51092751055052
1.6786301733943
1.44562669054917
1.63407032358729
1.19665475143818
1.38486010486011
1.78991535471182
1.13723699125944
1.81875829261422
1.52105333088688
1.18802348487303
1.20107897957228
1.75599458644594
1.18247103108077
1.25935236051535
1.86761162020582
1.73389783756299
1.53014035285793
1.35918271119265
1.7193269144537
1.22590578263873
1.27219091752416
1.16651137024508
1.09973249055627
1.3578436433189
1.69155316037524
1.21137621417638
1.02725132875577
1.63663817283872
1.14517801732824
1.22240025950135
1.76675852813279
1.1967528011018
1.3725649982552
1.35999167391378
1.20468262778891
1.67081511368158
1.85507841775238
1.69930986885021
1.2129320346817
1.48194670931153
1.21074894558328
1.59108777138835
1.33775265919341
1.85519545470543
1.66721599050269
1.7542828945746
1.58641735316455
1.68717056569763
1.52640148368227
1.30223584171764
1.18757613868916
1.68982973483498
1.62556386976949
1.2625170787274
1.58139345281828
1.24738427406448
1.22933262042964
1.25976943218723
1.1560943268788
1.21331470674453
1.25663440667118
1.37008035049071
1.34889698944837
1.05729290308386
1.20657630592585
1.34282643167562
1.42575709329616
1.56785358740968
1.20249268852266
1.28165122674738
1.70285364628841
1.47435402064963
1.67372239258714
1.67070038993497
1.5601022710119
1.43585806148839
1.5466963805778
1.12673674887207
1.21300100078788
1.2499937185711
1.29892283619733
1.02288646071708
1.10601409988483
1.06894738805523
1.3434769739371
1.35923518737531
1.43364942372023
1.39269390957103
1.34455659423102
1.54541772679333
1.61708097541635
1.32206326024627
1.18717827745139
1.27103074256168
1.1742665881786
1.79383801892355
1.90918662003469
1.26798260558696
1.28374769416243
1.71363039222086
1.12682942236368
1.87820874445294
1.90818184503051
1.78445492615599
1.17177414129742
1.77503028100984
1.80180931217469
1.16066265980464
1.18434131053104
1.21527343862976
1.35022250173783
1.21209412127786
1.18876654512266
1.14365481386365
1.92924064953611
1.15810301346485
1.74013260016963
1.44133385418306
1.16652848075807
1.7989985757593
1.74201052257486
1.71870666530637
1.66920349099648
1.58118593021198
1.61729456423769
1.66136393059179
1.52968252375798
1.73787052018046
1.62751796680816
1.42433403391892
1.30339668633647
1.21263158370483
1.14149836020619
1.30751973996286
1.63121269251332
1.43596565463719
1.6881871308677
1.18274172663761
1.15698526913587
1.15627539256011
1.76569291157478
1.00629361672707
1.23109834560281
1.35029321068631
1.59100694016507
1.12719977578014
1.71478734899799
1.38395260620526
1.22290154334347
1.25073042276957
1.28086303435397
1.30066276917985
1.24873412297126
1.2695402876514
1.43732554284842
1.32876914859319
1.49478683675845
1.17416665625732
1.21196346930711
1.19355308903939
1.48644643597245
1.76034097013139
1.18954566363135
1.19532664911439
1.03061309889319
1.12638046998974
1.09506954523298
1.15439018509889
1.12915978139486
1.84695866390981
1.21217616652936
