1.57121486542061
1.51540669853966
1.13764825407263
1.1239832992931
0.696784902519166
0.654786911238278
0.484772111937145
0.456060564109548
0.3912264037814
1.04216247762709
1.08368203579693
1.09953949269345
1.29185064314147
2.1416780529146
2.63303761562419
2.46343678819035
2.40266410008883
2.09678040662221
1.8489102618844
1.67633341522088
1.60007130690063
0.89954775680503
1.07395043012827
1.63244836426801
2.7229123798522
1.60792222098678
0.753656446871996
2.40882132299052
0.790314208953175
0.683896713973794
1.36525522721801
1.57886453201152
1.1693097211881
1.07036610033986
1.26954839236322
2.62315143784416
2.25168421620303
0.726589313776453
1.44356254468669
1.59154041235635
0.98166650602564
2.72566753267162
1.86853326307332
0.708423189678071
1.44384637568071
1.12768303956258
1.06344040474571
0.795790902081048
0.585322457344577
2.5314658067452
0.754420067852459
0.55070283329342
1.53263750663267
0.531039362344264
0.752601533194089
2.00228136328412
1.74455286404576
1.36380370449039
0.627885997992612
2.27464922865741
1.97015585592487
1.22497951726103
2.68727914730424
2.73457723515278
0.930993157979727
1.75696010184239
0.74776724309216
2.54769064698289
2.68332497233007
0.637269351606156
0.817936872398065
0.963963561316691
1.11161141412654
1.05846051458137
0.71836221330533
1.02280160322221
1.40289011378081
1.40407896040306
0.755457460983337
0.78856002838484
1.59920781632973
0.624683330819769
1.48022542359543
1.19695157680273
1.32671782050243
1.80537740567309
1.93472588436369
2.17338584598379
1.07245941458141
1.11202882087478
2.58624049060467
2.32799975432898
0.54969571509405
1.54848620388958
1.57684941366606
1.60398710493081
1.14659485834468
0.692801667656922
1.19532819579529
0.719748601989321
1.58103229777225
1.63492954093145
1.48697741800147
1.68693503640028
2.07209695610678
1.32679231557081
0.72921660561786
0.637395677089575
0.760492319403756
2.20870274270528
2.47087210726263
2.3425924920563
1.05638635479288
1.2573635578207
2.03254770105217
1.90804433098839
1.04172676100659
1.06014782904591
1.05751199389948
1.18671533640294
1.26821178125159
1.11530861260329
1.15976179794049
1.10109913851381
1.08256318198641
1.21930918509257
1.16482678247669
1.29341602331996
1.27700253649155
1.1945987926257
1.4832632817771
1.6166032131999
1.51197696450117
1.64910794202228
1.50343302925288
1.57055425859888
1.49912860041913
1.45786983993631
1.25756985704971
1.1640034050145
1.1450468614284
0.990597340722593
0.892248451077212
0.895637556562128
0.730274628663144
0.898191169005741
1.19592979324394
0.91545132965759
1.1853466300209
1.15604676990781
0.994527144244137
0.685102344515782
0.640346480451998
0.531827526268021
0.476761879768182
0.981702187111622
0.97504915318318
0.885342061938644
0.881845130603395
0.490674596484352
0.554183950105206
0.46351860179809
1.00818316680261
1.03858355295826
0.432202148993508
1.39436689332657
1.81585689792751
2.35633796000484
2.23115669801592
1.94051878765086
1.62630390356716
1.43599889626178
2.26281653253683
2.70903541924429
2.12795232445769
1.91007971328471
1.80754639046177
2.61547412743088
2.25278175026262
1.44590877367092
1.883092173135
1.11407832540749
0.829212875842164
0.92917319148895
0.810114132665892
0.437617165676445
1.22612175338532
0.847364487673784
0.937151351138877
0.764725248802429
0.665627734614254
0.532160042457291
0.83407312800622
0.745992052328148
0.905545873661493
0.735823015257682
0.967666188866559
0.956495482623441
0.873031413598613
0.891095585931427
0.605003267516965
0.85056101483108
0.650293410102889
0.743413884009847
1.06152212640746
0.939592353246901
0.847370045541416
0.633759135484617
0.536963767714819
0.615627587110813
0.533958322040141
0.468035040869965
0.630225915468864
0.463834480542104
0.864894713624212
0.919953712863494
0.859119782257292
0.846164877100295
0.856452081856255
0.693591679509285
0.718486374166863
1.17188936201462
1.99023321883164
1.77181679369845
2.08509194304745
2.21437090259514
1.92391348899725
1.98310767903499
1.95613571862864
1.46291030421599
1.84628603894471
2.21953544196912
2.39230586724058
2.31885556403133
1.89703154290373
1.81922015140938
1.21504888576749
1.31893498044864
2.61850281137558
2.40105837788278
1.67401377271481
1.4360697627038
1.86294616021635
1.78650067046666
1.89080592643829
1.70507331527254
1.61613942742615
1.2664944832255
1.71632643581264
1.49262248413046
0.47224791637379
0.481114707096538
0.442836783371617
0.464659801768507
0.423555133701474
1.22647422608203
0.969792640221435
0.905536516894672
0.666326801574817
0.976704567095289
0.708588841779678
0.705397246013595
0.542718258990317
0.775034453824959
0.541929246117646
0.384309858629196
1.11822767157528
0.966231330941538
0.821084415020854
1.14026616647869
0.97782923634398
1.01583410339355
1.38502722693668
0.950617000689694
0.85580433209324
1.15903588437931
1.31013584460999
1.34801571680458
1.27679871304963
1.30273173356628
1.66584654824972
1.56154526402047
1.6168426171489
1.56123982500644
1.6896809496628
1.60251589896146
1.38109458222129
1.58762238929773
1.34776302279726
1.25699851189248
1.3011524432633
1.34415534534065
1.35084976045684
1.36494643989532
0.499389446806904
0.480775292147691
1.43346803942528
0.553763590216263
0.507799640715901
0.619632756211642
0.333548868695972
1.59142767978999
0.683215760166446
0.584851495946891
0.916488433284596
1.35163220868535
1.09721007427553
0.334634668168898
0.501763850778012
1.09145282067217
0.894207042962395
0.825361900164433
1.86151349550834
0.437802358547759
1.04138812880848
0.930339006931508
1.563693126409
1.55742535961218
0.975578340142773
0.888716266780338
1.25483577586763
2.42346865884922
2.39909159261158
2.55234484509586
0.803990774031582
0.442486288647856
0.914248190428102
1.10866117238981
1.17156485188008
0.371559663320118
2.16365285869225
0.94982087926103
2.12536565617715
1.49111296574857
1.61804710677501
1.95233650809565
0.586282517128403
1.53964917166272
1.25875477034502
0.71744928132053
0.666737723633849
0.926303354346471
0.458653340191648
0.483304372964844
0.569708743404375
2.58503507100587
2.60350288564105
0.469009698286422
0.867622974608552
2.01465975524341
1.03570026368276
0.614527144201098
1.22326938201678
1.39987779653638
1.15422260188523
1.33228082385446
1.42270960902792
0.582119247420614
1.07750076213932
1.10868895878804
1.23387959486774
1.12203298788971
1.52822515561669
1.27745973575874
2.38793888819718
1.03873303722043
0.320949255845648
0.297257235597155
1.26579567650232
0.954990534941511
2.29682846842076
1.26649994522027
0.948548239957009
0.989306078999196
1.06036432372251
1.05622248533948
2.3870498320554
2.61475188777774
2.74799628667912
1.26517229605332
1.12713668390204
0.212448428714232
1.02915954533343
0.851736003917641
0.876448866011126
1.05086501903844
1.00890647975536
1.09201282334943
0.778932913782616
1.61164827079737
1.66387466102892
1.15294803836435
0.642088526493417
0.952536733857996
0.83053736049099
0.940471191812388
1.04946720366964
0.519577264125275
0.322218730733032
1.43870744092104
1.16562127067838
1.23560911166508
1.69021414808383
1.43675622558638
1.22187809600612
1.08439925003696
0.484486912552006
0.600888686514389
0.407631483632639
0.6958834221171
1.09405464865579
0.6127127723383
1.15255098908151
0.965438457395097
1.26734991226891
1.37150682343184
1.50498313919727
1.50743347960357
0.45267220897542
0.606606169002777
0.643877283763353
1.24295163794499
1.05133994812576
0.655759253986012
1.03633102222753
1.65402728367828
1.68222264679515
1.76792883517617
1.69823768491504
1.19482367646436
1.22359333553575
1.19534006581399
1.0737271752169
1.13852252220855
0.586743186223385
0.561032536006126
0.638212948410418
1.25403898905581
1.05882774411089
0.902167597838886
1.5476757178234
2.03402354068052
2.35724845453045
2.43676118744813
0.920565455239786
1.32677190484882
1.31170599892138
1.38289865578004
0.866250653001296
0.685455452210098
0.603660391428883
0.592577755756305
0.461579570223103
0.633109879361331
1.09172903635056
0.680479620330604
0.726972389956039
0.72300868656459
0.550075939103261
0.468031832474306
0.620559189063501
0.580749223051821
1.12135152327548
1.37415455309789
1.63180128325649
1.88849591355953
1.21337252302657
1.48931886076126
1.56042934183842
1.61348334691971
1.20064012921889
0.491064258294237
0.312529509591161
0.662688793660694
0.477875646727318
1.34348330769053
2.68781431495338
0.44922577155207
0.906388999844306
0.778647448594865
1.19316527671186
0.762059917395749
0.657433816706589
0.706101583904074
1.51167544764461
1.3295718775257
2.74414173998163
1.33171505875144
0.626396619778043
0.72125344131163
2.70364358192433
2.64782493781356
2.5520175258719
2.14300468754714
0.627085458811559
0.852636227875499
0.922696903013412
1.2653407561227
0.583655652142257
1.63035749499186
1.44935617364277
1.12203731618895
1.51799356999649
0.584728487668188
2.01106882867792
0.478393980390645
1.28756731659356
0.701880474640671
1.45535909415721
0.724681125627387
0.802569998684204
0.62714243761559
0.625096634438489
0.757405717948169
0.531927918404592
1.41276155317315
0.477582841219404
0.296832408639571
1.14236515718847
2.0605624916632
1.80405449678325
1.12354171820861
1.30754419685313
1.49242601511176
0.789005043979553
0.381246340944684
1.06838913169881
0.709467962159249
0.378626405272179
1.39295781847053
0.973416465356055
0.497988300065314
1.35676380768163
1.95336566618242
2.29269972521011
1.57393275086589
2.27231568831394
0.733132760932595
0.61827278382334
0.485896243845794
2.74061069936115
2.68384536807178
2.74403779159271
1.23816365674874
0.958326073146047
1.30471437842657
1.62740851771882
0.575680523801552
1.02513896079194
0.678873263521878
0.659434033786708
0.915536965372571
2.20032639041552
0.507425145736688
0.890006367255014
0.66712551369635
0.528998552754566
0.794720646344717
0.959970511206257
0.609417118239429
0.605075715606411
0.601373521064959
1.08611033511458
0.783449436191789
1.21909301253272
0.368827714460513
1.80899795943903
2.47790695954414
1.59166573031626
0.615738449912187
0.83731900768624
0.964048148753278
0.620102536839621
1.69506554301256
1.39257628503003
1.36011392958223
1.39589013211002
0.379260011480826
1.3834634837586
1.59266326849096
0.936048113376096
0.649074500590486
0.915016502954846
0.541585039767961
0.542483014528037
0.932747977465034
0.9796302168524
1.3815903381199
1.56578447263383
1.83167556806977
1.17315368347099
0.690183260780158
0.95568485471695
0.485746738417889
0.627079290754938
1.00381515408762
1.8536456563795
1.45140105587978
1.48435045012362
0.620834183418493
1.53171777778367
0.513763096977713
1.15806850683393
1.01342779873633
2.6269157035137
2.63557520965202
1.18289930350774
1.65579444067946
1.35549982561957
0.859959648749022
1.29471818756895
0.815575076559353
0.860270496590643
0.497288010900185
1.65837042308841
0.340549748412787
1.04321272432863
1.38307940747385
0.537366810682203
0.538691072835375
0.971954167745092
1.53356721825958
1.10249001504522
0.456964436656055
1.53211679946571
0.985096007751472
0.539157729331234
1.02177199780352
0.526041422982962
0.824488654051854
1.00693338636577
1.84889468770954
1.28160918756069
0.564533017688285
0.706846008320779
1.33701002578689
0.792992098748747
2.29490836250804
0.967652703669218
1.74445990304599
1.9469716748121
1.87949945871017
0.989517683660611
1.58424067919408
2.20853394085482
1.34222474687052
2.68375457927194
0.425718130421081
1.02643565978813
2.69190025172784
0.723797311818033
1.04917478447096
1.98987014615592
0.390424448153281
0.536640046256705
0.585745612179285
0.766261807384417
2.72201522986882
0.581030777288428
1.39455623108939
1.04003536120423
0.434041489193362
1.02459028913705
1.69492853033885
0.670027440464246
0.735859437941373
1.6852345651761
1.03584219837158
1.58394089144499
0.91219729231972
1.18132399190784
0.660351689472785
0.809610311859555
1.3575476060979
0.505075660469434
2.74924670091263
2.72289521977084
1.41469739496325
0.639747981941628
0.663133825780155
0.639531182053453
0.887750236071189
2.54193051276467
2.47303575468547
2.49202499397418
0.71028641436196
1.23106235069115
0.664843251221926
2.50678865058172
1.43358728708513
0.843311905825732
0.450167129110844
1.19359735193392
1.88035691885348
2.62910986110239
0.818883134342903
1.60670170423831
0.61475380143699
0.703748879847007
2.49219820953636
1.17388666679938
1.24000147957911
0.773313068156412
0.54523543024579
0.639040698928508
1.68331708611329
2.45917359090603
1.15499097464256
1.00354227754712
1.63230214775867
1.54196910614356
1.18876603133119
1.14096598140154
0.778719566802202
0.211450237585347
0.399372767944087
0.41011233743279
1.7182268760198
0.843609241389739
1.11929636320493
0.498031658333496
0.532229070101695
2.70978485597057
0.758059284162614
0.827779847079527
0.644300921856252
1.34396626117584
0.295576391681598
0.680117122004962
0.589411852588971
0.511933975830401
1.20889226030843
1.31739457704992
0.529704408231549
1.2063796055282
0.521549957054113
1.22581911523997
0.821963008379197
2.17766449792105
2.57407948180997
0.933783593854741
0.479851295304417
1.42836519488768
1.97699980915841
1.36923339489427
2.37638547048864
1.72346579501255
1.80054939454018
1.57166600662562
1.16443557962057
1.19454324294479
1.13486799912936
1.57723516572814
2.13116972565812
1.0788199669756
0.738342923069267
0.632737712737408
0.818232559466265
0.954241374216667
0.826243896232615
0.458201570047403
1.12756887411082
0.411152970996783
1.04108293005465
1.33039110987774
0.909536598679917
0.798441671431392
2.73106560662808
0.840038799093743
1.57911167630739
0.350378092843296
0.510794599351342
0.322563738319021
1.54159562887702
1.55123473355785
1.56692243486758
0.578950550217439
0.752864212047632
1.2875493640256
1.09292904893279
0.565765357783142
0.659002895138733
0.546277144452912
0.638509115708804
1.06300863708117
0.708196598079972
0.653652193021684
1.74755041038269
1.61011488578964
2.31833094850214
2.20301285874164
1.00707682638535
0.526972168585738
1.15045878583425
0.726823258833447
1.43945031563513
1.12874203125517
0.434564514330116
0.697349818851056
2.14839584930211
0.589870219933668
0.341767469443113
0.945801547276043
1.40140721851769
0.634593964421949
1.21466285070738
1.15583386812175
0.405546553423971
0.310780628081695
0.622270104312802
2.47393838413349
1.05568089477791
1.09429289883635
1.25866852714365
0.819310776641997
2.21514537522839
2.60542316100717
2.53167758374443
2.10645536091348
1.00501863716253
2.46098526381931
0.499999861738907
1.99276894851289
1.3131368553318
1.16088566963323
1.78136978750504
1.06036766447195
2.35622529529686
1.0465865840412
0.892259916655455
1.26788704725342
0.797946929432174
0.919124771732807
0.558702707625599
1.37699232986792
0.936385592205752
1.62390734942731
1.32109096648015
0.995918669138082
1.23635382027906
0.627982923172232
0.59056759440518
2.23219807016645
1.78681928118471
2.13438015824508
1.15067548836912
2.41441889012333
0.557425309802052
0.757327935699016
1.42907024678236
1.46806884649876
0.640351385352577
1.57358415217019
0.750069760197393
2.03116918527655
0.385961781055615
0.369810635789279
2.1003702419577
1.55530308964944
1.52576443353247
1.19973219848459
0.646262766017745
1.64997722977581
0.627799560567802
1.49065733296577
1.20087873685003
1.35143574751919
1.28347877991106
0.498737552168463
0.574380405670634
0.933675678993173
0.888158990092205
2.55235314436761
1.78266272767026
0.548024132284109
0.467876008208131
1.54474129137273
1.52007516779523
2.0030176065232
2.1911334119216
1.1343472821854
0.888292672909408
1.08833746915633
1.69888535083819
1.91333051628378
1.63994586176196
1.04595310122142
1.03582104741354
2.59995031880939
0.716169130910552
0.453486421741926
0.562448233985593
0.516453142386851
2.11802862859358
0.437932899720402
0.494357455171299
1.1087395636
1.08002472935305
1.07012508092522
0.755883193934208
1.07402751817141
1.09010879937703
2.73082996678095
0.956301336208585
0.400861023172546
1.4166448952841
1.26684349139093
1.16517112358325
0.570963793135243
1.68358406245306
0.349923118544034
1.48764463219152
1.44530506746757
1.47580994958529
0.806813602101393
0.842317929989907
0.626249101845549
0.729222597511219
1.56393970827331
0.704222531640789
1.51736001032501
1.10392196676482
1.15058886287494
2.75029747582482
0.417076702857099
0.793712098874881
0.959687417745669
1.08228975262806
1.01515694925251
0.681869714124016
2.02027907947062
1.06833921792793
2.33596932374748
1.09354309995922
2.67134521832721
0.724160664686659
1.55021671974461
1.52452491745114
0.774951582485396
1.25993910234331
1.57089880236343
0.640510496638771
0.88608261496238
1.63718970680637
1.26781218511022
0.94272408608132
0.71332383502533
1.14343558782452
1.31247277821475
1.13376885517522
1.7283295277383
0.476041134978736
1.75388001437746
2.27759788331595
0.842644041507927
0.669814188918372
1.37152267984035
1.46376950812509
1.63571748942607
0.447808932316907
0.878789113378408
0.573254249944804
0.557544666968098
0.540378859808068
1.2766953038477
2.23089890387236
1.44327953521897
0.593552360918833
1.0566421651283
2.15062510232597
0.916107459101727
2.71801381893129
1.36456733556154
1.10628698431886
0.765027743041264
0.894980121625152
1.65425342380244
0.73808998825702
2.43995422900502
0.648103582759161
1.74360734871067
0.808846998765781
0.863919047934908
1.3900002904633
1.0181381255655
0.879875888890687
0.477208596948289
2.48979249824082
0.879574834820553
0.782010649578611
1.73728283266946
2.23406969764471
1.33924817762009
1.25277030599544
1.27250926804732
0.735913035373367
1.12769243657488
0.864902048425225
0.800445479710413
1.45331156542207
2.36496426896952
2.27178140087923
1.47240331875445
1.03045582446346
1.28753185870505
0.884471935213445
0.685008164249265
0.832223971270772
1.22765680539188
1.61414307877652
0.666446350569934
0.438345804084336
2.32237141460261
0.12467600667953
2.66593513409109
2.68558623529606
2.72376665750207
0.554659510255035
0.427489821568188
0.928513789506574
0.651901888465046
0.576652576363046
0.720528523654565
1.40620002473322
0.458499739188257
0.945905386858936
1.63766179611491
1.63104569635231
1.20616547367823
0.776576940052355
1.30607379998264
0.802004794498464
0.608709387267922
1.65697798568998
1.26793937079326
2.53335815928914
2.60627357314221
1.81730416782177
0.553640729966102
0.87838025041663
0.571984104878393
1.31766865090339
1.96187174207649
1.96477261154482
1.41435595599269
1.06085760265069
0.689621749387223
1.07688935040902
2.00972817795794
2.16273063263236
1.48786583171889
1.39510500553892
1.08901247215237
1.00294895668208
1.00296973530021
0.771198930993827
0.676384332112233
0.48968428607931
0.914048611042829
1.11543712897559
1.25650987256349
2.30253859947569
2.7118818708368
2.38082855899517
1.92595100025523
1.59712683366877
1.69282239694396
0.761149321594359
1.02200600912572
2.60389480624782
1.05713159359612
1.94804409989453
1.30767005917693
1.41406548758357
0.764111581082876
2.05599348728544
0.734491940615756
1.1345829402884
2.28534953451567
2.44591117118843
1.53549998691325
1.6402028257951
1.6115976489637
0.830718228224306
1.10510643102079
1.21427431753254
0.572900065579546
1.51967126989868
2.69457663836777
0.861412772212375
0.549590449729319
1.43554668303401
1.08603154064035
0.791440222178341
1.76896984208433
0.757984173631217
0.950046925268784
1.19125486656128
0.782093367805965
1.88599543475348
2.46029819934742
2.7039355692104
1.12416317459067
2.58822130450305
1.06746900784495
2.01341882222571
0.930600498647358
2.13607004504346
2.27701839484347
2.29031798663469
2.39263058153069
1.9820009923763
1.21943645662467
0.807195071775418
1.07655561129073
1.78103126985722
1.42805080617309
0.779857067198458
2.54524512471592
1.48075526571167
1.32415182679589
1.40049586501717
1.3286770317666
1.25492472605657
1.04561504360358
1.03894695166586
1.03396535983327
0.758305892893442
0.836647073378936
0.96849660645107
1.24009061629281
1.29772896751553
0.776142289153377
0.841939996849451
2.60259051577225
2.63421996764715
1.51259344634293
1.57324756227625
1.54227976660109
1.45471313352094
2.63357745856046
0.633602205803491
0.713475308055685
1.13738979318021
1.02026178835624
0.465025106785109
0.537787069785492
0.709344718548292
1.56167747714468
1.5987214817027
1.51066925975977
1.00363389120163
0.938840908722939
1.34224438141083
1.39951406673135
1.13195813324341
1.10502734373711
1.12818040740374
0.749224774204576
2.67289932184665
2.50833213603659
0.816866301461613
1.15688882346941
1.94002085650707
1.07291611775836
2.0589118674958
2.20602899391237
2.36081542758929
0.738352503847513
2.71905431800288
1.80639208638602
1.40359570764442
0.770036766455014
0.959175279131898
1.61224456286173
1.46583851781975
0.809630194200718
0.68271266750796
2.33146597158067
0.713458388583135
1.63980447375531
1.56120820086542
1.18703206331545
2.21756741461265
2.16919539580007
2.02053400449295
2.30266757251241
2.1525503669402
2.19540891947287
2.65503716582726
2.71656032699256
1.91098000849966
1.81474915764138
1.19137210810992
1.0696538053936
1.09586402103312
1.28856849424309
1.53182281399334
1.45133841093463
1.2587658636388
1.53886402031849
0.8493314433339
0.706662780499001
0.704380278888762
2.65782584059629
0.583813148828592
1.08361500689631
1.20023001480009
1.55645754877295
0.654350729981952
2.40558880652823
0.997263917747292
1.1196368331797
0.942421463234973
0.904347026962174
1.0167591219905
0.870908427978661
0.837691777899914
1.51723480318307
1.46120658636612
1.49827075524237
1.36445398074455
1.37282609564665
1.28295518888027
1.24916239200922
2.52488317730979
1.09441103480839
1.16480281164473
0.457853612444074
1.05669767726375
0.913549994282828
1.03535659872649
0.900523403641896
1.92493328234357
1.11968970107665
