0.685729840644544
0.829138621238761
0.948059703801175
0.913876035131038
0.84065806912322
0.802293936813519
0.961894099062819
0.995762437373052
1.06528602551174
0.914244388429186
0.703182812625885
0.672291518000166
0.953340556853374
1.67221443600367
1.02827337886521
0.801031240889642
0.78572100431443
0.760992422243352
0.909034098236826
0.843199710798503
0.683207893648006
0.753286389832204
0.764590225435231
1.32165807996137
0.922564603649729
1.01350805422108
0.800205035937581
1.42695979053628
0.744410831352278
1.11135804895017
0.875709680747887
0.856168256268555
0.737837485943895
0.872066244011839
0.891524916298975
0.86954263873703
0.767474452715962
0.765566198224782
0.876513249824286
0.996608066976256
0.753119610407173
0.951660925460406
1.49669267393798
0.822970467205691
1.20561261493623
0.681507372342229
0.816651585370228
0.797183296727542
0.937170602838034
1.20865369890371
0.78140866266937
1.0265724103417
1.27581016221548
0.92048334219653
0.764393514326358
1.63784106939459
1.38729124078175
1.09271214021332
0.896161943284527
1.62146644417659
0.820553962953974
0.828286359072697
0.987484361830502
0.942726554045066
1.00735934408332
0.927490707216666
0.822274922293236
0.840197119431437
0.901601773876309
0.892297347824704
0.799469255214071
0.727051871165802
0.883423728603441
0.831727722818442
0.821722863687028
0.760327473506715
1.15081371775189
0.881389132698185
0.752219564897434
0.740583570788052
0.922814660530751
0.845103702905491
0.859979176878933
0.933142758503416
0.873545569711181
1.4376135250745
1.57132514093387
0.761799645931107
0.751802859429297
0.669119058628991
1.10262977476406
0.775527906174041
0.895027771633619
0.815104647284564
0.842596574674323
1.04478041904833
0.705052033513204
0.767316853546084
0.777038474426798
0.812295375773656
1.29852464727281
0.764609291209477
1.24596296435318
1.35041603790891
1.67956137294653
1.02242930621485
0.806355330540668
0.886828342001376
0.774932047080421
1.67288575394951
1.32341257562656
1.53647896435359
0.868226491347974
0.887074354157094
0.782676658370002
0.874487158916437
0.657784146449875
1.00397970082229
0.799637714173204
0.959876528051715
0.759206598858447
0.95883030521203
0.862067738845808
0.859996512874102
0.887010516317313
0.720485226784022
0.785124527375886
0.646925150429668
0.622127996487566
0.796447317233369
1.24157896021615
0.915270595109068
1.21292340912818
1.17254749899512
1.40999353747601
1.38871479151592
1.20237938735266
1.40971953408725
1.31080107559402
1.06954212468891
0.681006891810505
0.959100639705412
0.748477613446535
0.613708131162004
0.934775405537071
0.787882284926545
0.7831728525426
0.990873393555302
0.880635803091522
0.89926054808531
0.935454963418398
0.775924105655868
0.739598407034404
0.590480279193574
0.591569266588975
0.661648864126745
0.578474878578514
0.625958786170092
0.766203087874679
0.683744694830917
0.499328062547907
0.560876515858546
0.544243114300763
0.605714166450401
0.72881073607723
2.1598611738865
3.02989025290751
2.28203719930142
2.37652243130136
2.41532275947484
2.25067537093058
1.49322394772538
2.43246838536228
1.9387044782164
2.83792259381161
1.79137257241112
2.44475452462616
2.4724483520559
3.4790027455445
1.88552926126188
2.12058692735336
1.45652680559444
1.64886527096666
1.70073727889585
1.45274557483407
0.850166340296311
1.59225111419774
1.35392647609406
0.894258938853737
1.16973800201678
1.04944114437719
1.05205331292321
0.830098880434466
1.22642126949381
0.902284923237367
0.971039252672064
0.809049288298831
1.04493732861136
1.22347590938782
1.14483566947986
0.741561491161982
1.10328031244185
0.716911797698638
1.12156219368372
0.711653899962414
0.696589154621095
0.828940929241369
0.568941588199511
0.591372446804507
0.630099661615356
0.602761978281331
0.85279824873103
0.757678287171466
0.547065197964544
0.850366328673917
0.919960082641137
0.776277720093274
0.727300839667246
0.67379965948856
0.866135931465268
0.920357169793093
0.820810152795217
1.20418310723922
2.33004547370415
1.32129009384648
1.24483208375411
2.01318690309956
1.97546708476457
2.61054700125665
2.19300952052515
2.79191350487136
2.37886872618577
1.05858887158773
3.1351516509927
1.91678047577209
1.3275406354409
1.99764369127503
2.12499279269872
1.52954284557882
2.15980186220695
2.24711074712623
2.12733354987025
2.60733866727802
2.79251406079762
2.63976576290184
2.52137257978476
1.8514879715885
2.05308482110863
1.88420467724704
1.73391658674638
0.536532957129751
0.603065712156769
0.587724654262098
0.860077254977465
0.753688249088855
0.999585657894643
0.850567243807869
0.960833249684198
0.836724737821716
0.78066626744635
0.823475832729194
1.02636683860287
0.8965334969269
0.867887777444329
1.00332582544072
0.838063759833063
0.841733286506179
1.4617713871815
1.87829127323097
0.791266005377535
1.21038252384604
0.807991193202025
0.890249045250125
0.798607080768744
0.881031231376029
1.1802670186441
1.02824961767171
1.02874333792596
0.934092745474112
1.0788081558696
1.29959930405398
1.87082026915187
1.13982816700348
1.81289909733682
1.20200155101459
2.18089897880779
2.2114149924367
2.17333750788629
2.02065259058105
0.906492145014697
0.956406295322228
0.906775124131163
1.09068545238423
1.48615672730291
0.79248239678785
0.715635710637239
0.95685816763636
1.11740708590009
1.35766726531056
0.877176488520884
0.693545840428552
0.812445946475568
1.52958523720007
1.36602944046035
1.33278772491883
0.844588873972934
0.806906467188579
1.05352352213113
1.04910612728454
0.957566893179106
1.13101429753392
0.740343846585895
1.51124479918803
0.818101413931428
0.864752235897392
0.912413007859058
1.50300183405272
1.70774286463104
0.643971609263533
0.69095681199722
0.764429372421566
0.877585671712253
2.45774507871941
1.04347611466391
0.846658383753764
0.538469832655732
0.718210269660733
0.730297200772178
1.02293015334941
0.854934387931799
0.877879086802987
1.25223380336651
2.68880721561331
2.2755377432172
1.51979756087259
1.78404564838709
0.825533341365185
2.42423956195283
2.12636507630664
0.796036597487841
0.76082055694451
0.957244822314934
0.623908619028627
0.831389654690454
1.17111972172929
2.23482109541391
1.51587654248474
0.977784137299282
0.729199599814366
2.84125116641322
0.910704688641421
0.896484042130977
1.06259434420215
0.910628413812729
0.796661053915459
1.58670469303529
1.40483270202539
0.804059719546495
0.680116391021827
0.965116404090095
0.893741995195617
0.818297380659926
1.74918054232831
0.778444334602896
2.99168918853644
1.44984895355894
0.861732666671289
0.738465611343063
0.861810033117536
1.11303194322551
0.871428320745436
0.896901975040629
0.657945909917132
0.648249185910611
0.77932816544277
0.705496941210012
1.87702759409927
2.21715514518893
1.45074553765383
1.691159892915
0.867360473609003
0.757953100831296
1.8321853370198
0.805793188083573
0.814610383497369
0.822637384727553
0.983922836117107
0.656454997139179
0.781131643569784
1.07025833520213
1.24004841718976
1.36567573226581
0.796664158548225
0.779233348427962
1.42043008612956
1.10580753259084
0.769571056373352
0.709091875363079
0.992974872384715
1.88997352013908
0.75737797668138
0.883764906056941
1.39074884745496
1.12707566764821
1.37592431340646
0.915773142570085
0.842238868317707
0.779046750149836
1.02375650483191
0.792627440818929
0.916549474637228
0.962252077696039
1.5512883488186
1.31212839654272
1.64265277180695
1.52766008207497
1.42797648985103
0.966351072398271
0.638291493341372
0.590749690108187
0.715506682637583
1.57644311482672
0.614589112999082
0.64927356776521
0.8208594472817
1.01119125699364
1.78465543465966
1.38512630018952
2.13459800066795
0.924424620936481
1.03230499237052
0.830346513042316
0.940377998764992
0.858138415554306
0.996942373178015
0.955076094826431
0.784755506141943
1.00888172666622
2.27044113664311
1.99244285733098
2.39499073954227
2.69063147303282
2.21633239448907
1.47363927121102
1.60681666111207
0.759609313094361
0.813951271267087
0.99000006456418
0.952251159991641
1.16979064838862
1.14095790086932
1.00937914062928
1.00765854225088
0.828071291652071
0.878549869241872
0.841292830109494
0.883256026935194
0.842170433481585
1.11649423722043
1.02123198032772
1.20228950397226
0.949874406124365
1.56166997014508
1.57625408266584
1.49069911396344
1.62303386565874
1.52800927212114
1.41142021284839
1.41415700702191
1.37342729776196
1.67741720746712
0.563600599785352
0.6332100677439
0.555548843136265
0.737277374135472
1.1944587583398
1.09751581641711
0.650481738175779
0.961641626002544
1.31430312535487
0.827043914389467
0.741956563467967
0.588200370437911
0.737940493798009
0.89057275252655
1.28733928974296
1.31316963323099
0.859361331912942
0.714051324084136
1.22189354593271
1.19428207766637
1.16358733274027
1.42866406597734
1.98423579379711
0.820613029724989
0.718204924943469
0.740969663037904
0.99384672280266
0.861404627617931
0.861254975131504
1.30790316078078
0.705514944754377
1.35819749908449
0.862544606570754
1.85808555610956
0.89338964547799
1.2864886668427
1.15444238802031
0.920780347531666
1.11588150311898
0.813843128769943
0.979319534790109
0.83825212789263
0.736953838245801
0.667677420606105
1.1383014504603
0.590698509029226
1.03527831213982
1.75064184807788
0.860822846796404
1.47578092436376
0.914138718393873
1.04892275252025
0.985113605206961
0.709736789623177
0.832178736121499
0.669821066103602
1.00589596833918
0.674235092413778
0.927865630414732
0.883437370744797
1.22270598142183
1.53634474824096
1.03592215683591
1.5110222237065
0.925277533100789
1.92168146496518
0.754772912923092
0.751489773350523
0.735703945810303
1.10731077562944
1.66132845584652
1.08065431790443
0.868021894265077
1.19746954876485
0.807638061497298
2.42609861169709
0.889055627299747
0.94899384076295
0.820368630088058
1.1012806628495
0.704448277952991
2.02796748132274
0.749655988179859
1.28173974831141
0.841063172038109
0.561045764022895
1.09792125827347
0.625563595189838
0.560543958432422
0.841621652933354
0.797578711154426
1.08037213156853
1.20991850044
1.61571367680634
0.671065987102629
1.13353321301936
1.48601813418617
1.41778795553229
0.533363080627299
1.34744916953383
1.49919426586631
1.00840113015134
1.01540891932146
1.21334409656639
1.13471507734624
0.891763465142387
0.69269436810989
1.90664470000868
0.786995920169557
0.696711419483203
0.814185199386338
1.13070092335779
1.07309049084347
0.910223517288989
1.05739883396205
0.736376778479771
1.31459518706632
1.05492471607576
1.79553643333255
0.865039440886242
0.812954222617576
0.976976765790575
0.60427039076664
1.14928048276974
0.68938912502194
2.86948075247
0.946927458148612
0.977018443047037
0.83458649013929
1.80830187336354
0.896806740032282
0.866728989647941
0.982004273490719
0.997119373236231
1.20202373971327
0.787985841607156
1.5320299058772
0.864312404487064
0.809257629634212
1.12595375728014
1.6795758108025
1.60650330038487
0.873701406437491
1.10640672401119
0.956359607824854
1.30111026116579
1.23546505893939
0.837388324314812
0.746060169875194
1.05020668343624
1.04618043878032
0.750993384902003
0.755973146397318
2.39397927355253
0.686779622177504
0.929639467306357
1.40195818624176
0.763380096715626
1.09678553757811
0.913435713112052
1.89340896168327
0.963961722453232
0.853656068963017
0.748874906078218
1.42464021889659
0.924221275633445
1.04337987491127
1.08086870231946
1.41882984595339
1.65972863514072
1.55630066733444
0.735673025991566
1.72241823745217
0.808032997855391
1.19102412590374
1.51534327179076
0.702108359085602
0.819773356142799
1.32970933289582
0.771077153622087
0.76486452564925
2.30643681537618
1.01821786652076
0.861403974215636
0.892128906066858
0.809969332382799
1.0340600811471
1.1935365263144
0.924793434811239
0.787011814181451
0.984780001414537
0.712802789521
1.63546185755343
0.578271933315174
0.978181981330167
1.91617506898831
1.39464816227928
2.4854539806004
0.880917567030223
0.800641205613216
0.936509919552314
0.868049290713097
2.15823574448837
1.10008430058842
1.58210512419764
1.90836493073642
1.52696544765731
0.738636639534675
0.719831463073678
1.49307643875274
0.964653724868122
1.29949911262339
1.15612534760241
1.92583928934049
0.674982296944073
0.85480662284705
1.1628607031351
0.905300940026193
1.00399864711645
0.675199066216481
0.768790167639624
1.94286382083563
1.104948601099
2.36953880255549
0.922692966966536
0.848540840168781
0.669180782425418
1.09938652547119
2.25044934907665
1.08986650886236
1.51782753650733
0.761814451874398
0.980478286516064
0.951286097340536
1.37702234118939
1.7861400048545
0.815038549594301
0.810372571396529
0.815559603911456
0.842815536754485
1.94223873480581
1.81167285229551
0.773383193080892
0.763735285596624
0.924693870124245
1.33032898472008
1.91496423548712
0.779031543025987
0.679495574239464
0.648167727996503
0.541825724771536
1.75581615248713
0.693809840108102
0.701666254576962
1.13382567877119
0.819445147704235
0.667864890596942
0.685025785482563
0.745455351255786
0.856432786023101
0.954307168699627
0.863518929312747
0.930365472822105
1.787044213036
0.709510961004161
0.87932179107639
1.03172551110595
2.81980642909023
0.920051773465435
0.782823595762169
1.03985799088712
0.957141774678244
2.68330748950253
1.25957989881689
3.03807183240434
1.43171146850026
1.50460109325852
2.49841890606959
0.740547170482449
0.784228081926438
0.768966155005856
1.46763231552502
0.804953815765966
0.77099454915735
0.781226239461443
1.44360732074913
1.01445159249222
1.19510522802546
0.985939497025897
0.82582173783831
1.59086030898229
0.62469126802847
0.878706536456705
1.76040594474215
0.641492034903275
0.786925797529325
1.29804016122261
1.0183069132012
1.34358611971066
0.637982892069725
0.502446472014279
0.655022284611941
2.4987354912162
1.38260104020119
1.39844925757467
1.25360772633759
0.943553509227135
1.17104653738888
0.715751574631974
0.91850218541362
0.97857952594557
0.746213947444883
1.11854275111052
1.09651294017602
1.04533585987934
0.796665271921962
1.09840311503986
1.79606704815948
2.21443491031798
2.33095878959745
0.84623366149334
1.55284068835855
0.793925049310096
0.813874000305488
2.28740606557782
0.922976811151206
1.05927979405283
0.651877357248526
1.46595269256988
0.789452288119902
0.768330904750469
0.677567888600994
1.37806519255714
1.12194511461219
0.875068638204649
0.806676430243431
0.82708916169554
1.04619864124181
0.995129542443739
1.72723471473103
1.03977459408598
0.829110417048913
0.815536691165561
1.2066408218591
0.996838882768956
2.43496547134854
1.7629762671815
0.997913029832189
0.619508897968844
0.982069579972008
0.797722805757352
2.4069372187018
1.36878304512057
0.953849941086474
1.60934619672772
0.739191129741705
0.831565748895455
0.665086600970917
0.696054363583437
1.22477293538826
1.02899760980652
0.886075743057922
0.938791973834632
1.39190228824983
0.870375718515291
1.15115108408342
1.67550314288041
0.751439754710231
1.25768505239185
0.979676526324324
0.842497573273153
1.54164335515454
1.7231176075819
2.970832621703
0.95255002750763
1.59288043485748
0.73997699176821
0.806757248298766
0.896974975863486
0.894324929690833
0.843900993865946
2.715829803395
0.791521066016889
2.77939950190895
0.630903949087204
0.981495031790716
1.86906919605132
0.875968194797925
0.92858259650948
0.803568117302011
0.843046275082166
1.29985943371277
0.744952344073705
2.21806667522671
0.789593659001956
0.872032791746438
0.80383538291434
0.655367354788243
0.561182495184954
0.689273712223523
0.652818122963911
1.95163145486369
2.75760070870839
0.877671086607107
0.91695112579013
1.23390462150699
1.94245993910171
0.874444821954629
2.55695279705562
0.825625933164881
1.04624712842719
0.942069997028423
1.23834866148306
2.76068319513771
0.89119100482687
0.827837818584444
1.02151390221703
1.19831851950695
0.766746255757617
0.98161240466277
0.747781948659741
0.868874173713186
2.22864691756767
0.664136684961497
0.739569764512737
0.888209826852316
0.946630086192768
0.766668402975828
0.912868012930874
0.869010178759183
0.854752625084084
1.55009589848131
0.636263272287204
0.662887151026386
0.855047957478824
0.94453699899794
0.945865101777605
0.629997934212456
1.17237618778309
1.00071484504294
1.46112100708827
1.45597876467332
1.40297499316509
0.702171567896006
0.854490755364407
0.884251673409728
0.746309490955586
1.91421059267504
0.783918791613607
2.25773317728532
1.53074442257684
0.799016096612857
1.21059202041191
0.999212625237806
0.879896967977729
1.03883789991048
0.735223118485909
0.726098467956859
0.802577993635552
2.05572536795453
0.739276511941914
1.21968440730203
0.661461025991415
0.973689706221865
1.35187714069666
0.988627839090461
2.32123098966805
0.825517242247832
1.08109595432217
0.815790071878765
0.612736378336325
0.938010749506758
1.3302738519943
0.968586059552885
1.02621427399113
1.23697876825748
0.711200908498852
0.77065068608976
0.736918233006667
1.37120000779538
0.856047899438728
2.20359679357555
2.98243048458633
0.852721424004914
1.6640728057093
1.37102115612875
1.24184767231655
1.11728515765565
0.971200086038689
1.24673244638111
0.868950679439768
0.917070249633491
0.88419600117965
0.880155368671578
0.877531041976623
0.956560479210423
0.845942975118981
0.851387261875678
2.37603186643527
1.08566674016497
1.21099031145229
0.876768143560474
0.661838672065902
0.619920672711382
0.656242927038064
0.867090598469431
1.53304005565354
3.07937743761671
0.757036767326845
1.80387104509219
0.726196886892243
1.05692104757771
1.61801813721313
1.01081016457408
0.866537907827282
0.720225007224072
2.50387804467881
0.800489186309126
0.724446170443162
2.51528266183989
1.87241342631195
1.2333556412934
2.00104756984582
1.80825790663832
0.709434457755764
0.811540042087619
0.721463440474643
1.13458973581219
1.3628813432009
0.919236119296189
0.806760974380076
1.10995460227254
0.779753809551574
1.82182179664579
0.989295537509032
1.25368062134363
1.1593464343777
1.58327394219015
0.915971803258369
0.826725184832512
1.05124695189408
1.76629824602481
0.94254490476671
1.28425735875097
1.09178139188368
1.06498835690305
0.542143820864944
0.648555684236407
1.42335843778286
0.82950289017498
0.80944434735771
0.774671859365619
1.78194282682296
1.1190682186463
0.752952125415253
1.3534710553308
1.38508290046169
1.64248525817524
0.897253381769668
0.838199915911249
0.829590181771289
0.960817951927318
2.37698855922359
1.15097575276313
1.3284868181031
1.34425234658522
1.47447809940816
0.97588772642545
1.02513302659329
0.808895405996019
1.0355182169458
1.64530596930607
1.28742762437872
1.85411107872415
0.734200954587689
0.874628564585941
0.660063443585327
1.01125304960369
1.09902525298446
0.668867102049907
0.792354280897924
0.935998467235252
0.938125522978369
0.777398388610656
0.976163355308191
1.05592180119211
1.21598462175694
0.881347072779347
0.78261467173615
0.846588909582014
0.855963363887671
0.795589399736055
0.773472814527751
0.748180138896045
0.702946679545429
0.953154990336569
0.831209074388221
0.806659978137879
0.932281649433934
0.839080057293464
1.38232905785797
0.930925929334545
0.848461628162177
0.853666932523485
0.726287773143158
0.839712304540608
0.702861904242126
1.28106524893572
0.745588328205593
0.70805155809848
0.692956799290556
1.20741426807698
0.840633087852569
0.797161996213084
0.919438644405878
0.999922981240767
0.820524173938972
0.785551821086069
0.88038897842076
1.08754900520644
1.0830423633886
0.743860215185962
0.869579619024927
1.284218735175
0.847453749116476
0.819357084065812
0.762242283590369
0.800786185515566
0.749732360402599
1.10134141858011
0.82627016142362
0.912241661878935
0.818559478219928
0.785600429383576
0.903265484344821
0.808948094947074
1.35375017022372
0.953814075684863
0.730930768507726
0.758807295506758
0.729561844019453
0.822501877515168
0.945117045140244
0.786673551603725
1.03397453386892
0.915364124151512
0.936885765150871
0.853989099786412
0.813489905901686
0.841033214071436
0.81499593998081
0.87060578668387
0.881542714544432
0.788801258801176
0.842572762817183
0.828220924384563
1.03608359631645
0.860653026294327
0.831618755621455
0.836150461508536
0.88291537211176
0.842308294843544
0.868974909972237
0.764606110512986
0.783901360947507
1.1577471507387
1.02860725904747
0.865059332379553
0.747384262447212
0.776840648029165
0.919551318166036
0.975731662741502
0.838706193134315
0.926784815506549
1.08816018720971
1.13020555842942
1.0546803361919
0.597052961772419
0.674396061214612
0.641349558147055
0.791858647205841
0.828936880527449
0.997441443151618
0.991637068071339
0.75510197015035
0.702803345341166
0.726764223309242
0.797864938359036
0.894135947482516
1.11721763740545
0.879764157079446
0.717539484967735
0.77011082405714
0.778682191650311
1.49841459201356
1.45379766705448
0.74821736464973
0.839278929950546
0.837025313457505
1.36582542765954
0.864645553914601
0.798931247126172
0.790339329753562
0.679198674212048
0.833906664729795
0.82728525166567
0.925906412650392
1.35446850833628
0.81424278547381
1.26549793988185
0.890084236689295
0.918099468618325
0.732020405137376
0.721926739673323
0.717024423213281
0.73975064266471
0.762164312776553
0.751797570551676
0.841739607416792
0.794529915941375
1.13000699989237
0.708970232016701
0.782243123865187
0.853430892516682
0.964540115366424
0.886953895723046
0.810274702816092
1.14963816828755
0.873632440621187
1.21632548706753
0.833924207649122
0.871499182302383
0.88054946295005
0.808094377658869
1.10821996384598
0.782280833526436
0.776894539774394
0.84698728433761
0.86154451801349
0.975985074701417
0.771948467019879
0.830811103881502
0.85378612716064
0.88614706832567
0.839830916925242
0.840093089086349
0.895605267609157
0.822083181980761
0.798098128901118
0.761721830937273
0.856732503600502
0.833182773575041
0.876728601262056
0.841715398864431
0.772590206538608
0.760700519684993
0.888723984675957
1.05146651661185
0.864240455161025
0.99130577531257
0.837571282965743
0.9004162196884
1.47316647353031
0.683118221766544
