0.685520204958242
0.828971152302065
0.947875290112812
0.913660565075179
0.846613375451421
0.806271163313354
0.966018805423668
0.99980709213879
1.06886102696302
0.913616131229148
0.705443514269647
0.674808963702307
0.951991159510594
1.67196073860819
1.03125794957383
0.806709626328154
0.791141379696368
0.766309725078214
0.910832939774856
0.841901022127376
0.68330413137863
0.753675454830997
0.76451741749507
1.31657904392857
0.929981209448732
1.01380821690888
0.802534196217503
1.4288138557973
0.751170666669723
1.110716095141
0.876318772456502
0.857009438672813
0.74186486177919
0.871932133013233
0.891505454065573
0.876134157785754
0.772379559093322
0.770721737722682
0.876828254730107
0.995103541556615
0.753283915108887
0.95758493128839
1.49170975226476
0.830082949992614
1.20167289474756
0.684985279740037
0.817417133189727
0.798087428451711
0.9416076925556
1.21049956565008
0.788508800578759
1.0277617883545
1.27140577088334
0.924968867630177
0.770508229017713
1.63468776035375
1.38181330452576
1.08945189944914
0.902939040758454
1.6230788300789
0.825204629710489
0.830235700255911
0.991896782487151
0.94970082456848
1.00635043739177
0.926749209831345
0.8238122913881
0.846270947133398
0.908820684589687
0.897641450520574
0.800049179326788
0.727260085160015
0.883206198664561
0.831643572759505
0.82505621978084
0.760334816992184
1.14711874716649
0.881934155643952
0.757886321764078
0.747035603506401
0.923814916367519
0.849869438485615
0.860077258823617
0.932908683184446
0.873869174649677
1.43214512178629
1.56707399464081
0.766867731294711
0.753386320759267
0.671958002709891
1.10478718541334
0.780523242858279
0.898994513514062
0.815356999649111
0.841062463467636
1.04418053891542
0.709177320903605
0.771296851333356
0.780413907387869
0.819438237777374
1.29380855740773
0.763907370384008
1.24177458426713
1.34496277622711
1.67788940533582
1.01996643316
0.812665188138765
0.893834601093174
0.781939674988643
1.6738579607202
1.32527869772591
1.53836102976962
0.868182448013132
0.887375647940805
0.787921095907749
0.877817731965892
0.661123521116584
0.995293607335494
0.800931591624156
0.962081064365448
0.759169006297746
0.958783171459255
0.861928079683625
0.859504959742824
0.887920528425613
0.719891012919471
0.785523046653638
0.646687114770742
0.621205855944984
0.797204756890002
1.24247404378132
0.915352149032718
1.21366635129323
1.17299916966291
1.41016638641362
1.38941002934686
1.20168224277498
1.40906422810315
1.31100723911947
1.06754668196822
0.703305083354698
0.960239127648413
0.748713786556293
0.613323013152556
0.93523930815864
0.78787241542862
0.784811259589035
0.989971283167329
0.881070448811949
0.898337752391984
0.927958818111275
0.767434961742148
0.737739676979708
0.590172181572582
0.592041881181466
0.662485847334629
0.580806405195445
0.625651186833815
0.766565380283239
0.684310646909696
0.499150823790267
0.560294757170842
0.543773511714388
0.609176628164727
0.72862068897949
2.16036840266514
3.03193920033983
2.28094641547475
2.37205293770391
2.41488075794326
2.24985650530778
1.49394949332881
2.42257469383887
1.93727736890248
2.83712658944699
1.78874547574067
2.44876429671256
2.46928946651223
3.47959576050334
1.88480579338073
2.12048050277039
1.45663022904986
1.64991640197825
1.70152756024022
1.4531473795873
0.8497950398026
1.59293973528929
1.36289085773019
0.895193430429863
1.17100016278534
1.04944384854653
1.05217543147651
0.829032762225416
1.22764018702774
0.901870862326887
0.970357266376957
0.808529940782354
1.04501428466322
1.22326965647293
1.14512933813108
0.74182213006547
1.10335882810118
0.716590473538964
1.12187847263656
0.71143254831432
0.711302040749187
0.829731227861251
0.567598532189253
0.591073307084835
0.629671995612034
0.608404781882058
0.861775216836371
0.759848589614806
0.547782881289486
0.847152375988361
0.916331905992819
0.783452360642934
0.729107883171695
0.673905679066104
0.867111477775446
0.921520566666014
0.819731977491345
1.20407880236529
2.32777836052572
1.31934415103052
1.24467152759075
2.01613782798522
1.97481614734834
2.61119271548892
2.19382248754951
2.79246725926651
2.38035146457892
1.05886222490796
3.13607803852
1.9149265843909
1.324900342211
1.99918576808503
2.1275241314377
1.52993963324965
2.15897255044279
2.24847986708532
2.12836938379298
2.60674812045792
2.79455459144319
2.64042539174582
2.52040959606866
1.84893575006361
2.05160870555684
1.88385338113347
1.72749172994246
0.536303526994267
0.602573554610836
0.587071198973022
0.860293110838801
0.755672530674009
1.00003110113442
0.850678154230201
0.961631781120924
0.837693700147203
0.786010485614546
0.823781203147332
1.02763898696551
0.896646396373673
0.867723139021399
1.00366381691154
0.838301528071557
0.842022230486806
1.46352162924505
1.88094503963422
0.800061479970114
1.21107116894607
0.805518825655875
0.889300302963843
0.798380838058654
0.880775529033642
1.17566539260975
1.02780923484749
1.02820844224583
0.934093851210826
1.07908506530363
1.29901957289416
1.87148239615183
1.13656181406029
1.81396170730896
1.19892452506182
2.18238052783092
2.21166364822847
2.17377099760938
2.02028294409714
0.903494788075605
0.955732084554249
0.906671026376803
1.09103923490337
1.486208760523
0.792646799575466
0.718282662955433
0.956656412753623
1.11977119465937
1.35808850719044
0.877862299610682
0.693358528210928
0.811611879779209
1.53010702473002
1.3644199437108
1.33758986108323
0.845786356323915
0.811268466068079
1.05841087315694
1.05663088672603
0.962397611956485
1.13037707283218
0.73859713705835
1.50649268151332
0.820201458132344
0.864688117454986
0.917838063258741
1.50276284729245
1.70454556263474
0.645430642775045
0.691541466969263
0.763378508711072
0.880752355821596
2.44142334319427
1.04702755747727
0.844041226230906
0.538835163046871
0.719017937428071
0.733420646927137
1.02274108016727
0.854692718677537
0.880034944005262
1.25819887356579
2.68582901399618
2.27660406825183
1.51963513570525
1.78299950307471
0.82640418040274
2.4221190985779
2.12548967047444
0.794214664525142
0.760865325447786
0.9567269874386
0.62503151802797
0.835639228216918
1.17169618654898
2.22177315958399
1.51792709786629
0.977475641678293
0.728344448992934
2.83534841638326
0.912847235412466
0.896583341104353
1.06263041318179
0.911304480222237
0.802150790235531
1.58738415829479
1.40326401137242
0.805999554393153
0.681490430887646
0.964967974831849
0.893753073993321
0.819597947453204
1.74995838099803
0.778277514651491
2.95897940356797
1.44792292973096
0.863597797780662
0.739142618513422
0.860627889291699
1.12099248898316
0.873545078139422
0.893298955302486
0.657515647971255
0.649853685277639
0.781434551002155
0.705499880385451
1.87808860261214
2.21953410355246
1.45606567824608
1.68950850558829
0.865977318620334
0.757897117801573
1.82948444833435
0.802838020855152
0.817574629025381
0.822458896315554
0.981986981972748
0.658050491604151
0.781405346404833
1.06743782282136
1.23983254639344
1.37016850523966
0.795998047955722
0.785101508459552
1.41687915894317
1.10209752250685
0.781404063810198
0.71470160031146
0.998623133810776
1.89010580907732
0.763275904102433
0.884936214482402
1.38743095930562
1.12740872328464
1.37725469663044
0.915314657065831
0.846834049839125
0.78449755923924
1.03035650799877
0.798075095319799
0.916068558027006
0.965596725703749
1.55123257734648
1.31629305326059
1.64343318490188
1.52773730891702
1.42690452282606
0.966920692701141
0.639453885208544
0.592079267517779
0.718427871457612
1.57759754717404
0.618316306580674
0.648618414606292
0.821254871177094
1.01135891772977
1.78554608224639
1.38017125537283
2.13360567957827
0.923246356233059
1.03076958971947
0.829582880706917
0.934376516553953
0.855088732063315
0.997699784457872
0.95667132979108
0.787978689134184
1.00899207473146
2.27168487824764
1.99210728900076
2.396013209957
2.69241878603459
2.21708515546703
1.47346591589101
1.60741480491604
0.758438849309552
0.811679330995401
0.990363626982912
0.95268263829145
1.16959887210649
1.14306918095071
1.01096731901291
1.01093962970877
0.832772986416516
0.87817400021944
0.84234647163708
0.884562810705375
0.840510119307671
1.11709258029591
1.02444911344562
1.20203893011076
0.954641284012366
1.56271348328259
1.57324245918275
1.4876816975779
1.61965310494624
1.52926194338175
1.41191428450288
1.41308183185333
1.37024693225094
1.67345231930845
0.563843110416181
0.632733225555616
0.556018690566039
0.740524785711614
1.19180297015137
1.10385326123096
0.650424816102272
0.961017475300234
1.31657049376784
0.830091857174384
0.740783734350654
0.587986874732231
0.739992036094267
0.890506471509583
1.28636380793974
1.31953240741072
0.860153666802893
0.713910998381983
1.22140915158912
1.19822259586571
1.1656636548355
1.42973532097506
1.98462098776056
0.826202395441847
0.71793707899664
0.741178236124922
0.99289758838092
0.866151677634573
0.857858850249711
1.30492859379013
0.71051795061531
1.35537317286301
0.869066608179585
1.85593160533216
0.895707136653808
1.28591120044588
1.15808075635692
0.921087928840317
1.12224450601582
0.813320702813771
0.979247331754901
0.844070807811791
0.743170536930852
0.67022484419257
1.1376769609892
0.591100438743359
1.03765463584946
1.74987061839816
0.864476466209691
1.47139230226846
0.918539495079446
1.04675648406954
0.985251749934198
0.704924967760816
0.831942777537983
0.669430372978739
1.0065153083776
0.674364674371676
0.925444293642188
0.878525945345062
1.22279804751868
1.53530813739525
1.03751108206979
1.50945738051012
0.924999152058417
1.92350115999974
0.760393846636381
0.753144202720237
0.735733500939691
1.11350866516197
1.66302877255799
1.08781251303219
0.869283982382517
1.20964148849817
0.808422516685625
2.42412366530366
0.895594773342716
0.948174825284125
0.827163518304619
1.10752282643739
0.703885968967787
2.02780152671451
0.749582710556135
1.28567177933389
0.845594402081853
0.561028263327554
1.0973468898695
0.627753289781941
0.560720871528102
0.845273200529164
0.799557669743647
1.08531615256947
1.20988492754302
1.61398990363027
0.671580097058593
1.13066430517903
1.48742508928143
1.41618695211196
0.532833387216585
1.34737250742741
1.50093200524406
1.01229166693062
1.01167371452424
1.21014273353846
1.13162957974009
0.892471077846853
0.693385856349257
1.90600861386749
0.784692496497678
0.696743716263903
0.819051441100259
1.13031269887979
1.07652989101121
0.911670444182457
1.0566016776235
0.739075634604484
1.31236963188029
1.05564340854147
1.79380129011467
0.86760333751787
0.813043953228926
0.976342166071193
0.604071585813431
1.15279259131274
0.689603609822671
2.87085912071059
0.94719398351655
0.977401623231967
0.833803822983519
1.80522226611221
0.898609328502594
0.862386820908103
0.980774196638709
1.00269738384051
1.20665205936836
0.793383148761905
1.53310339374854
0.865521080458202
0.809175076681749
1.1245662903844
1.68244322141285
1.60440787864202
0.879351009906214
1.10607805128619
0.959963268949922
1.29966772124746
1.23564108655801
0.842613991506378
0.750215807572067
1.04918194564767
1.0474350889422
0.753604479520463
0.755465312897886
2.3937712903696
0.688645729311587
0.934708561084046
1.4047714882922
0.766641406019163
1.09684715506241
0.913704321008687
1.88935181094859
0.962872260168576
0.857169817598184
0.753111585357931
1.42474000012556
0.922615333025338
1.04345713067327
1.07884068013553
1.41414661518201
1.65590732559522
1.55180931068134
0.735655440947939
1.72399935961436
0.81143572504795
1.19485753415578
1.51776756525482
0.704125597637772
0.819698656102073
1.334869358836
0.772909481057133
0.763408164694426
2.30579644185503
1.02414989028217
0.867165509132373
0.899027288064747
0.8102220562348
1.04123613782009
1.19490474984116
0.92534454252476
0.799343314737111
0.98582297546779
0.713833923376965
1.63350293841603
0.578410753825194
0.982770634245718
1.91990974101459
1.40309745060369
2.48578578645483
0.876403437051834
0.80585503069721
0.936577273384288
0.868623240481466
2.15682551925794
1.10283219470718
1.58705761394016
1.91067629632892
1.52719438335292
0.73642296391656
0.720261105428706
1.49297989093013
0.963612670503785
1.30141031067534
1.15716297182884
1.92473007501729
0.674014565845878
0.854887647794688
1.16248382831428
0.909357212205033
1.0033334019474
0.673149280763049
0.768639501015209
1.94350952812677
1.10445192488387
2.36543846004942
0.917997425295188
0.848995267765772
0.670874231805851
1.09982035210399
2.25234168894219
1.09472418623571
1.51962533763396
0.762370776923789
0.981326704271248
0.952064776497498
1.37248509319684
1.78680684942631
0.813733546487222
0.81487503708
0.815045496425139
0.842289247862911
1.94115084624815
1.80996528782448
0.773172220692795
0.763662384223327
0.924935149207133
1.33043423243875
1.91424075768278
0.777980191647643
0.683277979417934
0.647759690516425
0.541837855888689
1.75924150252529
0.690146023487768
0.7007193895883
1.13627648007944
0.820040640428887
0.667959518328732
0.68680169558167
0.745764324014243
0.860737042994402
0.95227170357417
0.863506737935946
0.936834442368715
1.78588432566989
0.714652015261018
0.88084622229492
1.03504973221654
2.81558645198546
0.925261452243032
0.785353703604709
1.04034328740383
0.956570535294675
2.67613275271696
1.25895833582265
3.01805028979604
1.42832274464868
1.50101645280932
2.50319918737373
0.745678075551612
0.788092852279034
0.776949768948692
1.46808311582307
0.808888030962131
0.785114384508859
0.774374630120953
1.4424371191485
1.01546237082397
1.19497845951836
0.987971342750084
0.830024846104711
1.59120852039707
0.624679491337854
0.877516135318788
1.75631877566589
0.641906735420254
0.786049321143155
1.30314950867785
1.01746992362295
1.33983089067325
0.638200677981165
0.502725666183169
0.655401509256463
2.50006994522272
1.38022149888837
1.39687083360398
1.2574488372997
0.946788018608165
1.17108550422888
0.718363203815154
0.919555734735602
0.979267277288927
0.747862739603777
1.11804143659058
1.09572949863133
1.04524852838235
0.802607615616261
1.09462491462622
1.79271302917555
2.2139459339848
2.33118952863423
0.839931000930297
1.55248052600462
0.808240563119296
0.814113129167267
2.28797745504509
0.921660138285704
1.0636049928822
0.652217379894765
1.46456586756506
0.789828226531791
0.768302888388261
0.678315229406277
1.38090147090298
1.12966383132341
0.876547465428618
0.80979524059346
0.83016355325793
1.05541405636113
0.999819148637307
1.72722383647727
1.04144972751133
0.829278659077096
0.815575885019568
1.20675215602576
0.997495148470758
2.41542893179419
1.76415223674778
0.9994872238263
0.621786059182274
0.984265098442601
0.80201401953309
2.40668194310807
1.36786734921482
0.953668087159243
1.6062201075145
0.73906183263626
0.835012681886542
0.667117943287845
0.697670842839736
1.22650803255977
1.02903761990215
0.88406809606109
0.942700875766299
1.39087650315184
0.86625880809172
1.14974610974755
1.67453385127478
0.750331751127506
1.25750675844797
0.97957716643273
0.842573398455171
1.54021213661668
1.72063571302458
2.9673948423869
0.952433599481892
1.59451283347759
0.738452142842854
0.809025296092404
0.89743926266699
0.894475496801412
0.84725513832572
2.71881876054036
0.79123494486124
2.77514602275112
0.631641272468978
0.981515871088135
1.86838352752717
0.875474084242507
0.92873433494887
0.807449837924633
0.848415597885305
1.29887417577165
0.744578761551261
2.22042078272361
0.788920133201415
0.872779623349347
0.798757008131391
0.655732915546983
0.562195588869624
0.689866341215728
0.653916895187197
1.94766338000772
2.75203087730021
0.88034894557632
0.919254438194227
1.23345462579415
1.94293044105786
0.878283941191368
2.55810036129232
0.825917244382739
1.04828657114869
0.941826091522064
1.23819715203562
2.76073067302306
0.891546173938244
0.82623896062445
1.02490186217169
1.19980016415958
0.771927965716344
0.985644155281048
0.747766130533798
0.871305728166291
2.22982426499884
0.663658729504557
0.74040440240906
0.894611458819706
0.949319729468131
0.766946775273958
0.912097091523969
0.868769345762166
0.854921188017157
1.55438484604441
0.635531871217691
0.663093266875364
0.852656335351196
0.942326403408594
0.943358313057883
0.629647044141091
1.17175035549642
1.0056266705548
1.46074888110765
1.4552027924213
1.40122686129532
0.700119265052478
0.854470007101263
0.889198491770907
0.744638816941211
1.91530295867106
0.784639789578165
2.25865576455639
1.53075471541052
0.805921618991216
1.21714728361123
1.00026486853052
0.879316149748912
1.03875730096748
0.752120524720973
0.741125384026897
0.808108931891835
2.05484350601048
0.740374224961981
1.21897544387228
0.663455995423476
0.980303454973717
1.35553671243707
0.98928160107097
2.32511652311185
0.824160619394787
1.08077603345396
0.815483533992315
0.614923074289317
0.937659699260214
1.3260705320185
0.967820250479222
1.0343526912059
1.24209766654933
0.715899062325681
0.771472213185421
0.743585314992103
1.36916145768693
0.855306292208537
2.20294875617031
2.97921850056462
0.860541481441704
1.66464936263266
1.36974997580341
1.24245588157789
1.11705839894983
0.974193004827668
1.25297276457205
0.875406567640027
0.923921528344108
0.890460116434318
0.880341840938162
0.879438204892794
0.956680555339881
0.850102767225487
0.851305464320144
2.37740826994611
1.08527697051732
1.21744657295339
0.877789869450768
0.664404923053514
0.619917226471122
0.655499471042048
0.864550475552918
1.53202315925467
3.07192461162438
0.759653409819698
1.80308526957166
0.726046198064592
1.06443573468937
1.61680076472492
1.01145457060119
0.873326377742225
0.721033606439381
2.50647468498448
0.798031243609613
0.730553257053847
2.51615295252929
1.87399842030487
1.2313982655314
2.00019355777123
1.8069809747753
0.710133599868168
0.811762879794385
0.721438691117165
1.13470198350196
1.36057633063015
0.920925813478962
0.81028992992824
1.11025456956871
0.779800916163933
1.82041784862143
0.992078769492742
1.25366724975177
1.15880320284054
1.58411588634166
0.916729449915879
0.833601518311666
1.05271891181521
1.76596488494717
0.942388707568456
1.28621683567848
1.09543783612039
1.07033310662601
0.542366493240168
0.649608935166801
1.42636170626591
0.835009635896217
0.814382668676836
0.780782560631574
1.780160510618
1.11962175975734
0.753048198260262
1.34908897360274
1.38248048065068
1.64193153491938
0.898582553025624
0.838816835572428
0.828410928996749
0.964513386764692
2.3765194218752
1.15070442122592
1.32988795769027
1.34491628195725
1.46949940472311
0.977989303233608
1.02520231698255
0.809810519223899
1.03323436352659
1.64273585053057
1.28671838660196
1.85500807339878
0.734560557289903
0.878705369877474
0.660914898912045
1.01328021623207
1.09912765758667
0.682351626251236
0.797652785421244
0.937050461625796
0.940386379284586
0.784546540096734
0.984857903181069
1.06482317921297
1.22472721768991
0.884852810908748
0.786340776128071
0.845465093449057
0.857501820472816
0.803080697350558
0.783621555939232
0.760319818172339
0.716969230791237
0.947555175701444
0.838539872833253
0.811678775324914
0.935927433943758
0.839739523132387
1.37780870867052
0.929175019859413
0.849027458288587
0.861360238509948
0.734109021927238
0.846380067223092
0.706233078082087
1.2816897820971
0.753804417732992
0.710161008068488
0.696828128279161
1.2007112247114
0.845593725778192
0.797821393755807
0.919210549255496
1.00673009228385
0.822582483057905
0.793751373036918
0.882633510823195
1.09188759949242
1.07846441703024
0.746638534233237
0.876412650434811
1.27790872015965
0.855158847963723
0.827393852443659
0.764894043538178
0.807728318736825
0.756840999248007
1.10325487995904
0.832727812573305
0.912258091369293
0.82351822209052
0.788809193871529
0.901265469983626
0.816970771984587
1.35234229335449
0.953624538477062
0.739095406505062
0.769033270687788
0.741237595957499
0.823221470519183
0.953633555907074
0.789570829093575
1.02761824089574
0.910357070796745
0.945575657476645
0.857526543416091
0.814527750902096
0.84168314436814
0.817950950066684
0.870666739910152
0.881625740205582
0.789760113717993
0.846055279001083
0.83139176578852
1.03658360954002
0.863592340749629
0.836624354808353
0.837040163068471
0.88144797597252
0.849575235239136
0.876812689804943
0.772991475340188
0.792903136555537
1.15228285406211
1.02193952033579
0.86572114816015
0.753163894245031
0.785810785761076
0.925884265275429
0.984483123250114
0.838970633815884
0.928373770698226
1.09394249475861
1.13879554350529
1.05810630191723
0.602545912343018
0.68658192853847
0.650514344486171
0.798213530930433
0.835487782608748
0.994643628008527
0.987751160934361
0.758774964112017
0.705860502373355
0.730399947351939
0.80422850670456
0.899078367971578
1.11925037663313
0.888139396096087
0.720978273021942
0.776454436056505
0.780467215506374
1.49603574767123
1.45401780625236
0.75532097114281
0.84682568186988
0.84459609607
1.3598993508308
0.865157417504423
0.806061529564474
0.791393819289829
0.681663238357151
0.83436075641656
0.830740415343721
0.931031720847554
1.35581790417734
0.819951902938951
1.25934378320576
0.89173294324148
0.917857847475452
0.738935170063816
0.73104523828255
0.727775084004848
0.749562782799332
0.773250579490609
0.762814553342494
0.847047492818058
0.802051161502566
1.12435704282477
0.720717835558098
0.784261595826426
0.854831372772533
0.964797114114304
0.886858800118519
0.811471441711747
1.14510436903621
0.873768849667669
1.21099605345931
0.835561333902318
0.87880750694001
0.887333788081273
0.81592902109072
1.10936461624465
0.782628475764684
0.779688814456792
0.846501373365729
0.866972645612284
0.977380772173449
0.779293661473506
0.830917495027692
0.855855124400164
0.889976584113085
0.841990854435066
0.844551438599811
0.901636238312722
0.82453505039551
0.801275390089274
0.765375362292256
0.85707619315822
0.834353420550097
0.876638728226362
0.841879586184183
0.780102842917023
0.76401415024117
0.888561718009234
1.05707058047283
0.864352774627051
0.990613983412727
0.838194743972207
0.902250863063774
1.46842880213088
0.686242871961503
