1.45795192661746
1.08237093218133
0.960113471856887
0.935479692441369
0.997699984633685
1.01204801480672
1.09613718630417
1.10512143282583
1.1260963716889
1.02557351719643
1.02212880305618
1.04172658170727
1.22919433558049
1.92841754396832
1.47647744020034
1.11828850343448
1.100670257672
1.07035041748177
1.21522515115418
1.41050323318609
1.45997570083862
0.881089490590761
0.843953151088256
1.46026009477559
1.29554597334963
1.31662625725025
0.949808751229339
1.77233923954444
0.945081639665119
1.09557982294911
0.979034808121423
1.14698613069942
1.09585843508407
0.89916798372853
0.943173725607672
1.20045592472582
1.07771275516934
0.970450893245159
1.04447653079673
1.45819118020852
0.856605266497641
1.38542235606707
1.72406132627893
0.987717234439852
1.32726717988715
1.06415886402493
1.02311182343143
0.92847475507038
1.0398548297747
1.62825195878214
0.964309973128839
1.07690780025985
1.37719942508949
1.06547252118337
0.960371193650712
1.8947813258087
1.57687142212596
1.28664704139558
1.02800705298674
1.89354334688177
1.11315585154158
1.15394101563541
1.43363403848854
1.34452801542079
1.04522622618629
1.30832171238473
0.951336469428951
1.1598399345548
1.24965858723353
1.02226207821449
0.917676831834532
0.855190274477107
0.911620755388954
0.875365339506549
0.971159534450884
0.849339639036463
1.308547364621
1.01687436204324
0.95796938188031
0.94485592688863
1.21837136773604
1.01910503293089
1.0676176924678
0.958708348019055
0.953366861231306
1.64748868343021
1.81512661578271
1.07229275976297
1.01857831143772
1.05535660414344
1.54462676443325
1.08724369855082
1.06257461439491
1.09905434754341
1.47195358952279
1.40020510447442
1.07647975740195
0.989152151431577
1.11989637582636
0.981468776268326
1.41365354225418
1.44777890513885
1.35190702645335
1.51887866990716
1.93795862097187
1.25925497590434
0.979847119064673
1.02257996602453
0.960659055286105
1.93109380866969
1.70510565789808
1.84146163131276
1.02511290881335
1.18993187700948
1.08318990103839
1.16412936745889
0.757030734221473
0.920921583340029
0.827341282897482
0.923258367490074
0.843567421597896
0.93673016683883
0.888708795892173
0.875618569309118
0.853621599740873
0.833210384884408
0.852704369797397
0.809367324453911
0.802025308760091
0.847708971018548
1.1235859792658
1.06610775684215
1.14633342107072
1.20187939965182
1.38240043860331
1.32598568886651
1.23895597728075
1.40473320028266
1.35427928451078
1.28433882585016
0.847896355591598
0.856374616407775
0.735118630277802
0.667158559276447
0.803115879597612
0.817112624573338
0.857401669231946
0.879414157444048
0.918295155688669
0.948159906983048
0.869178922301523
0.7609418919883
0.742532733446898
0.693755744231462
0.663929887340276
0.722244637755573
0.668930748173135
0.730060795257929
0.654603986840791
0.665171538257345
0.619152214186218
0.679432765927253
0.660234459668387
0.691157143914861
0.762295500871451
1.9617416787209
2.63415385720405
2.37201532355036
2.48577632712775
2.28338502967804
2.18691517937975
1.38072042508267
2.37947511033351
2.15267074430736
2.64650794993472
1.93394853310111
2.38300770284483
2.59713278462047
3.0820573810921
1.73266230332057
2.1651621243459
1.33681140100551
1.34155058291213
1.28529540469386
1.19657839933225
0.894945367340634
1.27425958557072
1.12629439113293
0.938143142958267
0.991812750170402
0.974028869374387
0.988526394134498
0.941150710169225
1.06580931249359
0.991632467621549
1.06300515813527
0.954409581186233
1.06640966691665
1.13406401417648
1.07782623006186
0.942660818925469
1.07019970984385
0.945482753529596
1.06982076091048
1.03050811237025
0.807941498001616
0.729359130446851
0.679555924064139
0.673509587311897
0.654920664395914
0.605610540104675
0.841453414066913
0.818991599788024
0.604522917681332
0.801880140849289
0.855717570562043
0.769581275458486
0.691791386934894
0.64911665206638
0.722602469112588
0.761052169462689
0.888062757833174
1.38698138829356
2.03199236597869
1.55115873656011
1.42909015855069
2.03466045896508
2.11369528953577
2.40053260586134
2.01985268162017
2.50472725430249
2.19833744746677
1.27406392718432
2.90795325746724
2.12634063053413
1.57684167581729
1.55797592932431
1.739819609608
1.96466746200779
2.42949410226061
2.15454118408113
1.90580218457655
2.44329004063359
2.51966459766466
2.5628056670203
2.48375650935466
1.96516172110368
1.83167900454456
1.97971598706745
1.69542162335808
0.669890816988825
0.726179308954596
0.732316816548374
0.925758131604929
0.805063654283191
1.11842146032666
0.890085817348784
0.917985666662281
0.815053224658283
0.878607037686091
0.823491546727127
0.896160137164306
0.857834021704268
0.90012756114221
0.909590794786705
0.86537395725893
0.974600774116337
1.24564659961006
1.40280282403655
1.02110200503955
1.24439542079962
1.14162879529537
0.992258457285395
0.892642497829986
0.953849728949689
1.27426228372328
1.02803838004829
1.081655947326
0.977270732304923
1.08046228099063
1.39094900488553
1.79610002972412
1.65357246101469
1.86296588590011
1.71900336609878
2.02726295446982
2.08046222533915
2.09388238314023
2.07980287265972
0.920996668916111
0.964306738629368
0.947988931154102
1.02768000022351
1.36020751807019
0.873324717847515
0.882563520582271
1.01564396599479
1.04945553405006
1.13846193853585
0.793360452103632
0.719552609603085
1.06884809368932
1.30014020015007
1.22427128866791
1.11454542955968
0.926458386461636
1.09427189465303
1.07027465835109
0.872345422829451
1.01740521471973
1.09466129625734
0.708319636954766
1.57474542986081
0.837689397853989
0.866472823671307
0.920885004806902
1.35159212011927
1.71581225656135
0.736852202223435
0.775082664824489
0.859647588486208
1.15853159824661
2.51545109124631
1.29780550755161
0.842720094491354
0.656203588094799
0.696900257116067
0.808404025714849
1.02581363532176
0.828162914348683
1.1600885709663
1.06236731337599
2.68783109693077
2.02756023513118
1.68293213561366
1.85379310404123
0.734628660809076
2.3256412176935
2.12477842290763
0.718450174198209
0.688907645266233
0.977877823165506
0.77734365818995
0.968440546559232
0.995656612023574
2.36215845739253
1.70996914657931
0.877155952039988
0.750691683555341
2.73232944085013
0.968405624792086
0.762022164730095
1.11450510101799
1.00488982597652
0.830670054220224
1.31010233365782
1.30102997107702
0.999707499008574
1.02573520085857
0.950019034639547
0.920236681118087
0.851241856066234
1.60507795208768
0.91244423059839
2.76890433867267
1.43210359794891
0.939824089697834
0.783688019008122
0.886776850244821
1.08345751317093
1.14519111523082
0.944637961179364
0.687948751897531
0.714841670859567
0.805127555549151
0.773673973478192
2.15995682748846
2.3770197811241
1.79495770790265
1.67758661660851
0.928243986708631
0.827635206075871
1.56195676004114
0.87819683802182
0.842340005530553
1.03218340859028
1.06671370516812
1.06103720246953
0.712852549702392
1.55072377366173
1.44936603737034
1.22276974522088
0.893500365902962
0.789444402689226
1.28559475296704
1.15150187623518
0.839161806980186
0.742403520081638
0.828909218411079
1.79228461675439
1.07215544995387
1.14149634120528
1.45653699966713
1.14240842516591
1.49258802590205
0.90849192629462
0.970259052318461
0.949641862624889
1.07474378187823
0.938836477196566
0.909440722081593
1.0289865463603
1.23644880081792
1.1077736129878
1.28487035734218
1.29112093204834
1.29941203560615
1.05700509537388
0.753436391287243
0.765096743639062
0.894751422875835
1.2440731467678
0.716511100828342
0.688389664075196
0.82640471016681
1.2149188601193
1.898809191673
1.64828867865304
1.99526548842954
0.946815024635939
0.999026303429276
0.892378515163606
0.926657633890871
0.873439971816771
1.05350552842303
1.0456205456368
0.955361906899769
1.04315544992483
1.82190749837209
1.5728146060119
2.20401592171404
2.44907351793763
2.197581195573
1.61417742267957
1.25463836495068
0.870572907991433
0.886981293467809
1.00266115178699
0.989449328503143
1.10782315687937
1.09182600705507
1.07325978954412
1.06418313063342
0.965682590789173
0.877080031849559
0.754884544359121
0.812745512467515
0.790336895943739
1.03292991208076
1.01947180992575
1.06689154696354
1.00551154496284
1.36916247518824
1.51099425614887
1.52516513160716
1.77147714519948
1.27323643825487
1.26302039262172
1.33782269194001
1.40167376460591
1.55066637123682
0.605640862268574
0.723734059901574
0.564203665277044
0.899777313798232
1.27428633206167
1.40421041955714
0.686554479998768
1.03494197681923
1.18490923280326
1.04004366379918
0.843426618971542
0.624233075525588
0.903876668362662
1.06666148905254
1.25896605294578
1.64024286196086
0.93116286955562
0.6745380368071
1.13329664945281
1.63618550593295
1.63370570415509
1.85624287319004
2.15599744502185
0.978692661173704
0.833292974211932
0.812039242004148
1.16825155546929
0.996071787160385
1.57114171378944
1.31895703658504
1.06077128727822
1.34447136437194
0.996723037267446
2.03009669661013
1.03551031055241
1.27066073177934
0.980572963625405
1.04557745710635
0.920554490842605
0.873854991745635
1.04078659854918
0.96346110159271
0.921525715313683
0.843864850429243
1.08481072206491
0.639516939506096
1.0288436772752
1.5112899314486
1.13784332199424
1.62450324214784
1.03442463102373
1.23860098115979
1.02319551438899
0.751122860008754
0.853231419225507
1.07724670406218
1.0613033063638
0.726043447306227
0.979026734423838
0.916802400930407
1.07184323679963
1.36880414318909
1.24968547310486
1.63943239611329
1.06835847872788
2.13506850573728
0.933230264825053
0.974178270089731
0.795076142583496
1.51504103332461
1.89335427252393
1.45108204857278
1.16065260422953
1.13078240958372
0.878436288979217
2.34819553758279
1.0168139631638
1.04616092768361
0.973973279446365
0.996706838796152
0.672727748807836
2.06118656038284
0.735711319932967
1.16978825637615
0.962899294717255
0.653061176111303
1.09026774761119
0.699459184997468
0.612075511338061
0.977046004951215
0.958368825775084
1.1332343255289
1.11629440544395
1.74534906189475
0.709787037213351
1.38829929579756
1.86585603221789
1.39485147951419
0.626704215445409
1.19771007138452
1.28936241612092
1.02355812722262
1.55331161185955
1.30215602077832
1.28400836141872
1.00405163847296
0.824353378930514
1.78283949400085
1.52776003461413
0.813058331692958
0.976401609677988
1.08713214795942
0.990358659256238
1.03586675052704
1.06979858333498
0.796589713066507
1.2965790163636
1.08318718642448
1.88322003752812
1.01335710597213
0.918197449814691
1.04247629703168
0.703477985451804
0.930887503853124
0.756705980362144
2.70939970703852
1.03738285027338
1.03660795368018
0.754761019110131
1.80494687963138
0.749652715701941
0.919467524436487
1.05699803527977
1.29195579386087
1.45957402379976
1.06781301716243
1.53742146879513
0.94356899523366
0.777891514713868
1.2083953058599
1.32291409547477
1.41805234827872
0.997163824911622
1.32522271003718
1.01217354787919
1.32855376379372
1.14630218179306
0.981048274011361
0.92132500827089
1.06218846611111
1.06378184678159
0.829481970014988
0.801572810120688
2.25817014835456
0.750826347806419
1.00132029899107
1.19340089045155
0.915549836054212
1.07436458721298
0.963337076981188
1.77173591187782
1.21299146511642
1.01218420754456
0.951291111013166
1.27762684738823
0.839967002887601
1.26690841906798
1.14544915892976
1.56120899828911
1.86218963051392
1.74656766523201
0.812791024159244
1.58475574389859
1.10565264228913
1.05938236196927
1.91048791013747
0.835254420814767
0.845916985507636
1.60487806614927
0.923321640497895
1.06707548328008
2.35585609231144
1.06346922344767
0.986076772578892
1.01340954074939
0.722468107499411
1.37737665102174
1.05930731777563
0.996882823671075
0.929183394453717
0.95130392767499
0.768812717618372
1.58202471870756
0.609632610291057
0.959243082241163
1.99475375633153
1.18569492368065
2.26673841066675
0.82704441262269
1.04523993056307
1.01898581610759
0.850345995786248
2.17953116058356
1.04040239919862
1.88641003279385
2.15837825894073
1.27589672378998
0.826232348021051
0.864034658523911
1.20415252970752
1.03854680917687
1.49603346466019
1.35942050296449
2.03652850894993
0.716573546476503
0.889895508693947
1.10339288955817
1.19157274932254
1.0267080246598
0.727537636693175
0.731415734216072
1.8860363219448
1.31295499126971
2.4645843098624
0.89243234675913
1.11716450950751
0.83747552695014
1.08337673413651
2.43494901647866
1.12263549443572
1.27819914940475
0.668017117053261
0.882918131478465
0.899036950783326
1.49336854705619
2.1300006452277
0.820047851127463
0.822888913391338
1.05980676895309
1.07724065318071
1.80784287282654
1.68277894162261
0.880947495597108
0.781712098454334
0.869081645971968
1.1409716769949
1.96183474617257
0.810937077966832
1.05950097509437
0.681994192971829
0.633029790052793
2.04940373624724
0.785499463677831
0.806017025999432
1.05409727700962
0.906956613065626
0.746074211874166
0.863949684230231
0.764369616853398
0.985041986259784
0.980905090341416
0.938577559239016
1.02240674989163
1.69597635313249
0.667995901049179
1.10759536502578
0.969090118452466
2.79360517590556
1.21961244763199
0.74112032043129
0.972038326329472
1.01241708426236
2.5309224193524
1.27084695725135
2.83231536005582
1.51384376676088
1.62281791463885
2.21071003058293
1.08135446279618
1.11096006795047
1.04399398129048
1.43446244361568
1.1037748932787
0.851774643252081
0.740355524567092
1.27839904852581
1.00128563664614
1.20273863278493
0.924585469460831
0.962058482316439
1.67268945422708
0.717416581659973
1.04605064330523
1.67835896745693
0.684315339247858
0.702907674953523
1.69631971441225
1.04987497112564
1.3935964919061
0.702448637269724
0.618048845015337
0.727788877320354
2.27895726511588
1.34746009548528
1.33139596357158
1.09636070256227
0.847886678169906
1.16709781814909
1.08122671486457
1.02360778424432
1.0618098123475
0.677445041359236
1.09549806183615
1.17961763874409
0.988704880962104
0.966100333368764
1.47136615853606
1.71768071417431
2.42861192644348
2.45097244204748
0.864032552659053
1.28548104552436
0.880948099979785
0.920185478895421
2.18926914620472
1.05756461323316
0.840979646073876
0.912633915409311
1.7122680735073
0.735649444810107
0.859758239764947
0.728767319388855
1.18666329333565
0.958285720608281
1.05744177362088
0.986209717287195
0.94736328432505
0.89243700782442
0.815231441681181
1.83620304256761
1.06512358413564
0.894518993328556
0.895979107573658
1.11306797488689
1.24523069174116
2.47422306645806
2.1277322978113
1.26908541196647
0.700508808025381
1.23017140833925
0.950556309787868
2.32224580827208
1.3730108307508
0.955253593190372
1.70500523920938
0.811116258552512
1.1231308837275
0.742468876314168
0.729225078528322
1.19508025601647
0.891200425037161
0.938179726210083
1.01975664504209
1.38228483613388
0.823680835709671
1.49570315318739
1.4789573747944
0.92251670208623
1.23395568296698
0.913590363742471
0.731586737516782
1.70735622368155
1.8079416772789
2.83212511110531
0.943385476867538
1.9237056421553
0.79816421139868
0.756736415688122
1.03034131840196
1.05421629820946
0.97837198879377
2.37852475134702
0.688426438108551
2.67932272372701
0.68243274127729
0.913464607151751
2.07116099492055
1.07134398636928
1.06537059487814
1.10556517871504
0.960768677724467
1.56560838507727
0.710397183385709
1.98578734437465
0.872457200264891
0.958335549233092
0.877300411595034
0.759364730842465
0.723147461271548
0.761964600548536
0.740523718718369
2.09465656580985
2.59338347368852
1.03200747919562
0.888891610789398
1.21112611853603
1.79547085178398
1.1444428469489
2.42785831855459
0.860995936554291
1.00887430368132
0.938370821250882
1.39474397997918
2.64913214129851
1.12070946944471
1.05525281015868
0.97320482074724
1.65742603346299
0.930005904371075
1.04966668722862
0.703617827678076
1.04121106171594
2.32622586721017
0.727778519906656
0.839146734438889
1.08627252674208
1.14257489086358
1.10921376598313
0.963127913299547
0.881280139759253
0.851282246493529
1.82681054401655
0.663062786019155
0.707392194598942
0.931391004747456
0.981709024599545
0.972915045039674
0.674584791705035
1.26809777501607
1.0503885878343
1.29021417820416
1.28917711085331
1.30976520446069
0.783516299310987
0.897780670131806
0.981281337733714
0.846596012241466
1.83609999164718
0.913832124279816
2.10257859323294
1.37054368042832
1.00265498223756
1.58359690374851
0.946328702954157
0.944773850302085
0.974635653736574
0.852314549515532
0.834948697044286
0.970296457557556
2.18139025037863
1.01716860189672
1.4001789578223
1.04265327949024
1.29627120330403
1.15046088483393
1.06567583470438
2.09225820085999
0.88916391248498
1.02738678177052
1.08538453275186
0.812400028438625
0.838605477708785
1.73716705940856
1.18075421555649
1.04589902380708
1.01537739946332
1.07251873701899
0.86449312504072
1.05531913792682
1.38261743309798
0.770802726328672
2.23822522292995
2.86423357967108
0.884678750962597
1.27881899779491
1.29175663154989
1.14166121023306
1.38290747462741
1.04659768258017
1.03618287864691
0.99601261122306
1.03158357364865
1.0094388810657
0.92634610884471
1.15404368296935
1.02819321368555
0.988136302530174
1.02871871979068
2.25360982736234
1.06499298213184
1.52600873443116
0.962132169862243
1.05684961356399
0.616545886312004
0.667309417690558
1.51305728992295
1.33098229745246
2.89225112732058
0.976819293915429
1.92233462367013
0.808047170174284
0.913848637786292
1.56556520748922
1.03674863067132
0.940050714613798
0.767358658547993
2.54913169925461
0.898384598962285
0.922818243934561
2.31770398522099
2.08544393668162
1.26503161923515
1.90655362062706
1.85873420074491
0.87027031969745
0.912417016252366
0.821048487039958
1.08175847778802
1.31280724454767
1.17686015655624
1.10361859869266
1.06780213972597
0.813324365213505
1.93973789013892
0.911384927753682
1.14060646099537
1.10673751587431
1.2351822095484
1.18052347330015
0.982303150799683
1.01455889251648
1.817727559054
0.920636016334689
1.74259255116647
1.54874097667158
1.49935035468966
0.676683359589258
0.745751030904734
1.27171645878684
0.985955768043004
0.965347124897595
0.958625021588712
1.73381801572541
0.994989624928195
0.838659616993127
1.45003728293571
1.39496807914377
1.64712316809947
0.86534365929415
0.89957562057012
0.909643140744057
0.988315420776375
2.12514274397701
1.10990478152514
1.7516777981901
1.80513734502353
1.65743086067573
1.05524869130958
1.04202726028082
0.994154464942281
1.24943009191888
1.67969877806222
1.40864960120918
1.65932113213879
1.02201435025103
0.974061253304889
1.03821766660567
1.241298042306
1.34025783240557
1.24922895930006
1.20458499482837
1.04843680836537
1.06993072975841
1.02645009393141
1.13821529901886
1.17233036446063
1.23736490231545
1.01431065481366
1.0991600429257
1.25677475561671
1.1612293714147
1.10596094881735
1.07219368766866
1.03806316055153
1.03466625968386
1.41150115910596
1.02132781647006
1.02544213280326
1.33600605104815
1.01710373148263
1.7238468704168
1.24651787707285
1.0519506970866
1.02229942088941
1.0399653886099
1.0397428896357
1.07279701823763
1.61871936355309
1.07423630119421
1.39209506667087
1.2744393336008
1.47080822501581
1.00494123606585
0.918097678553003
0.983524227252678
1.11971713065368
1.17721508426559
1.14596728106067
0.997202440362212
1.12147233776382
1.33375410670762
1.0263195749972
1.02973013454327
1.57860479889114
1.02301711029018
1.05388202087041
1.12919180608739
1.01378894305536
1.06711630279073
1.48223607841414
1.20947969109432
0.973207685550609
1.12948808488666
1.02621713943901
1.23490904074907
1.02968186813537
1.69103420847412
1.29369095678921
1.04856265399444
1.05944198117986
1.02239240206612
1.19530872588056
1.12183063903941
1.03508943093851
1.49295655125678
1.35886867780369
1.10292632950346
1.18955431443384
1.10706757222031
1.0169825553922
1.13272745435784
0.979330402836365
1.0100167187311
0.918926076511497
1.03295034578005
1.00631983237647
1.08371715511534
0.995952124672488
1.02217981418114
1.18124784019024
1.24816649313208
1.0129784295725
1.05027484180374
1.10852171985755
1.08713328675867
1.3839446622096
1.41439512788951
1.36221447870085
1.27663170911073
1.09133454597295
1.08086731090116
1.11897989435767
0.931626537921365
1.03894599169166
1.1512094730581
1.18741215087088
1.10178641378371
1.3597460624724
1.14874058260551
1.31798424760702
1.02798683078237
1.03273334351419
1.27243678223642
1.31026407668478
1.08209818583189
1.04306216508421
1.06918606770063
0.99906203517781
1.30714783315588
1.51761466619417
1.06231240693993
1.09132234847183
1.07465309257289
1.02078711474569
1.8090444475281
1.76071939700873
1.0698161428435
1.00737598702729
1.21872947715814
1.63398781922654
1.02696600396137
0.989873624651592
0.920204779159002
1.36312824016086
1.07430874570762
0.981869038085372
1.04538729241425
1.684932394742
1.02030013392443
1.4856196732752
1.24312286770722
0.965457315019993
1.05054579888324
1.03104837290251
1.01407691030262
1.04771157154574
1.05772810641978
1.04706618753145
1.21233170458974
1.11876650865455
1.56463476219935
1.01113951722103
1.14698365346217
0.982238830428757
1.03530635090286
0.962266038014277
1.12549936658949
1.33784726564757
1.19853097961766
1.39576103470938
0.959583721098789
1.02262208359766
1.0266345287278
1.16011607211261
1.11493922004496
0.885241392392932
1.1320819443893
1.42186705253802
1.04857476311736
1.31492620864488
1.01386846713063
0.906621910517052
0.981729416928877
1.03145377201654
0.984583409460914
1.00340396160455
1.05216343440384
1.25458415124105
1.17505484050381
1.31609701869794
1.01273313123723
1.05381053112493
0.993082630303982
1.20092741064567
1.10522818116374
1.04108746719635
0.941715315519707
1.14475776553369
1.02022810222397
1.0613726338888
1.00622808370901
1.02362474529737
1.76663092722444
1.05824024576278
