0.423315260237734
0.683749408495395
0.94665320975224
0.906217568282064
0.791774450462048
0.777659892064992
0.938771574046409
0.971393503705906
1.04140420101478
0.949115488374469
0.702087661096515
0.650879147909939
0.985383769737926
1.69663271536376
0.970748213858815
0.787280993394293
0.780676180527557
0.744048869856712
0.865902248520674
0.709073911362428
0.42145931117329
0.730429045394071
0.756578783223506
1.40038158924705
0.836224406278146
0.918146656423734
0.753358270710028
1.39767273669274
0.707388755327471
1.13173861833237
0.84353530808366
0.695323087558289
0.722867779784186
0.864223257134506
0.88917639790074
0.814734537765344
0.768485710257061
0.738085658341282
0.795598356671039
0.896193917753095
0.740271741997794
0.871091093537297
1.57310111549573
0.779305951844202
1.2680262627225
0.651206199422909
0.841407077008768
0.762117832019126
0.888691795821233
1.16409731980133
0.740867078025156
1.01563841707489
1.34778682071218
0.899280800068948
0.732584929702186
1.6927407878763
1.46884581519191
1.14274849495694
0.850807973419502
1.61977681158657
0.784388474954884
0.836914231130086
0.917520231253744
0.855898029551297
1.04156859342945
0.863455602553969
0.78194668488867
0.805929318330385
0.826360421351901
0.843152087919692
0.771527908780532
0.708793068946589
0.874467206439481
0.824515865868731
0.771606897427689
0.750933824555946
1.20698121807633
0.827290163710394
0.722266670716419
0.705849902227512
0.78503073418942
0.821188691676421
0.749961353195574
0.935766138960552
0.858059415561255
1.51898781326385
1.63917136513296
0.754781878001887
0.76512709160812
0.638495506913947
1.05142427897366
0.777586507425515
0.871536848413348
0.645605375288182
0.656007215952747
0.97045153174541
0.680540505343675
0.74249452280337
0.774067204952295
0.770345107898663
1.37425201114522
0.562966893484857
1.31341264382722
1.43183147795943
1.71917227913608
1.06379722376369
0.757483099713166
0.842959946000176
0.736404482335609
1.68451081329988
1.28570105182511
1.51981709976453
0.899311665251167
0.907620022280882
0.755109575797077
0.835388153780215
0.63883478915677
1.09106859444187
0.785982581938343
1.01942316934343
0.765919783939095
0.969483910904759
0.862481905026959
0.83724731118529
0.919673203146794
0.70165886023097
0.772836110014926
0.620842341122115
0.578654732148261
0.840910975181561
1.28066089513209
0.880522483102455
1.26134281743749
1.20574528399679
1.41340662620278
1.42505386675068
1.16060865905236
1.38787606860172
1.31163299712539
0.987932221017352
0.615441531174961
0.995085620058993
0.748380877275063
0.577220997472056
0.953017044602085
0.7845712350331
0.77460651668363
0.999636675841568
0.86714409207655
0.881905312484414
0.950766901025066
0.805965596131838
0.731694449282865
0.566910588239379
0.613129129558971
0.665454666315636
0.570043342150006
0.613707997856349
0.802999903958645
0.705181877367462
0.498444220635757
0.531036704451864
0.507843689956956
0.62080730642809
0.725393545200163
2.18641415545967
3.18465840967149
2.27125148650026
2.24128633913974
2.48530349697174
2.17017809494411
1.59129639485602
2.41141400976969
1.89106280831541
2.90490751891329
1.66738576646299
2.45092141304226
2.38262801564006
3.58998551878698
1.97672448114704
2.15032099235945
1.45614606139001
1.69476037008684
1.76438125013447
1.44337334281586
0.81539723036869
1.62847855222796
1.43383091597703
0.87676488384486
1.2600824884485
1.05810857465334
1.0407491951322
0.776573090616541
1.31396473561015
0.869380873841338
0.933124759491284
0.762518669445758
1.00807380981243
1.25103263961147
1.16916826054711
0.733798519125195
1.11608252225352
0.685826650165336
1.14778789056251
0.701888979528036
0.652633881574093
0.870960701570406
0.513124079975863
0.588675982061684
0.595821419112094
0.603755398027934
0.836549152718988
0.751145113498593
0.551773821744424
0.862555349643872
0.921390233358367
0.753395180229375
0.745185745464113
0.657479703576967
0.899346185006345
0.935544978860925
0.78729463758285
1.17219021306558
2.43957827185985
1.25512007129991
1.2511294449229
1.99958104280888
1.91819692070904
2.65464135268468
2.22112221477485
2.80726852347186
2.49150083645142
1.04826453310311
3.2066580383798
1.76705542114626
1.17709457945568
2.0614209838809
2.23614614765889
1.47456535564922
2.09953945316735
2.28242553432469
2.1231228162042
2.56691668267577
2.90046744499162
2.6803076079115
2.4642069591387
1.7133822974192
2.04516627320279
1.89883672584741
1.74567623794434
0.524482973801106
0.58051715740616
0.550453479389785
0.814758822861793
0.747755332011457
0.978422903848236
0.842492685126842
0.976895128388916
0.857232870887842
0.776483478532734
0.800989158486515
1.06771918077595
0.908412927153656
0.834921575332684
1.03622800505605
0.828189262592096
0.811334933686067
1.49347764114156
2.07783078532015
0.773904721330791
1.18036896949526
0.69639778476816
0.830811385091742
0.792706001612356
0.877028729666021
1.18896571679765
1.03602328524704
0.980199320053363
0.934022609194468
1.10284230345988
1.23619794821907
1.86657003489026
0.994105392460015
1.86983862668035
1.062872550297
2.23770052428134
2.22135417219769
2.13758522015377
2.03977536284143
0.917926093617097
0.959300047888212
0.901201090108102
1.14098433711285
1.55425175468697
0.727812319825366
0.666877686278371
0.926318274188592
1.13283033165616
1.36202612812912
0.925741992954596
0.749891232020033
0.636713365676581
1.50236612977654
1.30300728963377
1.39057836954182
0.828807597198871
0.752839267161546
1.02474048779883
1.05750673217715
0.825112254043787
1.17360602030103
0.763656642634214
1.58195219488749
0.752513599513176
0.8646283410422
0.935925572134449
1.57068481569048
1.80302082683956
0.630156987539688
0.681954541397811
0.741760727369683
0.875926477824756
2.44865763366606
0.970459871604505
0.786929521212522
0.537705591980411
0.741123215962996
0.67271663191519
1.00095749636994
0.885162457133315
0.863225210171822
1.268631459009
2.67266857024235
2.43840773391198
1.49232882511447
1.64987071943857
0.827319671931154
2.47180025544673
1.99335067308241
0.818793719527831
0.780450557785083
0.945830611957388
0.586531428405832
0.768355118231241
1.24177433054342
2.30538027065354
1.3511817084171
1.02564007373734
0.698284321792734
2.79192117840268
0.912898471621251
0.911276593271503
1.14916198293478
0.874281361325128
0.800213412049559
1.6785867592273
1.47820239219738
0.777238494723508
0.667610871177773
0.968879934548088
0.903341977739328
0.822010469590117
1.86263250994671
0.837657975831126
3.32083330840425
1.35125166077835
0.827232237539292
0.738398698074629
0.887717328565285
1.1950075027938
0.882544285469402
0.876760718926713
0.661208708870829
0.640917269081791
0.795459397914522
0.7091850195982
1.84439964305664
2.12981386460944
1.31952316896952
1.58008557267699
0.799385770375985
0.733775894614114
1.83755039569105
0.666338620241251
0.811719721323239
0.846721293262652
1.01611128918634
0.603476452889112
0.762279530708948
0.94918139917742
1.24891818992643
1.34526355826951
0.750300409788194
0.775860765842662
1.48535980167339
1.14553378103922
0.75293134019848
0.679344515964274
1.01353943845556
1.81685359487329
0.74509165792995
0.90285957778471
1.4842313608099
1.10113332222182
1.25650490091179
0.90660057678406
0.79809585490639
0.724504923806212
0.987581267793665
0.760640244336287
0.907133134050094
0.935383816950925
1.58344586971251
1.36398816238202
1.72302547926394
1.59338073140827
1.51513820862557
0.899634953236289
0.608373341053601
0.524361443471058
0.645651665310377
1.66134766361608
0.577448718881055
0.692821779786762
0.830646872825534
0.910453858487598
1.91635106759145
1.4446446489488
2.32814881256477
0.925445179160412
1.05642637895141
0.822371300165184
0.936867375124355
0.860388614819355
0.988417697715159
0.931836944611966
0.765765319967828
0.966086658445846
2.33272934984602
2.02598368982202
2.44506841000432
2.78397245038422
2.17241554561535
1.27627710557147
1.67137966176999
0.735744037475482
0.801153356146522
0.989487524524707
0.932215324331849
1.19819157336734
1.15488128484777
0.973659888743315
0.985897833274715
0.802697243689041
0.872616104496819
0.866759229615498
0.914602873956226
0.851442786007963
1.12783690945707
1.00715210102562
1.25565849616664
0.930118140749988
1.60476697944828
1.63666330559873
1.58367896550065
1.71507116340454
1.60396179733859
1.49547889030225
1.50525187533696
1.46214093069185
1.7014396720279
0.64230637979306
0.658318519846271
0.68865572971858
0.67853786443992
1.24752052617693
0.973121196283257
0.661790662931593
0.902137844785345
1.33073048457852
0.808185311713232
0.71466914380583
0.598624185365503
0.677006627251137
0.78154514831314
1.32280464278854
1.16225360998606
0.84782402607852
0.721071530786051
1.26233222066261
1.10536978066451
1.0980207281019
1.37844738322178
2.01061407850687
0.765446905507655
0.697612202533498
0.736674960151284
1.02061436633045
0.80439081634316
0.617967535096676
1.38054749972895
0.665501446634613
1.4397018362216
0.817203509586877
1.91281537748608
0.879327642620045
1.27527220217433
1.19888617533987
0.853244934261259
1.13984248537844
0.751425079599604
0.974053039817629
0.802939829477647
0.699833766455483
0.600846604485788
1.16267979097889
0.598827508811197
1.01248646568365
1.88416892901591
0.829818265587193
1.57125323175887
0.893882250740878
1.09321827153734
0.953017874716268
0.71832442981832
0.780420782867033
0.581870154254523
0.983308452259881
0.680084124114088
0.908234211228946
0.787278726209142
1.21784823319942
1.65684928686416
1.00887198079744
1.31745275322013
0.826646011609466
1.9197100389441
0.723235746919058
0.730217594619773
0.687985768383581
0.99976712690568
1.52718445324855
0.963286794078959
0.886422100240528
0.937085193010133
0.807009194833632
2.45005705637557
0.841397792930591
0.987160537919269
0.781999089911377
1.07574431249773
0.716607074767598
2.0496215462627
0.74248942634159
1.29387482517422
0.812698886091378
0.568589712922405
1.09500283424562
0.61820900275488
0.570593239799255
0.782929451989625
0.785642417919977
1.06275097951497
1.24489178430535
1.31351334367012
0.68364781158534
1.12376910639804
1.44317062643504
1.50640542024472
0.573900046488372
1.37693932778183
1.58868809754447
1.00394913843285
0.906355779118476
1.27483881529482
1.18883415074775
0.848907461928018
0.654190056083656
1.90206392773384
0.532832273122851
0.681863443006204
0.78901345420265
1.16797450217274
1.06506330120471
0.885659628041941
1.09825156970445
0.733378469746518
1.37673927059039
1.04246902924087
1.88004501871578
0.782339913383334
0.772451226359238
1.01005106890082
0.604629783833674
1.1827214358664
0.694120431436341
2.86034773692236
0.895344978227638
0.931710924172287
0.836377107095713
1.88025650768486
0.937575743058673
0.812292972809101
1.01943861521269
0.911564901900923
1.06428419295335
0.78436852686778
1.69581278846226
0.845854911225097
0.816864619678773
1.15601392889983
1.83473979052437
1.57121200009283
0.826070392436718
1.03362676143275
0.921941419229074
1.15768864294244
1.26028266364579
0.780359209696225
0.689899781005277
1.07433997679645
1.0149101764433
0.706049458611503
0.744012357903829
2.36065307263223
0.680556027676747
0.90283669862364
1.40616254927783
0.694682161181892
1.09432330695463
0.879709422116347
2.00023347672112
0.998475187264065
0.834665882449597
0.72428692112583
1.46287930093279
0.921029789106867
1.03359911652667
1.0510678652009
1.50997761765485
1.73373900551846
1.64151585632316
0.732279474706809
1.91481589111807
0.808461168328169
1.24488587702202
1.42882701230322
0.654352701534108
0.820450294744346
1.17432847123225
0.717790204952374
0.722351502683831
2.32391754310008
0.984008727448904
0.818422588699626
0.851646226312297
0.815102933490757
0.92011105836112
1.27245410274495
0.900432296220388
0.69879222583073
0.97550627633035
0.717509049930106
1.6674660825713
0.58564379171737
0.942035615712125
1.80978159668032
1.37320102381916
2.58286140930686
0.957303561002925
0.792207407724656
0.929328474481575
0.874407448404512
2.11928912278119
1.05628374078466
1.43405989955946
1.80856836912349
1.6111094939046
0.692414031589009
0.656807456812383
1.51362526713397
0.916013678766824
1.15240362346584
1.07829837643032
1.81321239028224
0.673160486252055
0.866412413316889
1.18975876551612
0.87789402344154
0.97776222730721
0.678312432660158
0.759930831003648
1.87891907987895
1.09435246157632
2.40650398871754
0.855072525914531
0.681471291449308
0.59531184978561
1.10315600535924
2.20556916379999
0.97095472877003
1.54106360770058
0.785652958283893
1.04668391149563
0.964454666196234
1.46529402037709
1.73658196070249
0.821116459613271
0.831329245294768
0.663763885213435
0.694714749838204
1.85837504782658
1.76756496736389
0.745836095608114
0.739312114679234
0.961363763704155
1.3350847631226
1.98325375818954
0.740047360966482
0.641169242537988
0.65671100235397
0.546786778232421
1.65077571048362
0.671342621180798
0.683860782629442
1.1700421102898
0.805856095032103
0.672132887629632
0.614996240811195
0.747395525566452
0.794197954117724
0.927620729107691
0.828007409018332
0.89535305179019
1.7840186387763
0.725776930700968
0.887790732067584
0.9898148588822
2.82049340852414
0.867785154185561
0.809577841402015
1.00677008418275
0.926373236054949
2.6582938485937
1.21374989045012
3.25625913850637
1.52743681458868
1.60277523139118
2.79679080745397
0.725592207277226
0.783339225813773
0.745507463224941
1.4920845877836
0.790797286456334
0.73544206807341
0.820015373720891
1.39056564069006
1.01901230025074
1.13266667029327
1.01849729683216
0.776983069544834
1.38744141793118
0.617029987064872
0.903551209444072
1.82487412676963
0.645353248259957
0.813767466054255
1.1875498886304
1.01714004760856
1.42603721216201
0.659559626224928
0.491991297612808
0.641979622034216
2.48589051642847
1.46937005847584
1.48848109929274
1.32005416100403
0.941973653566206
1.13824168913844
0.651512340936782
0.906257920141823
0.944014303713696
0.791268241050814
1.13573799871983
1.12768231262538
1.05064142950571
0.743096272054194
1.06984734815212
1.81080841940604
2.17670576411155
2.32897874947065
0.787489384632115
1.54303928953613
0.762932582222723
0.77898125748334
2.32084326551612
0.955499170338107
1.0912755413635
0.630865211780604
1.33079045365876
0.837188681960562
0.722672335644912
0.674929923157341
1.42035262987553
1.11846160631671
0.844921524571701
0.768691077577584
0.784053065587638
1.05022859514832
1.01131909442898
1.53296046733672
1.03575840118485
0.82652072576584
0.806911135533387
1.23830373593954
0.996057425450413
2.60853039847835
1.71016496383411
0.951051237058181
0.605552731840749
0.960001641945904
0.73779457347529
2.45510447943053
1.36212656782527
0.96266811298632
1.70671055199418
0.736931141238011
0.839226572086805
0.655105482721375
0.69292768352728
1.21569515502875
1.0461054614583
0.772975192803095
0.91367278266198
1.37564148555867
0.860269823210017
1.10798584762246
1.82343437667718
0.68526476872869
1.29611994534471
1.00225006131828
0.855617816596163
1.43046652738863
1.87742619940185
2.97930251267232
0.965224980498736
1.56001287258604
0.693872539329041
0.801141358437382
0.834674255549651
0.808006610718202
0.788995837759107
2.75914210111521
0.821175571414833
2.74636593268201
0.637972187161953
0.992355848213877
1.90467467747211
0.745780347914664
0.834845892242558
0.807120886940272
0.8121875742304
1.28950720855241
0.747404481176391
2.42860884712313
0.755792511273317
0.849602631489086
0.78434234083047
0.608545131126805
0.513290137414351
0.687119816266251
0.641347739273574
1.88465424544722
2.78723535193105
0.850025652646332
0.92232007329381
1.27684167005081
1.99613418165077
0.841340725592067
2.62671596678737
0.820867401275118
1.00323520412086
0.936984032227162
1.20424662007844
2.78563513367148
0.753834651756421
0.835124015692657
1.06730972187431
1.14307045110216
0.736577224212033
0.963113378898509
0.759901017326186
0.846459969570029
2.25363058483457
0.66764749774439
0.673275030196824
0.85676981316803
0.889694638860227
0.67734178748084
0.855222405118081
0.863093077928507
0.858666721939513
1.40246997794217
0.645952564477399
0.676952776810175
0.840992794818637
0.923544731116288
0.927128413807038
0.627195695087766
1.14310733452369
0.965159369418083
1.55119933384509
1.53503302828747
1.48458095274971
0.692346889051886
0.826430242453159
0.856900319138817
0.713832674797919
1.93426944757227
0.735269532191169
2.27721352845119
1.61826312480298
0.779381720443541
1.08374574061304
0.990387139573745
0.827144844911052
1.10814658024315
0.704408476378493
0.695582087390816
0.774034746503934
2.09028055630155
0.752597800517813
1.14378257120205
0.632835166064052
0.882602176836999
1.39748198069118
0.92720522806644
2.48677585926274
0.71305017837808
1.11613059825298
0.641085512249544
0.538794498647523
0.949854618258795
1.21303556960168
0.999559129161222
1.003272341498
1.28223434492078
0.68396121841906
0.762336580684841
0.707830157845752
1.41509047407614
0.851622658613177
2.19476353716057
3.02078190437168
0.843129930147065
1.70583447737099
1.42663179979172
1.28585111371015
1.06899488327139
0.957044999268962
1.28650262522965
0.826093483282103
0.873016713570776
0.836038829515519
0.881924791521059
0.879341925787278
0.916085339018081
0.824699925125561
0.881007528211384
2.46525649640134
1.09653487063533
1.06590173985
0.852319343142206
0.622229462109435
0.63324156579579
0.668585599986487
0.685900931033036
1.48200504403749
3.19483179808104
0.735542923139758
1.72449639815139
0.711866062577986
1.06791775235332
1.59144530327941
1.01231545891886
0.786441596576509
0.719751050767644
2.46350410706892
0.63286446624135
0.689446864533802
2.51487265078102
1.88246370278715
1.27977422597575
1.93302137763788
1.64619110796237
0.652063901496958
0.862427853647637
0.706017056734467
1.15586299175171
1.43930641397432
0.93035807200434
0.814386790852822
1.11147503993054
0.785038308801471
1.61300180665821
0.991625675409864
1.29109437132472
1.20109209677957
1.65600829503803
0.774639057246537
0.78298752579013
1.04009987835609
1.56018400795906
0.89569566543877
1.21154968071278
1.01577754906799
0.973090704951955
0.520696887740199
0.636910868253088
1.44158221754196
0.775539059643975
0.7495715477804
0.722441077150477
1.77044626090488
1.14173420303375
0.744375775852275
1.43821175729148
1.47689671699951
1.59372918052971
0.905874424914026
0.837268944998594
0.72244757146743
0.953144897102842
2.53287208490497
1.1545539564113
1.28140345102861
1.28911598568581
1.56244608773739
0.946839143854713
1.01163967239608
0.778490916117867
1.07906019829739
1.6568777685024
1.29201197801515
1.89656627294845
0.743790669589485
0.849507541250196
0.626043936107022
0.979513061003101
1.08610817032182
0.519747630797547
0.689209333393428
0.911024047244021
0.911436263717122
0.744503094941221
0.949991253422862
1.03146451394431
1.19532522860152
0.864838725605487
0.764485598318515
0.835493037717599
0.824504025923388
0.763551024791212
0.744692852495623
0.715163418985937
0.623885869145558
0.948987593595161
0.79941056215102
0.774082663800784
0.887105848544454
0.861415133721937
1.42499645418135
0.954272481975887
0.765256406159019
0.815487965577753
0.700336639148334
0.812118684950674
0.682013560548788
1.27038996793433
0.725775708951065
0.503018942823294
0.536657623277601
1.26513653066252
0.801196240326644
0.777037474530425
0.907801640499621
0.975179383802862
0.667851344666589
0.743409677407415
0.853269205866797
1.07109272844116
1.126723811707
0.749094512624486
0.831004578785296
1.34009537471327
0.812250328988365
0.788650628364127
0.752460972285486
0.771065373756904
0.700637971743636
1.06832070392043
0.778973655981957
0.897681240742103
0.785276138984067
0.776228262100624
0.881239776672689
0.776235063285019
1.36429683983607
0.929994001777568
0.716387619567593
0.73098534639051
0.693647932123637
0.811997946821748
0.917994064342277
0.784403663451265
1.0424352564849
0.915237546798959
0.909269329655351
0.819923975665411
0.670590766485713
0.800057237108511
0.713114048011859
0.845184373204367
0.851949287562396
0.767527829611101
0.811863056803563
0.798252977598207
1.04593566124822
0.82788827590572
0.799430810720459
0.843098113962725
0.886987232484901
0.801770606037424
0.835481667943664
0.73310775286984
0.753669573823103
1.21123381665945
1.05186786515836
0.733553112417105
0.602581964967719
0.745624611648843
0.893899940973742
0.949527399567274
0.821522384501985
0.901894402631002
1.06627862712528
1.10736904465975
1.04431886428348
0.347661240895841
0.554584230717585
0.445655994442526
0.758898251366241
0.796049099264374
1.03236300722222
1.01799582642659
0.740302781079684
0.691329165704867
0.710611268467109
0.768417780085061
0.840505200908671
1.07758020772622
0.849074900600716
0.697956204657242
0.729419829535359
0.794679898163636
1.53079567478614
1.45880130766623
0.73789197180903
0.801241789183945
0.777159134488065
1.43167968862325
0.801852449243253
0.764816999249776
0.767813650653745
0.472352591562957
0.718284474752921
0.786389833910021
0.884057686497937
1.33770373074438
0.787559925487429
1.33280058403446
0.752389028418261
0.911011295332019
0.723388000594344
0.701334342289491
0.685539827695223
0.716316804699597
0.733136182368062
0.722364974606245
0.799756611567776
0.760831616133039
1.14509988769042
0.653763667252464
0.770746144066732
0.828940275323094
0.944367872303427
0.875699311207801
0.644869528109441
1.20398416578608
0.889891046407829
1.27890721454558
0.805042737649615
0.829994838721735
0.837342770713928
0.761231828955136
1.10884342058463
0.76682188257823
0.772463635720042
0.693303206367747
0.835860940485659
0.946043151824652
0.738468571449872
0.81646286415369
0.828026128597584
0.856208440778707
0.813283622055062
0.803926028902057
0.861947790775786
0.677125311193906
0.666513402520633
0.605646017457498
0.809163540342052
0.76756212529345
0.850750904677235
0.844007509914395
0.747959708349692
0.759223219592913
0.87806876365834
1.02905024126662
0.892988344832368
1.01954055334539
0.850035007037436
0.897153225644141
1.53162705935515
0.659157435222095
