0.962388842974439
1.0548628617341
0.9760470967905
0.930506214207003
1.12609149661681
1.36558396757866
1.51224159713821
1.54080001521481
1.60006759497683
1.00385273790232
0.816016294699768
0.807580032477117
1.13618282656858
1.88448063114174
1.86651877019074
1.0176191283212
0.979453972604275
0.922311292481114
1.04049756269938
1.06785400287099
0.974042227312266
0.869832956236788
0.781918336158169
1.35006604396013
1.44538188958272
1.26645764341728
1.00138902880113
2.11112867773812
1.1788985887323
1.36599023871234
1.00587795077022
1.09625566827888
0.917860999048226
0.867631238648636
0.958600570002026
1.20006210738164
0.92999109437725
1.28220453049409
1.06182801683864
1.22226392524339
0.816336100557299
1.68482011750364
1.5021426715879
1.17847730170146
1.31057274261658
0.84228060233325
0.896636037583515
0.95546154368271
1.17044918489245
2.04341601503886
1.17514772362479
1.47577332690647
1.33758216595043
1.45745629470998
1.23889557277993
1.68519731794103
1.39933580242303
1.2424108715599
1.21070036008739
2.03420952554794
0.972037483313037
1.01850158508876
1.78821215534397
1.57361083492452
1.1467996895472
1.07794872393704
0.998905846050678
1.10503426830281
1.32434126511794
1.15303318487767
0.935360302360742
0.820835145258636
0.888424209512676
0.830518139941621
1.04428447722818
0.796960729924349
1.27893776869411
1.04192535971362
1.24803734417665
1.19543821971152
1.17485947498497
1.37420254857938
1.06798378759231
0.977048301865503
0.972777402384752
1.43948540556105
1.58391752145324
0.923456867441564
0.846311701696734
0.816391756595766
1.96072894496684
0.9480892236804
1.45590762321327
1.04994086968334
1.08683931190916
1.28807506970392
0.876391907980301
1.33043205083353
0.965607343832224
1.18543872942355
1.34209061588363
1.03040630773445
1.32889492501896
1.36742168735905
1.79034803203131
1.18983634036788
1.11238634464721
1.21916522524312
1.18755388382925
1.98102373190143
2.08996770767131
2.09102693972396
0.945586332866705
1.0752176306089
0.941688863759861
1.01253954985424
0.724932950479956
0.876826097953642
0.822029005944715
0.810908299246455
0.801146885165033
0.946951567523815
0.866853395125122
0.842578763995941
0.800731586616875
0.764140602890697
0.805196762887962
0.753398475282538
0.695097864397356
0.792855782745814
1.17263224385786
1.01089794506746
1.14504863332165
1.16648616608469
1.42072781403443
1.35185210708453
1.22269168343391
1.44066374146493
1.45046559063594
1.45066404821176
0.817883653874225
0.82163977891142
0.770379135304252
0.729948562119695
0.900832544780829
0.774652425828223
0.804528415515675
0.890441224948013
0.861623026779796
0.930478574172603
0.895922892250676
0.796974365849058
0.759325342208824
0.713003635969773
0.716405763658361
0.693570263207374
0.650122894192952
0.741893771527661
0.590142076082494
0.67386579879868
0.583979615244225
0.764011642196151
0.682367654558804
0.722946307351233
0.897649593522752
2.04903218183246
2.35379892553836
2.1934744386349
2.27202277313995
2.32475069340159
2.21948495555659
1.41233713369976
2.39079190411149
2.24979876256872
2.80605800767798
1.9813714848862
2.5608112981165
2.79881936388707
3.31960227919365
1.79495927570049
1.82781651540963
1.32155819541439
1.44806694594388
1.51478022133392
1.36582407069196
1.01799733679958
1.30330491947043
1.24022131931371
0.843198559743277
0.937783026380139
1.03992307122144
1.14570845776401
0.901222667793099
1.20146375317278
0.960126877826776
1.30061778982973
0.832120637222991
0.813991313563351
0.901179521720183
1.11601132990278
1.42677634102682
1.22214245258768
1.39513149878148
1.3267191773273
0.743431909977355
0.881281209894289
0.773568864074395
0.624482794847067
0.62664593335004
0.671693319692231
0.595345262853748
0.978585674386415
0.895300184969279
0.596952964779935
0.781288469949421
0.836944284572007
0.766705696870883
0.714674950662618
0.655760365955722
0.770078633240898
0.857454540994879
0.813267144343855
1.36682477530209
2.11513659562406
1.50474288315737
1.34027848751885
2.03266446899412
2.04039258403222
2.09945120431064
2.01913287300675
2.18788388435018
2.00997969631512
1.14992152652234
3.08931828481589
2.25105150347641
1.35885398818563
1.42182400555295
1.62920051871885
2.42707026044633
2.6862294553441
2.09195928715062
1.82727032590514
2.18341829413091
2.17269994652743
2.41842671522025
2.17851411099354
1.71962371516809
1.75887733612235
1.68081809840508
1.51700319772738
0.799843489703819
0.819609525008244
0.935911891691603
0.982527810372681
0.900853448894196
1.04501983208283
0.842189551444245
0.912378889620331
0.889088495069997
0.789051967923946
0.905126765867506
0.966327815600323
0.940891779010553
0.874016068547464
1.01298013984889
1.09807790990161
0.823654241765059
0.826017182605141
0.912199747203696
0.84092556649044
0.772850450645037
0.712199646917047
1.0204902430744
0.826672904147075
0.920879558721517
1.41378674680349
1.01145900083383
1.04567496688234
0.926034335426653
1.0537802753252
1.45087885355317
1.75925070306479
1.20661696128515
1.52570573078721
1.35679681033982
1.83396819256122
2.17837565818774
2.03778433057378
2.25030744644027
0.8314594498364
0.896524555670559
0.888579750977752
0.994596990805159
1.29577557885446
0.983784569292716
1.07791587266411
1.02515807375014
1.29805704512941
1.38614568033595
0.830326502206457
0.722251555992529
1.01286353918095
1.38201244940229
1.38224904972924
1.10082335803127
0.91681682295065
0.77083910448823
1.41190277327269
1.02137461210253
0.970430971683833
1.14024748717252
0.70880129158028
1.480403095894
0.97199692814885
0.829073017735165
0.950868938904575
1.11977363928732
1.49996433931446
0.783389488491286
0.779414486126461
0.743611910969644
1.03826589751359
2.39960117901813
1.26257519992939
0.875221627773729
0.672686076423777
0.737605878818678
0.781134610288216
1.05638373309522
0.938754503383998
1.03567398839169
1.0548813556923
2.58347510616386
1.97276791143102
1.51489317262108
1.87258230366466
0.7992159147735
2.36683793570295
2.24728844237843
0.71319834152613
0.657439472389554
0.835312772558032
0.922473975980846
1.14284724355371
1.05203472226974
2.27410089173564
1.73607422403915
1.01758019486028
0.787356904695271
2.69889858138537
0.792160618522178
0.818464055608126
1.14297456333103
1.02620615562136
0.770450460199803
1.38520341787617
1.33552085308252
1.44274095293815
0.774987185880851
0.96441642842626
0.924537867512413
0.810489879118778
1.68550260204708
0.858080328367644
2.88049794113738
1.55079377862745
1.20673521157987
0.902563507730922
0.756840238087888
0.84684245397127
1.00041217660414
0.925061161297496
0.678439976110475
0.713288270371406
0.757834637463088
0.712287658330511
2.37664668669276
2.7022438678653
2.10049916737013
1.84176556087302
0.870403244198962
0.906353548591782
1.50489919835799
0.844421986066699
0.846470166302596
0.846466294275397
0.882040474850316
0.763897534318958
0.79316140045293
1.23098521534643
1.39960478921837
1.24958179008241
0.974421813738837
0.818379585187997
0.885623775153175
0.836769416155713
0.828887559739847
0.816363261965361
0.965923122682415
1.91195610568187
0.903030066654876
1.02567610547426
1.2814727844667
1.11782562892564
1.66108104360201
0.893044642629889
1.22378570151211
1.14393688549547
1.41686567065776
1.26216126191139
0.898384280085114
1.37726246793082
1.32695822128131
1.17997467141794
1.41619823842203
1.34261094087285
1.3160086579215
1.08846575921717
0.838025405581662
0.819752055436573
0.98882526377034
1.35193024076444
0.697746625250278
0.648783311388161
0.780166470545995
1.19213344351776
1.72532312756017
1.43597559118748
1.98542374637567
0.899937509384106
0.95307888474081
0.845937023577485
0.937394084200109
0.843814482706277
1.45388928520142
1.46269233075533
1.37541206259614
1.00748266284068
1.78826951369118
1.54492473045002
2.27521848216228
2.19770167868434
2.02892181046722
1.56245692464188
1.4222169171952
0.777221908089726
0.778013546701334
0.978156312397823
1.00160698705682
1.30330005675098
1.37494112459247
1.42020038942022
1.52157867401841
1.35428831270774
0.842299870692943
0.8042371559928
0.827162113572301
0.788518520273365
1.22049644492077
1.30039064150837
1.2153456689314
1.32248266444146
1.37687790886896
1.38187901099713
1.32107541675682
1.46098898613074
1.31039858651458
1.21896568795977
1.26706376025916
1.30840823490426
1.4567407247376
0.570016213504999
0.736801310659087
0.511687225358537
1.06824690801146
1.24242702904033
1.50933862764457
0.687279093688017
0.991171858070394
1.19600517268724
0.921840210052529
0.887961872845867
0.566451635745948
0.972814585381905
1.07446471835518
1.23702362747311
1.8353602030553
0.94486636559424
0.65818941926524
1.33238135429296
2.04403857414236
2.07523495711605
2.31106898184316
2.0045034660477
1.13649485239398
0.845607846238461
0.795224856800735
1.07902715518327
1.1405936899378
1.10049898017566
1.33184209826435
0.822479734786724
1.33427654606176
1.24084098833882
1.72072081664365
1.51484297797502
1.30006519402772
1.03197173791807
1.07313730673522
1.00238370504016
0.831144230063968
1.41864781507062
1.2647029402535
1.19719366576634
0.958885212942578
1.09885104624226
0.640943055715968
1.32338770816585
1.56568960520613
1.02961600974886
1.37136638142955
0.805061296395278
1.16827787010855
1.05411982304157
0.777333905248035
0.994019561619725
0.71559087707312
1.35249818001001
0.776569676757373
0.9786519342832
0.898553083985428
1.26359214590951
1.24179151786421
1.16462915365523
1.57664797805345
1.0597605398915
2.22077198331291
1.25159876897342
1.40629793705746
0.868357798050662
1.83550115509201
1.96079361110054
1.68820518673375
1.03885036018053
1.1784904172104
0.868460538002084
2.2878011435765
1.23260881070403
0.974308536420717
1.24120310913836
1.10661759862463
0.644696808367493
1.88764431221472
0.75893594593879
0.903282120808775
1.31377047392834
0.659052748585323
1.23839614237718
0.686357494219291
0.558310838393019
1.09487145992937
1.42098358788427
0.768589261443024
1.27358086102818
1.9614171719686
0.71710385493677
1.21768860442214
2.2661957569844
1.25684309744182
0.561732162785781
0.898523611018404
1.27490692281692
1.32582307893776
1.21544472279852
1.28894246185499
1.24786265589313
1.02934384787567
1.03993327638472
1.89770066929783
1.02689934111972
0.793868011534813
1.34421783731324
1.08982205628883
1.09943943045302
1.48143935902411
1.12064982076729
0.836831668750507
1.30047214771245
1.08744984835748
1.55639514833922
0.921898043281829
0.984058189014256
1.0800254006207
0.746857669089684
1.04403935833788
0.712834934184899
2.92247698899992
1.0648992200202
1.06844939427248
0.793181235396688
1.5894788055927
0.822385606056974
0.883604320016345
0.954238881829755
1.31734860743191
1.51145552039957
0.92640392898676
1.54116965608643
0.953802305433196
0.80364836848404
1.15279892554433
0.937250479693392
1.45058599982107
1.25125186360756
1.32211546611954
1.30692415928045
1.38426365610182
1.15503302441542
1.17104193743165
1.10888007327658
0.913911287701374
1.10305868497708
0.802587018154885
0.937248371214384
2.17766699612738
0.727888732097626
1.31031340384075
1.1480667702986
1.04865686121192
1.09720960778108
0.887494706708871
1.76947669633986
1.11937621146172
1.43341784657066
1.30697879367701
1.27754411826223
0.907348475059846
1.13539420012985
1.20769820183654
1.35957055291663
1.57814359491041
1.48134531798594
0.771046623194871
1.64872371003224
0.959671405315078
0.901508358532697
2.34035930596984
0.979504581734001
0.801799614799768
1.71090318569817
0.984753909334974
0.725736470406065
2.08610274061258
1.40957357274239
1.2568422238462
1.28299389970342
0.755341798111806
1.53958242583038
1.20316274572362
1.00377918926257
0.742270447145806
1.16756142951401
0.724208813541525
1.6165691807326
0.554851575587127
0.968544775028528
2.15194904031549
1.25820132808165
2.338085168501
0.792491349685748
0.912594866747733
1.39335855289138
0.887336565142777
2.30235285897865
1.20079114712824
2.11046553391613
2.39978745918803
1.34834473018612
0.899144029913038
0.935295013152995
1.42457340019154
1.02801954833451
1.48266072789172
1.28526974815274
1.97322728068633
0.677107165134959
0.876727297815311
1.38800395862999
1.11138065364941
1.06607971853698
0.742656718810236
0.758252135707411
2.03046868797287
1.19086741709064
2.59468465312138
0.931615232530612
1.06157655721568
0.916576951224809
1.35937084079474
2.77800759584834
1.08886424802276
1.29565804258789
0.626390409395902
0.984412916844101
0.947535993143505
1.33657816763816
2.46166948166429
0.769200547742088
0.810741583428285
0.987335210434781
1.0511673949454
1.98342493097887
1.87427443799146
0.916877294604092
0.884932154613606
0.993583295481363
1.37264842034649
1.65831449502206
0.805665281004148
0.81992048819028
0.676553565550968
0.598652581457854
2.38802321779657
0.824765125605125
0.830356956148156
1.28933467265414
0.871071831543886
0.811503180036401
0.934414337340762
0.865880018255033
1.14710843441561
0.955699358741799
0.864867112362659
1.35069060542729
1.87529373730821
0.700356888531914
0.995671839782445
1.00868808123975
2.81197473868837
1.1874085197336
0.780050275641221
1.15698217132453
1.0291698248689
2.68822357318588
1.27913962274121
2.98030061625758
1.29610344557464
1.34990603770284
1.99715043096761
0.905139808955715
0.960582495781567
0.840419806789447
1.50049837626134
0.967892398933347
0.830560351506022
0.760887899185226
1.39437623968273
0.969811607961829
1.19013096153709
0.908086251042055
1.19652514304994
1.8923843743297
0.801617742388423
0.845197787619742
1.54537669864308
0.675831804188405
0.687127383815389
2.07200993897651
1.15846158400562
1.33107716503983
0.71524233979754
0.629167272835139
0.821802277177668
2.2700086898877
1.31674174016528
1.28608057249221
1.22185143905056
0.89449296092356
1.1636659725485
0.763555327265084
1.46417677702094
1.38317243413067
0.70952805582869
1.40754522756886
1.28796066328317
0.994682635435532
1.13418185240196
1.22672330733646
1.80323361412951
2.55678696280508
2.44092940254804
0.853205196169949
1.48745567500368
0.838490121761086
0.972672644214439
2.2994292821243
1.1097175783074
0.978174390128259
1.34995193441477
1.65616069867471
0.766447044647611
0.928432991305799
0.749147332737076
1.00031776088643
1.07325143097092
0.957821619228233
0.85178622792054
1.19194488396584
1.08011518780774
0.934428270286453
1.7819551196432
0.816800572360911
0.82680730408562
0.81427544759077
1.22208041251675
1.12434072944466
2.46942038909892
2.53542343818871
1.19386773683197
0.681618118727551
1.12983376681949
1.13218415703867
2.09024519645269
1.44920031245154
0.973833337694802
1.4161454931616
0.749016054591514
0.985185703958568
0.740070882738402
0.745885578827796
1.17183232972602
0.916579869219236
0.902230191002112
1.4243257719821
1.43499180228195
0.84921997946234
1.32565567031683
1.44971828677569
0.769631996662981
1.27537985168574
0.953194832815251
0.755300390834584
1.62013320269174
1.66947224407903
2.88958081382984
0.957245147186883
2.24504635410113
0.870025026361736
0.831133070723518
1.05620012466385
1.07188261012443
1.07987130186868
2.25948838591695
0.649280191051289
2.53045318452149
0.710263495530228
1.08628510774045
1.87230760560743
1.05585097848575
1.08261218369298
0.965306024010618
1.2718503362945
1.39391703734006
0.703477440291571
1.83107732014301
0.790423752648054
0.980930293931997
0.831530326655675
0.818159768387231
0.767474142312229
0.747066874932585
0.75121000127346
2.07608520126923
2.55097432260202
1.47169633646473
1.00146935702094
1.19625840410255
1.82476563249387
1.0306984700511
2.1784185321114
0.818956715950395
1.00650004884312
0.939508530999055
1.41218677604411
2.44805308198945
1.0639175596278
0.77597608646256
0.922893116305503
2.10502363812722
1.26701374264632
1.51832093318699
0.691667371958257
1.49058238794108
2.21883971579632
0.786133933355049
0.936569954776314
0.788196192440283
0.735916620046372
0.719783656024858
1.04184390199952
0.84572463323451
0.801984089880366
1.97430902546501
0.634239119479758
0.752892090740821
0.883500784001749
0.987782624492754
0.978237314009292
0.659486812457261
1.26889458243687
1.37055664736261
1.30754700903687
1.33616432990104
1.33701429388434
0.813837170336404
0.847713544286469
1.31868320936441
0.900196602097066
1.70663139978055
0.976860733016772
2.11035870858752
1.40446737572347
0.849788344992018
1.87412281719485
1.11296201411078
0.910484027293903
0.964414372909554
0.843245364741476
0.861162237537947
1.30464636677137
1.8968540328328
0.810936308132998
1.29668815236915
0.784363915454957
1.36779791798747
1.18528649596205
1.08744192410489
1.98411641168168
0.858437103583091
0.999775269476562
1.03405860924237
0.885053481697981
0.854092730480816
1.32985875856093
1.08572967391119
0.844820697050567
1.07724271962658
0.866324720928801
0.84161831661057
0.842909470043254
1.15131181322992
0.818361238258439
1.90761978233797
2.91944954443008
0.971984631974273
1.55442594563035
1.30030390048436
1.15854661494546
1.33677260554044
1.53913448223383
1.04983212807534
1.26225271181957
1.27323684624307
1.24449317469342
0.937639705913344
1.01377705364691
1.04959177000213
1.40032378387573
0.897000686979112
2.0167097386181
0.935994795819879
1.67570203884792
0.981231353906661
0.797187947846796
0.546077832318676
0.62955104048702
1.11101963943486
1.44291262226461
3.05378786745483
1.37483316742653
1.87929249383988
0.841371042892719
0.949306060428899
1.66618766520855
0.832883624662481
0.860983230442544
0.872546177053844
2.87650513620893
0.846661516152927
1.19743473604129
2.1099938698209
2.10178227685376
1.23769353627525
2.08396667989808
2.05797376719451
0.922500813309769
0.864719583109699
0.829682140162074
1.27459630229833
1.33804566580986
1.03928098069863
0.955900301117013
1.11263286970166
0.763648037548466
2.10184513065655
0.924465794419528
1.36822339226495
1.21881391751883
1.37401647818286
1.14056722599267
1.20649498558819
1.25293893268954
1.7436379608228
1.10821827379
2.19467941202681
1.94884296709004
1.850174486769
0.696781238727127
0.845036804065166
0.845844578701859
1.12593727986906
1.12747876394679
1.09913815632202
1.71901804510296
1.14603868104504
0.811438876222696
1.335135382106
1.28080396970369
1.81994462150863
0.907798690645446
0.900562666142042
0.86795194053787
1.25445787566708
2.185069427135
1.12301432743824
2.18525852476383
2.27808936151523
1.42258660668095
1.45829756869982
0.948871654664579
1.45707363562602
1.18024866655496
1.69202150100717
1.36332066758794
1.51754975157932
0.780249395423023
1.29151879988537
0.748607138646768
1.16878909883339
1.25447340035713
0.824102446287997
1.04299920776528
1.06865899221942
1.06659938990966
1.01288559061974
1.23699767510675
1.32301659110594
1.48772537591215
1.16599526368671
0.961696444077256
1.13115944827439
1.32884854877971
1.09088096871109
0.970072343493398
0.901862462469548
0.83802845928298
1.41432379885431
1.22860507308016
0.991112269460935
1.64692232124877
0.978712065387548
1.61243420377924
1.15402763007831
1.05895025979726
1.16807990603682
0.884722435820044
1.28580809545473
0.876207070850725
1.84841327599569
0.977899864712886
0.975469954615211
0.923708543638324
1.36804356462392
1.0449951229732
0.860099881702123
1.01098941389019
1.42971811346503
1.0983723968725
1.17686074447995
1.00127555181086
1.46704507842161
1.27976968546812
0.874118314903755
1.11529931655636
1.45881677212262
1.20134717399949
1.07329464629137
0.967940190945005
1.23419944999449
0.894974317281811
1.82398467416759
1.36812746923387
0.976105816722734
1.20256398804378
0.990872400697553
1.42106165435749
1.07664435600412
1.77895372316283
1.53024323705856
0.920742719501559
0.958915669185209
0.877265679887357
1.06227731866794
1.20022903176696
0.967107514255345
1.46527227485906
1.27898602121442
1.2260562276884
1.36323386926738
1.06635494170778
1.04432878816382
1.07444272391784
1.0028343810102
1.04146162117136
0.864732773446661
0.995152180242833
0.966318166530951
1.29098347450053
1.0123585738387
1.00545492722644
1.04972033261082
1.14312700329942
1.13401303911648
1.12533069880802
1.06757087830719
1.01855429247894
1.32712281012811
1.34605552187873
1.14763438046712
1.01044485252695
1.04882177878042
1.37767741033609
1.29489353749637
0.895504596833865
1.03568641607458
1.52844671668166
1.45137606531283
1.33434062988123
0.878292323918881
0.840140988155959
0.868686371724108
1.00792452715077
1.04047257826092
1.20066897067757
1.23597165235134
0.927008436033961
0.846963961229241
0.894175642701825
1.25629808830547
1.57739150282947
1.89507731971736
1.17923535081624
0.903003231280127
0.919743814128193
0.892307813323248
1.74609302219236
1.88161191127331
0.946766958646115
1.19794807782775
1.33599652185495
1.47286234634698
1.04856976299835
1.20907761124611
0.887824462303256
0.947426936020273
1.06059145358805
1.01635321603945
1.14303536106251
1.95546349110432
1.30427037586896
1.37052630288585
1.17100655024899
0.980402274628068
0.903380149731901
0.892378358408289
0.867207185770388
0.929039908874442
0.937547941561212
0.924592082669533
1.39200352266749
1.14056632414671
1.54590551902597
0.842074337894279
0.994441294087298
0.947589315930019
1.07387088619836
0.98368538429129
1.06718810179976
1.3030572789248
1.08012400877473
1.33932568963381
0.966134557367378
1.18357918542082
1.16081473674282
1.1689983726641
1.44498395770786
0.824594016593244
0.978312305406115
1.1046746670499
1.36163127211227
1.58882327659486
1.01367721258183
0.862796517207983
0.961096873067605
1.03015454317562
0.948019465415107
1.01998512009263
1.09422260841738
1.10885548028032
1.07364328678372
1.03957384386934
1.03154968680558
1.05408231748579
1.02000520763045
1.07334104071586
1.03152803517168
0.917994279121273
0.933799690334407
1.53026779096304
0.974481480066603
1.15060000622185
1.0364967912862
1.17074565620151
1.58646001062212
0.841833997864509
