0.192947859737754
0.603601880912235
0.95652028712933
0.941379863501901
0.26050488160058
0.373770224201653
0.58360657008915
0.690364340334566
0.870003410332524
0.793367421503027
0.638698401552146
0.594496070280319
0.882116588037655
2.07285297761053
0.929803753076349
0.24281400883651
0.19240684390629
0.180937345632729
0.348780191109469
0.192732072128754
0.121872703285417
0.608615857496495
0.74024937505606
1.88313249719621
0.632549687297925
0.661448910723189
0.498956439962627
1.75837743816167
0.208205481329301
1.01013358546415
0.793003820690216
0.621616218339461
0.597725894817433
0.894150317069059
0.863025858964561
0.483802012268554
0.170174241059997
0.326610255004915
0.704365893648533
0.524832183119293
0.662882551268621
0.734939785278321
2.03025623736188
0.196025498653282
1.41985284010244
0.564269944323003
0.729429927640374
0.595294093356672
0.493248941970436
1.34224399609932
0.189936806437905
0.928411612811262
1.69083209413366
0.500333388018164
0.287331430701718
2.06484319264116
1.98530254509231
1.13110355000023
0.275231937412916
2.00376194520734
0.321393776673374
0.705841883178518
0.819009689405742
0.692868327772055
0.881312594104625
0.306788819732155
0.578151934122961
0.381125333054922
0.566510017678501
0.371480682627975
0.630329698986405
0.610482981397111
0.913668566230067
0.838494481759808
0.450709556946622
0.702871178570664
1.27288900310941
0.752186742845848
0.295760421392215
0.236439924191554
0.643051679517257
0.417829528654584
0.649323852537465
0.919979438564761
0.823770628071739
2.01196361194353
2.04795701559922
0.169146818275807
0.682228192971005
0.574071575450584
1.1207375118677
0.180829527621067
0.491967626505162
0.596404104128521
0.370250595475747
0.621626554548312
0.570024090749361
0.342725841188034
0.639848582174068
0.199000405904877
1.79995391603207
0.163157415281257
1.56185153477041
1.94879622336145
2.07808149720697
1.00062309866398
0.200653342827476
0.26026622541057
0.209396630842889
2.06545600883998
1.56224041622562
1.9094370217442
0.762807135805136
0.787063769651023
0.256958859377115
0.365180153703328
0.658634275034127
0.988840868225399
0.801132426280445
0.936612936755559
0.764084006756313
0.954064452515896
0.849394712362696
0.852954178616002
0.885012152456671
0.699886637190735
0.781536247326843
0.670609591678923
0.63789941708949
0.791713389537987
1.23385127101952
0.92279226620628
1.21641010111292
1.14211662926069
1.43637464393377
1.39071201016618
1.20646907048886
1.41569767049481
1.31611550391928
1.109607198641
0.707070975420904
0.950594700913537
0.762236102136798
0.619896036343661
0.936770838331183
0.783239612586296
0.789962922597361
0.990545753461416
0.887224496586154
0.903052493066705
0.921126965206599
0.78248803233059
0.74166858196779
0.577521270069093
0.588856936596716
0.654928279450118
0.569964649235331
0.617814727331871
0.767582958719181
0.679114757698773
0.486355771280497
0.547832858558413
0.551998243921412
0.600340907202983
0.721400977957975
2.20392391160919
2.99620745968305
2.30109575989174
2.34897975880496
2.4228624231608
2.25289788462803
1.48400228798515
2.43034792278859
1.96243658765377
2.78589474171286
1.84345135360119
2.50381532551095
2.47935955813107
3.40651959628576
1.87707187971188
2.14735982335221
1.47921168908171
1.67026616366123
1.69844592466728
1.46357388935581
0.857658084682155
1.60410112045687
1.35707732802382
0.900826917157144
1.15230426980915
1.06249072450963
1.0570194501522
0.856627738083765
1.19043562206202
0.899792268676462
0.958468784340933
0.854110035843216
1.02829824567021
1.23496601169474
1.14299924064379
0.733908580897363
1.10363545818349
0.716188346350012
1.11269530309003
0.69801128140502
0.686931721739396
0.836139885804618
0.565623217617597
0.59570000781664
0.624205841661921
0.599627518820798
0.879654140929011
0.757600958351726
0.553252116825454
0.85163756412295
0.912392880955124
0.772547648499221
0.733018828578982
0.682148769593596
0.869530298311594
0.940760254692427
0.820999870089148
1.22623422691166
2.3021540313364
1.33190685033705
1.25139464041758
1.96886560066992
1.91688444661361
2.58822113623992
2.19948679072468
2.77014034901918
2.37846833487601
1.04526542426544
3.07286527352418
1.94033094663433
1.31356648643069
1.9823870118338
2.14714897612652
1.6216956382846
2.17266425289041
2.28920880513457
2.19994674663827
2.58354380805783
2.77706041088268
2.64193575395354
2.48202148402989
1.87026580620514
2.02866423955558
1.92049719780697
1.71505231627382
0.528533070683989
0.589741584679636
0.577929560432057
0.880295983245845
0.737927002497414
0.989719436026726
0.847631300161418
0.967773924169736
0.848561585438778
0.774649193233464
0.858025324739598
1.01560578694661
0.910595952424372
0.877563729332617
0.996706617784409
0.843384935785603
0.851105737668616
1.47529014148443
1.83851473778331
0.805170800601585
1.21085160458984
0.792445103608737
0.924468836276383
0.794159992610752
0.885753337190262
1.21943638721678
1.00219677234567
1.04252323403481
0.927667050460446
1.07240616850989
1.29954203647964
1.91210175434498
1.06414677163331
1.7924412945464
1.17990912209299
2.18778435368778
2.22492779274988
2.19680961741674
2.01477429823359
0.889520253744866
0.939725768268983
0.902371405310403
1.06518260394662
1.74307196808297
0.709903161282459
0.485157854340583
0.967835573302232
1.08711341301598
1.29482807403603
0.876062777950906
0.707325014595502
0.733151001956205
1.49285046563469
1.32598798974544
1.3554189487892
0.870167252673935
0.728239990627673
0.865780478212422
1.13197882164686
0.945580603880935
1.07666322117058
0.746765807408897
1.35206459319106
0.774772004550158
0.8749499676079
0.864814294555035
1.37278051488775
1.88301178612695
0.618269259081591
0.657916614145713
0.777260736419107
0.601591296383287
2.37249018629375
0.987910011120868
0.857864087824817
0.527690942054438
0.751277430501338
0.741899342109623
1.06860887551811
0.801590597019629
0.674605113271667
1.32868204512545
2.60673191758883
2.2727946204365
1.43126525677026
1.9029901121536
0.852780942362885
2.29551046203007
2.10408420746045
0.835264768831391
0.741867508044364
0.929706574371568
0.527022861279594
0.481797278849702
1.12725485744271
2.14646434188504
1.60767410427015
0.948839907908003
0.725231112974042
2.68277946208401
0.86107316803683
0.941504559267455
1.05864165638486
0.881909361965931
0.775313635109675
1.90781592136414
1.5876510630562
0.633255758975683
0.646606385216083
0.977422470758303
0.896156337075959
0.824071207289656
1.80060308789028
0.728848019098186
2.85417483555063
1.49502505176969
0.724520344462988
0.697085159423093
0.832819650851747
1.01352346505749
0.612412106329412
0.858113116011817
0.613064858255244
0.643658417151314
0.776237570990712
0.663612701443668
2.07355021710759
2.42577236612926
1.57158284055918
1.70668979662255
0.849715442674043
0.743407314766031
1.70395128902176
0.805973845568472
0.841018992390965
0.770977442368481
0.926545170541324
0.590493604627319
0.807356923908922
0.79160426738251
1.00362517439963
1.35844489062005
0.690282336577913
0.778072466458401
1.37208674265452
0.991620284094171
0.774399916866581
0.676587610139429
0.977377509133461
1.97493775172416
0.661653333149407
0.823938941813619
1.90590470763624
1.1451434106555
1.45441698573651
0.93386810890887
0.547779650575423
0.341181831875902
0.634521136570695
0.59969811553795
0.915300748273615
0.977662292842209
1.56047767257936
1.35694789593898
1.79287989315128
1.6605880023051
1.79587222803977
0.924951628265076
0.58498790260837
0.481605024839425
0.425659576888911
1.76196965002524
0.649811165715029
0.61657079124203
0.822571231559993
0.883402279513147
1.84458713637688
1.13645864780286
2.10138587059369
0.910361936978688
0.999992436711633
0.827914069687585
0.883623746261432
0.833828382771303
1.0227675409353
0.955331711988711
0.629777175466251
1.04140299510984
2.26803003419668
1.90763746875086
2.42459137040413
2.72707229427522
2.26506639363825
1.61313872806997
1.65759884358205
0.7546481362362
0.79768159181506
0.97188362782182
0.959090008746078
1.11702070091101
1.16422417206316
1.03727542335173
0.976186719585142
0.652679759457105
0.882652839547867
0.850352378413886
0.885458799579452
0.860325421940333
1.09998652262806
0.956045501124804
1.1490688504372
0.866104334907828
1.70060215695375
1.70660765882173
1.83241457467388
1.94471796526285
1.70130449039368
1.74149031229136
1.86952908220242
1.90174265829336
1.64398618665875
0.565731998708485
0.616574329143438
0.538347299105693
0.482447572489578
1.20265103092137
1.03403552154299
0.645560603825067
0.981076631340573
1.36396912164915
0.840659387782125
0.671525821323255
0.555381314327473
0.471857876166959
0.748914695573706
1.28773414888974
1.35616884446749
0.855027685711544
0.67980935591717
1.16024591796764
1.22752313234838
1.1517211825621
1.54143726473817
2.16429633035435
0.31754938571326
0.628547484245209
0.683886974762536
0.958794807447492
0.416154153838993
0.585792524803535
1.54644511557522
0.594336786698329
1.75675369553177
0.371017219900764
2.06535399068855
0.700680671981396
1.2781503697553
1.19839230946726
0.832458767608269
1.20621004097475
0.819168322016007
0.965923255207104
0.589312309272645
0.370946961079287
0.475317293766853
1.08555907444057
0.581918335675275
0.9519465563225
1.69618365924987
0.622199457016702
1.94653855420197
0.985928055628208
1.0148449394804
1.0282313492279
0.716568079085077
0.81034008723977
0.639256490418776
1.0155948451518
0.670825134840516
0.908118447536527
0.846037813272303
1.16379679003993
1.40469269920752
0.875799544954851
1.63868252642038
0.846484018385224
2.16510633293822
0.444022860977737
0.541380479003394
0.707711528663004
1.07950838224454
1.72291592660751
1.01079953510649
0.773627611734698
1.20054689002561
0.841582041687575
2.27032985579384
0.339984730637827
0.865979267708528
0.345630586783813
1.19681470561705
0.682151505557171
2.00715113817684
0.740562627534471
1.22815586540078
0.761108583629919
0.550805660660657
1.07538917822338
0.622524570408632
0.542971008668436
0.472643936077171
0.746438914932844
1.13574942710307
1.19443340206636
1.65590283758272
0.697619160291023
0.74388743658263
1.6938338956857
1.83183005134053
0.526589686514622
1.41450096540024
1.48988879218157
0.998942842607556
0.63790359459208
1.31477047594709
1.17146526810247
0.821656175822661
0.590917291746831
1.94795311507388
0.518771819408142
0.614894290062574
0.510273772880279
1.09838443688426
1.12899950210024
0.83233291599319
0.967411693555453
0.715728172583585
1.39535050105381
1.02839405012024
1.9672479891646
0.856486051899034
0.664967783376372
0.971373210638373
0.570788097723751
1.19381020382624
0.64820696954727
2.9028361558105
0.91791033615009
0.99633305881389
0.832822174654581
1.87759001045002
0.877847758069241
0.81792020954225
0.919442442149563
0.856114164431784
1.22573015549977
0.738691582270568
1.42634196592109
0.878403768589774
0.785465988111904
1.09961342506366
1.55894427608271
1.51907489522002
0.473102158785514
0.903851978376478
0.770593634773438
1.31224740830783
1.23287663817243
0.400949754111636
0.414477670894279
1.02611963757785
1.05449470243403
0.741460589690637
0.749309548567789
2.35293984956966
0.677116185042245
0.778342426875993
1.42258075497709
0.49004739007881
1.10072860398081
0.899225182640327
1.80767527880861
0.898740049184062
0.577003503554653
0.432242782452462
1.44735151227513
0.946293107928141
1.00264423747461
1.11794972760078
1.96977731088532
2.02111506788164
2.00467675424173
0.674167445249882
1.73112657573238
0.410151965837957
1.16599523153919
1.70385377437433
0.567837726982014
0.812142125252529
1.3742611698738
0.509837832996998
0.739607428625351
2.31247851931716
0.732959783022173
0.503263542533442
0.389006769842085
0.867793252255667
0.913228086601784
1.19146502988092
0.921775077835732
0.753335057442176
0.99420997308244
0.682783063751927
1.61190282742834
0.547363606787747
0.961391861238265
2.00968084101138
1.42061768467707
2.47171540367646
0.855873345926117
0.801107072550664
0.953332696281977
0.902829206862575
2.09820629970631
1.13796497297703
1.693461871941
2.02564293204212
1.77454058896635
0.699477256114605
0.570313243853464
1.45001055915481
0.990200667864029
1.39603759701171
1.20745285969985
1.98264549909443
0.674763845979992
0.863085274956588
1.12576571520442
0.659170728454715
1.01567015436153
0.678165512434815
0.74267029250872
1.96828982453372
0.834076860963359
2.39729247149908
0.926956788893733
0.726203293154369
0.499693252489322
1.10780847822362
2.32864137632095
1.08368355266385
1.52464627554403
0.766316360763312
0.982224000178194
0.995166716220905
1.95163895949693
1.92259014165007
0.798700433185264
0.798765723651897
0.823581771366755
0.682383651714966
1.99392547422737
1.88927556739277
0.654742003366705
0.777269459390875
0.903072512144301
1.29881284485297
2.00802002998516
0.77642062214495
0.571898241955491
0.629890688352053
0.53567663220304
1.94372049597373
0.670784708794263
0.644616991421208
1.11934485252412
0.830491092438528
0.636118533612561
0.465262438347194
0.755129597114009
0.477533515094552
0.919176459264349
0.868139733072903
0.575522747364029
1.83802994935185
0.68639384538038
0.854514595698435
1.07639329170922
2.63007153170475
0.669646117016988
0.783258829190943
0.971406161628024
0.983605915037955
2.63236325465271
1.26609217224371
2.83774652501422
1.87518439032653
1.87471603292339
2.57144045385939
0.615663259700196
0.666114032647587
0.715591895673496
1.52697503222649
0.414827457407225
0.78527439428554
0.804827953092936
1.38095979047918
1.03498266553647
1.23768694763927
1.01014555444091
0.51686367011904
1.66002892873077
0.622945078304316
0.825747850678403
1.83118676780834
0.635551280870407
0.808460865986755
1.40896317073994
0.96027611554241
1.84348866671405
0.647785416986316
0.496783110695317
0.638120855901515
2.56304508209243
1.83867749052758
1.86010742647668
1.27130125399457
0.9343811125331
1.16456856024923
0.622380098079043
0.927867663117654
0.976741264083896
0.715116680482344
1.05700714360527
1.09401911614255
1.08044161352914
0.275342878042053
0.652748925910145
1.80372098704595
2.27734969057886
2.41428316266055
0.822655384844332
1.5124773079571
0.845750246934564
0.659527849782116
2.29019914404659
0.902884847911489
1.08283008027545
0.566404038169776
1.48450463686256
0.78212732622034
0.774113630359797
0.645218493364414
1.35788512281741
1.23576194748471
0.873095253673091
0.860473709599462
0.599443216421027
1.10084797941995
1.05668047495147
1.85333706667659
1.05630665706207
0.816401079358073
0.797353175695355
1.19855390558653
0.899942188556365
2.33280006710864
1.85718514730554
0.959732040487439
0.630024358948857
0.879807104879877
0.449900569650915
2.31108217534025
1.35546536271308
0.952055930422852
1.87053096716579
0.702919035572351
0.450104487387956
0.671718701401137
0.677892711460186
1.20807656673963
1.01820847444831
0.877385102240357
0.901231902803501
1.38596724048732
0.8791922310192
0.806699268060244
1.6101612175745
0.793887199283294
1.25220641809749
0.990361899867261
0.843742952698628
1.6043347485422
1.63189420398038
2.81748127797796
0.950317619437721
1.86730966116225
0.71781239010939
0.801356541022745
0.786995966337591
0.753508065661304
0.485681124160467
2.7642374802062
0.792000710850138
2.65401266366083
0.637145957540352
0.979949888120688
2.10653922336423
0.762078977518289
0.832999390309454
0.714104379080475
0.674390223147285
1.0812457169003
0.744758627434884
2.23811561660487
0.794919427028099
0.831829001814233
0.746020888594041
0.615316343310051
0.491838122650395
0.661124611909992
0.639312941669425
1.96926565461311
2.60984122426052
0.701705146228728
0.91885894054347
1.20454925752039
2.00654509540074
0.557961293240533
2.59554813049512
0.812526301222134
1.03652186295718
0.967153693414021
1.13729094350509
2.7471721552624
0.836074525738974
0.779281182530456
1.00481406916868
1.23069369357892
0.563782806581078
0.867600583414981
0.721009893898407
0.61766690687677
2.33853235014391
0.620804936523813
0.654515375682545
0.866986295003821
0.909512376908411
0.707272901497377
0.898181921748906
0.884322026569279
0.858810155144558
1.62215703329241
0.614273159191266
0.667890949627365
0.824193802275627
0.941777410428797
0.932486403437656
0.610851269969223
1.10053753172007
0.750544748287601
1.83562114973856
1.69461508657354
1.71259003448983
0.673657404360441
0.858712572363754
0.781603755390168
0.678228929152806
1.96750061047267
0.596841744892052
2.28116692891644
1.51081718731154
0.858759296198408
1.24319378404362
0.96096435372022
0.88714845102646
0.985674997340157
0.744104706705808
0.721231915180293
0.441810929944788
2.15492015807856
0.695635099527712
1.28660554830557
0.601668424563683
0.77558477962339
1.39675403397967
0.946045852346978
2.42465961462737
0.835089822876734
1.05940909384192
0.671852685990057
0.422227778324773
0.948571947068643
1.24350815348146
0.923833672910154
0.967655967233655
1.29559470320397
0.584236023502874
0.808985127010629
0.641052487640945
1.24001412262738
0.824798917879609
2.19530117688783
2.78911008543999
0.824737411992433
1.62074306848081
1.44865153451218
1.24369625912429
0.810173189954361
0.914550241546746
1.30701928311673
0.425327196027758
0.361962601838463
0.392642220298972
0.874546521069145
0.64243711236627
0.956935942529597
0.631026634825401
0.777415396563854
2.36323574149584
1.09766942195665
1.20944903774531
0.864828484320407
0.576430998714852
0.583420838115977
0.656370610159033
0.419618291641105
1.50435008200746
2.91661863943553
0.466926148136257
1.78708059199974
0.686177282763189
1.16718606776616
1.63023421034449
0.972366682152255
0.856467833169671
0.701535363908683
2.66026144615471
0.794861305023376
0.325181417368997
2.50468042408046
2.13897539837951
1.24202683232823
2.03345414410406
1.83715480734534
0.523367770395198
0.784110988849035
0.652508606328689
1.13482410496386
1.6143699146399
0.738931932789678
0.380240333079694
1.12682645260121
0.75972336555767
1.82670250012105
0.992157488822946
1.22689403331807
1.09901436237409
1.67247836269458
0.725441085950827
0.276397940763323
1.02404287236602
1.89624860258919
0.959132384509829
1.33786553052466
1.03224487917313
0.993428202090939
0.519503947095723
0.603422327929502
1.48603226348793
0.312065056942399
0.378748268602544
0.208289197961851
1.75847879407327
1.11132846593818
0.67550485100257
1.91267243671157
1.89618390707333
1.67199337826702
0.925789167664061
0.855659562272806
0.839451827806685
0.904929909247685
2.36317851473518
1.1234424462288
1.46377661219601
1.40737976829782
1.99583613161392
0.976233594482831
1.06132203150299
0.753970947913502
1.00801205379729
1.6760072875325
1.2571949488039
1.80153918343087
0.709160563168211
0.852794598390746
0.633731029033457
0.893120083619903
1.07436260179758
-1.11110951834642
-0.36632752564666
0.892506110143674
0.976982023508296
-0.203054232028505
-0.172817428383114
0.105405448007946
0.514871343183055
0.516514265251473
0.507336410601698
0.677693535656742
1.44263128577377
-0.611643511102117
-1.45858711590573
-1.5181969927365
-1.40102266015524
1.5883279838827
0.112637847071131
0.43998397203689
0.76950815351508
0.680857704907032
2.04486654285661
0.863234592991551
0.55125034133471
0.0826617167653721
-0.277886651058042
0.128135987959726
0.560514975068678
1.82816756391937
-0.27967093768373
-0.106795463605644
-0.374472050146046
1.75763845950031
0.33274862162462
0.793864248792941
0.854888500086538
0.378348441982349
0.326372998813944
-0.105348249828974
0.657741450771936
0.773991062642044
1.26796599411609
0.62447319925841
0.162861720374078
1.9552823499004
0.0895255432208721
-0.425720042394975
0.59866740450229
0.0884612828509512
-0.221833128632938
1.36469216499363
0.193036477834687
0.933515871206316
0.45033786839338
0.485403172342163
1.75884840782167
-0.241131149466937
2.00764643537209
1.58794767357952
-0.370454018830458
-1.17750837242718
-1.22202587950874
0.613073562496176
-0.282913272025165
0.530683368472757
1.76996604344249
1.06046880867213
-0.175623395255321
0.749374425725069
0.429378955455536
0.325537135375464
0.0896672615233031
0.733106270245111
0.641249867772211
0.713320611392776
0.770591620059841
0.702074113816916
0.827676663774828
0.543837560459161
0.392403161661847
0.698446875895887
0.78340970018559
0.107498829660577
-0.0548753304886055
-0.206258240188303
-1.19639354593264
1.51846121448883
1.4901219524224
0.180992420781473
-0.356960709049279
-0.875353888856671
0.290306188308691
-0.0191318591694614
0.869832201787099
0.969404758377137
0.647864935622878
0.39165745138926
0.709916131746836
-0.339731404899623
-1.1021540247359
-0.680546834268703
0.0719813803251609
0.0704340868257521
0.990350525949601
1.09054188010915
0.546803434373792
0.590060040110062
0.559650267443653
0.194895251794632
0.530781143358697
1.28018020422364
-0.118658117373091
0.569495594992564
0.00205579837306768
0.671552002980709
2.05939898224958
1.98599792209202
-0.147801498283011
0.140197136876359
0.243256392717848
2.00502717549312
0.657643945184563
0.154065695637409
0.642743194553126
-0.16333168207629
0.537951211448527
0.44783823822217
0.416026305060132
1.80871349655097
0.218301763389046
1.84244409109917
0.434238947383149
0.899842257289238
-0.165701644010081
-0.570430506179449
-0.85977819178058
-0.882054364364433
-1.49614198494048
-1.33118249032621
0.325861625808472
-0.514972069330068
1.93840940389228
-1.02727978650727
0.589590991689982
0.865626207353508
0.905447501251644
0.814439161712716
0.475203796008117
1.37374308772697
0.756896809294404
1.64000911401516
0.610607180650109
0.171093848616655
0.214102463262586
0.124101138063677
0.932463948646225
0.761624884604669
0.62520859081899
0.212225818630344
0.297001886333065
1.35202776237016
-0.214668622070884
0.858291482291925
0.693275750420314
0.588668504944389
0.751393817389194
0.396673604694424
0.282638012348182
0.159433327064803
0.095343975803763
-0.171303129000141
0.61463352914532
0.367728072701543
0.698918874163123
0.693679816698061
-0.051212078373681
0.568761167621624
0.907894773900838
0.564219578317227
0.729012790616309
0.813559229366551
0.611735642357917
0.607776044196404
2.05477407513808
0.568713979620962
