1.69574268944169
0.964379029641407
0.922907261573602
0.913175627192378
1.13232531920593
1.03747967684879
1.14312901468676
1.1007091041837
1.07270050378787
0.928131131469379
0.668062891667982
0.712713656137495
1.06792959515633
1.25732166936234
1.00272821494699
0.98520707567498
0.99029632184316
1.00303877216379
1.22401395761548
1.69163023850512
1.77881382738825
0.977145795393989
0.868332097792817
1.26252937701371
0.99622763262876
1.15530395998825
1.08702627858372
1.09431144920884
0.986375553517809
0.999212395377225
0.833931044473056
0.878140331087619
0.96395717814133
0.912465161064468
0.854664794899201
0.989851932360388
1.01469159363766
1.01268264331835
0.916467023164633
1.58403535751344
0.92306338415334
0.997523297184813
1.47596210350324
1.08986404309457
1.06372805037215
0.816049754749825
0.832876336158478
1.05946711945724
1.23966026454736
1.04450139969414
1.0328286805153
0.973142175353695
1.13024186210686
1.17556112660668
1.00801288915768
1.43145296613069
1.40346974641379
1.04920791283756
1.1796437739445
1.17467377843837
0.998152749439112
1.059717098521
1.00105149706408
0.99852841611928
0.881856712935811
1.46525972665034
1.0973369281564
0.988359988339849
0.99403294269052
1.19190066287974
1.04449055551252
0.927063602532521
0.89938700693444
0.901616243656451
1.11711706940425
0.900278398355019
1.05691432577543
0.86460086408813
0.995506306177552
0.980350179396617
0.901458307055201
1.1000560639399
0.954625590622043
0.893008064332415
0.83392393015372
1.4625010523726
1.47676848839495
1.01384662717188
0.710508323872034
0.755761842349451
1.01986884281273
1.0046599149352
1.10684434856341
0.929160168639287
1.64829975572806
1.38397413896868
0.897311639961007
1.01171493484358
1.03591684374264
1.07204947766786
1.19202142677084
1.74449175802685
1.09332223704978
1.35298554229714
1.34996388600131
1.06199918171317
1.09236941156133
1.16294770218529
1.02123346253022
1.20856093015688
1.07022369460243
1.13015406684632
0.927430671495115
1.07159375717458
0.980264604175939
1.09557315141728
0.657410936371544
0.868860846603646
0.740261194425075
0.846717046494109
0.744543917743248
0.900685762685195
0.855157502553927
0.858886680189135
0.868037751727173
0.739653738163273
0.732353756114186
0.666774918016529
0.667359046246033
0.712011401251684
1.22694847075081
0.87972809971124
1.10402961016777
1.02922697236893
1.44228484161904
1.35897844917592
1.32862522917356
1.40112663371413
1.33709561369291
1.31240131055163
0.647650567462651
0.928698028731151
0.744060800803738
0.61872752393609
0.946515916914288
0.763118951956423
0.885347297526811
1.01205689646513
0.872078091856147
1.12660133454669
1.02259771851796
0.820152385880509
0.810432916233005
0.745261814620825
0.608880394686508
0.64710417820957
0.564365586000012
0.632840611174253
0.548407992517811
0.774500112729961
0.654514375182609
0.563727218437171
0.51931588721323
0.620772941886935
0.626676181095806
2.14364841664927
2.29619314137327
2.28640828572467
2.26337362256044
2.22736442993206
2.32890968661994
1.56610936855893
2.33475389230071
2.04525332517727
2.57231378351823
1.99441911007849
2.31001074767903
2.47637707621793
3.38285255470148
1.9201952203136
2.10554594285179
1.48610799674868
1.72834158098308
1.62656120695959
1.49481129542398
0.861911439510298
1.57487531972104
1.4389169321631
0.838249183797328
0.864069738115112
1.0125963525772
1.02149926138245
0.805706963464236
0.972539330675704
0.800130903124214
0.912958755943423
0.766000773099885
1.01743717035492
1.25956854131169
0.882181978744266
0.73768417969939
0.863521039968297
0.705511580800463
0.893916094547021
0.763661030126349
0.789420687911497
0.861189726475636
0.75535967670357
0.627936536962487
0.736515074116467
0.554012871169642
0.855436965326585
0.812913256595061
0.536360261437697
0.85829597255706
0.921118675682104
0.753679842810876
0.650048632750841
0.665322515923994
0.876027840985535
0.904660849821526
0.863797383445672
1.24396084698766
2.14629361847982
1.35616045092013
1.28374209376772
1.99555562000153
1.94192212225598
2.04307936266533
2.12192724009809
2.14719928730325
1.97508729226671
1.2781406386322
2.69139896421571
1.8140979629716
1.23661846922511
1.96780993173112
1.5570571326314
1.29725992957591
1.75498963223269
1.71772233915515
1.45395284314679
2.34753036539193
2.43621260055576
2.26928535757738
2.48487373757373
1.71320746289647
1.45997285929267
1.85604362707451
1.22192471596747
0.578689726656451
0.876761045220084
0.671392918606025
0.852637503661724
0.769506852975518
1.32302707041392
0.863833667434996
0.944544235106987
0.692482027448327
0.689729127393065
0.605386797841684
0.662327614682611
0.911874541013549
0.812050987593937
0.99402313089226
0.837203412968133
1.03996072780974
1.44523047038485
1.94662841283711
0.807067413036324
1.2607760908902
1.14603587181796
1.11281913662278
0.965306529415855
0.904184605829143
1.28000841606173
1.1708190902259
1.2192335434329
1.02914223795783
1.11483480013231
1.47381915553472
1.80530702143257
1.78205334115304
1.88213025460154
1.94189234141988
2.09917311867923
2.12760663228596
2.13739805177461
2.19998111018134
0.901048001299316
0.939002767519965
0.883665912772511
1.0372576796309
1.18147236411357
1.0320888526609
0.938234088019048
0.995274812089369
0.952287764623645
1.40024640093382
0.848443657276365
0.82473285697834
0.903296791809127
1.86683630903651
1.79602713386884
0.979478151319922
0.777847557075778
0.801610121005541
1.07802983675672
0.915141825006329
1.21513279857471
0.974887669694506
0.68920445129342
1.729091738903
0.832436043384305
0.881326013599445
0.911205301788969
1.6531585196064
1.51548443294312
0.6430291360384
0.748139117213797
0.790994690365476
1.07548028089316
2.43438814918788
1.16239227257891
0.931958208764542
0.57726601433969
0.707096103452855
0.684955823094954
1.22325595939089
0.876838159743083
1.11122146777266
1.09981797824184
2.44151142833594
2.0226714686593
1.74625880259858
1.91993785345356
0.832517606324066
2.40550764772918
2.28905359447537
0.731745268838032
0.679207333874332
0.811181568775872
0.841354551759194
1.1311623700863
1.05331752528639
2.53626788123385
1.67492369881664
0.729757644898655
0.756379597853619
2.98442311637756
1.0042554636338
0.896331470038348
1.04405057951044
0.875417969652419
0.859676287588512
1.18860841673049
1.09699015203135
0.877354155942788
0.673902684045855
0.918565111499444
0.85232658656628
0.769885456891556
1.62067538476586
0.813500522610666
3.09620722978523
1.50124943261623
0.951973177316323
0.784163067851046
0.823400572761166
1.18256884579273
1.12600020950208
1.14913787641006
0.614789471035094
0.624397406145927
0.775370330303505
0.767189262004589
1.41716053822253
1.7632797209116
1.31361679668962
1.72558056793046
1.08041852674371
0.865837357563303
1.87125699227641
0.992258473202462
0.583494747311698
0.939825228227277
1.25046007303461
0.717316108166925
0.777793518588382
1.69922767646112
1.52694535574295
1.51729734605519
0.993092453482668
0.829629521847637
1.85039104550894
1.56546857554379
0.784768270846524
0.716505880311484
0.983369388330873
2.12406014757829
0.968683677343283
1.18558502324348
1.21676250073441
1.23153239234483
1.5587709053507
0.892981226290808
1.00335546934221
1.03852716507227
1.20648626280673
0.828285469958596
0.884110177128893
0.828140755737636
1.53359610958346
1.34328922073496
1.36308658838585
1.27750072957576
1.02247656144011
1.02328831381439
0.85280766565733
0.875759516693486
1.0024906746939
1.33418975971636
0.587378758140202
0.664067552298147
0.838652291442284
0.952258404389616
2.00957927262323
1.84101520163698
2.11793508154805
0.991457957158312
1.03672386590978
0.991710691658602
1.1515887813567
1.00702849534479
0.883320730497276
0.86865689922098
0.873007127852456
1.19574141306306
1.78469869448637
2.09854381497437
2.28871003825399
2.13119116770174
2.09090164091945
1.659949617069
1.57718037024938
0.780776355383476
0.832660828437148
0.958495765936441
0.816958603855253
1.01705739824261
0.96522910862133
0.908913977528103
0.930140286259373
0.895169180604514
0.859067058023488
0.786036817000557
0.854836376010986
0.856256919904698
1.0147217923079
0.889701318569487
1.07726095693662
0.841019982323245
1.43994078960937
1.2785473785021
1.2544399087986
1.72129544223227
1.35037050744637
1.04250114693438
1.03836879630792
1.14820659359596
1.51242111373335
0.652006368702281
0.798661543365425
0.616009127996128
1.0328442689118
1.18465616481822
1.13758156300933
0.816738150285622
0.834993736222473
1.00140457635463
1.08552432958327
0.880864928871626
0.646112067499842
1.00755493594393
0.98647892178241
1.35156747173892
1.29567751444192
0.796670999951739
0.830973884479774
1.01777958519631
1.12170579459962
1.09040956902175
1.19128832772198
1.57259275807441
1.10962655614925
0.879324820027942
0.844895445834659
1.27940732902658
1.1584108943797
1.88807054938699
1.0341480026507
0.772565977114353
1.05754012335163
1.10047469979775
1.75601109371891
1.05947555855024
1.32600821904146
0.868090427909169
0.965115961167508
0.80205455849249
0.868132144759992
0.889166629188494
0.901620557637669
0.900846211946335
0.981738421741267
1.24606764413821
0.700311534465502
1.00797257033247
1.88149768635657
1.00681327188097
1.53131289081004
0.958036548099194
1.1509556270639
1.07469057286604
0.719931735075801
0.832341244727548
0.772734302624478
0.878895769184284
0.900708901067932
1.18271791280524
1.09824691883639
1.35061059912331
1.69468844726428
1.14090636104385
1.57733916310158
1.00469921481604
1.41573830340789
0.906936386766088
0.91592260057852
0.946381572489221
1.08056287190278
1.81862360341176
1.06850979781494
1.11665377592831
1.46534551302713
0.75387023227237
2.32423972242778
1.16091131915678
1.0622845978573
1.03387914952953
1.04859250525642
0.578348695382971
1.74616553390781
0.80875102837167
1.37917030115292
0.778835087790968
0.635873096541563
0.926226356297123
0.597266575564262
0.745116791650462
1.13469570321998
0.776324766154114
0.997078392423782
0.954245233585974
1.84053554968691
0.682430951990514
1.54388993226971
1.17587350621522
1.10781304635184
0.628239801386002
1.39910491434539
1.34731367751575
0.819814338614541
1.81658431516788
1.06357405570792
1.07523285665452
0.84955104598564
0.843747568043803
1.7988762552942
1.75635593520301
0.847961473102631
0.992348848397319
0.976654009295686
0.973700003703456
0.883330193591954
0.940323851658754
0.73179867119495
1.14983260896278
1.04726556205889
1.9049533435881
1.14102322254458
1.03791213858767
0.969467509749821
0.80072095893306
0.954923105755021
0.739335167308927
2.74039315119503
0.986006480451921
1.03139285937126
0.980937080929764
1.58093954389898
0.950500939539532
1.094245950556
1.13886333525167
1.08127807697569
1.27390988597427
1.03692170234029
1.63091126797908
0.78568194681157
0.82519072463501
1.32725649118645
1.76005457111747
1.84235711513686
1.09741598522651
1.20711539431083
1.02702378993038
1.29972043896055
1.2284877681854
1.12114367218459
1.00917966146531
1.09315620957862
1.07077679546065
0.696012435033997
0.951377763151529
2.27878263062583
0.68947975988727
0.891507297527955
1.54043183775025
1.06681046979803
0.906867326573658
1.09545534294601
1.90594656213949
1.12222574596784
1.04731204370331
0.946906225220303
1.40352765539793
0.937375979798243
1.29580226510445
1.05593637378433
1.4352132729585
1.64365448826097
1.60323855931629
0.845609744580533
1.66121154304885
1.07380836800135
1.0460309673296
1.29764437869442
0.970358380522723
0.873365785292044
1.37638158766797
1.04160993208379
1.02329628385776
2.0735303647299
1.12506649822732
1.03085720551034
1.12371368380357
0.682940214124495
1.05837221490129
1.2617149146886
0.895325215224686
0.8197623299366
0.921399245871819
0.753598818854678
1.77766477394037
0.742613880764473
0.828259430704736
1.81351146396737
1.48002342384644
2.36551701539917
0.881518298533151
1.02963795807583
0.83116512720345
0.721482414257226
2.30840458220721
1.27189845265514
1.51450038047777
1.77445322995182
1.14455041911398
0.905011092590759
0.955014693662895
1.63213095151554
0.895332388778547
1.4560079298479
1.33989027539997
2.11732501049412
0.727513398526467
0.825407197801774
0.981763897359647
1.06324873089489
1.19018859856437
0.661265639698939
0.953517778682438
2.06450411177917
1.3331655770612
2.39386474739435
1.04800596874743
0.829918933270888
0.950900152149691
0.914896144882492
1.72151642847454
1.38228406864522
1.55776000399362
0.617369637030728
0.802386242857251
0.834301190195364
1.32455035998443
1.38890527109574
0.898034188289356
0.827691265598484
0.803448490916247
0.972067288604356
2.13426541087004
1.93999506827169
0.969462441682609
0.776457072322574
0.956666999912121
1.39808883474864
1.96910658123402
0.817183085935168
0.769554710263402
0.727251712732582
0.746406707632309
1.46171641465305
0.791990721882428
0.81014397971876
0.930241992193763
0.782326437838507
0.775144180049301
0.953030234641157
0.602253099646913
1.15365816279714
1.1546749647654
1.04498918269991
1.08605908301635
1.87958900934254
0.690771495561454
1.17846099065949
1.00175613887604
2.56956497471284
1.04371666511689
0.811418574774745
1.06943362698953
1.04529726422328
2.58914004893758
1.3654772035633
3.08725997062379
1.28918743397212
1.48996418012204
1.90670356884779
0.96530561740455
1.05389796582548
0.79649724027822
1.51285530174197
1.04296594089416
0.814846411227041
0.761615131997891
1.8714066464989
0.81969213697103
1.03391085725091
0.768092817483113
1.04268636105064
1.7972370960469
0.847987961463339
1.10030955502615
1.42253867825659
0.613896463923271
0.675217813587773
1.18055158839038
0.880039985887482
1.14926326084203
0.707552955233208
0.539047488900308
0.686641212475516
2.3887722920174
1.05580843320687
1.02667578740181
1.32609459324126
0.915564946843839
1.30333260810975
0.76011323513628
0.841807996094715
0.886305280428086
0.818449441862675
0.99161457126301
1.1827759405279
0.928012500584705
1.07617859526773
1.68702514806539
1.90647318071128
1.77563578788287
1.86825865522681
1.00462305191305
1.83424766757016
0.725993691731754
1.04392040185
2.29754976433084
0.967026985413659
1.02089864645033
0.706558683487198
1.49783926919638
0.792126673233153
0.804287843822399
0.664729891638026
1.40273740607199
0.910144190034209
1.19087894981256
0.955802741886178
0.992112069565393
0.988032384940609
0.881205340230905
1.89501150834373
1.15216897544647
0.972043806234208
0.950376803129663
0.940313630103662
1.19894948799992
2.71611929797508
1.39496852207525
1.07610042110688
0.586752232704994
1.15776738441935
1.08742315725436
2.00561177719445
1.34240597317739
0.902620610041325
1.600193128886
0.825387130217244
1.05765367658486
0.640514354598993
0.674647631593365
1.40575624119214
1.00816449615835
1.11466852704464
0.852004819612599
1.36184963495876
0.91437543695379
1.62009174621231
1.83245827488953
0.718284936849205
1.23560147718141
0.930434984063604
0.878364501310096
1.49717226775405
1.93596156835445
3.10382564786009
0.895807267916266
1.20811169889281
0.935328280064749
0.757973696026992
0.904962098999508
0.960925782843715
1.13561695358246
2.35341192796597
0.645606878771298
2.70441339145825
0.64338461806867
1.07899043699311
1.53400287232237
0.98475043921126
1.01131713483607
1.08360253249181
0.832037320372627
1.66770385496073
0.7389158676057
1.96254592908041
0.819816047684431
0.814981378299025
1.04806183620812
0.886128852057206
0.808343160920557
0.731935606574299
0.659713476337799
2.22816323577055
2.47886936078467
0.907023210620782
0.856405671748181
1.178967868738
1.7649434089777
1.01471787517319
2.15905000997735
0.822746096415256
1.18432028858071
0.926888814119659
1.44539240339501
2.48900570319558
0.818043262878251
1.09847463402979
0.933981242522349
1.08622664430358
0.831262099901223
1.00809476168152
0.743727011148419
1.02624337106292
1.77029161838229
0.748432855895576
1.00991159166362
0.848425305157059
0.917237006744137
0.8500205816066
1.2167105639624
0.88322908663879
0.835718333262697
1.58455315340077
0.580533796456473
0.789287033041781
1.07257688240371
1.20656334946921
1.20392860448033
0.700623413579455
1.11354504534083
1.10333607109492
1.04914619158678
1.0880069183476
1.03577310279788
0.756856310447344
0.819850894040476
0.822354222022748
0.894789070603093
1.45643145901777
1.02907584781716
2.12862060770214
1.5575506774647
0.86232710629426
1.14313054638393
1.04750600112632
0.911128613228615
0.961909502483424
0.686865183202659
0.746729208296502
1.00015023067957
1.86456426719648
0.712723425561358
1.43570045320181
0.701429455944508
1.04352348319894
0.973256447730911
1.03875464847861
1.60515881838943
0.96418297160684
1.08497892641543
0.91741131651861
0.910677254438143
0.930865195104612
1.93421922731857
1.22163959312439
1.10824262504389
0.859949503555996
0.879913769589472
0.724477552090254
0.800233430448738
1.45848151314267
1.0389390174461
2.25484722467792
2.70599554085757
0.904177874913825
1.68673450861121
1.23771984924119
1.15874248389941
1.34542951634702
0.935914533602159
0.880627842168899
1.07848594679832
1.17871756967176
1.14081943094622
0.839353065076341
1.14595913473169
0.993227770594856
0.970673738647976
0.945656048605711
1.88739189026632
1.02577106985364
1.22296821906603
0.804891988464575
0.736721867863116
0.610723026214545
0.711062900156328
1.80450552610417
1.81497659381942
3.09497068714946
0.957042696473145
1.52572595207132
0.810133429330981
0.716929749461396
1.56556076381185
1.16410250961049
0.824276056965969
0.67537319114481
1.92956224287276
1.0360344093278
0.913337310195169
2.16353559564285
1.37820621960889
1.25796666783545
1.98828276944292
1.94241849104212
0.948818779761474
0.861625852615431
0.856179002434766
0.892506078136404
1.04461085729247
1.14889055875351
1.06093225149946
1.19931417878503
0.830373672515799
2.06118628941769
0.999644949559701
1.01574329625734
0.978990288130277
1.38425375436487
0.857903685841143
1.07400337269737
0.964378712253535
1.78372379879686
0.933660895157097
1.16730504467129
1.05864541547102
1.05444613772855
0.706655067519191
0.807380567474144
1.35535884975332
1.1230292064463
1.10016643995139
1.05761249910421
1.82935799158914
1.081405779241
0.896541070651396
1.24969216803922
1.12500368243043
1.79929752297281
0.772430026012347
0.783059936453336
0.991344111775787
0.785396072904036
2.23589707793847
1.27398081264933
1.11889096315485
1.17967961860327
1.52286605328942
0.885713595856394
0.930054595210972
0.800301399528829
1.09720295470338
1.57851988514861
1.34009783809599
1.56638910924275
0.75053584066748
0.74312392238188
0.692782808444921
1.09561361357979
1.16562808861306
1.26915245343742
0.907275178437185
1.02672555887308
1.04534056109783
0.911520743437179
1.13074298027101
1.21054829161132
1.31451921311653
0.887508324974452
0.929319195062882
0.956634179244663
0.90487978220811
0.910102464785615
0.911838842292697
0.899933865622905
1.02986829347543
0.916565595623638
1.08723740274669
0.934465215803651
0.949665162748025
0.831444730067892
1.16180083618826
1.02166575397779
0.895891145913415
1.10629162398868
0.952804453445217
1.0899065557231
0.859722462667232
1.00725718601468
0.933534594997126
1.53664656180272
1.51000579737568
1.1836411764063
1.0849143403561
0.912830707156135
0.917517991556679
1.18318124468837
0.926989629961175
0.930767687857341
1.09127534531506
1.08516171409665
1.08269625621438
0.697490991924546
1.1089756333183
1.20790982506976
1.10012400933255
0.962556140245668
0.982640438692699
1.05891366162599
0.952225255237225
0.973865456670081
0.931458977176412
0.955451261956669
0.908855427470917
0.789045405746073
0.90031090287487
0.976008873336082
1.03628016098838
0.923488066002292
0.938068332824253
0.912022525127554
0.904291856508277
0.970249911417164
1.10059295580101
0.773447542270071
0.962065660435764
0.957879841184963
1.11487311200468
0.91426482842668
0.941705491790445
0.906550477791654
0.906998321604909
0.85897289938491
0.92900990268124
0.944960812479542
0.96121099952445
0.958698623901325
1.01233839082003
1.09780825507563
0.982045570291278
1.01980129486728
0.994834383605208
1.09938589146445
1.06180410042626
0.931606126094299
0.911466577004751
1.12963515258661
1.03182288234108
1.27960616606397
1.05127310751041
0.91238604374989
1.14157549637739
1.15770005407871
0.91031748992402
1.03097598529713
1.17835479453956
1.24511407305822
1.06346418349546
1.62295803823313
1.24860369824974
1.42880629943949
0.922490610384427
0.985787399328357
1.036863697208
1.0429098130312
0.87626993493763
0.744429548616252
0.844637086249994
1.05394063687857
0.952999039250291
0.998668544754537
1.07704893700164
0.920332315279509
0.947777536019971
0.740646667824833
1.17311563248551
1.07895273680453
0.956035498581622
1.09333193106648
0.953491510024323
1.31395679631015
0.868055001885911
1.04941582820692
0.989675264907872
1.63877269766198
0.928247033694435
1.09062205582254
1.19629630010984
1.03947726738631
1.0716927880758
1.24744877906461
0.935746377352584
0.90978442318446
0.969092397763227
0.929842336616953
0.913378727507539
0.919552729694435
0.910546817478867
0.910207480670336
0.927552940975935
0.912300068247275
0.993000928164484
0.891957614902341
0.956781274319002
0.962866879073945
1.02326289414449
0.863453923999134
0.914884608762926
1.08303070779861
1.04320101169443
1.15558654490369
1.06862641763
1.13592222126614
1.15124249492688
0.950619059252426
1.06217584619184
0.900190613605578
1.01763333030545
1.53534551796036
1.09786992177124
0.936655757936976
0.918194826757725
0.897784116837697
1.03248657610129
1.05589982829314
0.981790063026367
1.06182512410357
1.08448741706699
0.992336800933004
0.931183508798599
1.14182893208459
0.867818384162462
0.883393852273946
0.89685715745465
0.991508584954307
0.946424151775741
0.744800595929012
0.90232996110573
1.22477771564451
0.883960736616749
0.95241102815187
0.828417621313691
0.905029303395418
1.32177395936745
0.79358685906851
