1.83841126657637
1.40467912599061
1.04030150527028
1.0166132501491
0.74784351929499
0.904439626564338
0.853469388614938
0.85646070448091
0.843999810074712
1.21343827529963
1.27695503701636
1.29528710516975
1.43043809568657
2.12968539843322
2.5053360341649
2.31702274076161
2.28451141166544
2.15129280670796
2.06437749976278
1.97546726664918
1.90375103660859
0.806904243717209
0.925873676908383
1.67980268752659
2.48556425805049
1.62966546163746
0.74444442676044
2.35357245938755
0.874745581915859
1.01303080531118
1.21718201544489
1.51257384821797
1.34952930110206
0.958534224245469
1.13347050336938
2.40707079144772
2.20881989036135
0.893627538147616
1.30527017742018
1.74100774742848
0.858566503147204
2.52631452385654
1.88007594086572
0.791133837832052
1.53312268780221
1.31999106570398
1.24572657603083
0.757246009184648
0.682178612192534
2.44172607296853
0.834812226375263
0.933088346648541
1.60054384529988
0.82963172051343
0.882171863057022
2.00135044527583
1.77271555523589
1.47669360453567
0.734934859993878
2.24398549329674
2.10574516617569
1.38585860809827
2.52165120012591
2.51065174036868
1.14285663215495
2.02222602194403
0.738164897450503
2.36164670673082
2.44976502145685
0.712353278224802
0.767879591271116
0.841113376259274
0.994239750010102
0.936055755024029
0.733872652710162
0.888509073453523
1.50372103470212
1.25961071297772
0.894970689558309
0.886224275290252
1.56978477904043
0.859841609199089
1.35305226701798
1.08337945138579
1.17825183827651
1.82472492555303
1.93954235797174
2.17787327026955
1.26095777565939
1.30696672947807
2.47792908374859
2.24420802112096
0.870269256238219
1.45649424422654
1.79218619439013
1.68673908314618
1.33394371085001
0.910853614514583
1.36644392419982
0.807578892986521
1.63867078407646
1.94083610454545
1.56546877776851
1.7246039110162
2.06573200497764
1.45217396361236
0.770227938755783
0.74937357011229
0.849521168664567
2.18836847300489
2.39941956221953
2.3006417247778
1.23129016191283
1.40691616453039
2.12758564881973
2.08517012478568
0.909575127646339
0.928466127722316
0.913527463991306
1.00813208930681
1.09728972983068
1.02072071479336
1.03536967371197
0.98463749951666
0.959783964665907
1.05109025439296
0.99859349648718
1.10335194536082
1.07654545624055
1.02379436013188
1.32177769043657
1.45172532487732
1.4022850423972
1.51261633334994
1.50425726539268
1.50266540243882
1.44727164188254
1.51031358602186
1.41681209561955
1.36372017035801
0.969581882099108
0.910598262080226
0.884166405466868
0.894153699209093
0.8753242233024
1.02676127984619
1.02651471429417
0.904721289136119
1.02817905622136
1.05003335054087
0.974659645827499
0.713851961427672
0.695639282509874
0.658304744376592
0.66425504375859
0.855087828691159
0.837077255172883
0.794436804666005
0.796808128710695
0.649850951454515
0.71150053766371
0.703267568259645
0.855065790867297
0.873900602064269
0.720279773029787
1.56906344578905
1.84985338395422
2.13678841775904
2.04382051623194
1.83532859214033
1.68689342074665
1.49467022812813
1.99794771570864
2.34357283323235
2.01043680843478
1.81161973783339
1.84263161787515
2.31779382558465
2.16416840721134
1.5528310056354
1.92613304921263
1.28157783198567
1.11776674676895
1.13080075266194
1.04823745190942
0.799024541135994
1.29207473628186
1.06111540513196
1.06173402769118
0.971279606483859
0.904883672874163
0.823364004265534
1.02223182193228
0.975291537308985
1.08347824765026
0.980976686511752
1.11688773859293
1.11423670642088
1.11237840960947
1.10514459626245
0.904249341055062
1.06747899893026
0.943638370928227
1.01801859015204
1.24953105553836
0.842164302642777
0.791091863103573
0.704566601632102
0.674654877204743
0.734122051625421
0.746224075077183
0.791319590372569
0.881840576282242
0.731246540875038
0.812913465527172
0.860388791204147
0.834598012338724
0.842027295268307
0.860262137503814
0.810230765773042
0.857191212294388
0.994753503440873
2.04522060738284
1.93119209112059
2.05330568702891
2.10575603366901
1.96965928444217
1.97465910022484
1.92548326512318
1.61795231375515
1.8624702335396
2.08842600202556
2.20924604576478
2.23615568847767
1.89204112226041
1.73125726122318
1.36733002829403
1.47956960649616
2.44134033187916
2.31008957968667
1.77827280962462
1.593027539183
1.91785897069265
1.89587680393936
2.01185765355035
1.86533532925404
1.72733838239422
1.4813007116619
1.78946107177773
1.58281824838583
0.682202859027735
0.706043051581365
0.696708750234646
0.819211757004882
0.753236386100418
1.3039725239129
1.09938182949588
1.06751447279834
0.894223222143752
1.08463544808379
0.90979720741369
0.90171835156358
0.789059182103772
0.951148391411363
0.80397361833105
0.702236981882253
1.2252115198527
1.17334044545937
1.11192368455649
1.28658197765405
1.19945448086185
1.22135597765261
1.19836807185286
1.10659761560703
1.09558517652564
1.35507502658601
1.22648262457073
1.29819745236288
1.28454340696064
1.33196571304605
1.61081323088195
1.7169844332889
1.8557576710448
1.81334106993918
1.93351389962786
1.84821270965265
1.65851751392181
1.83924358346416
1.61998247979017
1.06862388222003
1.11235562871608
1.13808161675634
1.16211458924046
1.44278185333646
0.639020596277423
0.69008470208646
1.22664380586315
0.843387328317978
0.874941384190518
0.716553328980971
0.618713229738454
1.44604450647247
1.02227479020983
0.955383850053419
1.11620360162747
1.16220857759588
1.27584285152132
0.683620111385728
0.798391638339749
1.2003488244908
1.12746426374528
0.769385062359926
2.0270620276319
0.766656573022513
0.934966501045305
0.853969553066086
1.51683419052121
1.64642583877128
0.84911624376953
0.802077355795525
1.05492855817347
2.26027218272864
2.09676013462186
2.31587518424005
0.926742300715777
0.671969149925491
0.815595031636166
0.945214770347993
1.08129645330173
0.67540538900821
2.12507616643964
1.11346384011596
2.12893287585096
1.7246551136229
1.76699030577204
1.80789258502839
0.725450362604197
1.75645237131513
1.54537863272877
0.725447751299911
0.706178539852539
1.07100115952881
0.662109617362609
0.658253679189406
0.84944486350754
2.24171514297356
2.30577701233874
0.761835238966769
0.932796989673627
2.03763403456597
1.15311715992042
0.682747786581288
1.33827224131513
1.22401645371162
0.989254763648248
1.4127729129831
1.46669744257775
0.907788778088775
1.26940386516418
1.01842585351582
1.09751901572849
0.979123863806531
1.6124897602048
1.30909470355863
2.13374502351419
1.31114286433921
0.648319185120295
0.653361192979052
1.05498356015485
1.10865202274262
2.18865266350392
1.14944059964896
0.82739892706574
0.857379487968398
0.932595666146192
0.906343700430012
2.30970508842707
2.39042955874915
2.45087819882079
1.49328408878913
1.14582510070648
0.640965836636181
1.27476095820202
0.999724573217356
1.0121896879308
1.23560569472052
1.19491653413799
1.28455055431065
0.849853916412551
1.79428689290519
1.69923928732586
1.26107550877119
0.694989918384759
0.847017661761384
1.11827405724898
1.16907335762401
0.911371393382812
0.772995100959579
0.662471687074458
1.55295145191578
1.32943986756803
1.35969586160404
1.68431070315538
1.37718995259225
1.43409339979319
0.985167357279031
0.715766058223472
0.735726209584263
0.695549824253144
0.869808321451193
0.994783979709129
0.879646656700156
1.24006669911036
1.12156922911164
1.34075800954502
1.40775976877538
1.52518601639461
1.31782398723447
0.637780637301559
0.69336183920927
0.711506082375019
1.32632451305228
0.898906596801366
0.72881882842607
0.920779568158097
1.55821440586772
1.91777812951906
1.99345257331104
1.92120224197343
1.05070349158309
1.07563029214198
1.04596790383013
1.02626632763048
1.02297941530227
0.921336876285956
0.884094233966938
0.882990819364751
1.2555628123409
1.35394799029834
1.2007900372583
1.79974723643853
1.98455260848015
2.15372274852903
2.21523310962525
1.14058597844106
1.11279720951476
1.09695696123078
1.17829054484055
1.04971467785325
0.957168541872185
0.895431215597439
0.892846233239626
0.815151414281175
0.860686868592514
0.976634899798805
0.758650022252533
0.762461662619476
0.747391546500169
0.842559658186519
0.772560992605697
0.900654398777155
0.83033966601937
1.29894814820518
1.48178591653241
1.64976091346808
1.86790384879815
1.32402175957689
1.49198033352864
1.56927484173644
1.63503813205218
1.38189688760906
0.710618935972487
0.643050759580629
0.770222644499012
0.666326146577284
1.42188542711156
2.40713146067233
0.635232443079966
1.15244644268587
1.08821011781799
1.29867438217756
0.741749794377014
0.709977565858384
0.729967807517073
1.3548406908879
1.38324973792683
2.4257883303423
1.16970578604273
0.693082162938832
1.03455448722307
2.49115395995801
2.48710816754092
2.42933753888715
2.12212684990947
0.724956624669445
0.781810441216984
0.82684613673076
1.35641041137669
0.692171368324013
1.91559623725948
1.51496965962388
1.30557186213955
1.5639314495637
0.747331105615113
1.99565507042844
0.825165079829999
1.37667697481869
0.959640448073629
1.28576646426881
0.943814781983424
1.00995235719989
0.960070190581953
0.817386898387038
0.872759229119987
0.672950919435574
1.27209172022546
0.659897168418824
0.670977732184876
1.34700622248808
2.10619689340101
1.79388361542876
1.25357304169388
1.4138373152144
1.27838472428065
0.754541426786641
0.753402852824991
1.25939697754771
0.976294093932115
0.624819499237814
1.21856075728545
1.03344218603651
0.864858239082718
1.41575497473942
2.07087379336812
2.13573133102231
1.39359346220443
2.23444268112367
0.882577014963232
0.900672629490091
0.633325033820187
2.49480452034955
2.33913599389766
2.47447558610605
1.38106169821726
1.13481380040818
1.13438938880721
1.77469941111181
0.723230361168775
1.20676454210197
0.818244102177233
0.942283570931007
0.810292755482264
2.07328776014706
0.640442025070177
1.11155718826432
0.880043974669785
0.669812356852677
1.03438022334819
0.836743232013502
0.698856987631248
0.692366731151604
0.88681781597142
1.24916360095106
1.05548072739676
1.48471069477684
0.61330135776131
2.03040785469747
2.38961973360854
1.59677943700042
0.725869184661292
1.09132058819551
1.19385938090579
0.872700202923174
1.96816586680216
1.47714318625584
1.45960769732327
1.23551112006609
0.650826534712729
1.58711907597425
1.85656374987784
0.824741677564646
0.86222778077024
1.1327570145451
0.874402018205881
0.911512748771881
1.14976763009048
0.863170184694267
1.44211138526021
1.38330542524461
1.8456763226933
1.25865599038457
0.713081572233771
1.18362541467682
0.695527713740159
0.877884168000504
0.87139056042322
1.93030310243317
1.2646892126764
1.28034475102118
0.691290646705154
1.64516934405235
0.720859093557618
1.11156812381504
1.1965162356493
2.37741876324039
2.35325125354671
1.32621225102339
1.69000431533109
1.17876202694019
0.957315651404166
1.36527678552804
1.08386767748679
1.15196624053458
0.707960630460883
1.62642432891951
0.669137588622805
1.29675605992502
1.30306398552661
0.693122226767519
0.707357490467306
1.16312450465075
1.33156155495711
0.953178522719731
0.72164973953813
1.68750162809844
0.869931438459726
0.791457630642788
1.18133044678653
0.666618767404198
1.06378627273309
1.14748400073999
1.99447616797187
1.40755304777955
0.847110837153874
0.896946455922
1.37744991814347
0.868519033293175
2.1590073790343
1.22101414589337
1.75342026474202
1.93519731825712
1.87481290082027
0.865716120967552
1.63825613356969
2.16682726303078
1.33008663604038
2.45701440905623
0.634924599472163
0.911750454231596
2.37696442501905
0.733615322735907
1.23529987828034
2.02754689156427
0.698657147664451
0.74374556406771
0.760866326848043
0.747076937142658
2.45145968714663
0.905972931141335
1.20343470195576
1.12375027094539
0.752017328282413
0.897006249208739
1.65047424927847
0.718112080833671
0.949278182179791
1.74566873570844
1.18263563211253
1.81320258340658
0.844283878547378
1.30863870345384
0.964212390394252
0.989996842842625
1.62239579514984
0.869871199957473
2.41160434943487
2.39790547887991
1.4420252269926
0.696005312746254
0.709311174500428
0.969335412184916
1.14802778395454
2.28391457586728
2.25091572260111
2.22768379150368
0.741744222435489
1.0862975150698
0.992341398689197
2.3095233573969
1.25041205414126
0.776433997363275
0.623049666170157
1.47230522342913
2.05409356970979
2.30119658952244
0.93053580796298
1.49805041999673
0.694972290136356
0.988556504279524
2.35812732908894
1.26212329415631
1.30969046387473
0.75092065376367
0.798836059950006
0.864552967836927
1.70514113686296
2.35815208808964
1.01459563135504
0.882277459997945
1.47088630418937
1.40529719634629
1.43790034886656
1.40738036623246
0.748729179987915
0.641867569087164
0.704021591694391
0.825563683366915
1.79154880215384
0.970394921568904
1.30861062065579
0.645966232352598
0.68441596062452
2.43464869134893
0.743795408982362
0.769430374179859
0.902527679359865
1.14418870773533
0.636310214407978
0.721442723842989
0.82389226863956
0.663559909974154
1.16260840432203
1.25293268174957
0.763600692638052
1.44795581608928
0.738155935620244
1.33586755718006
1.02502934714345
2.16417430643944
2.35532243600478
0.831364230981043
0.825071794593445
1.22330610796631
1.89279749157165
1.40166545527119
2.14682246882859
1.71006879386363
1.77842861770881
1.73388815246215
1.33817832277231
1.357452961757
1.29880546492838
1.5652889575416
2.14073926540631
0.938045215890295
0.733781810500904
0.992498406387304
1.07012874585613
1.21171676450219
1.02840510878718
0.687506697963448
1.41816711106636
0.652403129333777
1.22195280370531
1.49782181590106
0.806072549100849
0.759037361493399
2.47713950468684
1.04397006290825
1.62151273412323
0.623958825862227
0.692880493672415
0.634637918643855
1.66969806554931
1.58051557287688
1.57722081963219
0.911851407021022
0.799447600227189
1.31954780215845
1.28032630062309
0.894053427418498
0.939347008199345
0.728095466518593
0.982653644903438
1.27546463292927
0.949107184645852
0.746712921964627
2.00256105539117
1.63425273590297
2.25976924663558
2.18830915729453
1.01641218763338
0.932870770977353
0.990057830400857
0.727185582116905
1.70621057430558
1.28427446808708
0.722108708058156
0.948690232421201
2.06532559987376
0.710798080525475
0.730599233101411
0.833575575758829
1.38695416509154
0.91204730864527
1.29897168065229
1.26353209069627
0.674252966948341
0.70117623732685
0.836959223809579
2.22540960014816
1.203269936292
1.17099477923525
1.24898033767626
1.07305095257602
2.12738496197716
2.25130486271471
2.39752687600099
2.08582755272659
0.864909024693996
2.26275574510891
0.675462864450935
1.9550174900735
1.44536420835455
1.05704780573022
1.77932060732882
0.912610131877971
2.23399999983884
0.893836503423494
0.806191356521998
1.32814553957508
0.823302679997631
1.05302992805562
0.846784422798287
1.4724105364898
0.945317323637881
1.73983593155124
1.42827038910803
1.11797861354999
1.35820648268291
0.860285275956041
0.673637386565356
2.10176924593971
1.98026507806959
2.099070849132
1.04629671665328
2.34533636810497
0.662357702218568
0.81122697166341
1.27263450310276
1.31444455869052
0.703515055113486
1.70723634706183
0.74036413879759
2.05037467777218
0.627704414989955
0.705059897583166
2.08137013275978
1.39456567060385
1.35027274321473
1.34998007322387
0.843965867729328
1.76134248994908
0.689798683643025
1.74356599629662
1.01681401976998
1.19487008484151
1.13787514467753
0.643003831478682
0.682916696140762
0.827912532757048
0.798791241351894
2.25557647262596
1.804509397793
0.903404867403365
0.804152767612028
1.44860785641047
1.67383907871084
2.09959763466717
2.05700389335371
0.997554818121097
1.08507170829878
0.997102561115015
1.66217329108975
2.00944561323775
1.50720958753387
1.22953530530882
0.927658552918631
2.47004882457476
0.885920532723906
0.797168775186456
0.663783364917882
0.864749301338686
2.12781230189893
0.68536270747415
0.639510741469596
1.27302152452091
1.25653302794042
1.25725756184161
0.989504251930227
0.960387046953692
0.964588678535789
2.38294817514747
0.82778204901747
0.624050659383986
1.24007194840768
1.140902147758
1.07866128833513
0.671950739960647
1.5685087502332
0.673127812194471
1.50707989922742
1.47296293093581
1.51459071303974
0.760400761623356
1.04489718933393
0.851536882592907
0.729638627327959
1.6490506468776
0.7219743711132
1.76254200833183
1.31134628072443
1.28025369916777
2.47094412790862
0.792099077864909
1.04718593205041
0.880335443156211
0.928659893380349
0.886864137553016
0.864019624583
2.02507491259103
1.25650746162541
2.16790846108954
1.28772928821532
2.41866790355256
1.03180015256347
1.35726175097668
1.6862547285423
0.986822409061831
1.1098672148475
1.45118565800938
0.711490329750506
0.881430925479976
1.88848262417059
1.37455678418677
1.10576113322894
0.972302606043473
1.32623389391049
1.13126647369357
1.3077567291905
1.6236609364766
0.628999474174395
1.85538427960244
2.20590335817589
0.803438687187727
0.991213933273761
1.42210930941751
1.34544631236381
1.66558149783898
0.811255390403309
1.06986671624064
0.754682289873638
0.726166773096956
0.7157975556669
1.13228599664741
2.15441117406483
1.24612236772489
0.85073164454347
1.23434115035974
2.04190464128628
1.12593462909286
2.41495343766366
1.19564866810316
1.29951094587282
0.750948958617077
0.815715548227957
1.94637635646788
1.06611577429949
2.2141580357076
0.901019773506933
1.76959277570773
0.762260295690122
1.02952861029099
1.53012321894831
1.16744294921456
1.02896790240057
0.760477625651786
2.3434190135206
1.03351881998011
0.889688850359614
1.79133276380627
2.2009439675786
1.40446637489448
1.54417560650763
1.54037966908882
0.739018877576292
1.22648305946648
0.789771638463882
1.04735021543195
1.50561700639207
2.21443538507699
2.19716870425679
1.28915932272866
0.90631959348951
1.54273935424311
0.847197550585378
1.00817464084508
1.09406697771902
1.29733366936527
1.54118728352575
0.7846828310585
0.763635363002395
2.14940120908246
0.633949416983054
2.47632193119237
2.50376136782975
2.50781449382467
0.675537848858313
0.637852668032549
1.16979692713573
0.728503190253174
0.701550490491059
0.770865472898077
1.53555614873895
0.781272886900247
0.839607235647572
1.67135031793779
1.63501421578652
1.44412149654458
0.974793124705069
1.1429198710321
1.02248488894996
0.847774104652708
1.87932533403002
1.22667977554376
2.43067216268869
2.4551585718264
1.82228267260761
0.871448345163827
1.09364752830732
0.913683415785417
1.43398740426406
2.01233904651753
2.05410683121887
1.51598255926708
1.24978519388965
0.899068298892501
1.26885597580398
2.07974235166026
2.09347427780547
1.8371874618215
1.56570178136245
1.03960095431424
0.934789619722518
0.877885846656156
0.943322168802561
0.95000327748181
0.907584765853528
1.15768225225359
1.33451343150846
1.46557040185175
2.33942634854716
2.6315055324599
2.43106612511646
2.20475453360768
1.99017119454314
1.82518926507785
0.869593091691315
0.864978055477842
2.51831723248801
1.23719447071127
1.9817544975974
1.46461015455402
1.32555557604115
0.807499641058454
2.17649444457809
0.919172224012344
1.33402333654036
2.27770364451078
2.35664303980013
1.77676429720371
1.97654616353701
1.69489481143308
0.780734046322454
0.952857885940534
1.11330503676241
0.893822280619578
1.5368428216267
2.52876233414466
0.795314498467863
0.945119900556028
1.55733229920458
1.28077283500805
0.781657085668077
1.8254599421034
0.835324324530017
0.931242116173179
1.37938655046744
0.909660790970572
2.11029879439518
2.41501366896901
2.56863671077194
1.02547241480572
2.55713866903073
1.26936433864387
2.09808286011704
0.887747632108643
2.15047023916506
2.30388724189155
2.28043895304149
2.41270303031171
2.2131104195858
1.42651378755877
0.917610134992572
1.27808457840629
1.88503909842592
1.60908489257051
0.901220821944815
2.51425852221689
1.43552139521984
1.30379857099149
1.4575948040759
1.20399008962743
1.18826172181005
0.901972884914338
0.9022227676635
0.89030836180175
1.06955452953521
0.777943387231862
0.837776538364777
1.41268184702958
1.48215500595887
0.794968723886604
0.825136896123283
2.4548758036913
2.57350902718435
1.61242589023765
1.70171342825356
1.69011754181669
1.65680014211198
2.55035485334926
0.902727345854761
0.92114998883247
0.999365351284392
0.94248528218102
0.871713083537478
0.900938215755098
1.05661997288009
1.8780146463829
1.96413287647589
1.80706033527083
0.855540050710938
0.833833012028428
1.48141304125316
1.547347381451
1.3410878216863
1.30332422438028
1.33252264827458
0.89017261760096
2.54636873063141
2.44131062385769
0.867180124832045
1.34849263926403
2.1169470446628
1.26103546866645
2.07038621962963
2.20129900826916
2.29482873401753
0.81842279671041
2.53039350389129
1.84516883686269
1.28285527373421
0.866235791270707
0.843600365811808
1.93544535119572
1.3750145294223
0.767113718873563
0.721205335909181
2.30590891689113
0.905798454791439
1.70520195925648
1.59258756374603
1.07782292011781
2.22599572888223
2.24516497534475
2.20448060408075
2.33537029491393
2.31518235400939
2.32333967740448
2.56377014895283
2.61985849900644
1.98171309587736
2.11656767255642
1.39287131318428
0.945932338032397
1.0486532602458
1.15903646251649
1.48594636632177
1.5553891901463
1.41957247265956
1.62250713633398
0.784173201743625
0.773691951684194
0.755383407022648
2.46831760518496
0.968704668642865
0.933787568701537
1.37910231035644
1.74899609494182
0.904347635685823
2.39625410837522
0.882302373090616
0.980921772788502
0.841850078589834
0.814462812379321
0.889298093391021
0.793817084511004
0.784572940711756
1.61193991244929
1.52788254476843
1.68689357002054
1.26206112654975
1.33659956619818
1.18570532565761
1.43343133005617
2.38551583860434
1.29547618808832
1.04339147069223
0.846351516450259
1.23130112226447
1.15041268501209
1.21895648421646
1.14083190596183
1.94628313368408
1.31715693487888
