0.87175979286372
0.856342166315443
0.946618480025355
0.911218930745593
0.865528152312862
0.824117170080718
0.984598634312403
1.0161580795709
1.07921269213746
0.926514550403188
0.738032599771452
0.718253830301289
0.999940399321394
1.69069276131269
1.16698613409581
0.824497971588657
0.80628053763469
0.784630400343475
0.969399574178607
1.02779012377541
0.916339658734066
0.767447110516097
0.762877024237898
1.30341958334395
0.993349030748484
1.04794361369639
0.827896620019242
1.53864710944152
0.753495324153563
1.10802040129668
0.882534646458995
0.877072751902098
0.788758050574061
0.866399927047284
0.892276783298884
0.90919198212443
0.785965672793793
0.775362509679314
0.896854606883766
1.08421999590294
0.759020519625875
1.06494331699988
1.47922257802937
0.839264435987553
1.21122413168153
0.733500753314562
0.841135880776828
0.818815460391391
0.964140857957891
1.34900063202819
0.793555904001787
1.03408231728928
1.263905495639
0.933622849736491
0.771930111652962
1.63217761445917
1.36821217982897
1.12292783687337
0.916367962183066
1.67867719184474
0.852104898381044
0.878457157381528
1.11630986481978
1.03389120843172
1.00758266100404
1.03424962361579
0.846775734024093
0.870025835174563
0.95543761346277
0.918514521361326
0.817096343909166
0.73757505934701
0.879206434619228
0.82660971615883
0.850499988833963
0.761945041195445
1.16929004777965
0.895794734167576
0.76067009935817
0.748795456186597
0.946524844047111
0.856089511265211
0.884864284280357
0.933473270417479
0.876873021524599
1.41803542057454
1.55779018245672
0.782610911141887
0.781256984380058
0.720528407263675
1.24576583028923
0.793757506431942
0.918139757047928
0.839572409259221
0.979988100030859
1.09917268157751
0.756412448213911
0.78634534440451
0.827495657870803
0.826428183218529
1.28222853233033
0.983669536750659
1.24179780271095
1.33154508556793
1.684065322512
1.06214705616314
0.829886645610644
0.904734240487964
0.785071760653426
1.70885435509717
1.45193799272448
1.62203159682066
0.887960862549077
0.935815244598666
0.808544761668679
0.916650513274648
0.669234722297182
0.987400231672662
0.813392467114527
0.955513502851272
0.755357915857963
0.951940637984654
0.861396200739135
0.856663848379849
0.860323643740716
0.728687823578967
0.785213291845257
0.650316193895188
0.629941194461548
0.786521760415786
1.21087868855756
0.921788278694842
1.19208513503817
1.15466401013386
1.40635913897637
1.37321112359628
1.22504587024799
1.40848585268722
1.30957272253594
1.07687755582803
0.780383184091527
0.951716931515815
0.759418553675985
0.633388982673188
0.902191280062102
0.78415071681296
0.803960083306131
0.985330851713914
0.899938567999749
0.921204407221906
0.926194050050377
0.769897343362655
0.742314352671843
0.608456880528094
0.592313053030008
0.664228686691282
0.585484430472409
0.63548751454998
0.758981482396121
0.666624874667986
0.517646582397013
0.588648406730207
0.554766973130504
0.5913942320339
0.747057052918064
2.13365813825825
2.95327358784151
2.34604994597831
2.47458580072212
2.38744592476779
2.26810922534778
1.43790110255042
2.41659765922137
1.96460528549967
2.8342734295582
1.81468653811615
2.457661216991
2.54388655686782
3.46831827756378
1.89171770114339
2.07328404914474
1.46206495666254
1.61430543110265
1.6577313514493
1.43692285633795
0.856199002487812
1.52836978142504
1.35572604253674
0.907648340911252
1.1378625486294
1.03579352186624
1.0499991435999
0.843338557602522
1.09712109591306
0.903608605778492
1.03249313955216
0.821735215985661
1.04521362978572
1.21130750592986
1.14206280816405
0.750764793664926
1.09723775975752
0.750959519851454
1.10907472778327
0.771280673486399
0.729884583577718
0.775379640939382
0.567978428197354
0.585102786443499
0.649086553773817
0.612859817015273
0.870554225690952
0.774829126817626
0.54983345195725
0.829443853680312
0.916217575129425
0.785948558460439
0.722054158304018
0.67420806758638
0.854725875863145
0.90223360777226
0.820858493391875
1.21348601749126
2.27516585145541
1.34612591871532
1.24876615851618
2.02365289342995
2.01812284492724
2.57734794975554
2.17955671244568
2.75054678962173
2.35977546675796
1.0636865351973
3.12557623846198
2.02762546894839
1.44701364452868
1.94171948356956
2.09025410398601
1.68522566226577
2.33542320807985
2.27382406544022
2.12837517873806
2.619549075524
2.74312730885494
2.64428371885205
2.50900609547637
1.97437442572961
2.04651901427462
1.92284317672181
1.72270022785276
0.545158004681426
0.638894632872942
0.605286580434957
0.868633578720607
0.765750782056637
1.03549838065301
0.85879546811078
0.954415867747417
0.835619545419648
0.791954794521513
0.828624221931176
1.02100096205385
0.893120013333667
0.87621173608057
0.989639839727091
0.84050007705791
0.862784200298628
1.39481331998108
1.80349580270137
0.819243677336744
1.23956014235388
0.935168971223668
0.954010812436532
0.809464339407082
0.89246957506547
1.17243195794857
1.03380980354587
1.03387069883454
0.931329122394904
1.07111495548872
1.29663124862055
1.85505192046906
1.25240821273678
1.81606160410133
1.41354612433048
2.15509542320556
2.19940702805859
2.18964151987121
2.04136912644572
0.907086476624075
0.955929249713392
0.90547399082777
1.08766211282081
1.45102947193794
0.826381965888049
0.737980002394443
0.980412429453429
1.07457268435456
1.3546818790792
0.858001717066561
0.692928825017987
0.831933434268164
1.52920546160035
1.38839876509182
1.29692559508138
0.843021280292939
0.856859116645849
1.05412341696925
1.03530025849506
0.993827345473472
1.12863496447789
0.735117063409726
1.53414408481397
0.837297788286927
0.853236190692815
0.940472233902512
1.50175876570997
1.66612904838602
0.655602311424579
0.698286698008325
0.763279929407382
0.890135676991337
2.50402327383363
1.0638857746443
0.846246522525926
0.548120635574276
0.685404216461574
0.748430134764471
1.05379098152545
0.874561213102642
0.892194483058743
1.21813648007149
2.74514631086127
2.22447506426182
1.54586854970006
1.77342161291332
0.821758446718638
2.43613770775084
2.15720391663723
0.784804335553216
0.755883568999439
0.959071861604659
0.640733568716803
0.861455302205113
1.1485646040108
2.2804616245319
1.54806345604967
0.983733585705506
0.728306835025048
2.88395131197762
0.90897024497006
0.864583572794075
1.05216854895198
0.922167873647595
0.823401511016529
1.52046451582835
1.37402089326272
0.829640774166079
0.729146607245088
0.959114740188723
0.889275459416701
0.810278600280273
1.71515852194918
0.777975572192492
2.95920487464432
1.47623256793912
0.876276265982627
0.756358195125308
0.856048195834021
1.11101435302626
0.880571663021155
0.923229965287134
0.672818884588547
0.65987402109637
0.768107131853133
0.702802664545347
2.00236582577903
2.28770135119167
1.52903119567891
1.6974046176106
0.873419629119491
0.768826840325251
1.81951166559515
0.819150166436597
0.818115996442707
0.857584299369427
1.00844146079286
0.725225910267476
0.776535229470917
1.16889382888621
1.2636275602106
1.36255056235417
0.822040853172754
0.775407287047341
1.43972543497227
1.14613782495813
0.817297526766418
0.731482338012831
0.999747618683161
1.87090074720877
0.803799591175359
0.929427127677567
1.34905184697205
1.13243559590774
1.38336816238406
0.90842483798123
0.857416309132608
0.801336256882797
1.02848377927974
0.790907527177548
0.911782189348688
0.971896037707527
1.50384253868447
1.28664972959221
1.57246402067475
1.47429640490157
1.37616234571768
0.979407590053247
0.655165286279442
0.624570180672493
0.751165216061398
1.51076588961272
0.627855563779187
0.634955072697045
0.807271184526678
1.01947324953159
1.85804401547113
1.49016265955183
2.13655221190176
0.938022793982685
1.03599354847128
0.846857695848264
0.950829587591717
0.867458231617484
1.01399503513814
0.983741581131981
0.788198525444513
1.00766309983124
2.23117200291649
1.95698583905843
2.37263055658008
2.6639871356738
2.24100827319602
1.50237179644566
1.56082168565039
0.763141938241769
0.814638379705337
0.991437878057134
0.911127078269481
1.13709137878812
1.10978257259866
1.04839810853075
1.01871292710195
0.827274003989332
0.868734956379477
0.829454463224525
0.869847855389134
0.815403158909994
1.08502307958215
1.00895707290251
1.12459132445299
0.937903579583696
1.53973728991782
1.55277407976244
1.44829756121899
1.57650213021189
1.47732316754818
1.35813598401303
1.36310244489242
1.33518237973579
1.6685175019305
0.562792471881273
0.641752452199882
0.553177181688292
0.764509155655433
1.21621574371281
1.14203708908128
0.657557117538527
1.00026842046639
1.3204665877573
0.865805899173381
0.758408727351213
0.588112096663371
0.770765289051332
0.91148105239663
1.29310504286369
1.36887214016376
0.857088128269627
0.696011424283793
1.20816459392544
1.32408681974635
1.31725787488601
1.59385732366722
1.9911810473576
0.846543877573785
0.731824798313042
0.744991520995587
1.03245868126467
0.890307353768052
1.10074164258171
1.29280706070782
0.760279957581336
1.32624092587369
0.87646070341452
1.82920152173601
0.901978314144608
1.29061306833214
1.12410560836288
0.940454873873363
1.07679329686113
0.825106542194398
0.989032032590918
0.838520707511328
0.740222728197814
0.699369279339221
1.14692107410244
0.5906216116799
1.03931050960784
1.72550920413366
0.879416106305954
1.43585267447086
0.919042962394461
1.08758022027441
1.00824399497484
0.710904064901855
0.842339556268118
0.767147076838218
1.04482446719863
0.692456792447059
0.966686265863748
0.893641936336506
1.22425009405929
1.53749525288787
1.05433901324977
1.5406690785158
0.935755971259254
1.98618324780963
0.756189420369663
0.772653988523596
0.760616395660946
1.20841195517333
1.6962234310078
1.15680448916596
0.916558228199985
1.23710801986649
0.800309130572923
2.44488958678577
0.907658783639002
0.965984765241123
0.827162624784292
1.09499574125809
0.711560749274323
2.03845826889439
0.756101511885218
1.24753291770029
0.841618268610706
0.569633327182898
1.11697037201971
0.631231193422867
0.556395921991486
0.872688699443393
0.802157023064199
1.06883556361845
1.19423993391793
1.65199566421703
0.664253176282094
1.20495645081975
1.63398507706751
1.37300170344686
0.534226137623039
1.32610800845497
1.48508418755572
0.984012212185199
1.21096749926535
1.2240035729046
1.16057622443347
0.902713726595364
0.709857178158399
1.8854201143223
0.97008473228349
0.706256564451407
0.81706715661267
1.13036771502325
1.06902723178863
0.929391905908096
1.05796224787468
0.751350382658167
1.31096547997671
1.04568647767409
1.74425413436372
0.907557333680556
0.836380251059565
0.98142068299563
0.633387643467786
1.1110930589085
0.69042070855888
2.90393555089175
0.966094600604565
0.994772832008276
0.801340451791745
1.78723199135498
0.895813116239273
0.882725921100425
1.00063719505292
1.0308304930056
1.23384293452464
0.830528501861783
1.51731427924006
0.86340230204883
0.790528869081323
1.1531409364726
1.62770780114354
1.6185355645599
0.890070982468012
1.12446147420534
0.966583911255387
1.34767802210452
1.22475318909
0.8629452402643
0.770905044186825
1.05583698081291
1.04285879101507
0.763053885216801
0.772359677606897
2.39277668709779
0.692320366706631
0.924508462638847
1.37773029088345
0.797020996152366
1.09994392303931
0.929292363494728
1.87220357459406
1.00928911566114
0.86079802784243
0.755460227871976
1.40256338360953
0.920087495907984
1.0488407735845
1.09648392229049
1.38589312292365
1.63256436474399
1.52503354810063
0.737123809084626
1.68486406191395
0.823639137083854
1.15826538561456
1.63890361290603
0.724014924942739
0.811649511832395
1.3687869428488
0.800954403085541
0.853445923265307
2.29293700497671
1.02109780211052
0.872286110634448
0.90173198586037
0.791718817001651
1.09435436328257
1.18654975570833
0.935834810015703
0.811249421356856
0.981668773029131
0.712190451912591
1.5971955799722
0.566204490883886
0.994896557752292
1.97458423107377
1.38682730091804
2.46491010512519
0.866520197259187
0.838598952414857
0.950908661356637
0.866545382369743
2.18830703948307
1.12005917797393
1.63615614790764
1.96955345377311
1.4630432575717
0.764196445227657
0.753390412347556
1.47553203758434
0.991958043670873
1.32301209618193
1.16919314579884
1.96828350903447
0.657470755579825
0.848928174445287
1.15252933156101
0.924257723659473
1.03566272356101
0.678073709325349
0.755139326990787
1.94915023158845
1.14126365586297
2.38907978773476
0.922099883241313
0.863261678913795
0.706639805600482
1.109805687568
2.36566421479826
1.12213326170901
1.48009652129556
0.746460848899648
0.97898089714069
0.948072918004254
1.34630178925687
1.94871496820891
0.821453054976026
0.823277864855223
0.82909795043715
0.86701675461203
1.94368956000257
1.80779390085083
0.790617044764195
0.766134953812509
0.935306968837465
1.33173740631752
1.88252163630162
0.77990070431372
0.735825478989038
0.655631289669173
0.553305518029757
1.83849391847948
0.708607804985028
0.714202044064697
1.06813143571353
0.818606198967971
0.681944603197042
0.721491428027035
0.752996634193543
0.887119303469512
0.966735485111237
0.86396340063921
0.932474101698405
1.77237022930386
0.721098894893545
0.921514831599425
1.02988464432892
2.89010288133379
0.94793336321395
0.748252822424246
1.05049378315299
0.994693378940799
2.67558703853697
1.27653385707411
3.03494966056894
1.38815531985983
1.45779168945203
2.5080627569623
0.790098749762848
0.833641052797907
0.80660285916022
1.45017551365889
0.824016344190118
0.8357313309531
0.769499802932361
1.46276190037087
1.02743310872835
1.23830964410232
0.973438971579824
0.846015111119718
1.61163760291088
0.648363114661914
0.915946175972362
1.73373177510951
0.643900988780806
0.778532989579831
1.40315196025312
1.02584273040093
1.314715705935
0.638999427666951
0.513438596657592
0.67282682640856
2.47536000601592
1.34133469659153
1.34921953554315
1.25169271873204
0.948045688033665
1.17742061366331
0.783841325804802
0.936569474123949
1.0290979581714
0.754229069607196
1.11503872846835
1.09332385455414
1.03537978676938
0.820051508138108
1.22394622394404
1.78144622471414
2.34807868974351
2.40665706640611
0.848757164499006
1.54808689674272
0.849635640895727
0.834887301907814
2.27427054749246
0.924124288330887
1.04873636378298
0.675649699016424
1.51455914971914
0.776842079198456
0.779009338532839
0.691981583987448
1.34318553949823
1.09956493520849
0.916926982883847
0.836656469021679
0.84554171064231
1.04892433783385
0.975410516861337
1.7634141655399
1.0264568804928
0.830388110867346
0.815037991147833
1.19495757583014
1.00446077399006
2.44593118472955
1.92817132223708
1.0135799282919
0.62792153589061
0.99269499740108
0.825475363071941
2.40379118882201
1.36727698583193
0.950548439454288
1.56008179730329
0.736202620225954
0.844386053868481
0.67764826433345
0.706844338295857
1.23610195243884
1.02340359579332
0.896901267200023
0.94408674642618
1.39041468810897
0.863331598544952
1.21113646892887
1.66525427375012
0.771284075727995
1.25052089071467
0.969892184589657
0.817180023944595
1.57244674380612
1.7772699382432
3.00197459774407
0.946979291060302
1.71700101790395
0.767584413387043
0.812865147593748
0.913754145113415
0.915735751117144
0.874007362400229
2.65763033315966
0.785075666354595
2.8126135494736
0.629412819484241
0.981121296589148
1.86472677679524
0.895393960769206
0.9442288463156
0.850746051044346
0.840052283201248
1.34384836801077
0.744415573876539
2.16681702203217
0.788989803598635
0.874357618012626
0.82555453242157
0.68074120286223
0.586545017716707
0.693557421225326
0.660980539819336
1.99456770424679
2.78480026565664
0.898687018718013
0.920870381046977
1.22567587172669
1.90772938728134
0.897305463431467
2.55538673537938
0.820574189139926
1.05757967324117
0.936647194234872
1.24439060229221
2.76665561875498
0.898820099281781
0.886465054858978
1.03833216535469
1.35563598541992
0.765967477131007
0.981940201278675
0.747362821795255
0.892245836911669
2.24961673932562
0.690182157105886
0.77385863713553
0.911708369473445
0.985538800185254
0.852091209771364
0.944402315138919
0.860318175777205
0.839449422502057
1.59017769256039
0.642703877586247
0.671314513380749
0.879844865524092
0.979421503852311
0.973026731114537
0.639323952802844
1.16890734629356
1.00841066382343
1.40188066119425
1.40693769681355
1.36298983519397
0.711247789862223
0.866397402875954
0.880452328842889
0.765045800559222
1.96173047225473
0.811363026216223
2.23920349222518
1.51301376002471
0.82416795856576
1.29296782980509
1.010222506882
0.898084506549117
1.05213137800223
0.804315108635874
0.775298010107006
0.805912069777621
2.03444713538543
0.774914962772645
1.23137833397055
0.715286122071378
1.0191152456212
1.33347224096747
0.992066297388905
2.33129289814161
0.838838512595714
1.08517268704349
0.837439624490689
0.649329590737295
0.934423205432303
1.45957240347563
1.01060181658048
1.02451983206319
1.19712177775116
0.763884820880127
0.765165732060337
0.783597052589348
1.40878868295276
0.834828191163205
2.18302943700898
3.01108399027508
0.878802916963134
1.63725388530131
1.35689633696276
1.21801299487532
1.14939379187978
0.97531604305133
1.20535416384895
0.879505880515293
0.932184675599111
0.901695989478651
0.877401723706861
0.88847959281074
0.97702449260212
0.847609201962281
0.877678781404917
2.36028997304746
1.08093128005614
1.26073306379086
0.878902423173966
0.720286391943217
0.610496571719249
0.621507332804348
1.08694408589901
1.54258805462412
3.09605319118658
0.774677523473818
1.89244614891891
0.736499008282173
1.02025803443381
1.60936632151988
1.00289202886562
0.89209797381245
0.734367303595466
2.5613635885514
0.818765976265044
0.728999124693792
2.48860768188364
1.91220135478756
1.24811943690356
1.99636765173118
1.82856225072476
0.740662607983752
0.813103546358607
0.731920439033426
1.12361667592164
1.33583402067417
0.926125228036579
0.820796075262575
1.11072259182782
0.772083516251731
1.86370313891323
1.00286183017922
1.23585874052888
1.1511598332521
1.5237463644218
0.932107867883492
0.840181800575255
1.04416732109617
1.79456281634705
0.94602870144592
1.43293642269153
1.22977621547894
1.18310063123684
0.559125862970867
0.658456479220528
1.38547035251696
0.856239245807419
0.837664199980306
0.798658591934608
1.84510712195569
1.10951805499666
0.757791005644514
1.3254668160176
1.34113638842279
1.64090686348413
0.892540425428207
0.832271145358712
0.845300562653527
0.937550877621416
2.34834683702902
1.15438657609074
1.48283616714525
1.50963734087291
1.44506889524393
1.00562598816106
1.02402835502741
0.837068510638576
1.07446377394375
1.63565991728048
1.29043702643358
1.8752573324068
0.778988281104929
0.873129952820581
0.724219788224386
1.02608376837885
1.10843421865764
0.789099222042723
0.839424787934659
0.954778394417074
0.958078308275421
0.805929784598316
1.00465726831003
1.08073736693007
1.22913467254693
0.888002992759046
0.809499763496581
0.892065410604226
0.909135045675457
0.843339267725909
0.808451905556363
0.779083829959174
0.762961575654479
0.999971405614
0.847724193513383
0.832063817179915
1.04323051173333
0.855844351760811
1.39932823367991
0.978212021918568
0.871765771558491
0.872424183412423
0.755086757164132
0.862042567528505
0.744053332457425
1.347436991825
0.777390681728453
0.853347715474589
0.86015380517417
1.21831317337033
0.865446616950617
0.804435332885886
0.928015392302615
1.02031097840268
0.856961525596441
0.845988471762107
0.896956222307269
1.08998101455042
1.10791069722071
0.76754508721363
0.892233105105759
1.29390335376236
0.864146853068085
0.849143166242849
0.810934360762756
0.819997402881604
0.791092704719582
1.20487296162786
0.912376496751715
0.918305607291944
0.872770905173914
0.8014045134988
0.950644413282925
0.833972403477028
1.3926951318583
1.01464157997571
0.757303506360915
0.792975680173871
0.760306618072573
0.865572916609306
0.973821293314199
0.804054826195724
1.07951328205974
0.96200356992043
0.961621903528531
0.92099877673203
0.843883182675449
0.867014585053137
0.848486644810772
0.881903862051773
0.901944385266595
0.798152269089529
0.865447509760847
0.848822602000875
1.04099868629796
0.881474233333019
0.855155530908943
0.886154365161505
0.927734267120151
0.863388727204263
0.892095072983844
0.808725266385373
0.824207542686632
1.17167193768339
1.06665162211098
0.949087984712489
0.829917436210878
0.821295459000836
0.942255537567519
0.999010609379195
0.84410455355117
0.943299723637521
1.10247848099435
1.1450229969972
1.05808327600497
0.797623031808603
0.781171037796758
0.788938893328834
0.819132283358661
0.854252395727539
1.03851697888949
1.02867013398335
0.782273839225741
0.737200690192787
0.758124844777568
0.811853961952479
1.00333185302885
1.23829430073746
0.901750717932083
0.765856316712358
0.803953107720791
0.801644682991899
1.5171982537523
1.49833892933581
0.773434627488692
0.854322868574437
0.912656092823788
1.36479056376827
0.882494191974469
0.811706415926516
0.802589487254983
0.880963601320056
0.860625234370106
0.852535088725286
0.950602262489233
1.43423690514258
0.833851885093943
1.26423806982302
0.927615321531489
0.922441525308445
0.755635905062735
0.748629233469014
0.745421469825945
0.76999283085397
0.794448171748621
0.783420723340965
0.926569553309186
0.849331934707465
1.17114397583676
0.747447362546564
0.824519662535599
0.866877571205153
0.978767716038015
0.893371770852426
0.83803446295942
1.16441346635474
0.923684087797505
1.21846635318119
0.851563357579356
0.890581562293118
0.902618117165923
0.858967606615029
1.109503302304
0.785345059007252
0.826970433296184
0.961068369172919
0.884425293318556
1.0507720141219
0.798930895366023
0.831728332927702
0.868368348502251
0.906087905816761
0.855276805531457
0.863314051504201
0.918689026989895
0.879959458860894
0.841430408058992
0.854421844160433
0.874736730505212
0.8595557776276
0.893225655834307
0.889179505003282
0.806690608477174
0.781091263967711
0.890958915637311
1.07190695235092
0.880895155907255
0.999165939404044
0.851521193650292
0.908893907396697
1.474741279563
0.727614137390772
