0.919528054666333
1.00386715901328
0.93088608641844
0.882848535972792
0.912126494666353
0.826657746733609
0.967732708778266
0.978337023024687
1.01562974318179
0.863589978625016
0.746119053564458
0.734478514002245
1.17485163642052
1.74637228589966
1.29580112685641
0.84019113413792
0.816956254226177
0.770339157887135
0.93352333525765
1.04119827669632
0.914998056532418
0.780168923399501
0.731016463142252
1.40708995542435
1.06982391266891
1.23835884848173
0.875765544474199
1.59219408245954
0.771135595828525
0.957029029537307
0.919344375770111
1.01521008003771
0.874029799302524
0.827432842392238
0.896338692281798
0.945750762342406
0.785539357685911
0.790534333421118
1.00252739228026
1.24792622274192
0.747888543898605
1.18848475656926
1.56387915209692
0.874239353110834
1.37134261678281
0.776948978161325
0.827035092279223
0.852916412108693
1.02048307865722
1.45421952629994
0.819265650201169
0.92427516861914
1.39109445400605
0.951493575404827
0.786801691111973
1.71009655748833
1.46073533082749
1.3071972269338
0.960976002563147
1.71328373313796
0.820646204326638
1.0115490563428
1.24742513330378
1.13423461773617
0.883992222637455
1.01724235143942
0.888546049949443
0.893413158042498
1.0090184672984
0.970671069079367
0.841959029738747
0.738254863205215
0.843731077741281
0.788517749267853
0.902844166351145
0.739348895684515
1.34297934566457
0.966892452082106
0.774897459113006
0.764249465157983
1.10355675564209
0.873807436892731
1.01897429950366
0.930712255855532
0.894040957832705
1.50615074748429
1.63891735234067
0.776297108743167
0.778845549688886
0.746143574190826
1.37040079908165
0.798993060193596
0.913101234642023
0.980822845521411
1.08695226111997
1.30171486319503
0.819013184317837
0.795634928369329
0.938310872167947
0.857425169137171
1.39524058128788
0.990618377312097
1.38567458589211
1.42882827321585
1.75332179511675
1.24367381437465
0.874340457570876
0.945741292017423
0.806533431044913
1.74946234799933
1.52809698187733
1.65988570755588
0.854166967028702
1.08999458138821
0.78519316627894
0.879467776469645
0.703677628450533
0.875136665392309
0.794035524142392
0.920530025979974
0.750102581073906
0.935803885811992
0.853287467159789
0.828720776106375
0.784202040509434
0.73832802985896
0.795736555261993
0.665568052965566
0.659150501793369
0.776952698062834
1.1769689400039
0.949803222893283
1.13094297054383
1.13077808204081
1.41648345357755
1.35417478398142
1.21553872058477
1.42500107570604
1.42810460078444
1.35412289748196
0.863353829607361
0.892248835248847
0.759687202491513
0.655954903638996
0.907944327312711
0.760806787268905
0.848610004768949
0.966732567082602
0.915901613235405
0.964305804958373
0.933702054656946
0.778593927702285
0.742332011298548
0.679624042233609
0.616712809201562
0.664165486676187
0.583027656278591
0.642500858531743
0.536069033964196
0.682701481401305
0.579948131022134
0.797147507767536
0.578647395092604
0.585749054550807
0.944673213107908
2.10714368264292
2.57134744097105
2.32500600204035
2.35971611334693
2.35375991189431
2.27232251004674
1.43078269463861
2.40030250643836
2.02135286685617
2.84487620492257
1.94585357951221
2.51894830752833
2.70845672731773
3.40580746081766
1.79154549367671
2.04857634077486
1.52459176802436
1.68616104464679
1.64151763240892
1.44013807477794
1.0007652538187
1.52415006455959
1.2811928083808
0.856653170596037
0.948349184407326
0.998070676959
1.05140556134951
0.916530696521476
1.19039340290979
0.980853905440357
1.12070331055181
0.935781742275622
0.91517198828995
1.14283325312153
1.11798159334312
0.786414887737956
1.02906621873958
0.735151117703742
0.947941004271209
0.732581866141694
0.746920367808549
0.763543810502748
0.612752068326684
0.613734383166152
0.619113014319956
0.557096172454569
1.00409294640379
0.919853109661742
0.558811444556357
0.823664487752445
0.908505317391313
0.785175324020268
0.705851385275827
0.632925863842428
0.767671686117001
0.867280854135697
0.819548024879672
1.23335711926043
2.20447192298267
1.4610542417813
1.28999034366578
2.14741885278395
2.2745677963576
2.5144599418118
2.14932966422187
2.52214636723364
2.31440010108792
1.05940089724102
3.08841732869556
2.08442018281218
1.33345991248274
1.46757301265144
1.65682038199914
1.86455904932227
2.28217039756669
2.1985977698946
1.94690012704248
2.55374104911431
2.55704542536332
2.61075803092317
2.49457563554706
1.92035681689262
1.87466297825914
1.89996273418773
1.63940119645983
0.61205448009589
0.759302266264999
0.719316009630817
0.968227154507015
0.898131430396115
1.05436025326591
0.828772380513442
0.893551653212979
0.877464400492316
0.788268867776451
0.918411726838858
1.00888662186271
0.910910258675528
0.871077622999027
0.965578264429132
0.890182208427126
0.799862359675871
0.821511359344237
0.98076299934689
0.78688282067919
0.76866024969597
0.715302371310817
1.08057873550896
0.81565163205218
0.900396167426315
1.28505681354144
1.01485311288626
1.03544648983436
0.907205636209661
1.03311478847209
1.44601199904039
1.73599357619807
1.15226941004568
1.46310300261378
1.33403643937297
1.81918773144931
2.16548302940789
2.05204810531627
2.25333974806205
0.89615347455146
0.939699673601621
0.886636364815065
1.088164785663
1.47607773970268
0.938305877944903
0.867896655252099
1.04927991416116
1.14714707346663
1.42993183065965
0.85136817372751
0.728914573498754
0.952344292291984
1.51858287201573
1.58268238236185
1.10423976347355
0.840525436760747
0.716288624577372
1.15244997252497
1.04486540632041
0.968365857786911
1.05658906539686
0.664040117970531
1.47850054104719
0.942295466474989
0.807486762223325
0.904670212709681
1.12247187845551
1.66248010471484
0.692660656808098
0.702712967304683
0.767070889165519
0.896536403104951
2.43285885789589
1.06595091080702
0.870329731826583
0.683141376293257
0.648166362608858
0.764763730439939
1.12383102244909
0.957970563230803
0.90625823575586
1.07855021676713
2.72859902132829
1.93099329972231
1.50607105542151
1.84890720764334
0.782262579361115
2.60513195978628
2.38319378507368
0.685923132003548
0.632716094301183
0.888397948805913
0.759953067104128
0.978410714815754
1.04096395043854
2.29555026379831
1.53245348964867
1.07282351440504
0.751581605883795
2.90815880441522
0.780151113564657
0.78729002491415
1.09064470578576
0.969837347789408
0.826848236731338
1.53741218053609
1.46847816012813
0.811576335791267
0.722308547963132
0.936130250800607
0.881600670340373
0.795786406693029
1.66006881195046
0.796980013409923
2.94101362179986
1.52238422564588
0.99184878279819
0.934511630208769
0.838377154480292
0.875866994038833
0.885948254751947
0.961425188121404
0.619305585157315
0.667970917822359
0.738908391235216
0.678691975368568
1.98322732457956
2.37164873232957
1.64628316908152
1.82507460427841
0.876158376612138
0.901700622248071
1.64409746340294
0.847545211156
0.849348895984616
0.840829851272525
0.968519594428554
0.703408929224785
0.765532393296251
1.23782902937838
1.40523782342737
1.3495843566694
0.892895776276352
0.787259487500321
1.02405745108263
1.00255810786683
0.854255218735751
0.792221020551783
0.972771731857976
1.93322474367885
0.85866320163401
1.03185106635614
1.38935267978953
1.10236501540753
1.63748144273624
0.869398913226419
0.965718342131519
0.894652335579544
1.09528483066287
0.838170421658919
0.886582685554147
1.04449578431683
1.49076285613521
1.25082393454277
1.57183585124358
1.51722741315031
1.43053290375031
1.07478368800068
0.757648690798409
0.749352312164966
0.85671749846335
1.50860199459296
0.661462235966472
0.643566385513959
0.765017809172669
1.13001219920557
1.73568390439498
1.4766102454739
2.05538489895723
0.956906419893062
1.03692468147932
0.88237915256148
0.987447810231786
0.889865151682967
0.962922033180234
1.01122031842156
0.820744298891727
0.997736887326094
1.87164310097251
1.65146795303769
2.34971586581947
2.54398862161055
2.19930051202359
1.47804800635806
1.58851586841045
0.764514166994792
0.807656445438865
0.991881566886705
1.00746140520434
1.24958602328956
1.20594265275792
1.12202824705372
1.06710522214497
0.861978527020959
0.822565429468784
0.811072105500542
0.866348543744739
0.815475427846197
1.12926119603419
1.08505708645454
1.19477261281786
1.01588608621251
1.58723785337845
1.55013338561865
1.46023810440926
1.60252629386132
1.50375778894563
1.37536650363836
1.39501544731011
1.39919849410789
1.62254548574345
0.541647514397087
0.734516637233232
0.456464621192163
0.899841324122693
1.35497271364984
1.18379956289838
0.680181530218397
0.957157184629094
1.19761087644918
0.893243328394501
0.797926048751151
0.543073969261312
0.850006571253931
1.03857394476129
1.37318483708209
1.44344023760976
0.860971570971037
0.645448598408085
1.06207433038981
1.48820804227313
1.48149018858991
1.70830542260024
2.00657559736034
0.920865247314013
0.752757218414685
0.738188706042297
1.11549344407515
0.968704149497286
1.05991516537274
1.42197872287918
0.760493367957762
1.42009263567506
0.94082275075739
1.8579728981363
0.937439046131516
1.28991276521013
1.03241113388717
1.04128748874152
1.00742228455323
0.818121976492261
0.878631697251439
0.902833745386085
0.774346821961142
0.836518521089586
1.11331564092102
0.650094269432937
1.12525382790735
1.61920534615848
0.870185602720114
1.4815972784147
0.766245971247502
1.23954673546214
1.08526490483031
0.714805419712005
0.959474440414889
0.674656430944
1.02157830614143
0.761927445946859
1.01204121472301
0.926974279746922
1.34847711712365
1.26816798468461
1.02085691402008
1.56314282856786
1.0248148188343
1.9765656335049
0.78304367474669
0.791242017382179
0.851601935898866
1.33896648385857
1.71235501202579
1.25447343305679
1.04623137132852
1.2107214137564
0.788575578795778
2.61351627888754
0.969702918419403
0.925972003951443
0.862417996514471
1.1604304977762
0.582039973144441
2.15679505648597
0.747741525074041
0.905915101892234
0.895097290742605
0.606345934195537
1.14255093193998
0.636491515624413
0.54576201401617
0.952160993134364
0.835331078560211
0.728597150227236
1.08270883427621
1.95811711785239
0.721537229161692
1.17428965724799
1.69750566732988
1.39647319496481
0.540880112471497
1.09266236668466
1.29975357063305
1.06584304212909
1.21557830642689
1.38141041565476
1.33061339676456
0.955610214623182
0.836675315653649
1.86468179787365
0.974056580152505
0.709712650850078
0.842331539297267
1.08526669262367
1.08529176666231
0.864824611558181
0.969739174037624
0.773057409527157
1.43240331239675
1.05622750364115
1.74240714961358
0.907140710650024
0.890640114753825
1.02136252762042
0.727416082761189
1.05975244338014
0.678437093056692
2.93082232183745
1.05365897782948
1.07836638613935
0.805230332536067
1.76111401239288
0.812577779998379
0.912441331999727
0.961570986962639
1.05624528502896
1.24291489944647
0.891724578106841
1.53618555113047
0.869073367656002
0.79395149185339
1.2325386227648
1.01792540327931
1.64133897700086
0.984429536604816
1.29826595426573
1.07381406741607
1.37308409554237
1.15792078047951
0.959950047345431
0.891975225133659
1.03313916743055
1.09576445987741
0.790856921807072
0.862105013970199
2.43043688885124
0.707673058782903
1.00813240516367
1.21208180849819
0.919468385644528
1.13133952547352
0.876174743950686
1.7995943664831
1.16314803177735
0.889516986564217
0.778162924388463
1.4555558598106
0.923719541032336
1.05492800472242
1.12945389799773
1.45032686542334
1.68695243150684
1.58411888247356
0.719550236684813
1.6380892962583
0.826800357988065
0.890524574967363
1.81340113559499
0.85160700841057
0.773934085308781
1.39631718640821
0.864632185813082
0.757539410281217
2.28788907429194
1.10503420374488
0.957651706619392
0.949675527548337
0.696830477487278
1.16365104314962
1.23668207511734
0.968776969979164
0.742200768816715
0.999348975635426
0.706941626787289
1.61278221349721
0.537909099159099
1.00760516229936
2.00892593239171
1.33118736942368
2.50706287803302
0.866456518563596
0.876663605408879
0.864380783771896
0.875858859060311
2.42983570856262
1.2983354339571
1.72676253010913
2.09230237971587
1.48975892656526
0.844280086698135
0.846424440616506
1.56110466264715
0.982157389533924
1.30214728415781
1.15327806348246
1.95451503209706
0.676098404863844
0.838613357034562
0.991946725156384
0.935668508413694
1.10127627155475
0.666930646521616
0.773405713678645
2.10778539797959
1.0957802046201
2.4821147160044
0.949448073864897
0.977125982141629
0.827961153034357
1.01988562521275
2.36284840458419
1.11624281417746
1.48909765500231
0.58543910617716
0.999944497948369
0.949912224834848
1.41838921616334
1.95711912142466
0.821548094206851
0.844515836746812
0.911987460597468
1.0064703317417
2.00461581561552
1.86553141765304
0.824111676825393
0.863235924809022
0.9872300365985
1.4029334563876
1.87127728744895
0.788107165403491
0.755526143868304
0.660276719648239
0.588624437600348
1.96265476530004
0.755797808744139
0.737257341358747
1.15341339232946
0.811404379184302
0.829919196998599
0.82391888989187
0.88328682880909
0.989371569127653
0.974628321273199
0.846900260987956
0.986217894340469
1.86699353487611
0.667979445356119
0.992221158284673
0.999349022433488
2.88529361568227
0.968520345631212
0.74354130476069
1.15838046045279
1.08648949024709
2.72324949748533
1.27338495347364
3.05621154995312
1.41562931465323
1.47972635395807
2.32479738638814
0.859181415884366
0.934348918121126
0.782505794677022
1.49569293117951
0.821726178297791
0.885991618163992
0.732855965374876
1.57114868677406
0.951182678414385
1.18068006329394
0.894707555843986
0.965254782628423
1.89838499556261
0.743310307476248
0.884506498961203
1.71549488018616
0.613595504922264
0.646047020109776
1.55266431678847
1.10447300436605
1.4043735935541
0.723491528743115
0.641463395135825
0.855027955640981
2.37494874457829
1.41084161620855
1.3958091129876
1.26085830198069
0.935575942598735
1.15715422978154
0.706435866453291
0.939811800849044
1.06112195755877
0.674268344732676
0.964515110587914
1.22561721147895
0.994022249583192
0.890772763753778
1.222592451109
1.77467098556963
2.29502589392758
2.36342927270908
0.875322998383515
1.68749021066142
0.906113341620345
0.878056598477894
2.34954430802119
1.01912484939305
1.00012829840168
0.690866386245178
1.69859905760552
0.759814637285416
0.912368208624034
0.689833463127818
1.0081827206918
1.10274348726398
0.940652581842286
0.819354204200453
0.968328238616495
1.111699077965
0.949312033039916
1.73350238538179
0.793856965631036
0.815446402386135
0.79260087235999
1.12570378677795
1.02721665661356
2.46844032065854
1.98918996568906
1.05525019253571
0.641458178415945
0.991752734283444
0.945069359923565
2.49058417809661
1.42580019333229
0.941359967021289
1.56697466542852
0.706057668352283
0.850129927306679
0.693114098823486
0.699475356056752
1.25883719759017
0.987940418062053
0.916838648477521
0.99816947280053
1.41496799116566
0.867451255167347
1.34582594072158
1.48453732236557
0.84971413208874
1.25478110853025
0.937285931241192
0.736878589087195
1.6796690094972
1.7158657917385
3.026646604044
0.935031433198158
1.74738813566985
0.853229675462643
0.817680819949285
0.999186133673135
1.03138941584338
0.94235560993674
2.46213790104426
0.61476137777413
2.7847992929305
0.722744248986434
1.02047189140143
1.90185917504364
1.01706769407168
1.05708787707473
0.943624392550693
0.904935385758078
1.39771233842128
0.685790150032445
1.7760667430029
0.797199341985729
0.894268437994562
0.864777114812327
0.785066294359734
0.698305821392022
0.690384760427854
0.667975904576186
1.99892599689885
2.65824107047749
0.854345459956208
0.992873835641724
1.19135534221022
1.78523997242894
0.873443795843904
2.41750424634941
0.802711876654277
1.00545164863926
0.905275155655187
1.404659716302
2.70552619032766
0.982195928643476
0.832271017824275
0.997222305510442
1.49983712425668
0.802806938293076
1.02245539138655
0.677628520458543
0.894130929984809
2.23468369037197
0.799354398560445
0.894803822156524
0.736349585168045
0.694106750198305
0.680047056639866
1.15068953585646
0.816673148261056
0.784163804058144
1.63933723534813
0.572409700072619
0.716809476601528
0.898126972734654
1.03215330305945
1.0218086868263
0.638591107693854
1.23651526741047
1.11237034972636
1.43432528190906
1.4704428498918
1.44645551567653
0.728007086143846
0.831870867430403
0.943868780157844
0.816207489392358
1.75732483525049
0.873684859126696
2.10715429260835
1.44194517051258
0.80338637493539
1.4077205991386
1.14674884253469
0.895740583997916
0.975126651917787
0.837078142675866
0.791091412207089
0.828470558278115
2.048114639689
0.770874681677808
1.23050604396198
0.718643283471068
1.0630878214352
1.19229736190089
1.0665400342874
2.18233392970752
0.853352070415437
1.09535475322642
0.969588848445124
0.77719845748795
0.909058343728043
1.30394588366106
1.1211705273074
0.850149293419727
1.08032527105914
0.810439887375186
0.756636105839816
0.783756025008806
1.13971701285358
0.838564796916872
2.17333710110561
3.00008892394537
0.886441620492875
1.6693408681813
1.44865560361664
1.1542829261147
1.33418787981585
1.01528896229608
1.05173450726296
0.944526024709631
0.987246799475031
0.976698900966401
0.875882136424315
0.898561499076288
1.05446106522923
0.878740606089009
0.855132466077791
2.37055531135753
1.08865536526268
1.31569884687019
0.897445545154516
0.731265137776533
0.512295454772824
0.618633449975545
1.08626537826299
1.66988973059143
3.11549566666602
0.794510190375455
1.84662473828641
0.752542327758564
0.948677866374191
1.64216518111304
0.818974033939101
0.881668311658114
0.889410464989496
2.5740783792139
0.851952449502563
0.753326847931746
2.39593142994686
1.91906446480367
1.35836991730914
2.06791683924854
2.04227368221685
0.816167353036379
0.821098478137799
0.743647656943492
1.0097234685171
1.44374738244064
0.928358101394625
0.82425937848652
1.13278948298507
0.73915396858778
2.15785987274191
1.00233835698827
1.08672423210429
1.04322140693566
1.50846515075003
1.06105756365325
0.885878234782723
1.09423765308983
1.77650175642462
1.09607987982907
1.61483339097221
1.38343733486143
1.32492209073276
0.639466283982643
0.739266233425662
0.842452454031915
0.921418540257994
0.93262222570887
0.855451648039758
1.73064270868133
1.07932666453909
0.74850472103209
1.40884030031374
1.3873230704974
1.81702054557759
0.886453855595818
0.824247609557665
0.862627926692326
1.01562276933248
2.2867175173221
1.13193340195031
1.58731628235531
1.67419300044609
1.51304369944512
1.05440298636826
1.0766415389286
0.8057067149306
1.24263518136317
1.656732548223
1.25669110876173
1.52773267754776
0.76280891475353
0.942009158458099
0.699113011369841
1.01518466155027
1.15933482628363
0.735633626658088
1.00426577322456
0.955666849412226
0.953650193800869
0.79860330157623
0.989608415600168
1.05040813584965
1.16953594817153
0.763712516386746
0.859136696298112
1.071291942705
0.949151328234647
0.855980003092589
0.807582862351331
0.750559451768664
0.692735352259624
1.16842563631582
0.850769509576161
0.825759449187957
1.13300903550699
0.813499626177923
1.52539675437235
1.17273134318008
0.981654051583725
0.884105102344816
0.727728523272103
0.850368111244405
0.801526262587585
1.42206686606677
0.789066694279327
0.969230926841581
0.853726874122447
1.37842757556355
0.883408507917054
0.781238324274759
0.940666252655568
0.979772328134704
1.02363870850924
0.889159296160891
0.902648673698451
0.97401280094506
1.29472735427796
0.777632184085912
0.904770516231166
1.43437851137614
0.871445228822478
0.83965135111209
0.930622947355538
0.816834049363736
0.744235265771853
1.2906824569461
0.975446991926018
0.904793423270074
0.893607882324388
0.775852432226779
1.03908625419476
0.82271811090946
1.48868301609766
1.09434457802979
0.75375443522498
0.787375064030062
0.722119694083698
1.01950241806699
0.964274852478752
0.794753273696304
1.25943838484056
1.16850308818312
0.944408371863258
0.967806415697653
0.998972114306002
0.933968675916978
0.998390260018984
0.918910713226108
0.943863888730902
0.782685236978314
0.858836401819074
0.840990733141516
0.918571723953527
0.895759504804139
0.850759480130833
1.04261880635244
1.11532442143143
0.880742455648561
0.88935185459836
0.837796632629024
0.831074971037734
1.34133942485838
1.26635077221686
1.16279697264332
0.986758165676891
0.832301369923995
0.918024894207116
0.968388903131608
0.820532898913217
0.935327011834033
1.03869599707203
1.08665167047235
0.93266352248008
0.800248357074607
0.724951669870519
0.801643469126939
0.811931401598872
0.849430769257311
1.23465728982424
1.22528930797939
0.83068332814092
0.76288857702393
0.802658243508023
0.817726514905801
1.09661760772795
1.33381916399943
0.892254171473292
0.847114618999369
0.763900710570609
0.796310106492962
1.61411356650254
1.56755421097076
0.778729658800809
0.870691831728832
0.980762643146534
1.48410807637157
0.967391336725598
0.820690188165699
0.800584660820373
0.886255288744475
0.997024434732823
0.88022551854223
0.983393158652744
1.49584284866554
0.833707596126041
1.39890381548081
1.11082324294104
0.919331231082445
0.748137218949397
0.730976668906702
0.708689056831573
0.762213306104009
0.783772813663991
0.766367851826073
0.986771749279465
0.871632028996104
1.33182006782501
0.68655506008811
0.947854689914346
0.851506144534024
0.989362091604574
0.911048693302713
0.987280071745682
1.33862925098143
1.08952133486907
1.36800462382943
0.866694932197001
0.916611473012632
0.93277193362217
0.901385422942235
0.974987191864077
0.757930637346186
0.94995346290726
1.12640748946185
0.872863882815346
1.1210438921646
0.788934099577413
0.800140888303368
0.863986239627157
0.904959475050336
0.844760947126175
0.873618672446683
0.921799856805
1.06652530012053
1.00447008419281
1.03425512721921
0.944152760095277
0.962038068408568
0.930715867014602
1.05595694244889
0.828774024804732
0.796360386218665
0.871515998102507
1.03918119227716
0.836819280574552
0.896956568698503
0.775822983827096
0.792338052337089
1.58330421228565
0.767197771193798
