0.688508385486061
0.831201188832201
0.947643249984889
0.913284276963032
0.842380526597189
0.803706503613643
0.963162461717879
0.99640738001347
1.06510967923495
0.915042244034516
0.702395050746744
0.671998079463977
0.955282438855124
1.67087012187915
1.0290650526486
0.802452375827318
0.787287130132362
0.762795255771486
0.912302025689198
0.848870926026757
0.68692388454244
0.753860577109539
0.764269415657932
1.32026431613681
0.923479115819405
1.01615703805075
0.801440030757933
1.42474278298936
0.744485835207352
1.11215103959262
0.875873066341955
0.857527140241377
0.739209950824373
0.871505426299708
0.891285492014128
0.870457181794727
0.769249900765874
0.765883505612028
0.87775254494742
1.00116013727086
0.753276383893396
0.952885640720426
1.49656474189821
0.823963621627845
1.20609089771903
0.682442299431589
0.816514906937971
0.798005275338011
0.938898170493285
1.20808796264419
0.781885024127734
1.02634910623069
1.27490997184718
0.92150323946679
0.764397367181338
1.63805313633242
1.3864251952205
1.09441289044755
0.897649346973838
1.61894593603216
0.822127524009804
0.829894671461387
0.988572074185437
0.943725889896669
1.00847861781457
0.932560626501006
0.823293641240287
0.841267103068487
0.902444113721765
0.894081417533723
0.800190795179652
0.727427937108019
0.882822313071207
0.831220347199852
0.823194217292614
0.760226112794564
1.1519631527205
0.88207562855669
0.75231277523924
0.740568298419075
0.924449644489383
0.845764562158998
0.861769062790436
0.932924269002823
0.873436439000168
1.43716241070578
1.57150023407141
0.763647009525493
0.751211596750636
0.669488807438563
1.10280493124446
0.777191821020129
0.896475062234222
0.816721731687822
0.846532634641631
1.04866290068697
0.706298685397048
0.768523558608489
0.778489756487141
0.813048488355513
1.29721872803668
0.769492787026634
1.24573336609865
1.34922224672021
1.67917717255478
1.02430503776387
0.807929508234126
0.888100365495579
0.775189398269948
1.67073447213871
1.32195599444459
1.53387464603313
0.868581256053264
0.888818167140616
0.784224907987021
0.876669576485361
0.657964310723727
1.00282967511783
0.799658735244666
0.959322307141431
0.75890896386825
0.958541881484274
0.862030196540929
0.860187471902465
0.886389444715505
0.720845074181897
0.785042846676949
0.646792077977957
0.622459070037314
0.795654330809087
1.24088838760974
0.915645535779212
1.21220873918732
1.17235696983394
1.40949493123757
1.38805571010081
1.20266698305752
1.41016126589489
1.31119736135601
1.07017080281502
0.681273568741239
0.958928816448569
0.748620302698167
0.614207773185314
0.934740535373097
0.78794184423715
0.783232101503281
0.990974663660459
0.880668912606394
0.899447953672177
0.935542176775724
0.77540855382201
0.739522758747101
0.590705490508378
0.591122569685559
0.661521549301272
0.578516297373018
0.62597045020218
0.765620240035002
0.683529442038163
0.499516352966004
0.561347490550579
0.544496156585948
0.605440644979116
0.729099694468699
2.15952679713281
3.0287850043524
2.28226391044776
2.37857753993958
2.41486893001397
2.25230837065748
1.49279838063833
2.43222381400609
1.9388611432249
2.83742999385461
1.79291663550045
2.44435746202742
2.47334757330168
3.47808108553375
1.8847590843498
2.12041578910321
1.45686882659795
1.64855745180207
1.70043792787431
1.45303318440214
0.850719500878201
1.59178108390577
1.35314891788623
0.894210510309958
1.16878492221701
1.04935106368579
1.05198064271727
0.830603672172671
1.22573921368803
0.902621068588089
0.97165896579788
0.809140501805268
1.04521948825777
1.22310551377669
1.14452623088303
0.741449432058647
1.10311263603978
0.717075014722289
1.12135887556704
0.711622466441921
0.697224684127937
0.828390781074769
0.569500811299027
0.591156385471001
0.630354694091581
0.602825476752656
0.853187316239053
0.758265988112225
0.54722735178802
0.85000959143681
0.920028808481168
0.776482582911516
0.727165678953375
0.673796819611015
0.865897594589357
0.920156452778951
0.821008417134753
1.20419475657118
2.32869547751285
1.32189760467875
1.24471711416789
2.01367910134155
1.97699689262475
2.61022711177753
2.192839903493
2.79211918320076
2.37783886255212
1.0584514529944
3.1349056955599
1.91923685094783
1.32979262453124
1.99737145437431
2.12387760535805
1.52929234034756
2.16044730625409
2.24652256042378
2.12670104203362
2.6081505189422
2.79111235212743
2.63975494888735
2.52284233756999
1.85359140616926
2.05402232145735
1.88394503828834
1.73398573154535
0.536651420902088
0.603474992758879
0.588168993100037
0.860649475259215
0.754222031175716
0.999944492150961
0.850749064717599
0.960521183691726
0.836461689988235
0.780699963173311
0.823341741938473
1.02594572462524
0.896398306490699
0.868265533900241
1.00315957854756
0.837928768601252
0.84193388332114
1.46101331950896
1.87630535413444
0.79113912242353
1.21018482458907
0.809561110140393
0.890570349915356
0.798714022677495
0.881189942319095
1.17985160563574
1.02815902462641
1.02898872261776
0.933993837965936
1.07872328121715
1.29992181374746
1.86996382839073
1.14237188439159
1.81211716209932
1.20401142121983
2.17971186668584
2.21137560638204
2.17321710491487
2.02101448542812
0.906505130883783
0.956389132710267
0.906581374446153
1.09020472895734
1.48360580314723
0.792982961271374
0.716033793432707
0.956982974582685
1.11619327328433
1.3587028655978
0.876544590961294
0.693113925970635
0.813963052491233
1.53086913689548
1.36809861165291
1.32979680217555
0.843790027512973
0.8082202578347
1.05248486813642
1.04758651598566
0.958528832355613
1.1317392613239
0.739991248003525
1.51382166564088
0.819426844383484
0.864281015322977
0.913168654590139
1.50422154470366
1.70600442174048
0.644584214873265
0.691024827236381
0.764216089710827
0.878168241506424
2.45881323702759
1.04319871684933
0.846534227002522
0.538318805855636
0.717527669206931
0.730267331400085
1.02240180242924
0.855759607592956
0.878999832537251
1.24926010426081
2.69148473938056
2.27470671783358
1.52067806753114
1.78446373332242
0.824926019618459
2.42741498605613
2.12823645086858
0.795049554388707
0.760788916247043
0.957276688936828
0.623825340465952
0.832296720877085
1.17116331436857
2.23717194292757
1.51577241981698
0.978131844667514
0.729157437623791
2.84637977718563
0.911889287562563
0.895887802922658
1.06290611872487
0.910696975018982
0.797021375685271
1.58337399955678
1.40434664808633
0.804522333126104
0.679609586522317
0.964680896020855
0.893347173057379
0.817780000735586
1.74771501542945
0.778669783390464
2.99111681972473
1.45100049818168
0.86202741160888
0.739414431428693
0.861731386790188
1.11402040713244
0.872287520433697
0.897855936280481
0.658996011276747
0.648458113709368
0.779114338587104
0.705528388906004
1.87547249767902
2.21507020981346
1.4502249388529
1.69266775356852
0.867144753743483
0.758942864828752
1.83494258214996
0.806357574206026
0.813848232460623
0.822762558220289
0.98521832071007
0.657382488140765
0.781090299580149
1.07396473997026
1.24221380728978
1.36626096911216
0.79677064094249
0.77940999142952
1.42208553874852
1.10884124910783
0.76972892875031
0.71017429772898
0.993722038866115
1.89064084410382
0.758456441375263
0.88510317190052
1.38820499570003
1.12666327408116
1.37489745622675
0.915442926517877
0.842093926207641
0.779578733048966
1.02319145966891
0.790404217181465
0.916509909820398
0.959721181775686
1.55120428170859
1.31097540392719
1.64073039334569
1.52667173881744
1.42532703176294
0.966687656690046
0.637976108448422
0.591072132103863
0.716422111029334
1.57381930644728
0.614187151137649
0.649048274339438
0.820493386044544
1.01234312355031
1.78273420915141
1.38933877494869
2.13392048420158
0.924655178479543
1.03250196732313
0.830454398192242
0.941505021741837
0.858604646744051
0.996476146389216
0.954255217457709
0.783709869309939
1.00838377076685
2.27058960456679
1.99423549886145
2.39415003064269
2.68941247462425
2.21639120481682
1.47335696019796
1.60595298953425
0.759834318199435
0.814130128704483
0.989908560286853
0.951974064630222
1.17050152997694
1.13938144712561
1.00801421598136
1.00597601798299
0.826284889380622
0.878320514019793
0.840874887704381
0.88269664015587
0.841307304501739
1.11642447602427
1.0199756489005
1.202970005204
0.947398724675687
1.56024417701734
1.5753468608278
1.48842019196635
1.62226491486309
1.52576070002714
1.40797167094775
1.41069419962146
1.37091591573458
1.67855982563907
0.563410080930576
0.633751719242426
0.554884398524461
0.737673724811656
1.19622293931919
1.09742289453559
0.650626591121005
0.962106299100288
1.31257119755254
0.827126192248382
0.741762714090045
0.588489902619731
0.738856920600943
0.892195497685986
1.28864700522916
1.31304424761888
0.858818345558882
0.714297467604037
1.22264663838085
1.19438141730701
1.16412238726296
1.42808993404887
1.98342625355875
0.821860248941629
0.718509896342618
0.741089561749069
0.995121857048095
0.862813592131081
0.865361643277655
1.30768496664923
0.707003355540182
1.3564920835393
0.862769460424994
1.85860456239257
0.893613964585209
1.28721896930907
1.15228731530165
0.921525910665024
1.11262049288373
0.814097589394952
0.979168986340879
0.836471831865432
0.735740339475248
0.667955091821662
1.13879847870987
0.590549019035344
1.03502264533136
1.75091349150786
0.86146972064585
1.47460634605187
0.913083242162746
1.05087278724742
0.984544138870039
0.70895022099564
0.832888578039744
0.670921063869559
1.00550043591116
0.674410198250787
0.928745506560114
0.884375257047356
1.22385483043025
1.53750688310756
1.03639659227927
1.51099345474703
0.926606992997969
1.91943649480354
0.753470621931154
0.752312074702367
0.736258636594864
1.1075171435971
1.66168139837328
1.0808027636324
0.869637367691772
1.199323058848
0.806730532868559
2.42941581412455
0.889983591186107
0.949788337922266
0.819986828606103
1.09922589829823
0.704828844467941
2.02814097835968
0.749867239441162
1.28281616924444
0.838510216206749
0.560961919079617
1.09858356638778
0.625430354581635
0.56042809244272
0.84293783061285
0.796622888780312
1.07905440001547
1.21002665166303
1.61737450235429
0.67031154531762
1.13774850381857
1.48459335400167
1.41469864145075
0.53274737691154
1.34594511864386
1.49792398811877
1.00577709035753
1.0204860634212
1.21450213625029
1.13641870973598
0.892034380061144
0.693135008929949
1.90665101080225
0.78975467406244
0.69694915855591
0.813438177448205
1.13107279815138
1.07224711919546
0.909934535816339
1.05831582499823
0.736881384321693
1.31549929700613
1.05502721936501
1.7943867061317
0.865511656774733
0.813323061144781
0.976950778006507
0.604803648372367
1.14750652076411
0.68951785752792
2.87003883942982
0.947219696177778
0.976755780308193
0.835017123509345
1.80706544929917
0.897253377332059
0.867648591468354
0.982959953647781
0.997139061015399
1.20159989973698
0.788696872640263
1.53187474141382
0.863626394523604
0.809419034737205
1.12740079224782
1.6800105302428
1.60915267900311
0.873832971309342
1.10834638059344
0.956120866602366
1.30287862985628
1.23512638838103
0.838300098972254
0.746500335033925
1.05056827843293
1.04546085210616
0.751227103596597
0.756361308887791
2.3952636523225
0.686878968241102
0.927723341267866
1.40110383750634
0.764148880450948
1.09677157497369
0.914181636992975
1.89428697936213
0.96586446777278
0.853692379682534
0.748561646584822
1.42523669238473
0.923992061613784
1.04357805185617
1.08097694899369
1.41746737989345
1.66002055591578
1.55605551237331
0.735720043229786
1.72067849690717
0.809484021808075
1.18877204404229
1.51441497719906
0.702066495449427
0.81944140439898
1.32945479787848
0.772023991502738
0.765613985705226
2.30721160291297
1.01719086615611
0.860936731862043
0.892159344972369
0.80895541450485
1.03424839339255
1.19363956364802
0.924766929279958
0.788479342250799
0.984114178248928
0.713098608030507
1.63592127173335
0.578243961766967
0.979110481268722
1.9164973095239
1.39414466938555
2.48577323193586
0.880749429231333
0.800875876449381
0.936257922053358
0.867486637706577
2.1604131327834
1.10021364122686
1.58174870970994
1.90766823267836
1.52451259050971
0.738546372486076
0.720312496255102
1.49378902893766
0.965055284788103
1.29901575078486
1.15571462063699
1.92667376321967
0.674439950771135
0.854330612985135
1.16326064387669
0.905694196341535
1.00395931954078
0.674759234443897
0.769309472217776
1.94306340026232
1.10702657734142
2.36853277251474
0.922848583034031
0.849477000105142
0.669765480930577
1.09911505181522
2.24879670170658
1.09078106539195
1.51806105540663
0.761168298294391
0.979777550528499
0.950604521628701
1.37524068594495
1.78522447428747
0.815214399905939
0.81060361813258
0.816293177822885
0.844829659899523
1.94366322282524
1.81213312190363
0.773712197029593
0.764161238111135
0.924831267509207
1.33128987681257
1.91362170026191
0.779072898089887
0.680722414461818
0.64862192902893
0.541799086262479
1.75466654508296
0.693173573761123
0.701694990177074
1.13225722835777
0.818961190776928
0.668626077300704
0.685751502745501
0.745284478408217
0.857580867216409
0.954660678756707
0.862689615397552
0.929310264429367
1.78673973873342
0.710011270840261
0.880181184507478
1.03139730042965
2.82417108977279
0.920434755851792
0.782556468325393
1.04119255966908
0.957246886507169
2.68387322016047
1.26003944813985
3.03948146274668
1.42946870841095
1.50294781184946
2.49442198046508
0.741857120702961
0.78560256521168
0.76957967902176
1.46647734967323
0.806350435215262
0.771397703178546
0.780484514849096
1.44588292332336
1.01393548777596
1.19503870204859
0.984681285403644
0.82610808954101
1.59090111419675
0.624756266912526
0.879432903235578
1.75978238268378
0.64141074768587
0.786121034887425
1.29744305156634
1.0194477082427
1.3416819491876
0.63754804618556
0.502215857146756
0.655371537448688
2.49840366296468
1.38009388540889
1.39530378830014
1.25360093363628
0.944066248523491
1.17127995989291
0.717536196973514
0.918001461308764
0.978226292461932
0.746850932257055
1.11903705845191
1.09720555467807
1.04502218219048
0.797689987318012
1.10382125716122
1.79576785251343
2.21459150731466
2.33053806971308
0.846742456577833
1.55416566371984
0.793048334916936
0.814358255491397
2.2873670852176
0.923127503939583
1.05897657628168
0.652351873816376
1.46695851579122
0.788965674267692
0.769086587601996
0.678427233952738
1.37669857311738
1.11904832347649
0.875335150421995
0.80608657884509
0.827381726387227
1.0459458314604
0.993883097083013
1.72714184348358
1.03984268462804
0.828587259839457
0.815034809218491
1.20659408960211
0.997458164051212
2.43640974554952
1.76204371412944
0.998378952981582
0.619261269840068
0.982029441126213
0.798444665717952
2.40778460711555
1.37012779910069
0.953560910989554
1.60778106622082
0.739012081728077
0.832594553461372
0.665099593124351
0.696560598558269
1.22576099153786
1.02929071846913
0.886432382203166
0.936509761102403
1.3930465934781
0.870130436522104
1.15496770068339
1.67550149226078
0.75161295693984
1.25824218825517
0.979628283591816
0.842338087921466
1.54189073407788
1.72415379519536
2.97478340452604
0.952254944304337
1.59080866458326
0.740548017299694
0.807274448157308
0.897704091902364
0.895582695204799
0.845256982487452
2.71410839698189
0.791170851624812
2.78317880936459
0.630375811310494
0.981730390936959
1.86877402195705
0.877752010184967
0.929728024336642
0.804790739160776
0.840769627660618
1.30238992608298
0.744868368856291
2.21598339889862
0.789520968081761
0.871833667081896
0.804949301837773
0.655795304817952
0.56117869780776
0.689262281476821
0.652829975020613
1.95315803969854
2.7611239263759
0.877693312640263
0.917062785293765
1.23430696146125
1.94120809669257
0.875272787413027
2.55608603004842
0.825536036385223
1.04689008135569
0.941560311171333
1.23912693558804
2.76101382393331
0.891738383227927
0.828866964607623
1.02140460868551
1.1985123409254
0.764759481117651
0.980059387075255
0.748063360242185
0.869872962367393
2.22759596119572
0.664972436348791
0.740129872720525
0.888347802437556
0.94717141558914
0.768325235925213
0.9141130097921
0.868531097174111
0.854282320197393
1.54995964916234
0.636600765104106
0.662758908546194
0.85555239464671
0.945132281989691
0.946526693541813
0.630331406742597
1.1735289474895
1.00019582749656
1.45789856707911
1.45439886085897
1.40136597376883
0.701863104413336
0.854637464825263
0.881669723331593
0.746012259110895
1.91385435122862
0.7844981540596
2.25722240257737
1.53072249793055
0.798370541395686
1.21041682482072
1.00024053871694
0.880325054361624
1.03889142222609
0.735005675661437
0.726236760613963
0.801906117215636
2.05608767983436
0.738740981198885
1.21964258547628
0.66137649655089
0.973998468957287
1.34942685192186
0.988914291723313
2.31825427895405
0.82586785690336
1.0808903892511
0.817330473602383
0.613199096622709
0.937904794360361
1.33366868545838
0.970105577950458
1.02763656026752
1.23389523951063
0.712598277882065
0.769711095494201
0.738087036215969
1.37316456689733
0.856975178535792
2.2040851583434
2.98594947202726
0.853703475018031
1.66456269062548
1.37159097250692
1.24126939654997
1.12006228957207
0.969915384313384
1.24319222042712
0.868736367396811
0.917793991632933
0.884757621477014
0.879743286830657
0.8785753818958
0.956669584103346
0.844908920668388
0.851594674061488
2.37501037163086
1.08537445711122
1.21086962165838
0.876375813448196
0.662549198483965
0.619986045755892
0.655724225635105
0.872054714314451
1.53484097547912
3.08062720551067
0.757855421491714
1.80619865649961
0.726378774647873
1.0530121018891
1.61894150364457
1.01200051533736
0.867780484593028
0.720676679055238
2.50135582793193
0.801352697604835
0.723597574818438
2.51520974847929
1.87030681268561
1.23486164428587
2.00161043683931
1.8091728873901
0.70996970795721
0.811298071179682
0.721711067021434
1.13442600123764
1.3621744087158
0.919642663765062
0.80811968086771
1.10937649188451
0.779603921611491
1.82360861787573
0.989493738867873
1.2539854394307
1.16004458785818
1.58177833603777
0.91719935023987
0.827126648212747
1.05085028291097
1.76582336575407
0.943062792018613
1.28435892330973
1.09244294805858
1.06556457532125
0.54199401522566
0.648164716867401
1.42151588914516
0.830979723232921
0.810499139318963
0.775957161639981
1.78327139943702
1.11894513499403
0.753113987657243
1.35164024280547
1.38221052266324
1.64260093982725
0.89674979543222
0.837449220374561
0.830061995386389
0.958844389906458
2.37594744664737
1.15122024094628
1.32785730400695
1.34428154657325
1.47384319521983
0.974637084006386
1.02467304623388
0.808843047912488
1.03743497460136
1.64446508977535
1.28743336583719
1.85476799345006
0.73390715317285
0.871777058852388
0.659969293382527
1.01144753092889
1.09946883501857
0.67306829481999
0.795386958394681
0.935892116756613
0.938750752506882
0.780728604797558
0.980003625269046
1.05925596851849
1.21833248885549
0.881786095545877
0.783030303493558
0.846549957568856
0.856786381379572
0.799209825455976
0.778251365374708
0.753114325356518
0.708146946990893
0.951568192382088
0.833006134730894
0.808888746422319
0.933282706451721
0.839293408941536
1.38201303813201
0.932631094262454
0.849953582109205
0.855694118078681
0.728964044202862
0.841998690266737
0.70311982779061
1.27905132555077
0.74830970441324
0.711793171252013
0.698368698028064
1.20682857848001
0.842798681062356
0.796910778861133
0.919381139914998
1.00164983405236
0.822590634899732
0.788373182520054
0.88150938153895
1.08758316085389
1.08369890863459
0.743122955577605
0.87204063185067
1.28378731687821
0.849261177203752
0.823173771550547
0.763475449709895
0.802832592435571
0.752802495194078
1.10052882368353
0.828668853322004
0.911735370064676
0.820985481805248
0.785698280472249
0.902353374041808
0.812232009550809
1.35200357672624
0.953412699945181
0.733755625673516
0.763175418581384
0.733912991487022
0.823153542372357
0.949076624779133
0.786636356350243
1.03291620140423
0.914165957421604
0.940447551042823
0.855486029439956
0.815511426244167
0.841632463154961
0.81713833303358
0.870953696749131
0.881814512351884
0.788946274474249
0.843929905771389
0.829385086214953
1.03678408032036
0.862191123187187
0.833808903690924
0.83769738962024
0.883652074503527
0.8444290868242
0.872023855786857
0.767411407628646
0.78828869141402
1.15767230997861
1.02780470687533
0.869541998729808
0.750843983807587
0.780872690800432
0.921563813917088
0.978864210349055
0.838192982773679
0.926977176280612
1.08899336758057
1.13221482831181
1.05515325253116
0.599832962539397
0.67904395206757
0.644418999544175
0.794784963724541
0.831852783875323
0.999132033230718
0.992379725241671
0.754934029630285
0.702289306271223
0.726495006838631
0.799085670030937
0.895842850718505
1.11669340090726
0.88292893837433
0.718568955063988
0.77236535396968
0.778211572708579
1.4977074233993
1.4516660786873
0.750589841534827
0.840609654510208
0.839118674442416
1.36552348417418
0.8656859506876
0.799961571548676
0.790897492059802
0.683758296896066
0.835762707882225
0.828982838031533
0.927989739724624
1.35213895564384
0.816022998924787
1.26461198587002
0.892383398923776
0.917817907432541
0.7344798692714
0.725087438870823
0.720725702205566
0.743505782849281
0.767077249629702
0.756368676312996
0.84390537535734
0.798028341359197
1.12918414170284
0.713394538322003
0.782989391582491
0.85350776953814
0.964420253736892
0.886987539829938
0.811924283834207
1.1501867561868
0.875372404942839
1.21581489184319
0.834945538960973
0.873248877213534
0.882543887756032
0.810124440182737
1.10859386495971
0.781980040040682
0.778312967069817
0.851653266799371
0.863406993518842
0.975659358900436
0.775219981347446
0.830238258995513
0.854583405146971
0.887775774693677
0.84046056573218
0.842095727713764
0.898132876425997
0.825030787158448
0.800492330546844
0.765538104212804
0.85762898945438
0.834561784069909
0.877011577982602
0.842936816184112
0.77482176743157
0.760218511224031
0.888176301134988
1.05294002162326
0.864637115649577
0.992470055560691
0.838111712517902
0.900960664995146
1.47325916463943
0.683295828566439
