1.54461163863995
0.755736263226183
1.06419801827832
1.05906555045508
0.831444264945969
1.22571601394741
1.31639228888267
1.33320230567379
1.36343313711628
0.977442663792078
0.874461850817798
0.859925870413208
1.00161794084346
1.7500912961027
1.40035523072446
0.847218934748106
0.807339943467213
0.927164802194861
1.43004220058896
1.68342167848282
1.64799134892856
0.797672944930129
0.880115087147497
1.34541138381463
1.18522131879696
1.06851407523213
0.828381282422597
1.86678743420985
0.973131647020736
1.21330316294983
0.883891246515285
0.844003609280614
0.877213874593761
0.999759147328421
0.975863938144595
1.05032053005602
0.807218370779464
1.12395004656786
0.798482791891493
1.34579601805395
0.806874901175954
1.24981030175865
1.48355909765528
0.876679710474831
1.19201468696192
0.852605960181765
0.914346436407794
0.83204986921414
0.878260937440967
1.64710273836554
0.918691815550621
1.28821564798236
1.27970495372576
1.25226521690728
1.05738144930745
1.60269487340782
1.40502428487222
1.09239325087641
0.872528971357984
1.88435736099601
1.15989518267414
0.928354080787661
1.30731561626735
1.22619468565625
1.07058881272929
1.60414865549219
0.844618221941917
0.95929093237569
1.13353681626096
0.851704340594454
0.828208670274097
0.783728181982945
1.03305552626632
0.953196928759123
0.830915354018937
0.838812099372098
1.14140603984464
0.84148711869616
1.08436612084526
1.00911791392539
0.934680590584875
1.19218997735961
0.765596858671123
1.03031524681561
0.926492766190013
1.44030500291458
1.53926886811007
0.851541699158746
0.889953459337528
0.852171531510616
1.51540755437135
0.79055524642546
1.282026506201
0.780581364621437
1.46729015834414
1.20433519143139
0.861305000451889
1.19680345099986
0.899747391798029
0.899697663489644
1.31500938852676
1.69088851731754
1.23851037777595
1.37516350635821
1.68048703833894
1.04548793879654
0.818933525500499
0.885195264774615
0.951300394016611
1.83557342883224
1.7779213247147
1.90196868086573
0.941738364552648
0.963355755389525
1.03235137871475
1.30445482294966
0.656343116273893
0.956903513059171
0.842379951619623
0.98645475397842
0.810002072929806
1.04098431899854
0.907412862073922
0.899296739963592
0.980824353384969
0.771470604539422
0.846149677259596
0.707750541005829
0.726287539680952
0.933108275093391
0.920465559159428
0.867747736210767
1.05069045776927
1.07769607399834
1.54969824952021
1.43291452578119
1.31904765580288
1.63022760438575
1.47494771937814
0.988932043592918
1.09879303830286
0.905502287422265
0.620430549860275
0.554475481438149
0.801815142207175
0.824967127371568
0.914674088990508
0.908784109447946
0.854311815207662
0.87468019024726
0.821366779916957
0.791160342498184
0.773126243326925
0.611164566691817
0.534384511734432
0.670624257959046
0.674195745362332
0.733607349716667
0.825879362604543
0.64704369522073
0.474348794077722
0.530602291189684
0.561982795016213
0.648962748124404
0.685707796521464
2.18911343865239
3.10183432423852
2.70112284840431
2.83405639594974
2.41428513700241
2.42935501839517
1.22517183878211
2.43230988646549
1.99285364205245
2.38693387085272
2.0882060059652
2.26659215487392
2.24773189064394
2.1685886742117
1.70626847986525
1.91933577777362
1.27934720907095
1.22818554225956
1.26449508525683
1.24817889502149
0.787772660133332
1.37179404546715
1.4375413775075
0.776747828687662
0.876004403298358
0.971658759254705
1.0435944401137
0.819955917377147
0.974890779811547
0.884320665064331
1.09534709722222
0.791399120917794
0.73539745795177
0.855122964365991
1.00305530806258
1.26180725715012
1.134069166574
1.25630217098462
1.20794261595446
0.796765848483982
0.859219353956123
0.739354778359002
0.568546099575685
0.603575215585979
0.730881442260055
0.466970631545103
0.659544833790594
0.597751629714585
0.475803124754301
0.906959012300897
0.905866744900781
0.781289701933564
0.75869054675686
0.791498671867856
0.883189780625368
0.874845292484041
0.837158844421613
1.26631292159288
1.780772417955
1.33981379240897
1.35671600909236
1.89053368240862
2.00477415542584
2.60212168581217
2.08803469506269
2.76364587278083
2.34223770944763
1.16060826959041
1.98553246361664
1.63603506369261
1.5316346976826
1.50956799806381
1.75738718812948
1.55607624905022
2.11658759401823
2.19613644485268
2.09350978238514
2.52925989433509
2.85549077962149
2.50433549737633
2.4658042763198
2.14341956159675
1.89912795104086
1.92171527092837
1.70822501991492
0.536093723671039
0.589280649763058
0.597839515724469
0.75156200180103
0.676111463353163
1.05269657131108
0.84658303413961
1.0193453238529
0.913397468447718
0.820308561870347
0.984879983124515
1.0479581499835
0.841941565650788
0.90421563119391
0.975023068266876
0.843747065238731
0.815724919111755
0.768761167548835
0.824897045192876
0.815386992584883
0.777844340947988
0.77130480236487
1.1332394877207
0.715553555247237
0.852078390734351
1.18251439495128
0.890968276051411
0.976533767432147
0.961470336020081
1.11001539889366
1.23645766927771
1.90465403885437
1.88362081480337
2.04230198225375
2.09334558294073
2.21717321798595
2.18724403744931
2.10727343791279
2.13538246408882
0.839327750986975
1.0100473894517
0.955014466842149
1.20531289596959
1.34504004088293
0.793595156280797
0.67938775877175
0.991161562689985
1.06434611173961
0.963959704528785
0.869683252294766
0.592057099548187
0.733245001158737
1.14927314741529
1.02473421487963
1.12095601189348
0.89290077394282
0.783048350830413
1.02643824219038
0.908861004255117
1.02474212369921
1.04734339069094
0.776330544736357
1.68245273511005
0.51820511493074
0.954520550753631
1.01910347727027
1.30362608908626
1.58639914281081
0.702173603661916
0.73117364454844
0.765188334151319
0.938049763669176
2.60847250794924
1.28094445232389
0.77445472091123
0.501154384538171
0.701420850488114
0.691836340905182
1.10342576255769
0.714583656710419
0.958998088890368
1.05416305085726
2.51423304268778
2.13732204386931
1.72639619212368
2.02089419847115
0.879155909373167
2.20622249424545
2.11425112558853
0.837571714829669
0.751849196479225
0.759123545831547
0.593309263880205
0.760308523142215
1.00592584141349
2.42649360301231
1.88547848611355
0.914436670108465
0.674090366069153
2.17766878351053
0.768597493195162
0.811403133802489
1.08527789601216
0.880769001462192
0.963360528629047
1.39117088582083
1.30698143658255
1.28187686865669
0.83120863676165
1.07294883153185
0.98783474526866
0.924251036344966
1.79443749471101
0.712153858232871
2.58294887551173
1.41616302076327
0.795125227529041
0.607251692264686
0.818516858756698
0.732731569315986
0.912900084882572
0.849945028820924
0.657377388546745
0.694929241849294
0.833853543866842
0.755393464995516
2.17505185684436
1.85172923236985
1.67339664340908
1.87765592193494
0.76768703351509
0.611665184606757
1.466074848777
0.752664221695974
0.944213233018681
0.870261905093307
0.882625481069076
0.805100218300818
0.768465379423539
1.58045390227247
1.29233921444631
1.34561237265725
0.826340383124869
0.854803011241999
0.843420529099862
0.84402348341347
0.984278264961093
0.504722616420344
0.779043438760168
1.88533146092712
0.858312597117033
0.9462778656167
1.39450929466977
1.12243895038292
1.47982776462048
1.01768738896541
0.831515466546765
0.768542700021669
1.01876911462453
1.03754692016693
0.978447424988484
1.12515177488285
1.30112731168692
1.31348588457321
1.37143203156719
1.37009391904404
1.35477101387574
0.805337457374742
0.609236454957709
0.641596302003356
0.730778677909507
1.29665819064055
0.660771271265204
0.677084948713264
0.899204696782092
0.931506392049932
2.1786343520048
1.91284260207389
1.98431065948768
0.879653824525194
1.00520584233533
0.852496619948808
0.824102504432149
0.85047443306239
1.2801766032093
1.24211496157901
1.18893016178728
0.984079663406869
1.84881014903355
1.48090154226539
2.1745190878475
2.73279992016454
2.47914415474455
1.77463716400625
1.19341165510623
0.82008820860218
0.805403691986558
1.02662949021618
0.891135099137853
1.05181211608523
1.09959419130688
1.16393784323528
1.24473615788581
1.13505142979807
0.960029956030847
0.866178583352077
0.892651978413118
0.829299006349691
1.0495154974063
1.04915248159427
0.999023397655071
1.05937687840674
1.32673795420291
1.4419615518655
1.43954617534443
1.55185619000851
1.26824499745685
1.30603632445556
1.36792839595918
1.37112561854525
1.46972772555396
0.488339528927501
0.527721977788055
0.527199670628087
0.683946203369976
1.1421009957287
1.38642482505735
0.577127884040998
0.869874646440275
1.06991946883865
0.892033477274014
0.806485014938348
0.596356111563684
0.775557912678478
0.740014874546738
1.22258572251884
1.571413899501
0.918605079232808
0.661710652468126
1.18502613448918
1.43503550146773
1.4422163438929
1.72508914603679
1.96968995647917
0.79396729654287
0.776314682961692
0.750732716699845
1.01929525642851
0.813503096482153
1.85963530552069
1.25759860756802
0.819935420343264
1.32622893593744
0.878838542014334
1.72041822962291
1.2939395242637
1.39637711838506
0.986695697112081
0.810605246233738
0.988597578765266
0.798915734197665
1.26338432481529
0.985346027944809
0.975670061218683
0.656082024196419
0.944346431922527
0.545940717953768
0.992570950736069
1.42506500958889
1.03890916634686
1.45652675210636
0.783963746646575
1.04843302767238
0.975947584466529
0.786579434241305
0.63765685229242
0.776832164037828
1.19403337444564
0.566488631858549
0.955206454931674
0.753704642475894
0.825827915031338
1.3087922255271
1.30708638353609
1.71787826559443
0.736762516759072
2.13043478920197
1.05345116258144
1.25312412457504
0.742778841037415
1.39491984766276
1.93869078715926
1.36952436680656
0.94334472814968
1.3146769245098
0.897092361632056
2.28012053622104
0.860804733391255
0.948842297279769
0.965796271749702
0.915263596355012
0.700505187268409
2.0746298187028
0.730122190685461
0.796776547397297
1.0897797436385
0.541349708170323
1.07770180384493
0.676550700036451
0.558713646070269
0.812906954598224
1.23330188867723
0.760368726137655
1.15224224693004
1.88512293762408
0.623029642184468
1.6458506634971
1.89174191193058
1.37576777755158
0.572164337386989
0.816281909293787
1.22641793691136
1.07440361823693
1.86272275697028
1.17089397662659
1.11218254880274
0.859909683501815
0.641670406909762
1.98292986813608
1.70892583332741
0.748264779306585
1.14339076497604
1.00610034381772
1.09825944022062
1.30059506679399
1.0436554319476
0.817356107230864
1.23160127098532
0.821819425875606
1.67265102546468
0.933506241146256
0.839249147198582
0.883034939375731
0.54347488976178
0.972338200350686
0.698457470750115
2.072237589645
0.864802717253191
0.902317194737686
0.724598383730836
1.70725231593391
0.840407808794963
0.770650266996352
0.9297122362838
1.25027180110232
1.52445927905099
0.874018260874458
1.46020751799392
0.904032929332042
0.746301635477273
1.10809049150869
0.804086056503192
1.2745671920453
0.843442846347011
1.06885817878313
0.909470055554824
1.11400690381578
0.987392946118162
0.782534554235088
0.715942267909082
0.894543846293361
0.848043911592493
0.740665104301289
0.715224341683183
2.29983171172526
0.673770120769167
1.01976661192106
1.11700473520496
0.730327367437934
0.97642746673025
0.882353450142064
1.67490263956335
0.999889267999003
1.23189407879599
1.14527962004726
1.31972784850067
0.781506751870497
1.1340592929787
1.07230184523884
1.42018285780715
1.57967963059805
1.51180225528114
0.768900084562972
1.64180456038128
0.864931322111973
1.05705541198025
1.59780118760945
0.648510703495982
0.901766852456552
1.63335621847282
0.806104115531047
0.787434208046247
2.17278812700574
1.01619879867039
0.888262169562228
0.944816277738521
0.794677605087475
1.31740181109884
1.09964613886572
0.9250746069978
0.720962187544496
1.00384868369389
0.720163682003688
1.62257722406334
0.584515113506507
0.956988442887033
1.86830408343556
1.44278526997935
2.12933211697639
0.899087409396544
0.869997998172883
1.25229489071955
0.99846998332762
2.16140864212264
0.863674199156411
1.78377231966145
2.01333709446464
1.36477745914792
0.790249356223538
0.768819006532992
1.03954107224545
0.928255232845829
1.62912934366449
1.37815405091166
2.28222653077496
0.687527081760154
0.941812582313573
1.23577979105664
1.03213491130946
1.01306342640704
0.759908348919785
0.666877054081314
1.84691867509789
1.48551156464077
2.40217897472433
0.802674942171529
0.802183247335381
0.707029590093128
1.22059940776844
1.86127691627339
1.15972346350963
1.38875819846686
0.777950780232167
0.93698670024856
0.97339241476602
1.39058341642016
2.04429995589751
0.861223472955807
0.922903894786268
0.787381346527872
0.729150137437571
1.95273362541653
1.84144168409225
0.815626327940624
0.615974932760633
0.805776647513419
1.06348591261654
1.79623438727075
0.761887200917917
0.829568239306457
0.604581887595852
0.506363310835233
1.79044473301816
0.77854797641382
0.776029561430878
1.04236149782578
0.865420071901798
0.549567691224048
0.73246809833467
0.79950372630323
0.790301093678586
0.842477381487303
0.844038934880501
1.02391623942897
1.72371082160044
0.568886935656055
0.939458969450292
1.18656776418868
2.29077488070876
1.10419138028715
0.775514301144192
0.708958933121816
1.07659861352029
2.47613347022984
1.38256518519513
2.46909758925419
1.41868184767374
1.47295262651255
2.49491658299208
0.863594829085516
0.893792786493574
0.818104716130094
1.5089999901921
0.920257938005172
1.03447267246413
0.814764539194808
1.09293699906686
0.904052505242878
0.972166055757073
0.908481589617834
0.776332526565653
1.75131258211348
0.560203967832466
0.863840941799149
1.58242912813533
0.713481393198957
0.822252774539106
1.53653371805423
0.995568251273244
1.34328133171119
0.565990678730965
0.484921931950377
0.55603221398626
2.65533194958007
1.35446255587101
1.36358675479442
1.19013478982251
0.800460210087079
1.17083001305365
0.789894888328736
1.27090059426301
1.17835977568746
0.694811639976468
1.24490943386258
0.982630428937648
0.904942084579956
0.7907275876259
1.76509446498439
1.81791282599919
2.30846195802948
2.42156406320444
0.750516727343553
1.09017288226119
1.04917592506574
0.840016097144848
2.24174212842808
0.818759163492227
0.927116935952047
1.22806117171351
1.61702975035245
0.819511240889169
0.667164023426094
0.699575943579814
1.15164701245245
0.957273783129163
0.948491237325256
0.834534024556342
0.772948260707863
0.824960699876054
0.915211830312708
2.08953817502344
0.776685815379273
0.719877566269891
0.782669714597432
1.10521550376027
1.07531856898479
2.36954616873503
1.83549313861744
1.10005677961975
0.664683592614088
1.11011367687301
0.737293891808247
2.35265654972881
1.56646306449678
1.04877705695724
1.54125229639138
0.822917301759575
0.857419974039526
0.742066148424624
0.707406447649092
1.21971287044167
0.86891842466343
0.755546579174281
1.16893960405019
1.602020227079
0.791349405865818
1.39502468496483
1.42166307797435
0.741011353223978
1.35178301730778
0.961321601471616
0.761970508894681
1.70655975880909
1.97891882700743
1.9755669719387
1.04153671539114
1.99565706614183
0.771074153676369
0.72246882219097
0.821731631937746
0.778942152385651
0.828053319844029
2.72954326202754
0.815897773958625
2.44393524640833
0.570696654721531
0.894933501187238
1.81279867956203
0.722704283703748
0.749884977581372
0.89692240219028
1.01939490948487
1.52713396185779
0.762959738351962
2.12672106851074
0.802458131300347
0.901577494909205
0.770375219777725
0.669277157460908
0.598986779116687
0.708180100182854
0.723306714515477
2.24265114338404
2.80991103530111
1.29668319612175
0.863650867729282
1.17694813570041
1.96975244999775
1.13423500948072
2.79895700650404
0.891854925202826
1.02748561570954
1.06369940052373
1.21004220000242
2.70808168317212
0.830818594115877
0.818299541609238
1.19756832479069
1.53836823147584
1.06433176480177
1.24329701045902
0.708007788940317
1.30406016012521
2.2311920218469
0.573776561039178
0.744366307119077
0.782831018555804
0.759911616204475
0.767327202196272
0.758999021714025
0.976986738663128
0.944165948539903
1.76487278468141
0.682038039069817
0.569869917655588
0.843324557616035
0.965919613908926
0.905687053737756
0.6320132060367
1.04526356491101
0.955991967269342
1.36340183104599
1.34563868358213
1.33089650305566
0.781440939444973
0.83161761176372
1.06998729472938
0.80894100711101
1.86033884685349
0.819709631983982
2.16520930878906
1.20449245039156
0.822015310675897
1.49008872908889
0.663114646167742
0.840943627499485
1.11287904134155
1.04162142044865
0.954759129265485
1.1025754720251
1.90456663589869
0.858867946864375
1.36913476590868
0.83542749647427
1.22846992350998
1.10766677972339
0.783215601554334
2.30229055808638
0.787858929519157
1.1388162662476
0.752318914646057
0.65761009750694
0.819219667611397
2.02910645854967
0.999673391062333
0.764119375346115
1.0461535372617
0.847523588742422
0.845978594092807
0.824378597095782
1.33605187864983
0.710603779939749
2.07280144617963
2.06972371651495
0.923073035979962
1.16718783947344
1.27571929797493
0.963047842811162
1.16703012457781
1.27644894751936
1.06997471644949
0.908207467132734
0.901425045633938
0.854941303933041
0.962565084756673
0.932479259566559
0.919480808482899
1.18603078352871
0.906494365506896
2.37123996899792
0.893587989752206
1.49508800902559
0.896932576490447
0.830296424396725
0.641318551465881
0.670479277096368
1.79632212238058
1.18288313155362
2.2741233914636
1.22620175874102
1.74373231866903
0.775859998767655
0.95832958919336
1.80067586754444
0.787366105314284
0.83077003807174
0.685029191391104
1.86189407807528
0.731953308381628
1.00332429978609
2.46929720233123
2.01698040517938
1.17403918248349
2.07539276482881
2.00892166398537
0.773248857819624
0.708069092293816
0.764488148155899
1.17117908273424
1.29395276001996
0.968728515931633
0.83851447736397
0.955852503401463
0.84190735305272
1.9798535290547
0.997951781181854
1.21484234549618
1.10626467627132
1.28717170804642
0.880595291619106
0.887702756341284
1.0518074559726
1.98278797122884
0.749832100742376
1.46723456176079
1.374995307283
1.34995809181847
0.565784571595414
0.588817334232982
0.79709840340252
0.805748075705414
0.768634383877399
0.791151822518576
1.67959964940082
1.04486144629369
0.77993326152343
1.36656528211353
1.37660327727243
1.53340316556627
1.02650040663861
0.927933474945113
0.788624380798531
1.02931688408779
1.99737694658343
0.96323303612263
1.71968580698699
1.56525474585349
1.45978383578845
1.21325903583029
0.885578411252863
1.29027505707507
1.04658523207143
1.47718440318815
1.38654900621766
1.63663572341139
0.829300075515639
1.06854589034952
0.803899317804779
1.19283359318119
1.18128524484459
1.14578555744779
1.03487854560002
1.05894090165653
1.07684522341792
0.940251138650955
1.14978139682585
1.2025953779713
1.28446479120649
1.086547627846
0.993865722884336
1.00713158890245
1.2178750073118
0.966995916559352
0.828828768299428
1.00441928758894
1.16411942704281
1.1480361814478
1.05688995581314
0.961868713094423
1.35124047787689
0.972910392748132
1.46545796405332
1.00629884770131
0.843231718617712
0.919482175579808
0.955751563420663
1.17220428040999
0.900983529593964
1.63975547974006
0.763239285395146
1.30713851532926
1.50070007915834
1.2660989697806
0.871626925779548
0.974241635982325
1.0099093069825
1.26830877120368
0.921792429839813
0.934767998073827
0.911167627603608
1.27169523139185
1.12488151162562
0.926230336536229
0.890519660400508
1.35497686708405
0.980773033569241
1.01432534846231
0.917168133856037
1.10962453322618
1.21521421560723
1.56590214526692
1.09908051681488
1.06212533442143
1.13336233628906
1.0075713643506
1.20366583294643
0.973211604843365
1.57331558724443
1.32489404264118
0.767408076286245
0.797382603166425
0.989371036748224
0.987225905436663
1.11250693806961
0.993214853140693
1.21346320374654
1.0598810030885
1.11892252044932
1.21906895562291
0.828549969834528
0.969265393775459
0.963965422737352
0.923355895943647
0.982383047139042
0.916522124690752
1.01297192713509
0.98561879257327
1.15837742562001
0.88525230977878
0.941602818402137
0.950363074043963
1.00906682381817
0.878652288578695
0.949441625938886
0.831832058013435
0.855595272648489
1.19900680843088
1.14892310573005
1.17691151999734
1.08932290410624
0.856989754351237
1.23742835771797
1.18450860461258
1.02408955177301
1.07174100917893
1.32029851852632
1.27298525176526
1.18006339490222
1.43141504988448
1.21640635783983
1.20178846192671
0.940377013720864
0.933612576545121
1.04334208585949
1.07042897644833
0.967925902832459
0.90088576646742
0.938549843476909
1.10320344767395
1.23015240598291
1.58613968691502
1.0353597812797
0.887214737463853
1.16602001270877
0.924299153957979
1.5831109079258
1.69109524424663
0.763400764465972
0.943978093595579
1.05943489370354
1.40685890004629
0.840743416596728
1.01605666455105
0.853837756125802
1.56424686161288
0.80147885673918
0.85662114952549
0.897116410339637
1.74067835965501
1.17408553004439
1.31158390951454
0.988214872099026
1.03520055303194
0.791821694606453
0.842165048814641
0.960732684626184
0.785922927698051
0.892181274125152
0.867040843513566
1.16629220129277
0.969716419143176
1.31031053358133
1.14185057454022
0.956478703479782
1.02644537920815
1.06083715982511
0.959508131356611
0.834237997394302
1.16407592989195
0.963356896542198
1.24560596136654
0.86136795394152
0.891459164514783
0.874951732970977
0.955474698985905
1.25745670631168
0.930181454550859
0.912363200972959
1.31652320627845
1.2253718054351
1.40485414902679
0.933732735561872
1.00546364038297
0.934179320748585
0.957322095076053
0.978089057738221
0.885942734427528
0.938846582831983
1.03733067796595
0.965595535366378
1.13443042840574
0.890597791775066
0.921609647949166
0.959784015629518
0.970469847606985
0.823485429662417
0.963882675904257
1.04692005109903
1.32498629868498
0.964245705115426
1.06835476850355
1.0136033489121
1.09310965674166
1.49219671328196
0.877576196680448
