0.58337388778526
0.715080007418939
0.944582594040262
0.924526793587687
0.710704874254439
0.701999985557777
0.872331008545636
0.946193288784546
1.06507205971318
0.84333564686765
0.71586658823229
0.678504561148205
0.809104777903185
1.78185617875145
1.07731940478811
0.73305495456604
0.694269213102442
0.656481565866723
0.804650688565752
0.627800250166119
0.54977473897057
0.711040567246222
0.769765319204985
1.38538944087021
0.973775879666587
0.845776170860839
0.725725239353113
1.66459814476257
0.697152020887619
1.07550309629733
0.82774935510522
0.761749954017479
0.653643466145904
0.889867029292811
0.874379336169423
0.881977671508289
0.6457573327669
0.733582594479694
0.773283931693981
0.783909446907607
0.7292242192371
0.990975484277762
1.56483463599785
0.709364228332433
1.10747259281621
0.641029519955101
0.786030132419274
0.743218515787287
0.82519545675586
1.35408559101025
0.699308598395314
1.04024776377768
1.26366620786325
0.854481610358096
0.739736845049387
1.68031619975839
1.47524887434965
0.945756668774223
0.766199326750545
1.82206009804421
0.766413245810496
0.713938358764045
1.02028268819373
0.999152362285501
0.932805113227912
0.735307655290088
0.76163034862443
0.819560558099739
0.94079473387863
0.766607172788066
0.750265854873825
0.693908870139155
0.901460924606764
0.849478160679516
0.72934457644095
0.750651487745882
1.02379474356677
0.804664390209154
0.728036895237949
0.708012009955505
0.803232958259008
0.797481713838122
0.739404839495545
0.918638262518853
0.845128134226272
1.51810560908894
1.62147580082011
0.641393667586922
0.748248834928048
0.65525722058266
1.196724854703
0.663732028434349
0.792673861976103
0.722336868260803
0.681557664529618
0.835749407868436
0.639928712680932
0.682418565982701
0.678126957799305
0.712275440184539
1.32943403068645
0.585488648468693
1.18756387170187
1.43389677779991
1.74230839891528
0.874951607046019
0.675851669788033
0.763226854521405
0.710640544753986
1.82892273576831
1.52305808708681
1.77007954556398
0.81436471038339
0.759254558580984
0.709714876616005
0.812700635517522
0.65406429150439
1.02077746902807
0.8040461618476
0.972082305480624
0.77020392696182
0.965464421359857
0.858281052680296
0.85121541164222
0.907592070593775
0.70047603489263
0.7846607118042
0.65728670634189
0.618995499672971
0.818043658751846
1.26182627641538
0.904015417221128
1.24012295985437
1.16654995217996
1.43279395644402
1.41326557824615
1.1914176317642
1.39802579761002
1.3029557875936
1.0574218013955
0.703276324139198
0.964938321705062
0.748562164168981
0.598277741345235
0.937799854792139
0.78460574312948
0.784652209818326
0.988611886873204
0.880039823435516
0.892304410529732
0.917973295791394
0.786397966444496
0.736448139609521
0.577703477367792
0.607169510034636
0.664428623474504
0.571957364771667
0.622139298196386
0.784336415182278
0.688925526153183
0.490987202505989
0.540227209725278
0.538265418055592
0.610629094712169
0.718441006208147
2.19217049574063
3.06282915769822
2.27973583779059
2.29130963896373
2.43691899174214
2.19290615451485
1.50904488818489
2.42675699782774
1.941625046005
2.82314709254243
1.76318276644648
2.48712498964567
2.44239619838366
3.48519486908609
1.9093151062845
2.13422812398739
1.4547487786328
1.66560278378163
1.71087761282458
1.45190359081787
0.831834554937813
1.60876038903199
1.38655602223661
0.901120394213637
1.19040012633338
1.06162500068042
1.05491687484892
0.823997799635287
1.23964092891358
0.882890236414181
0.945473116152697
0.822610899181647
1.01741543788143
1.24452416485344
1.15419209823105
0.744540832520873
1.10889474886601
0.71322166292531
1.12402633605457
0.7046937245504
0.686319197166733
0.852924095301584
0.544666511950212
0.600148659488265
0.617960240370175
0.609127381086648
0.864566993411252
0.740888732484243
0.547631305410123
0.861174968048205
0.912538134173418
0.772291080176221
0.735037792862282
0.674120043082685
0.88066092100848
0.93393826792979
0.813124740548131
1.2204521853665
2.36212963610148
1.29833033979044
1.25245375894148
1.98051464519888
1.904106202071
2.61294533561199
2.19840364848915
2.78040131655409
2.4085003589057
1.06873557586041
3.12465865470382
1.84895306073841
1.24343727278147
2.00781965679405
2.17255217821143
1.57330023385112
2.13487518280599
2.27514121228556
2.17940443473812
2.58054657429366
2.83441260789479
2.64337261791893
2.46016554473503
1.78940030014973
2.00919668000486
1.90715893963318
1.70803541703371
0.531475892138077
0.581689335165983
0.569559366133427
0.846934107762882
0.731899514453028
0.982550478117134
0.845458456163426
0.970927001646241
0.846232185800983
0.777626051552838
0.840221377906319
1.03713080379348
0.907216557509916
0.862094388428825
1.00759101921631
0.841840154616092
0.84000510191134
1.49600411363639
1.94203412458106
0.814440135943942
1.20740616501336
0.747435868980142
0.893418489073215
0.793171569776784
0.879879509759288
1.2087369548103
1.02125086169401
1.02090180467924
0.93732462160141
1.08220279721008
1.2930067525951
1.91019326130244
1.0414624908647
1.824325781128
1.13827454250977
2.22420415851113
2.21696625901419
2.17272949733196
2.00628336789237
0.896066296982342
0.95151548201528
0.911167081582433
1.0956464108967
1.64259790807059
0.757866946908996
0.63495990219257
0.960895115421832
1.13155193771247
1.28990339904156
0.886181221283242
0.727478891528109
0.741668099925245
1.47706398161137
1.29226559051969
1.38643134812204
0.871099247900282
0.728367990691779
1.02180499391338
1.1377647151725
0.933398703553678
1.08128203869075
0.741920287415882
1.46250131564163
0.755365156810735
0.883883804229965
0.870768323948469
1.38467642000192
1.80635216623931
0.614666246709704
0.684207907384354
0.775772147673026
0.841065877090132
2.35127859992714
1.10044870873983
0.853298786468534
0.545516476593252
0.758399514749482
0.734666049923315
1.06499724273032
0.794920045795756
0.803017011034288
1.34795659672888
2.59450192633518
2.28590807599483
1.45089190985213
1.86034761988229
0.862954189515808
2.2917228060417
2.05087693040137
0.833136735519386
0.736344880489904
0.924594746511502
0.606071423849527
0.732690089843925
1.13276272719481
2.11276694840892
1.58297693304362
0.951392167117773
0.721040794792098
2.65332468743282
0.856251182900299
0.937813004970173
1.0631104580016
0.885575160501546
0.77675252279024
1.74858271629978
1.37224548119617
0.766128849510853
0.692204581606724
0.973321124841704
0.902258109711192
0.84248931373832
1.8095970297127
0.749657196460604
2.9184319350856
1.44688104397655
0.799350088714255
0.696987424539462
0.843455616765489
1.02364000730621
0.806578860503506
0.865253569390469
0.604233727035121
0.642361246851699
0.788437765888473
0.691093032616159
2.03096126242226
2.42265692288404
1.59991628329524
1.67689523102777
0.869207163269653
0.732494783580237
1.69505629704297
0.792026375004351
0.842894639595965
0.793839509032605
0.923820414170901
0.627185438869081
0.797738682761101
0.899649805270405
1.09166532179268
1.32131335015898
0.78000202307153
0.788424775463831
1.38550553871823
0.976444870323537
0.779484844273089
0.676733644418106
0.983061099038306
1.93932117972938
0.687072050041753
0.805703770282166
1.56820764279493
1.14085436015206
1.42260605401252
0.929120116226802
0.758187477624902
0.665787481619184
0.964189005762335
0.841542152071035
0.917206963315501
1.06469842888047
1.56405043187502
1.37618509531993
1.72554168991602
1.53655924618303
1.52842064215237
0.920192935818702
0.637709370321462
0.555128047188183
0.629855349782477
1.70683409347597
0.645746460663487
0.629249481394097
0.841123561420606
0.927925876230712
1.87448414230394
1.23988625976547
2.12646100063726
0.906000875763026
1.00752865230243
0.818901503411437
0.878912117258422
0.828115160543435
0.997677138554706
0.970572681515007
0.815036085444858
1.03999903955797
2.26297965740484
1.90523633722484
2.43211784310207
2.74412865676968
2.22902850602068
1.55022737269824
1.64970930358857
0.748724450408402
0.797553016458756
0.980818276097586
0.95503786077537
1.1260587143449
1.21165742711116
1.06731636679005
1.07157081694946
0.885724279010685
0.882822978654159
0.851706811425491
0.890636477994865
0.867917385863887
1.11116265098649
1.02602172919543
1.16438159191499
0.999079518288271
1.65439510407248
1.64746732494906
1.65264514370882
1.71038587190729
1.64823640617184
1.60135143290355
1.60828075339449
1.50884341619522
1.6247020251632
0.584513928793009
0.627115134826114
0.576451873402013
0.665655469886935
1.06871498499616
1.18148931851571
0.645518535863375
0.950529155920309
1.37494260967684
0.842392270014005
0.734015894702236
0.552394288529781
0.665480790607189
0.775217960448868
1.19187914738599
1.41200214071634
0.864233193287277
0.67183042930131
1.17713921999462
1.29430834643041
1.20422780365045
1.52164935173769
2.04839558080055
0.696766656862131
0.690251683199278
0.723586572995609
0.922396507796417
0.74461209579521
0.725715223600168
1.25016379658985
0.629685226775396
1.3970006820665
0.761884811531452
1.87127385930149
0.869275882212173
1.26080358664549
1.21647626402622
0.846797681344168
1.22215240393555
0.81302441821776
0.995778789106933
0.838904482699068
0.730753916525046
0.617976223643879
1.09390994709295
0.59507198317074
1.01148554451826
1.72275087332091
0.821556215922676
1.60145654352741
0.990856577592984
0.918050556012354
1.02317434637789
0.731107666262762
0.792312885916689
0.631666008507226
1.00058922742752
0.668126921475264
0.90562985442325
0.84239590261751
1.15040541925519
1.43585744327553
1.05650412690351
1.57859932563673
0.831686797745875
2.09005166626581
0.778626487750091
0.691455509296024
0.713032246642403
1.2192736846314
1.69725894788461
1.1835121505526
0.758411644872348
1.16246549507589
0.847750716856251
2.24824608340624
0.767548172914189
0.887595017543783
0.769881861043168
1.19497649374305
0.676919771771936
2.00209446739575
0.729060146388113
1.22728797157546
0.927216369823487
0.564947437100198
1.06770945483185
0.628906786964915
0.549862398192662
0.739989268723362
0.826509506101542
1.15104892301062
1.19934690160786
1.58812430625815
0.713013298043152
1.00030114949628
1.65586025855282
1.61523628532413
0.548624661819734
1.43861032770845
1.52771468007933
1.08575702727093
0.816270752899541
1.09419230477392
0.996032497401366
0.843435079170187
0.645897052622815
1.93675525209445
0.690675103202165
0.674018174168756
0.828473047226965
1.10087754968442
1.11993876829871
0.926418792557377
0.990847924524832
0.716356382326256
1.21735807320629
1.02964922538316
1.87449817305536
0.854784439033451
0.782529657563269
0.974399797660225
0.566665823077247
1.20090039757336
0.671144785241768
2.89028958436976
0.915908378626573
0.989946753024297
0.826036139445317
1.86035755304175
0.887664224508943
0.826899436342554
0.924894756579898
1.0585630741101
1.28908132613488
0.749136324289535
1.47963247092238
0.880559330033786
0.78975211928853
1.03975645526115
1.59073834895447
1.49573778966229
0.77120513718008
0.986128992567862
0.897967788244161
1.24461828413669
1.2478315372724
0.722075752793558
0.647743578968522
1.02569345849505
1.05767262454493
0.733949660349913
0.738645656392568
2.33451906892813
0.68070175446466
0.938364846026837
1.43486489880205
0.683776168423768
1.09423457822329
0.890450920724442
1.86280206812024
0.834166819281161
0.836644048708039
0.744532988613164
1.35813920928533
0.93888142167853
1.03758499070495
1.10282409877004
1.54543496037717
1.70345810798072
1.63331988272893
0.716618792832537
1.77185777731017
0.703376707052283
1.20023410605277
1.68994924639726
0.676150685415447
0.832227340758896
1.41092574752489
0.705389387735506
0.723040217377487
2.286187436269
0.975475566424316
0.784945190577398
0.811181952413149
0.869727438529542
1.11915979722617
1.18634622709244
0.918176881133206
0.742647444532455
1.01045152279659
0.694701036949916
1.60249007092712
0.549541006641007
0.951962600331067
1.97257807625674
1.4153411541576
2.50084501841232
0.869077883967925
0.806506526540905
0.946026369255443
0.897090990889254
2.06103912347851
1.10955274168744
1.69102204194055
2.00964166673775
1.6194424019736
0.737439199473982
0.67730930461585
1.44827246004029
0.967433043166813
1.38339081311114
1.21069678986205
1.93521813704806
0.677378892302357
0.873143419960481
1.14758900145415
0.905115886624688
1.00463766019488
0.68366981257566
0.729487556591212
1.93246925428655
1.07535457458589
2.40842337796682
0.917745028632635
0.782182232596873
0.613139706945282
1.09766650648299
2.31071646032088
1.0614144091804
1.48821474077631
0.770550324583273
0.994868231098843
0.998213493658878
1.50256167429515
1.88282572770592
0.798514285492224
0.806995113518038
0.798300603078344
0.731653664749122
1.93468907275511
1.85284030200074
0.740942667313724
0.761691328139523
0.898836276996853
1.28134935897988
1.98833971624754
0.774172394264772
0.625991544444242
0.624562486344092
0.540969674440949
1.93220931235155
0.709788667239851
0.68534466087785
1.17090386384182
0.830379886875992
0.643117526910813
0.618280544501334
0.755343818981929
0.750128180655928
0.935480770482635
0.887672288624247
0.903722699909868
1.8183616883529
0.70269266575878
0.841803222643219
1.06635752261938
2.60588983761298
0.94444233399808
0.79705037279061
0.95943587408121
0.970633099341223
2.60588893373607
1.24610832066764
2.86841687129376
1.60019395423875
1.64028976347919
2.63518422932763
0.657020463528516
0.690947606229724
0.731330733099525
1.53854405797468
0.712348895822795
0.785207788232632
0.805179616066914
1.35156322640068
1.02964634432693
1.21070959736584
1.0231603252695
0.729035473933824
1.60866541402017
0.618438701294581
0.83072415002101
1.79418149470781
0.632083736707894
0.809149254085524
1.45811804054704
0.951177653893217
1.41707493212775
0.667041306560214
0.50919501133835
0.639972653100936
2.5521105666295
1.48502108890099
1.55318462881221
1.27124691450843
0.921842547938933
1.1460181378201
0.632563302193718
0.920983648152163
0.972852414786494
0.727351791258427
1.10272410028336
1.07708144744756
1.07932570187125
0.673116702724469
0.897247333414151
1.79764220653802
2.24727151493254
2.40185190482455
0.819186060515928
1.4935437508309
0.855487351609977
0.776684112673331
2.29527963395256
0.90038743819223
1.08942493011944
0.619632052084368
1.441363106699
0.800908509479424
0.751732007390585
0.640199603229642
1.38692495481212
1.24420197718369
0.874312404561823
0.859494678095702
0.742728588201515
1.09650149730374
1.06203686607399
1.79099178898322
1.05408909307226
0.840841709703092
0.82047008445685
1.20313670111583
0.958783032178147
2.33521625015187
1.82095015248903
0.974244759700504
0.632238745113751
0.99414088321881
0.699573916871943
2.31751195620297
1.33667344871226
0.950916789108897
1.72364345506267
0.736154254501416
0.756727539720676
0.672299036961184
0.673222693890431
1.15956849639361
1.01331257303902
0.877616397465447
1.02731530458025
1.36643016656058
0.876751176206712
0.947399001141588
1.66198279143563
0.761762430846364
1.24965269391403
0.991830571806552
0.835607134243347
1.57028124796434
1.69185672366479
2.81434701037307
0.955709867022598
1.80390432078171
0.718180999803403
0.787388528199637
0.819692917152207
0.791786507039758
0.748979162541784
2.78182290953391
0.79474442591333
2.63302231232256
0.653933815841359
0.973397902181696
1.91429137263401
0.769346291973335
0.834019238637776
0.724366844412961
0.877655208838899
1.1531109602559
0.735828740685428
2.28478083480013
0.790011001458559
0.850172279150095
0.751757137018117
0.634332784780397
0.545688654083294
0.68470342998862
0.650498247037017
1.92747766401074
2.55212137887243
0.864094706692075
0.908317698839185
1.21396637528746
2.01238097419441
0.849113942363822
2.60410825492032
0.82316387485911
1.02578514568446
0.956016558608098
1.18023740923769
2.76660641085896
0.844817238859981
0.773830564248357
1.03337663312843
1.26601646560121
0.820485361058417
1.0384820162512
0.710365430235977
0.797459997166128
2.29760737930449
0.61393260898388
0.702846023644935
0.872379268952034
0.899879209112783
0.68608408768096
0.869127101265439
0.884577642473605
0.86925747996163
1.61715077521982
0.609252873742524
0.672559075065286
0.839086669833199
0.940840219065354
0.927679198541099
0.603221262811873
1.11175461175701
0.938674387685491
1.6083772610016
1.48731958138099
1.43114119393039
0.701916185036334
0.851733297450827
0.951966910910867
0.745837081146625
1.94703406177354
0.741618936369899
2.27064675854526
1.52469581130159
0.865506251977484
1.34112996746887
0.938608058369828
0.875334939895687
1.00451112806926
0.749128833437391
0.72510437943198
0.808310655916791
2.0638092307914
0.740015865810325
1.2546146362267
0.664370796643543
1.03411944035553
1.42027609356334
0.940255575907561
2.43612516478603
0.824212173179205
1.07720319343838
0.733840955938317
0.556013930837566
0.948027393853355
1.22389852752278
0.876841555159977
0.962295765354819
1.3162994375396
0.635728284416945
0.812218492994386
0.66718454358221
1.24099804023741
0.806053371989286
2.18701518630581
2.79343764980503
0.821337893815467
1.62537193968432
1.29553485687661
1.26882576691137
0.946213969873953
1.01633687045291
1.33151175136963
0.786631192455276
0.804202945385224
0.771024220158485
0.882421159756137
0.803456659634758
0.950575555504622
0.875708707012826
0.811498617529053
2.3884486242063
1.09837126016281
1.30198106383418
0.871955938702684
0.637548254516655
0.58051506377472
0.668295545746983
0.683198987919953
1.47300314699481
2.9525840759802
0.695407240709686
1.7128476682867
0.71251647617461
1.18879249551767
1.61105854112308
0.964163084796197
0.842705105213914
0.701087065818037
2.66942571214387
0.776104839187812
0.718542369776163
2.51007353855726
2.01807913473107
1.12541748888586
2.01095888563899
1.80358668070875
0.66373390706995
0.806281925608932
0.701058104611338
1.13906372543297
1.33609344126227
0.884113922662375
0.7062229373456
1.13595842012497
0.782793419151461
1.76352940056762
0.994845634502286
1.23618544399591
1.11075935072187
1.64886614873019
0.823084133954615
0.728270637393395
1.05175907108422
1.83928537692809
0.929678187548953
1.34766239602812
1.14442733563005
1.14520893617462
0.54319317204583
0.653201682623642
1.5206064696849
0.70292719990953
0.695411006769695
0.647431011903488
1.73686631930402
1.1147786910799
0.730204721746421
1.4549992520826
1.55554021945929
1.63430034035831
0.920156518552198
0.86271273375463
0.824525252527953
0.988792242883729
2.39577544694786
1.12204893115268
1.45656674871409
1.39254593499485
1.57230948734761
1.01943191115849
1.05258340423829
0.808566599312305
0.89482380422028
1.67381734819668
1.32750095838522
1.78748654038726
0.732361648488443
0.972241856181415
0.662930902805419
1.01902073705142
1.07161919793317
0.623505551508426
0.697092933975904
0.889385776083383
0.910457456671599
0.684635544982296
0.858776787939782
0.972465944749148
1.16891044720593
0.848123387347708
0.750164514632525
0.760841093666987
0.92900374979933
0.722016809501908
0.631015947865435
0.607420235444993
0.601407216540087
0.901695399695791
0.746943495749087
0.749880145772718
1.00722687692393
0.783782578787189
1.43457807883076
0.784095759567186
0.737524389695349
0.733943110608177
0.596428324188829
0.705705316299505
0.684526508948028
1.49745389813053
0.624907996707627
0.574410246609048
0.494433705318506
1.17866396901547
0.733910937617724
0.802222008554444
0.875533619999639
0.898923334717648
0.694162177907813
0.72647221960119
0.824034728536752
1.08011240444503
0.957594302793491
0.740899750088325
0.742276236949715
1.31125524413504
0.748803700932564
0.708356966960825
0.680646152219175
0.696788073146126
0.632015240961456
1.29182436073855
0.798430630820216
0.903367339936311
0.836655792588828
0.748928156027592
0.938034084389099
0.703664421929378
1.50107604128049
1.06762483440159
0.581829650075309
0.611389170276042
0.580980021872576
0.745436052761856
0.823378794150873
0.74922573944529
0.998819470896835
0.809762400138672
0.809088771759777
0.913222081007412
0.699414084235578
0.745738195825713
0.705405635369155
0.804040488454035
0.803219824217006
0.775301658531169
0.810255051521905
0.793795807501799
0.988473754274951
0.78434853771584
0.759341466536746
0.717405994476752
0.768585222461013
0.711242387711803
0.751399464986095
0.67798235930154
0.668590215813918
1.07900688642321
0.937938431517529
0.664170743623941
0.639104112975453
0.666103790777741
0.791898914925521
0.846551411554852
0.845993014156036
0.906272245984056
1.03301198755858
1.06107925097909
1.02057395365837
0.499294796328462
0.566675042843316
0.57668508322858
0.712504167544087
0.73230540737121
0.846087442240498
0.857255169999903
0.736328081498218
0.706637155974445
0.718482232914147
0.730142986996299
0.901588046432245
1.28790964798218
0.769216131980465
0.660284170925018
0.68085459347354
0.760654304214001
1.58222519422901
1.63066184268737
0.619111866439537
0.738884754180814
0.824201843174535
1.41667616414216
0.766655688523108
0.73085805776689
0.752197970402064
0.511459315156694
0.715979796242349
0.739298096663335
0.812846853727673
1.58879619792835
0.706641898333376
1.28112314547884
0.7393619196478
0.89540479197948
0.583748967672535
0.568647854503232
0.568574172444565
0.583346445449418
0.612839025553935
0.601057289870088
0.844617790369594
0.717644156482426
1.14502769403574
0.559856171325063
0.720522403724844
0.844361342056582
0.918129872716815
0.844683122426098
0.707794949817255
1.03744364832473
0.740780292255017
1.17254960147534
0.774704485679137
0.744390684491713
0.748952896934794
0.776941304131746
1.09070483791701
0.789014817011504
0.679070771436624
0.656749494808488
0.738546299424471
1.13952160782036
0.674462309389047
0.846958457439914
0.816983125196651
0.826269299475906
0.816647398625884
0.748664787359223
0.796889123917949
0.66978096818373
0.677468916275825
0.619446218834853
0.763175181804261
0.728223167259513
0.802132259948773
0.73131711715089
0.688725684500942
0.742898419838516
0.886730010575315
0.957925554517767
0.803280735430799
0.910088573331879
0.774797015231656
0.854557122221942
1.52096540676447
0.67327793543031
