0.586232261541136
0.717200162293228
0.944810880693717
0.924785440760489
0.711842998825056
0.702986289809268
0.872986829488548
0.946712564560938
1.06530259186011
0.845792605025656
0.718711627490015
0.680139431815973
0.80120552713945
1.78077562588703
1.07784260720163
0.731828077596357
0.693069955867682
0.653959629015632
0.804279301384838
0.630007617580062
0.552720412021838
0.711650545804946
0.769481316482584
1.38309252742383
0.969150439358038
0.847547259039865
0.72815951047113
1.66488254694063
0.698521468545746
1.07599221780157
0.828602637856753
0.763892425395815
0.64753277658324
0.890003315221042
0.874850869512514
0.879249109053061
0.643930066053987
0.734603451524227
0.774748445024176
0.785909935580864
0.729042588644906
0.988238613878641
1.56340180543153
0.710656396799642
1.10354182260528
0.639299005699203
0.789276752258938
0.745198406914401
0.826395867625847
1.35502704417064
0.700701635030721
1.04055070653205
1.26077178162464
0.855113829189168
0.740888791475692
1.67912448819426
1.47339254872625
0.939919105385484
0.767222243738644
1.82147281755116
0.76446199472224
0.705364288269404
1.01940980760403
0.995078604914754
0.934254889133495
0.736280315697474
0.764071051817403
0.817829562158341
0.936870809496341
0.767669210794402
0.751459808547349
0.694126622646067
0.901730436652943
0.849415116456957
0.731325894473916
0.750264267647005
1.0189915864345
0.805793841901701
0.729147215861267
0.70930231052139
0.805219162261799
0.798286153413143
0.741219825694369
0.91895039855879
0.845775322366122
1.51647051114312
1.62020026106448
0.639095381271906
0.751494454103801
0.655410976512257
1.19767035473508
0.662290986575115
0.793464299006885
0.724565384364872
0.684004008067299
0.837518073263736
0.63587330657332
0.683434546380214
0.670278612128677
0.713607114485724
1.32687071059844
0.588173909700632
1.18422631461549
1.43182195520365
1.74114825890566
0.868074196570824
0.677051753836479
0.764327696670828
0.712009394232549
1.82802430492664
1.52373274181955
1.7698976312674
0.817319802487176
0.750755525412577
0.707276200503707
0.81149937179563
0.651029013649744
1.03180512517154
0.802010945095026
0.970034006960493
0.770477721270532
0.965544272015716
0.858411404097667
0.851685541313344
0.907195355011701
0.70087853215143
0.784941348673088
0.658034880171761
0.619855979681958
0.817797722103774
1.26144088713681
0.904469428438586
1.23972522188952
1.16625221918382
1.43301932044347
1.41281895799532
1.19211651504043
1.39842537073203
1.30260705374954
1.05839829785791
0.676572096234993
0.962915518949717
0.748667427920079
0.598320054517921
0.937213568708118
0.78477590178339
0.783367175081093
0.988988197487481
0.881138877937657
0.893401667105306
0.928990038331413
0.794685754071056
0.737729770019771
0.57783643894391
0.607018787269708
0.664011015200596
0.571977410990777
0.622748279215311
0.784451523836299
0.688464825788081
0.490884443128964
0.54058208077512
0.538773482830869
0.608825050900603
0.718407230914427
2.19113807007354
3.05985217781552
2.28011183315788
2.2939390191474
2.43668482997314
2.1926423260994
1.50739766696141
2.43919545597721
1.94368610696532
2.82270587860188
1.76552839580814
2.48143829823306
2.44488607277661
3.48331470335197
1.90866465776356
2.13392759654796
1.45390577845147
1.66415112143896
1.70958922442665
1.45126283858706
0.832348597296856
1.60751507769315
1.37759997589384
0.900444758950718
1.18933872209242
1.06157482628756
1.05513769555766
0.824983508906921
1.23823704263356
0.883373870209886
0.945749320738137
0.823734648451365
1.01771899993031
1.24457911420249
1.1540673936628
0.744792136342032
1.10876385800156
0.713812212430101
1.12359021528045
0.70892255404101
0.672508856108335
0.852532454711571
0.545574263175072
0.600607056374917
0.618361813016641
0.602099109106135
0.849771904002114
0.738415135761449
0.546870577709877
0.862129872714968
0.917013268629209
0.765649414412319
0.733696671851198
0.674361372777929
0.879687336591056
0.933145665263025
0.813357772720537
1.21910778079284
2.36504780924279
1.30007640717272
1.25265303471649
1.97809359137136
1.90414739179788
2.61199016894006
2.19760280223908
2.77944958617648
2.40758002828259
1.06922460355104
3.12316016420783
1.84916095042431
1.24495791917509
2.00595925823949
2.17040645789655
1.57473850319031
2.13588257840301
2.27453031746111
2.17920755496029
2.58052263549722
2.83249475395163
2.64232907860964
2.46000993792912
1.79179981269662
2.01019050979912
1.90781048434845
1.72059178589763
0.531718671446872
0.58185667304271
0.570164100362471
0.847268307063373
0.734158849771737
0.981709665412513
0.844971379095322
0.969935447041995
0.846100838736498
0.774171729067125
0.840712680455686
1.03638016556952
0.906909058229638
0.862124667009733
1.00706124091924
0.842043066098501
0.839636726952929
1.49509693989471
1.93956715871328
0.798891393630531
1.20719313795756
0.748939141625025
0.894487126557818
0.793433184637007
0.879967310735924
1.20732505624526
1.02139969158326
1.02160104281842
0.937405059523137
1.08175422495171
1.29379422069359
1.91065517866323
1.04311848859442
1.82364381978602
1.14021830600695
2.22350376354277
2.21676460650187
2.17337448109182
2.00609493877611
0.901582368422283
0.952068856322295
0.911412465803556
1.09515900447801
1.64167770753956
0.757653308262871
0.635396064871815
0.961199886106108
1.13118758794251
1.28975517154892
0.885300779186397
0.7270084245384
0.743814145661252
1.47547552245548
1.29354566247628
1.38501418818154
0.871329350911255
0.72172069059724
1.02193424002039
1.12966909635482
0.928375411894116
1.08272375880106
0.744686203212964
1.46194514898297
0.753994474214417
0.883671373557397
0.860983328544514
1.38398328553097
1.80910198598244
0.610016545566238
0.684151572454537
0.777913993305584
0.840335843899297
2.365085927424
1.09948365711055
0.857733007065148
0.546214207512607
0.758458107689906
0.733950032094525
1.06571804449078
0.794339016219092
0.800735437634389
1.34315231906795
2.59455435457921
2.28508720036025
1.45113730514531
1.861481694584
0.862111076231243
2.29039143385782
2.05156708543997
0.836505651355409
0.735907238741566
0.924719357896096
0.606149926494239
0.732611930788444
1.13242795964739
2.1229487102955
1.58285891821011
0.950786356462035
0.722172206721362
2.6532186301627
0.852154084906739
0.93724440446041
1.06247956599638
0.886133729403721
0.76559316630532
1.74743607199482
1.36985489333329
0.766785665261567
0.69549473813168
0.973461528909372
0.902495977368882
0.842010708106836
1.80896923828371
0.749440617143027
2.95538833677089
1.44620726452025
0.799659798770106
0.698307591271076
0.845725030558061
1.01798840980201
0.805445663026642
0.867283036575756
0.604341031572752
0.641234844559294
0.7866500094068
0.68985947646387
2.03150370163017
2.42133470026361
1.59531926316596
1.67747272454002
0.870704751368765
0.734168455753611
1.69939992546468
0.7972292325389
0.842185478093445
0.797873211019152
0.92668638624967
0.627352161675912
0.797194364609538
0.901295508352979
1.09240759672786
1.31324793935194
0.78393644357267
0.785291741623049
1.38573217218511
0.978644476083294
0.767186980241282
0.66790183287723
0.973951730815589
1.93700965156119
0.675836885263041
0.795549195191509
1.56719867225545
1.14124696283346
1.42302048380816
0.929400691534627
0.75876689731659
0.666473216806436
0.964618840231844
0.842027736294067
0.917482605425421
1.06420285206061
1.56328262352511
1.37237475112471
1.72479217955544
1.53414260650991
1.52687340499457
0.920953778393055
0.63747093885596
0.554495518025385
0.630018067668608
1.70579162861595
0.643122072879515
0.629660662695426
0.84006467181387
0.92943024165712
1.87358242223327
1.24036678248436
2.12673877480637
0.908661663570139
1.01001708901834
0.820950894350348
0.884941692065461
0.832374011029664
0.997393294636287
0.970427603588729
0.815371713497855
1.04009028149003
2.26161122078568
1.90471846175281
2.43198989355879
2.74276663071026
2.22968124095888
1.55222150746952
1.64852018450314
0.749701984462621
0.80031784920939
0.980815815196459
0.955198799834545
1.12546410025599
1.21058085341777
1.06692788201374
1.07118950436374
0.886004153498289
0.883123421937167
0.850835058421964
0.888662907962137
0.867726642632912
1.11106611842286
1.02618169506497
1.1638310094779
0.999086548982168
1.65306421138892
1.64915992326785
1.65290886705078
1.71044432817779
1.64694527336974
1.60043282492076
1.60720159455295
1.50722232058019
1.63058252289077
0.582706668629814
0.627907722021354
0.575554743847083
0.665699655300505
1.06514959221797
1.17716499862245
0.645127469418889
0.95160902875627
1.37480940366459
0.83594462252875
0.737344005698391
0.552175219709518
0.667166073118122
0.776843354522278
1.18861784168414
1.40623390120412
0.864684799803962
0.671593126958235
1.17745467092997
1.2926080102447
1.20479377364741
1.52318153959349
2.04765157070766
0.697431377403309
0.691096846590341
0.723227000851774
0.917564768449276
0.745133763829323
0.728279628593875
1.24729182928272
0.623711753373179
1.39481032583317
0.76275190928901
1.87070429970016
0.869477294407688
1.2609705834829
1.21555834813656
0.847813392933596
1.21866021778858
0.814842638595351
0.99584483255827
0.839516751688248
0.731766827128816
0.617669102900427
1.09407004637909
0.594928152874053
1.01157434160974
1.7235928990973
0.818495448084732
1.60075077809977
0.984803628979118
0.911503405781986
1.02352354853614
0.736888081990774
0.793414730460979
0.632322755013984
1.00047793774746
0.6676670091739
0.906546180128754
0.848488052578244
1.15091307159082
1.43599037046509
1.05435829861725
1.58061469999064
0.83297451164161
2.08975023685237
0.779416814712351
0.692122224884726
0.711681548030842
1.21492083365289
1.69709174054816
1.17784806411218
0.748218886810882
1.14674051818799
0.848008295926499
2.24798016551239
0.768355760016916
0.890497230710904
0.770949830940754
1.18686994640344
0.678199598540739
2.00235443697937
0.728194913102724
1.22370573372184
0.927259684375491
0.564932497601079
1.06761412633287
0.62850896098938
0.549616662057654
0.740779018263663
0.826656333014345
1.14450748009471
1.19938351839945
1.59014712087063
0.712982552662166
1.00028197432592
1.65691876295962
1.61452198955719
0.54942652332054
1.43828809491594
1.52764670576155
1.08525821648791
0.818224117743472
1.09026735242278
0.990806823273128
0.844261174595418
0.646216439141578
1.93663240544406
0.693207357593566
0.674198738109188
0.829073804828165
1.10202953650433
1.11823150126171
0.926771073170328
0.992572306775607
0.711768750450082
1.21458806171117
1.02983939178998
1.87533438767961
0.853552477537471
0.785886037657588
0.973078130695745
0.56653343308562
1.19942163993849
0.670090963712451
2.88609058832363
0.916520397005157
0.990325115819551
0.825913958259839
1.86583604021837
0.884421791711664
0.830734218528746
0.927759868644635
1.05577570745573
1.28678871342137
0.735620608646056
1.47867765782402
0.880897667857885
0.789748696825264
1.03741208798823
1.58942083012007
1.49887244449285
0.771801468542575
0.987384032933045
0.898254423680698
1.24547853884336
1.24761895559058
0.722446730862914
0.648195824535815
1.02709165485565
1.0578870385328
0.732594845420097
0.738671497285711
2.33427830137253
0.678401497392693
0.938675085806004
1.43134004303015
0.683470602189778
1.09423770305497
0.88823940548333
1.86309590251849
0.825696150310759
0.837090045398477
0.745296764971322
1.35409691689548
0.941579173013981
1.0376079275311
1.1018819891072
1.54409121225623
1.70274191461923
1.63242533288887
0.715954945412975
1.77046710190152
0.701185442028631
1.19848136091252
1.68888815879937
0.675903923321952
0.83155812030675
1.40757741762153
0.707877775705877
0.726179636231551
2.28553935050921
0.975773480897367
0.785642479349456
0.812105301761043
0.869645756263236
1.11382156139881
1.18474771250452
0.918479274027344
0.732570004811127
1.01047366419196
0.692374608853729
1.60359857117238
0.549412196512874
0.949460242948425
1.96530744348525
1.40462209252336
2.49958439462513
0.871679937635877
0.794171862485376
0.945970256550088
0.897370071917907
2.0613154576001
1.10445547048153
1.68638072130693
2.00803853555971
1.61818186494828
0.74139439366207
0.679146834817636
1.44792566260499
0.967855266112254
1.38366363815019
1.21141939833614
1.93643078218852
0.677747540011262
0.873319280395914
1.14743397155346
0.904059940038037
1.00523810597698
0.686619180401024
0.729386438652956
1.93244085940646
1.07426144926481
2.4146911662704
0.92557022191132
0.784260462441118
0.612692218274769
1.09730428842811
2.31120050130325
1.05543817421911
1.48328865219021
0.77021630189448
0.993975698723715
0.997707186916756
1.50089520739206
1.88399504669683
0.799726556620506
0.803820684804497
0.800069597164719
0.733701663203944
1.93298198507705
1.85141576772775
0.742807106714874
0.762530855512502
0.898168918681096
1.28085244990044
1.98998037771057
0.776129635820379
0.623065663511999
0.624380541572738
0.540733817910961
1.92960756917568
0.715816985551139
0.68689848676341
1.17002937457871
0.830701236240235
0.644256250440321
0.618900915607816
0.755689668341302
0.750155141827888
0.936749996865803
0.888176142778488
0.904310173117382
1.81744836310258
0.695743063835037
0.83338107760325
1.06368159197861
2.60614247130021
0.942542296388116
0.796416966377958
0.959889018143329
0.971078385208192
2.61561077311245
1.24660482095464
2.88484609398967
1.59974408386122
1.64044991819322
2.63199014141946
0.648505208862757
0.681055098837725
0.718903133413204
1.53820613130663
0.709591507604282
0.766794993203204
0.811848610066659
1.35269093576403
1.02993653367583
1.2115894604786
1.02282974039689
0.729484935751299
1.609441111356
0.618280088414402
0.834540769404041
1.79884351991709
0.633438717931074
0.811596411104164
1.4545757555434
0.951340057351171
1.414956821815
0.667236512576219
0.509475124647772
0.640563067187103
2.55042208824283
1.48326323761074
1.55184721832185
1.26776444781535
0.920696725287607
1.14633524412124
0.629074910302643
0.920851486214487
0.972874042968939
0.72406180627353
1.10284957192861
1.07687829078172
1.0792141324863
0.673937241818623
0.898255610958767
1.80128395743556
2.24786257043953
2.40164974767286
0.828693513749287
1.49341948605938
0.843903098825292
0.779269894939441
2.2945625423593
0.899748781738824
1.08419600953424
0.620372892613613
1.44292438890903
0.800380282664502
0.75330036469125
0.638157872298814
1.38474193034528
1.2364831720221
0.871914861357628
0.855877279042652
0.743149607344377
1.08366134157264
1.05801989571129
1.79253406304564
1.05160314023081
0.841041828891339
0.820835057428022
1.20319498136342
0.957967530720119
2.35410867412763
1.82239619313613
0.972548642966447
0.631276334211944
0.993968525632316
0.699718092789996
2.31706273955138
1.33697184361063
0.951097700696914
1.72482514355733
0.735427232437141
0.755650512202862
0.670464675492919
0.672426774424088
1.15495158399549
1.01446398340312
0.880262799463616
1.02702896686893
1.36686960292773
0.882573754416778
0.948747316198755
1.66258664552937
0.763185995592083
1.24910216501253
0.991621161642102
0.83507981759783
1.57154016257465
1.69159829511632
2.81272092984757
0.955828836794609
1.80445442571462
0.717728507710426
0.784568456941094
0.820791417415309
0.793187118811787
0.750362964844849
2.77991842530796
0.79539097070519
2.63332854027251
0.653985354223015
0.972997612413617
1.91343716356277
0.771113884760738
0.835294448161799
0.712606962044105
0.878057766565014
1.15382900244012
0.735507495851475
2.28327026797996
0.791083835834488
0.850812326164346
0.755802600710619
0.63360024055489
0.545387578693683
0.684556371949051
0.650435831200521
1.93056044760563
2.55497633567183
0.864652740990047
0.908774067485046
1.21370209368904
2.01196260092829
0.84653221345069
2.60302468100454
0.823264771186462
1.02212251277868
0.956203986580157
1.18081671406963
2.76549712516355
0.846596703940913
0.777867491276096
1.02961299506526
1.26723166671136
0.820998221637094
1.03828623124082
0.709691055079769
0.798030285576344
2.29690534510632
0.613756410054943
0.701716829660801
0.86223389472676
0.89584537166631
0.684564028691647
0.869991478065686
0.884718630620632
0.869247179023668
1.61374348864219
0.610678244279816
0.672175249774304
0.840246917722935
0.941962776688353
0.929250759668015
0.602992887652912
1.11252500611071
0.938945904405773
1.60718529455935
1.48536317718229
1.42908923995583
0.704863611875056
0.852624649231556
0.952047156957389
0.750356204196081
1.94642093960002
0.744820358877068
2.27065456355052
1.5246447142926
0.854241255351325
1.33566145105374
0.938545744399426
0.876558606178296
1.00051296522053
0.731314755953577
0.710578086177786
0.809090227637807
2.06312669019547
0.743862067817923
1.255877662823
0.666116268699513
1.03021057262127
1.41964178743075
0.940952314329885
2.4345097379528
0.827356920945512
1.07765869655921
0.736033523776852
0.555631579441359
0.948987605132136
1.22530957136872
0.869573445210973
0.954978881139177
1.31477014429013
0.629876688939817
0.812492668000976
0.657683443341612
1.2414436091147
0.805919010204329
2.1868903939673
2.79296403683639
0.811049491319384
1.62436154251161
1.29256241969095
1.26836516740714
0.947550800477508
1.01608936177053
1.32864073629551
0.787459487207533
0.805058969519542
0.771725098404283
0.882784033856538
0.801840237352777
0.950972979923571
0.876030805924447
0.815002108021264
2.38763670755035
1.09888609094186
1.29688824867292
0.87245337455771
0.637247848633628
0.580264916614145
0.668541751521032
0.685632954717737
1.47311536010616
2.95582650934723
0.696160663167084
1.71341179294731
0.712855917548581
1.18373652036308
1.61137556471989
0.961923142721627
0.838142265764178
0.702318870983409
2.66861167198772
0.779747134572561
0.719629278341295
2.50940019608887
2.01747632815335
1.12256729742511
2.0110478480681
1.80438282242067
0.666483813551057
0.805513371056031
0.70133536943625
1.13880529178661
1.33364201652345
0.883663759402733
0.704542892230532
1.13601292297173
0.781655155715055
1.76510597230621
0.990980872724751
1.23594551654289
1.11173820433721
1.64807190360467
0.825007905130969
0.72939348715271
1.05190698772287
1.84127314326482
0.930445983091752
1.34784350655844
1.14364157808556
1.14236741770938
0.543293083445433
0.652997021749602
1.5178771644764
0.703718706492099
0.695748513595427
0.64848039017602
1.7356203117016
1.11449877558049
0.729896462887524
1.4530614017772
1.5542902077443
1.63448922126471
0.919713151822194
0.863045333719167
0.826859352442096
0.988876721298664
2.39663241714476
1.12215529130041
1.45781156805581
1.39407176638588
1.57110332811058
1.01917957532593
1.05289017052972
0.809067669224235
0.887860863899515
1.67823814550718
1.32607716228295
1.78664268758536
0.736695872851734
0.97205412314793
0.665743358591979
1.01653269802712
1.07155098438789
0.627582845425845
0.700158692427807
0.889879539184568
0.910691330561262
0.687086538037028
0.861071327446338
0.974264649503336
1.16997237048986
0.849488360555077
0.75113258895417
0.760287346598973
0.927275553702089
0.723315547416421
0.633388346319385
0.610648965269637
0.605614594864774
0.899011437030247
0.748545271070043
0.751167801657307
1.00770630073464
0.786170055342028
1.43247066351084
0.778179778293772
0.739277821881025
0.735636818404925
0.595354311882267
0.707240255596468
0.684506480940149
1.49644084034402
0.624078846792211
0.577544960957078
0.497487463035538
1.17543569920331
0.735824666752407
0.802519427749966
0.876092495855107
0.900088280464456
0.696629285487768
0.72474415637339
0.824643163688044
1.08084165208715
0.952949894750022
0.743201826622178
0.744069165526313
1.30864613462366
0.750483036308458
0.711076614311626
0.677063153837045
0.698398848870174
0.632039201484085
1.29186116822599
0.797724914638551
0.903659568445469
0.83663395361796
0.750360453682701
0.935484777276542
0.706156393674952
1.49939751622985
1.06584388714728
0.581026757241309
0.613000891921226
0.583365801627096
0.744742167652182
0.825840270830113
0.750738249471217
0.99571870513951
0.807973364730705
0.811377614968033
0.912915917583462
0.701701004344835
0.747503068245157
0.70791273590795
0.805013706607968
0.804326154882932
0.775512480883362
0.810869634904335
0.794460894578983
0.989626072187342
0.785647327368666
0.760743183239575
0.711660833661864
0.765901750641322
0.712880701779893
0.753549505070032
0.676688697918488
0.670445395932252
1.07514600833938
0.934405923264884
0.666810898745907
0.642446926814434
0.667112198642869
0.793156108086224
0.848582256022187
0.846336085777698
0.90647266988468
1.03371525889334
1.06237015876158
1.021583488808
0.502742913478273
0.570614506300897
0.580469133880588
0.714499015485705
0.734376119259167
0.839891742075617
0.852842242463244
0.737135406168876
0.708227971225843
0.719287606913988
0.731501482196004
0.901411796353231
1.28842001525801
0.771427274793627
0.657699763510778
0.679873238853232
0.763451089369307
1.58062886062521
1.62946458616429
0.618064913825299
0.740417384760578
0.821410991135385
1.41450084132068
0.768078840984475
0.732362696647336
0.752475581972217
0.514541330272683
0.717982891217107
0.741418259511134
0.81446410182286
1.58825013139381
0.707937038892697
1.27834000000474
0.741627519918826
0.895804463560839
0.582221636872986
0.568364885083501
0.569599196064564
0.584021546488711
0.615545352528794
0.603266221734901
0.844793499878779
0.718643256696698
1.14217944606564
0.562555431101217
0.71950192159295
0.844692543342599
0.918557306876094
0.845356024205117
0.710131106299538
1.0331119797362
0.733613026146701
1.16919871575373
0.77559795985843
0.7457910006056
0.750305409937773
0.774475136216851
1.09125704715521
0.789102303957622
0.673282591117502
0.659366660533168
0.739737585599501
1.13868743679059
0.676958835125602
0.847253412819114
0.817398220891153
0.827153186057407
0.81706962317982
0.750377823276859
0.798651376490252
0.672458924514507
0.68014840507159
0.622604808801696
0.764562132434119
0.730120386841872
0.803141271883869
0.727816242563094
0.687483603466718
0.744515912616671
0.887075884428153
0.95866669368405
0.805871583266227
0.911792641570401
0.776683491521497
0.856002013827625
1.519201839652
0.673685119417298
