0.851188223313932
0.825505716813971
0.945639787730767
0.924612875986139
0.768612877172153
0.797478222795228
0.957778738117814
1.01851891099964
1.11451665997234
0.839522580482151
0.777469813396664
0.764676892670789
0.914860666761385
1.78892334534536
1.47565578193437
0.912354778713767
0.857709461253553
0.813966726657651
0.992254340008935
0.903527612033858
0.8423173302267
0.735605956717118
0.771624121504182
1.38437363865545
1.29674706579402
0.970979118202132
0.772920550635531
1.82506143269155
0.749932981186582
1.05572884229231
0.876834615062504
0.877030351038639
0.78877452785432
0.88641476403952
0.895494878169888
1.12906343990038
0.793923006348802
0.795842622925298
0.853107093921884
0.967218880178577
0.739675456508203
1.39938793518951
1.55172597869019
0.763111416814889
1.15398859766816
0.762014969192719
0.810415137062788
0.777016947469632
0.873149268877609
1.65512543887019
0.752516194751866
1.0620486667817
1.28208107885987
0.920905216808914
0.791562688218989
1.66914921148187
1.4650559314759
1.02349444550932
0.81668166078145
1.87426696086459
0.929056457167459
0.839954805895257
1.43889331953915
1.36352684554428
0.913213816041736
0.96812754205481
0.798691265320417
1.03105342598765
1.22433347155262
0.820747072716725
0.778110993570865
0.713226649893549
0.899184862023739
0.845908578780473
0.782212684441882
0.755170947839243
1.08632379639958
0.868280902434561
0.78474214541539
0.760462544808776
0.920761494267938
0.86128373870259
0.835602252017816
0.926427159066166
0.880554038137438
1.50576566228045
1.60825496043989
0.793267473574264
0.792024763981805
0.760525527195982
1.55820305224265
0.815047365735779
0.885465046287239
0.83851116787084
0.911852379796841
0.983982080176062
0.771677314933958
0.772865572754057
0.810787411738836
0.765072094215146
1.33696499791684
0.875086405842337
1.21956552634066
1.42707442887028
1.73684277420366
0.96681878837478
0.735587287438468
0.812901745477383
0.762293366924851
1.85065273110888
1.75123515485626
1.86897829473038
0.823925430292877
0.875305149606058
0.8694141238931
0.98182149589172
0.687625585953462
0.977775798711671
0.815232418041084
0.938888015182095
0.78923976704537
0.937568022630912
0.848947743839173
0.855990978479464
0.861857381446532
0.725877124309901
0.79495837532727
0.718939205452518
0.672674505917444
0.793506936296563
1.19675943883363
0.949183898961158
1.19528057854575
1.13518383882112
1.44133183168137
1.37063227164085
1.22930205180843
1.44213635197632
1.30807461425891
1.20574508065813
0.78833838805174
0.908873618044892
0.756295156050033
0.651203681087409
0.908051461470936
0.796337536459864
0.81310097180105
0.950642222248234
0.898695271750679
0.915892088353664
0.878552469739264
0.768265015625954
0.743264170564341
0.620186238029229
0.589017000556782
0.67074503061216
0.600216724669563
0.65396192930666
0.701016762957637
0.652553017031406
0.48353619917052
0.564425372837427
0.586613042361004
0.620426697341189
0.716997481243884
2.1558701603151
2.85259472929747
2.31700082716254
2.37849817950206
2.34578215519559
2.24038571375706
1.41984685820823
2.38383830942288
2.04648476815151
2.70316435790292
1.87293661677017
2.48214516155704
2.53526921070075
3.27594350323175
1.8370126087943
2.06953776501851
1.43131098978183
1.57503619435056
1.5823917256195
1.40285180813256
0.883856542859211
1.50174402016461
1.31065693840573
0.910001819654521
1.08767811525428
1.04132848794155
1.06102471849026
0.880889019091027
1.11194634524537
0.922954193163579
0.99156543861865
0.890949456736502
1.04621690416335
1.20534703828877
1.08985667139998
0.824641786969023
1.06312171977278
0.817106324092712
1.06050227669207
0.786201703504401
0.738715607825047
0.786694130436304
0.623525182561913
0.621525968190925
0.645112738324184
0.578196056991656
0.875063892750606
0.754841688987277
0.539554931973318
0.839093381846902
0.895222230977607
0.783012427077243
0.728688072368087
0.690137823541371
0.849586057115966
0.909137019034821
0.836466402129819
1.31863639156704
2.23945282198197
1.38929539698724
1.30620964621772
1.97324032023069
1.92167107071213
2.49818927269975
2.14631381678987
2.6657920482141
2.34193676187607
1.20225225103879
3.00397681615726
2.0184144831478
1.42149477562746
1.83079828002656
2.02975330368486
1.93371299560713
2.29070820964892
2.30052144010149
2.17908594921435
2.60246045158048
2.71287955305603
2.56547180115843
2.46394813500577
1.9575853870917
1.99403352905034
1.93806342980057
1.69150258772717
0.55364759666074
0.603552576352964
0.621935898716334
0.923136488972317
0.752366463834051
1.02990614403061
0.871101923146445
0.973577627708469
0.848454119878406
0.801727655181225
0.867860266994673
0.986751238740783
0.886496627501329
0.891013957512811
0.968083459357319
0.861968912628356
0.937163533168053
1.42097826996383
1.68179209565737
0.914357443774349
1.22781867625175
0.916260259296677
0.982161519577673
0.816351110540991
0.919234197034945
1.27170813879583
0.995238274483035
1.07086745236889
0.930285108884074
1.06151589474058
1.32338138394226
1.92231489097395
1.24458255034088
1.81306887611382
1.35872109998375
2.15645687385551
2.19545864841564
2.18113468053385
2.01641999752773
0.888303724221318
0.936138627541711
0.913083187170385
1.06002602272072
1.55461741828613
0.810794933832647
0.682138363244555
0.986023197315953
1.09596235770307
1.24951804202403
0.854974721562863
0.684038848665344
0.846992351785865
1.42579140993933
1.29514465434498
1.29720974234605
0.892469389509944
0.876251915305185
1.03861185955721
1.08790419037558
0.994238037091064
1.02521198491357
0.721408182579633
1.52505455571304
0.759253946517001
0.867847483241663
0.899121732519782
1.3523819436374
1.74092941633455
0.663905691267044
0.701110176761936
0.786873061389492
1.00009319678636
2.36150571783477
1.31079914953352
0.850154433637669
0.53786575763271
0.7207428340276
0.762004666834901
1.06891739063156
0.781614579378804
0.93778271884163
1.25784554600787
2.59791622232419
2.22426153703082
1.51713570600575
1.88537339951303
0.834142119576407
2.25183658499467
2.06688089703242
0.779291111603895
0.711164480183946
0.942397677284489
0.631326525348726
0.782435271132757
1.08891840883998
2.18652602259356
1.76980507537801
0.920059068055031
0.737093014552033
2.66637904823366
0.913892597734473
0.876387776145326
1.0711027179351
0.920443156743741
0.796568268127693
1.63030559306394
1.34353033663809
0.866048140749803
0.767869384825816
0.9562257396197
0.900659976581799
0.81916222732366
1.78512447192972
0.781997408928406
2.762486027034
1.5234217300945
0.837297625829936
0.705261056905157
0.840752733287286
1.03560032546131
0.936100915803974
0.870562871788044
0.63446687322774
0.669680825395955
0.778653369669022
0.695430540409691
2.13306764378572
2.52623751398375
1.87368625380364
1.71461062426035
0.847716078489114
0.762688351041843
1.64286390026552
0.817386449433065
0.851789111966437
0.822146468489379
0.928289306875102
0.757545488051657
0.797257811841175
1.0923012113983
1.18053106237828
1.30419665603673
0.810098927256503
0.780882692010644
1.3366752127783
1.0213928074709
0.808313154871862
0.670631484656725
0.946905201179198
1.93262146111085
0.825776369328526
0.908362123206901
1.51125108644351
1.16260539159992
1.47229300208232
0.917532743197472
0.802946480543759
0.720095490495472
0.989980882465174
0.863837619591062
0.905127103672987
1.04027898891987
1.46287994771809
1.31284370663395
1.59834618061758
1.45931464766644
1.46337594316032
0.95469797561072
0.661323946739286
0.62201748587087
0.698386527302876
1.57567174603162
0.674321546992311
0.641600298176459
0.818350532320923
1.00153683238639
1.88100559426132
1.38808947391328
2.0848724723416
0.915798465532437
0.989702840457932
0.843686108122455
0.874645966781735
0.831553441320727
1.01695613133744
1.0097755598175
0.869310068120481
1.04056494100688
2.1471794178643
1.78943082798856
2.35464472117778
2.63740933282741
2.27690910435398
1.71622766765499
1.53618076896228
0.777601288968542
0.806558270535053
0.980985924627877
0.951675371897416
1.09213305254773
1.13671166807357
1.06892806125811
1.08546607661134
0.913755146308273
0.875309290649332
0.832725999743784
0.868325156877932
0.838213050241828
1.09418413878664
1.03458240115045
1.10678084877374
0.9929868015904
1.57503262296985
1.59032246665131
1.58377597311117
1.66014819101166
1.53952370984548
1.50074933381432
1.52588526390856
1.46583397209814
1.58970392412409
0.549937980852156
0.6193434492568
0.533885317261044
0.707608649296941
1.1083922902302
1.44215879275363
0.62690313000854
1.02928486781271
1.3207689527387
0.934072287874324
0.757231422309984
0.559770338702144
0.726367359744752
0.85926910427707
1.19689022421997
1.66731292324331
0.888256646713117
0.673710623438468
1.11097231426995
1.68887583483051
1.62385383429758
1.84065774039395
2.01863999404193
0.753613238920124
0.718416327596931
0.729850916884929
0.991446347799653
0.800760111201044
1.01426654727505
1.25959330248146
0.784182154411827
1.37615299814828
0.80880773421907
1.8251054644667
0.938315570572585
1.29154173894316
1.15306438733921
0.902551191291459
1.14965205428965
0.851109690364825
1.00746514678512
0.867726395236511
0.77408844015688
0.669169753185704
1.09144139443671
0.567798280212217
1.02848247007921
1.62237650241842
0.967249921298771
1.55753286977572
1.04745850546084
0.995593508645197
1.03945757880135
0.726198892515885
0.814345248224383
0.790297499670483
1.01506260723411
0.645404950955174
0.938592612807148
0.838893814240658
1.13006564688062
1.38444464827966
1.17884238595531
1.67647032520203
0.895471231373818
2.11116170191388
0.817894371066136
0.79423681603448
0.760780533252708
1.58415872004518
1.86677502086182
1.50657295262545
0.874976426522146
1.20495719664068
0.861063536178583
2.21963898428584
0.815763216257065
0.875418995003056
0.813872344633711
1.15238243506821
0.663581576660087
1.98329543559364
0.742499877528605
1.22864642276335
0.931487080677655
0.569744755527344
1.06125804114299
0.64885950887531
0.5346125571369
0.797873572790869
0.886877419309491
1.16261570943042
1.12035445187987
1.66887670266448
0.682683589378287
1.1735174629993
1.88560294824302
1.53547610933565
0.545390295775342
1.34500654362732
1.42855767573785
1.04365965458991
1.07914213292486
1.13600932664176
1.05962097462289
0.891554740538642
0.685849382079942
1.9331154478002
0.963380065123764
0.69348089208844
0.873565451636074
1.0464598850265
1.11935620413987
0.985579145986423
0.953411086384654
0.751441851818862
1.22376817843972
1.02591193775702
1.8119662582006
0.940300491420679
0.811750057486675
1.01248116202465
0.570829246626625
1.13652741559977
0.679072026636859
2.83985424823946
0.950391411297583
1.00637496133775
0.811671923633744
1.81644199082815
0.859410509113943
0.821347876762217
0.909380172483463
1.30091224200318
1.51765354952318
0.867632485134559
1.47781594752943
0.90405887467427
0.788093085628901
1.07774543537882
1.4723762649615
1.47764953759962
0.816014683312646
1.07174329919793
0.929278798502694
1.34249198692793
1.21726521036159
0.772646336762907
0.698804233666273
1.01158182649833
1.0471414215851
0.76262117824531
0.749955433755903
2.28262040146792
0.69783837646623
0.953908802874014
1.3430984714989
0.741441648677097
1.08251071255278
0.95138533924375
1.83967309786679
0.932713918214186
0.898844145278899
0.806268224670271
1.32194844314651
0.911645772978984
1.14080899540512
1.16674940795703
1.51100077077056
1.67009623394978
1.60131460702371
0.721701745368879
1.72355392296335
0.844851925359547
1.13129113566833
2.00589490827806
0.704262684031525
0.819956132479194
1.63732561359661
0.756605261397425
0.833386180520976
2.2362020563185
0.997946176570595
0.827748361299143
0.853160413458625
0.806273364001389
1.41608065490023
1.18370320504986
0.942530541907048
0.802840765744404
1.0111303909167
0.705541808687622
1.58403635178046
0.550062126777602
0.962078876579633
2.03982413721603
1.36416846626767
2.3978635315673
0.848814681472356
0.907747248981447
0.964539190459422
0.909649410285854
2.07560255774027
1.10929084379412
1.90069940821609
2.17829206977863
1.5213126955431
0.768884830494462
0.733564936096142
1.38133136669389
1.04297063195758
1.58145399296076
1.38760612301623
2.05630864818538
0.695452504619594
0.868520396772816
1.09738551721777
1.09678952178838
1.04215131916681
0.691171363494743
0.745260332754714
1.94438113798969
1.20911260786374
2.40816131540952
0.900513806442405
0.885903825701286
0.683033999893607
1.06957664747276
2.437735648692
1.1003893226836
1.41903039012809
0.714305860471255
0.947817802081127
0.971325294339321
1.47283943741273
2.0750286273896
0.792971965261578
0.810109474392051
0.883847680343195
0.836007980121923
1.98129504281114
1.88099200847651
0.768925163070537
0.771940700700501
0.874600605656177
1.2672772431803
1.93618861154345
0.790583113338022
0.763208978783953
0.631167356976294
0.523696201204445
2.15867965420419
0.724547706795112
0.713194568927326
1.09346369827151
0.857550231785987
0.646664525905027
0.687503545828087
0.756750657948673
0.803894358076225
0.91523198537378
0.872443873414323
0.931974087986815
1.83227658144122
0.673420497201495
0.933298182574742
1.07564546135102
2.64038219117508
1.16642260734307
0.759070604535082
0.955848997668271
1.01173499478854
2.56688372644719
1.28953448359427
2.76404491105035
1.53991009673283
1.58446606032308
2.54974442518426
0.79909313054283
0.824381314617282
0.863097499307702
1.51638325754025
0.861240707076936
0.824831988154036
0.769454885133869
1.34194727350333
1.04410526452369
1.23703111244707
0.998724974883764
0.774366201776971
1.65138973996608
0.615361828167806
0.854680375431596
1.73722790636681
0.645369035187078
0.753209905340777
1.79701429972631
0.972980203751309
1.39902343080041
0.637496576825516
0.500874233560838
0.641878713607709
2.48569802199192
1.44149546960621
1.48653747006497
1.2508487122153
0.914414932424178
1.18172105383078
0.797122211353428
0.965452536301449
1.00975337802752
0.711739757187662
1.0783244318326
1.13841453609035
1.05018363214566
0.730280535977903
1.11687463411965
1.77751379206097
2.33109739566993
2.39648307739235
0.806688017018412
1.44871340227517
0.880674738637231
0.805161096154268
2.24896144917625
0.970615064251568
1.04024800325085
0.732599577310597
1.52056340307866
0.771859988120427
0.807483705373484
0.676552975423798
1.28880270729768
1.18019491322899
0.952607876955319
0.952206950371287
0.786416353070926
1.06538366660975
1.01605737246297
1.93643153210103
1.09823075481008
0.822768783948773
0.811325054848569
1.12851422172929
1.06293701618256
2.32759598362929
2.0746748322747
1.10028240351453
0.652328952464871
1.16331108342161
0.74738328922576
2.24991572506535
1.36672618781576
0.943003193569131
1.66367226091148
0.736040701353957
0.90218091044344
0.699677827724467
0.697191318921522
1.17090850287098
0.974356252542054
0.873526284676327
1.02733122153782
1.41001282482534
0.850932593367139
1.09478103288933
1.5566127543176
0.843349384190118
1.23946861328712
0.969111969165787
0.803031324179291
1.62309952136413
1.72669928845961
2.76935637098698
0.937624655254203
1.95417839472715
0.76326468929792
0.80305524736401
0.881043873804731
0.867036867139537
0.803605088230391
2.64463023379064
0.736158906299369
2.65779948549868
0.623798302560701
0.955554083349537
1.88516242103418
0.858076557763629
0.89747930789237
0.850114075642249
0.894650430152073
1.26313407198168
0.730172341950088
2.19742364571929
0.808946487642333
0.886736839159543
0.76454584529103
0.6875450126376
0.597651304667325
0.692788946843233
0.675047670567247
2.05230207314036
2.57596543344502
0.942970540489798
0.921763392169306
1.19978672322368
1.98353051569888
0.995928252691144
2.53874424780543
0.814117127152507
1.05435316441535
0.945661503821453
1.23066980547807
2.68569179434069
0.926849754155067
0.835310376361159
1.01852854749131
1.64947070188135
0.849036641089558
1.05867144654572
0.706679027170129
0.894766045958857
2.25523582036439
0.619570548761931
0.761801097767195
0.969657024166599
1.00454899748693
0.855983660495754
0.904349803385984
0.876812561139489
0.849563531636205
1.8113391607593
0.619108509241897
0.64917980528211
0.845456230536572
0.957022204886565
0.940838620159261
0.625189111791835
1.13323396316871
0.966366921394278
1.51984924009158
1.42746547447362
1.3936002277074
0.719714551172698
0.886896127599511
0.953143105425389
0.767197390761241
1.96613500761013
0.781615189913481
2.24241944939563
1.45177902843202
0.952669776867691
1.65907507961058
0.936010081943246
0.925319219090205
1.00114191101421
0.804516589356861
0.775336240824956
0.851748818007235
2.01178042764953
0.788347516034144
1.3695300793064
0.759326704392885
1.30138789831866
1.33773981758983
0.96579150189313
2.40921929522851
0.857802740137936
1.04843954619881
0.844559688068563
0.626022061553883
0.908426248663113
1.39666903145723
0.960897064832158
1.00098798591318
1.23511562686605
0.779093848219051
0.834598400422844
0.816169573111969
1.2802469132029
0.818211786370097
2.1644120704824
2.76096617186372
0.859309225197025
1.52428737503372
1.28078424090347
1.21127177611925
1.05830059408591
1.04929623546004
1.24567599710273
0.83022489125899
0.84854965292285
0.817352390259463
0.895924461478492
0.929559015839058
0.975907852579732
0.918157908330362
0.825524572908903
2.30409946811988
1.07911110480025
1.56048133425772
0.902433840912331
0.756740621950768
0.580459962416441
0.654020537336879
0.969099995950827
1.45507111786785
2.85574963893529
0.788717291048461
1.86497153002776
0.736608152596349
1.11706582352994
1.64320778909393
1.02446092675495
0.880180085699577
0.709874082920766
2.70218186772261
0.810069245418974
0.765604199686327
2.42067089259502
2.02096060200209
1.14831255300268
2.0170097345799
1.84606604733726
0.716817830867286
0.817085280505316
0.722302345102994
1.07596207149515
1.32240196807403
1.01831754112527
0.846578059923157
1.11827177734527
0.773277619202938
1.8231420489545
0.968356380494587
1.15481733597565
1.05023852810761
1.52428913193729
0.925866787798232
0.778838520225671
1.06058940023542
1.94062383939793
0.9554604825173
1.75227046512423
1.56433802594555
1.54528847728324
0.576481968506271
0.655174568607631
1.43141074129557
0.761543762366446
0.750983373543975
0.708534757350104
1.77023077188003
1.08945836949085
0.738025948420283
1.43369209481417
1.49577862691019
1.69635230233001
0.93101821122577
0.876722702283446
0.862439109896756
0.983158234646508
2.29591312633751
1.12195682354063
1.75973257279434
1.77654539697512
1.54424337249442
1.04232576486281
1.05835016263536
0.899643918151639
0.980420842486431
1.68988378469174
1.39960864258348
1.76809944588968
0.789403151604129
0.95567251410502
0.762203051111622
1.14195755312301
1.17081116418858
0.761242997184583
0.813572397148425
0.953626504339875
0.963678828852177
0.746430412088083
0.909897492980531
1.01434676284205
1.19308720142225
0.899403157066921
0.82459612105365
0.854841152381068
1.10400912847846
0.940352384452727
0.754750319998733
0.72644974285549
0.741721343911466
1.02082434484003
0.802571445905915
0.806912806112566
1.34075021870348
0.809713783004197
1.4732760713878
0.894260204028747
0.832283876197989
0.786964332888466
0.757908796153153
0.788012681436177
0.7785003176523
1.60491412408436
0.801189981674425
0.792768747929343
0.758852888082452
1.23116280334041
0.785124442757285
0.824385191432153
0.913371726358848
0.966558988463011
0.830124571902361
1.01225173137536
0.848738633907584
1.10591752788692
1.04058269305791
0.793261843049455
0.796369215318421
1.35095258210783
0.800314454013264
0.767695835210974
0.79774452998364
0.766910831777479
0.817534276576065
1.51923349730119
1.14717712401846
0.928751672283482
1.0545769157876
0.813596263380455
1.08222934826738
0.761890310648792
1.56366189486661
1.23140953193235
0.735794150087203
0.748912426827453
0.716711624427501
0.838085610609285
0.874934859635335
0.810184630778497
1.11057826901706
0.916520403026045
0.863662249022124
1.14651017594113
0.819368716672017
0.837633761789569
0.820898095806309
0.861725012777562
0.877273138739176
0.794997379223493
0.865718203518503
0.841015741880006
1.00196679209542
0.819112366802276
0.809735727142836
0.836424749203819
0.872113408414014
0.767439718070083
0.804440920005939
0.903990160343218
0.838756437374702
1.14257130680463
1.04005379333252
0.845385776347792
0.787467792232813
0.86423084265412
0.87388848631487
0.905120503667106
0.867995120245981
0.952655556390675
1.08340775922299
1.09823158694429
1.05248087526732
0.751982994874636
0.7346055379867
0.752428621860393
0.772826184805408
0.788070503849987
0.945942637306172
0.957999789730349
0.81194836097182
0.780070133763098
0.796850060935979
0.792165932626228
1.28158361344344
1.55713217552007
0.821414492076129
0.77744057839406
0.855277589836621
0.7990272681633
1.60878150479967
1.6878177186776
0.779759020269142
0.79028244262291
1.15574772358229
1.43423116867712
0.845997542747895
0.784172090518094
0.772557658398456
0.789982402013004
0.822013752851475
0.785121649955205
0.859536577686014
1.70565419478153
0.787673468069454
1.31041247121795
0.877890148053029
0.917537658500273
0.73636621556359
0.718800833530982
0.716516276878213
0.724507916888952
0.727481053594602
0.724231572700537
1.15981860373976
0.964580218424942
1.24267277783367
0.724317618154506
0.816026935737586
0.882624160448466
0.967709851718511
0.883739299538781
0.832442659055627
1.10304045504521
0.85907024196555
1.21616411138024
0.802602403693594
0.796720060324205
0.802595564208173
1.04031847746755
1.09806105224698
0.800571316010762
0.805530772745168
0.864078299078977
0.827933938737863
1.32971589484867
0.736222361781978
0.858383384029615
0.842143540917961
0.862970269181595
0.850253297352013
0.79441779640842
0.844271436804942
0.824869633563595
0.810204309827414
0.791234233515914
0.842020552268298
0.825582303953487
0.868303399881629
0.84061834119125
0.8887951521479
0.80356518978817
0.902484357718647
1.02698921961286
0.817254925817587
0.913875744392843
0.811382490985192
0.893861172272544
1.5324401651173
0.768472940862707
