0.616951744946414
0.72997376574829
0.949017783040441
0.929236954901345
0.759192048811518
0.736398937749023
0.901538163321555
0.972190780853902
1.08531278839301
0.853787560114051
0.732164782025518
0.695532514423991
0.80545823934132
1.74346023164982
1.08247840196778
0.762392208214956
0.725552914412476
0.686338992582066
0.83356849537548
0.661264008340776
0.585380231848526
0.729309393046825
0.779692854770669
1.33529628629259
0.986700635348731
0.863626916061036
0.757214108362387
1.64548026046585
0.746177508429419
1.08381388263037
0.835749554277789
0.777188222649747
0.663125722668154
0.895450812826874
0.88024488539243
0.901310684739328
0.676889451397341
0.775236838469075
0.784642341108109
0.807387314562804
0.743343598884633
1.00190447188862
1.51328376473064
0.762126305018262
1.08048845013772
0.655697172487394
0.798848125058707
0.767115981451336
0.863941618505034
1.34752041094005
0.750711178907768
1.05318020795998
1.2232128910943
0.890221057995875
0.785165666916168
1.63450089798067
1.42137310781864
0.931773332219089
0.817138152661339
1.79366284360764
0.793338337894254
0.717029532659134
1.02897239951955
1.0108163325877
0.941624717829311
0.765864370079913
0.788819506721284
0.84334412380843
0.956455397576999
0.811053187026231
0.770467991400437
0.710388923697892
0.906429325639835
0.856825632560343
0.76498850711789
0.762708557917983
1.00358218437936
0.814315086152477
0.771856151623459
0.755208788920329
0.819579074082285
0.836370908547191
0.752734270308479
0.923472999295867
0.851929154662978
1.46477662521589
1.57288237858393
0.671733359939175
0.76280329463381
0.671326994327826
1.19640550333426
0.695153227749974
0.823673136807782
0.737473888757344
0.709246834480957
0.855893476233686
0.652309596420235
0.71811363800387
0.684537961943045
0.764362785724331
1.28336037008845
0.619409210688257
1.15357798260797
1.38059816894097
1.7007100033293
0.866558887340745
0.726641846918267
0.814855501586952
0.760920486457619
1.79514483694726
1.51041323472799
1.74594936434684
0.825837856878058
0.759132866688734
0.737513262414572
0.840149228644075
0.650712116846022
1.0383309249631
0.802433385744677
0.975281546605567
0.772379233139884
0.968100284500542
0.860097080309773
0.852114081106861
0.910794118142239
0.701956265805597
0.786058280991923
0.657390027705249
0.618408056407909
0.822537134546477
1.26549893039598
0.903152330106258
1.24356841764626
1.17027888792152
1.43315915611584
1.41600107684442
1.19076285069961
1.39648092907321
1.29975936641662
1.05184017774737
0.672931599676842
0.963759254347218
0.745616591292903
0.595439055704415
0.936230118086964
0.784999464588991
0.782710897896295
0.987632668650717
0.880093773919746
0.892158503434302
0.929235014484138
0.796424168686595
0.737857722022443
0.578811186605505
0.609835760331625
0.665822776566288
0.573085701273086
0.623852611171137
0.787085156870219
0.68926554534218
0.491533042164457
0.539768254860155
0.537648270259473
0.610675688980225
0.717492979671795
2.18757531552777
3.06681276187795
2.27793039559597
2.28577471092459
2.43803781749888
2.18190568483826
1.50917617802183
2.4394158881503
1.94148913646576
2.82778035200987
1.75386949853378
2.47797969646648
2.44034439781712
3.49272752311336
1.91280870891083
2.13295900505432
1.44858789232338
1.66128052439537
1.70923943789509
1.4472339856311
0.82857586150779
1.60812551354991
1.38009783698269
0.900570803458418
1.19400265959461
1.06086621140831
1.05466968764347
0.821270039332792
1.24417386149461
0.881837617948252
0.944255133255476
0.820348579290686
1.01689055478296
1.24602193505937
1.15566072103231
0.746076195928388
1.10978551766233
0.713362156209724
1.12509378805555
0.711610223933977
0.671437626959493
0.85430598662126
0.543872915784435
0.602196655330387
0.617759322902339
0.601365936432277
0.844154186977968
0.734499298460623
0.545173951891518
0.863858252024955
0.917168083454067
0.765025608929247
0.733395005160256
0.67296767607958
0.880758134056178
0.930468690968919
0.812750273897058
1.21764873965628
2.37387348773993
1.29713620029167
1.25466223840165
1.979906443568
1.90310119627533
2.61402034755245
2.19592799874551
2.77816433391473
2.41241778828617
1.07129107811065
3.12934121677993
1.83642310608701
1.23548896751777
2.00612442170063
2.17089646602298
1.56900150597653
2.13166759812361
2.27206604499454
2.17422787077774
2.57815686270645
2.83885862291355
2.64105661148718
2.45519686276706
1.77984106205084
2.00625840452428
1.90626290310813
1.7210027143527
0.532471854837862
0.581248613997352
0.569850838371107
0.842315206038148
0.733352682268036
0.982202483277021
0.844792481539873
0.970644223674413
0.84528124634804
0.774865035521903
0.837879207999342
1.0386709114664
0.90560869178221
0.860120128174273
1.00795870331066
0.842015825199371
0.839010597534466
1.49711056872053
1.95313743579911
0.799531059415029
1.20674578312444
0.744381736363741
0.890778135842816
0.79364408410064
0.879399625939509
1.20610826569205
1.02489849751645
1.01881611917902
0.938810793905814
1.08263941965186
1.29286293340656
1.9110566499038
1.04002352790396
1.82872872204627
1.13458416416474
2.22846202790847
2.21535365128336
2.16958511032597
2.00544730392409
0.903687822371805
0.95421545473847
0.913320974863104
1.09994250222874
1.62481355424039
0.765277835762078
0.658905303046268
0.960989823716414
1.13681381158003
1.28707400693311
0.886417794809148
0.729850653963163
0.745288149461389
1.47087390238933
1.28651154101314
1.3878907668802
0.872523400748244
0.724000735273038
1.04297507685832
1.12825148732437
0.926098001193805
1.08317069019528
0.744828259423465
1.4701129564942
0.749286411754672
0.88804558524338
0.861128501515095
1.38503410279295
1.79664803440446
0.610205353730054
0.689572830487107
0.778720151986741
0.857667501351098
2.36437288396707
1.10485072003865
0.857792828351983
0.55036818321643
0.75924038109633
0.733093207935907
1.06517773086471
0.792774149515772
0.812358086551598
1.34397058976215
2.59035816349689
2.28690325095118
1.45448087009242
1.85369043645993
0.863152923387462
2.28814575052474
2.04140719161866
0.836759017048295
0.736246867795888
0.924810960097643
0.619787456602372
0.766812566323137
1.13253090818213
2.12078572697027
1.57729866719193
0.950032958924542
0.721988578957765
2.64665047395568
0.851886569210163
0.936033220180521
1.06291431797718
0.88843953106617
0.764483970420736
1.72284355074894
1.34417138156035
0.781808590435181
0.704658497542969
0.976355739898338
0.905764681686966
0.84502143575613
1.81103812284176
0.753740194347888
2.97240139761044
1.43893124705873
0.811991159753767
0.698919162143397
0.848064835706798
1.02009002152628
0.822111906315366
0.869608032134195
0.604345618753362
0.641861832363206
0.788975254578339
0.696982183787711
2.02258895756238
2.41999862607423
1.5940700044808
1.67309532156495
0.874139846163032
0.733583359366068
1.69678027743834
0.796175266896371
0.842617834916051
0.802633496664232
0.927090814401429
0.636590725165183
0.794929492069638
0.911561793608199
1.10191958530837
1.30595806977106
0.797594779144779
0.786628725470209
1.38718378293136
0.977454759241952
0.766827875665178
0.665786500519956
0.972507496133621
1.92938222267727
0.684532999436006
0.798800669140316
1.52497470804116
1.14135176177066
1.41789115809165
0.931817006877677
0.788334495274315
0.707993178755751
1.0020768957937
0.871183501836852
0.918954073259976
1.07555495581968
1.5624934041564
1.37386527483857
1.71328409267848
1.51626241999579
1.49296899887908
0.921725072434055
0.646957851479365
0.567676660302253
0.65898020820171
1.69496068481662
0.642768877532692
0.632673776384781
0.844598304041382
0.933951564405483
1.87860004876091
1.24831592698939
2.12819169085862
0.908467259755179
1.01138754033077
0.820221310371081
0.885333076154099
0.832240934021918
0.994782734229133
0.973443726287623
0.837757521830331
1.03973710450255
2.25694985670456
1.90104843213374
2.43125223123137
2.74311947391522
2.22357325694739
1.54318431327288
1.6444982129235
0.749939797926816
0.80143587073731
0.982559541877015
0.954726611365365
1.12601400763368
1.21609240925329
1.07113496885666
1.08320402947976
0.913211353921986
0.885444414758689
0.850331307199044
0.888988801141327
0.868730291533616
1.11214746186292
1.03632827210704
1.16511177156057
1.01656342783774
1.64377383533989
1.6385422193186
1.62676515838689
1.68014470198291
1.63643579984282
1.57860655587714
1.57175304899813
1.46211832287088
1.62663965860396
0.585038939231939
0.630625012449395
0.581252200293634
0.693328636928022
1.05401529444667
1.18341480867073
0.645739626054993
0.948670547078202
1.37516857628503
0.837661155030166
0.748064763564179
0.553611082686689
0.693620294325111
0.781792878812841
1.17722233244236
1.40642579335877
0.868356394544546
0.671653316219526
1.17901149715448
1.29467811311542
1.20568402144724
1.51821217018686
2.03034093331849
0.741939211252091
0.702164155727832
0.731711574873268
0.916612425218141
0.784736755644177
0.73976187164793
1.21875167563429
0.633622616848468
1.35624913022345
0.807368178981576
1.84525724854883
0.888347622785698
1.25840126287529
1.2168474256916
0.851609184910027
1.21916453161611
0.815346163109777
0.999757691509305
0.870450246132835
0.771717337132907
0.640493709698668
1.09619529376632
0.597485268974213
1.0207309368881
1.72536816821509
0.833684107765693
1.55874734036392
0.985201156042303
0.907888325189258
1.02342683427028
0.740685247913285
0.790470674147415
0.634429582071997
0.999650901007945
0.667162490995237
0.907504563766013
0.848935736953204
1.14711072143938
1.43988606267207
1.06692391066912
1.573853262952
0.832406796363268
2.0757464423741
0.815981558890086
0.709183954289569
0.713489496664993
1.22121624704583
1.69250560158171
1.18567506749807
0.755104680932437
1.13739280525899
0.850441811280838
2.24281637977599
0.815601737465422
0.894522110121005
0.815500196980636
1.18440365881189
0.67821468793147
2.00246896922295
0.727581964774907
1.22289533066345
0.948192468089774
0.568338102915774
1.06680119245579
0.630329190885045
0.551857963597164
0.774548649094167
0.837521223157982
1.14584888364659
1.19939444419097
1.57929729984783
0.715400529103585
1.0182756892387
1.64714729749548
1.58372654947533
0.553819742277142
1.44086506097781
1.5315232102256
1.0965820929986
0.831536814325517
1.07283859156121
0.980179168710891
0.849335320910442
0.655928131983538
1.93505195532095
0.707874727683754
0.685907078899715
0.863128443823694
1.1021948718867
1.11575950042885
0.937566409364214
0.996134378543029
0.71231579053025
1.19575545393396
1.03102475454908
1.86235070308216
0.854275317919659
0.803295014708458
0.973844238188407
0.566325278881068
1.19841772746015
0.675482339563083
2.8817482015459
0.917697588776637
0.990296450177782
0.824957877270904
1.86288272578835
0.885073093991511
0.833379841685693
0.929233331775321
1.06621205531261
1.28755921291058
0.740370036954971
1.48742762160852
0.882824333520909
0.790392601323678
1.03238744009344
1.5924693866214
1.49371029916677
0.809909278456531
0.995577436605166
0.917086037174841
1.23537572782985
1.25015395506797
0.76304691932451
0.681505841532197
1.02760734576199
1.05904066530838
0.7319120800238
0.737227668268535
2.32903658349859
0.67949416424564
0.96012341175156
1.43108218443382
0.711447276701529
1.09349269357342
0.887117643911875
1.86807596487948
0.827496822395412
0.8651943995554
0.779119803155537
1.34143447433096
0.939742899768194
1.0424029894875
1.10038081849026
1.49584340031758
1.66435319425675
1.58889411052629
0.725900263163791
1.77804586723697
0.724329928470306
1.20291600934379
1.68552269548412
0.693492175779575
0.838232716842457
1.40650394934608
0.734083692307377
0.725906865025025
2.28084978168283
1.00587873607418
0.821444398782883
0.857296216276469
0.869322121563846
1.12362224918171
1.18287481112004
0.919110741480058
0.730668744961294
1.01300490458826
0.69557987504176
1.60110345893727
0.55112351233426
0.947444410228419
1.95915974973104
1.4011671081433
2.50203559591818
0.874318874592342
0.796267210836227
0.945424910473943
0.896657160729978
2.05447079752414
1.09806719692268
1.68313179041238
2.00476411978395
1.59569006815349
0.747861655465854
0.695341165837789
1.44526487862002
0.96590621696758
1.37895211060057
1.20950114863733
1.92958701894163
0.679118417610885
0.876106165221651
1.14986151451182
0.919657512057549
1.00445035353627
0.688624577914517
0.727788108331123
1.92547240253488
1.09071081877072
2.41819081083132
0.924869754213142
0.790195592778824
0.630759436782879
1.09639052344261
2.30943339889694
1.05138817275117
1.47699212361363
0.771422737015112
0.994799548519034
0.997414866616973
1.45160874706349
1.87722396187911
0.799860474072323
0.805000691453622
0.796889380788974
0.740445135992704
1.92226185365442
1.84473002423792
0.756879730592195
0.760089248853893
0.896712416693735
1.27634557023659
1.98691493125208
0.776584247568399
0.635971774977522
0.624718673918961
0.542076173233546
1.92602355081817
0.72326214896567
0.694372795715223
1.17634542396955
0.831600932651778
0.64659805895733
0.641594604372887
0.755515789623033
0.785603420105393
0.9399084137478
0.891760354445119
0.941205225681674
1.81355418085466
0.696628658623242
0.834988663623878
1.06144775154841
2.60105507879343
0.958344204232124
0.798149142474038
0.956954102594217
0.969839504074527
2.61146430537362
1.24416533336975
2.89202670904468
1.56363329578782
1.60940789581795
2.64144747531663
0.660960359313464
0.692278702629073
0.723239243795252
1.54047203216922
0.732135654497685
0.764531911031155
0.813027108958012
1.34660129953837
1.0296263141706
1.20741861533431
1.02446417267296
0.75969110900134
1.60033168929464
0.617655091374021
0.836457146012125
1.7917372995925
0.633860781134312
0.812107394158198
1.45504080923426
0.950586942849791
1.37067095115029
0.67080665864495
0.51217585517833
0.641451561696504
2.54581064152281
1.44237783339052
1.51315356480094
1.26623117418285
0.917622994000422
1.1436784541979
0.634304202259684
0.920819045711106
0.973251142168245
0.725327977476465
1.10825934163181
1.07456918525743
1.07863128715276
0.720308773236179
0.916009273445243
1.80003616170389
2.24217492784271
2.39772621830738
0.829605662232312
1.48779749809748
0.843998992285385
0.796890334262423
2.29438549455874
0.900345712422627
1.08331811859211
0.627036555143561
1.43851238530558
0.803204853018649
0.750571978534717
0.638364192254515
1.38766495686717
1.23543485614789
0.873760045930589
0.856482606217511
0.765173428802598
1.07975101034937
1.05707251281458
1.78322011664968
1.05126554889075
0.844766403155996
0.824866231158335
1.20324270857697
0.964849144294103
2.35902599492706
1.81814353788757
0.973796777012447
0.632174196661482
1.00159238497038
0.734208033073838
2.31689774905802
1.33410528848968
0.954411862518651
1.70425360252423
0.744723080135395
0.778519599470318
0.671226409254661
0.672333388498399
1.14805551389025
1.01229860986278
0.880459227505158
1.04291876791189
1.36445661641254
0.882537711434706
0.961973369961464
1.66921336877912
0.760324754695345
1.24786008025679
0.991447734476955
0.834178032949607
1.56854416108696
1.6975236136622
2.81029365828517
0.958684547061682
1.79064084747293
0.718160648421946
0.78169611944672
0.826975239403181
0.799756285318451
0.782988919767338
2.77904710286221
0.796371833915698
2.6277943704416
0.657085359253388
0.971159490011771
1.88773420515546
0.773305950697577
0.837083348688381
0.720227777539834
0.903850960596992
1.16207140587456
0.73532318384655
2.2908183571076
0.79111333935856
0.855893996740966
0.75845726263258
0.637869141733166
0.555693649395311
0.689517375826242
0.652943770021567
1.92505857677375
2.5449634148259
0.882445650261059
0.906571130326077
1.21565096802799
2.01324677010287
0.86661099014414
2.60295628841652
0.825219431097562
1.01970962153982
0.959566197731936
1.18612336844797
2.76578491076041
0.847456704959264
0.778560941850815
1.0339646765921
1.26568580793239
0.851053781833153
1.05817424442433
0.70942629232799
0.817125182529312
2.2891899608828
0.612698140856204
0.7101244059264
0.863233259009615
0.895437251656757
0.684101452023995
0.865197960171739
0.888867250147919
0.872308967104703
1.6103174797369
0.611245189871321
0.672977433204652
0.844040704396442
0.942678369035966
0.929165866507986
0.603247520234589
1.11396186027628
0.964399879068321
1.57613366728417
1.45871541065942
1.39620170521763
0.710463493873245
0.852641790716641
0.973559569291862
0.761656827660692
1.94240002528786
0.765433989438749
2.26862418821046
1.52488722819261
0.854907996065801
1.33889935590031
0.933332125188831
0.876020576033585
1.00301243137562
0.730542846334423
0.710240437965883
0.847159897173282
2.0506777200221
0.752213869311893
1.25325320491547
0.678600499405096
1.0434829252233
1.42133426758833
0.941433387536024
2.434945190147
0.826913782808289
1.08032353912609
0.743172728979263
0.577106739329955
0.947757503585632
1.22299444206734
0.869398015345137
0.953957800460313
1.31593103386471
0.64334761503347
0.814130816207946
0.665471729052272
1.24221943316972
0.80343175696601
2.18533561868006
2.79204749229619
0.809725507084759
1.6222088123676
1.27425504246626
1.27213439602268
0.96025684636519
1.02872467512939
1.33042086405924
0.829350364733822
0.852469939613944
0.815879421532163
0.886731369405183
0.816553907254214
0.951129080232334
0.903573489269693
0.821268258786739
2.39104866456868
1.09939244568753
1.29944585276116
0.875486683915855
0.650448967117092
0.581907504738853
0.671110064602724
0.705649404202795
1.46560053462768
2.96131513489223
0.721230823642215
1.70304584373455
0.717799927305413
1.18542104121372
1.60895496258937
0.961047963427489
0.835753555769365
0.702335671910219
2.66938006080685
0.777396465699058
0.76113886445233
2.50796750564592
1.99802777022629
1.11102394275983
2.00742289658229
1.79958996914066
0.686935369310428
0.80922389726863
0.710619342620031
1.13936546130621
1.30359114984684
0.895924676112574
0.729602529983352
1.13768382713548
0.787936749436312
1.75439946547167
0.989945974453397
1.23629632952146
1.11301435859797
1.6427669241007
0.834407151376867
0.777465246566118
1.05605432111545
1.83343874839362
0.925480064238462
1.3461924289201
1.14844933938199
1.14983655198759
0.548472258236301
0.661455240853154
1.5216441181633
0.748455045792519
0.735872412458562
0.697032945794829
1.73152660930325
1.11433474436112
0.741616423343699
1.40494834559766
1.51214221613355
1.62856776081654
0.918683832697414
0.866226597002321
0.825127496094229
1.00075738897862
2.39958270700457
1.12217744416225
1.45125182539193
1.39047479060507
1.52332598281468
1.02540261091684
1.05213400071285
0.815367380986761
0.885051430408756
1.6797937490578
1.33113938652504
1.7826214759297
0.741810253873777
0.987819792887124
0.672736185993256
1.0255049199541
1.07246594809648
0.682527761763303
0.74196560305978
0.906574111615573
0.92624133329739
0.728665675468193
0.907441585129691
1.01411069276179
1.20219386912346
0.87627906665704
0.776112079780934
0.782115756154889
0.911847898146203
0.757028479458679
0.689492753296215
0.671555303517258
0.666052209634197
0.888212518304818
0.799773423880556
0.780396154828698
1.01173457463167
0.800667722366282
1.37783764271711
0.78698352086227
0.758280971618699
0.789833015629193
0.643595782197097
0.756947091433292
0.705946631974867
1.45407046597771
0.671395006834319
0.622286560108805
0.551924840070298
1.1347477893232
0.776072045852377
0.815219833269284
0.885066931484202
0.942285484552658
0.724227786693226
0.762670989898749
0.849420784094676
1.10773677982571
0.940586558946447
0.760604132566869
0.793478629651898
1.25735051033549
0.803490773100001
0.757484394665446
0.697494059529724
0.750150268350923
0.678860484836943
1.27267918857854
0.82346639480985
0.911198389341756
0.843497309972357
0.775737935054888
0.916594170180518
0.75486506454381
1.44606994504894
1.03473299027319
0.63137356388465
0.670946709913887
0.646688808554157
0.768391460006544
0.873401919629579
0.774742410322835
0.969018935280278
0.818032264221075
0.862605288480377
0.910057111709612
0.725567201261965
0.774732969081692
0.743408272660886
0.816722545261821
0.823586820693886
0.792439501940693
0.831698128623373
0.816695482560103
1.00692662154746
0.815825479577873
0.79386741172323
0.727356423413011
0.782595910144416
0.765815918986355
0.803676842709538
0.719960043057335
0.717559268035638
1.04813769405757
0.919395375666216
0.700970449398699
0.690731107250187
0.714223946274015
0.836893496372264
0.89989478750289
0.855203837337594
0.920288802548627
1.0670705564838
1.10239620747785
1.04650723873179
0.556165885965994
0.633304793791076
0.637093411450357
0.750909997092645
0.775507912176938
0.841137801738011
0.852945553622808
0.761653702448833
0.72707462867104
0.74237560687557
0.779400172154417
0.916708720628525
1.2769672427182
0.823281281695054
0.677301516129953
0.719683314442173
0.777300538439012
1.52935722906557
1.58561560209936
0.661900015514791
0.792977084725084
0.849496179292698
1.36088329885349
0.781858541066982
0.78254905142424
0.772797340013269
0.560152992173137
0.736240006859548
0.775374385082806
0.854956386522702
1.55532767297477
0.752960394884967
1.23234400422468
0.765501040928712
0.902437977098689
0.627126240797918
0.623634184367782
0.630490480886467
0.642307843102229
0.675590179843063
0.664165466428357
0.861435391458763
0.754430039760196
1.09848400007447
0.626913361456813
0.743138991522567
0.858924089047852
0.931423365724311
0.853539444410575
0.730621189541823
1.01335055447701
0.7454626264551
1.13449260614656
0.799806651283492
0.798384221321193
0.800680569263767
0.807502393711347
1.10754334301153
0.801404100698308
0.690662641140091
0.69209304562246
0.780589410993872
1.11367686108505
0.7211152497058
0.855282865719765
0.83951514994426
0.855581741986991
0.836471897465951
0.787114093425217
0.838733353725958
0.706733395094194
0.715891969660165
0.667633174421306
0.781558749480722
0.756933699698135
0.818687805061069
0.746534972906578
0.727318145470914
0.766646159870607
0.893271930549392
0.993656919077996
0.817093849087994
0.924189991651495
0.796124145513751
0.879910195225808
1.46595000578397
0.692523953229525
