1.50188742862683
1.10063475194823
0.955818267319374
0.93102576303817
1.00543625599525
1.01627409280131
1.08851623884424
1.09357253957892
1.10731734032397
1.04307879396467
1.04933859360656
1.07042199893109
1.25136810016106
1.97622439390479
1.45634240857969
1.11416800363939
1.09897633927379
1.07539513858007
1.21822204463995
1.42965194529687
1.49935192480747
0.890797708724931
0.848887934542069
1.4896854886281
1.27365457083209
1.3373273636639
0.959916822303561
1.77344129658105
0.956346824599656
1.08971896582559
0.987007709053632
1.16623640138465
1.11864796973942
0.896816234483547
0.946114399614957
1.18659758055135
1.0805093187268
0.978363048807061
1.05721029195887
1.48849092900229
0.864098321848032
1.36141576657802
1.77758587446703
0.995394142959281
1.3384838786986
1.08911463744502
1.04528625041016
0.937883080939414
1.04118883659038
1.61606020906348
0.974021438075931
1.06470671195906
1.3927826522711
1.06228530949309
0.969320442926675
1.95755009324988
1.61996335929015
1.3026734077571
1.03152389449295
1.91768978412691
1.11688526263168
1.17687529922785
1.41057825095773
1.32070222351662
1.05489816053011
1.31394995646625
0.959610409200407
1.15066735400664
1.2311188070316
1.02658527596365
0.925626156114563
0.865475610750539
0.909036807550636
0.875347367094938
0.980157936443049
0.855347553054193
1.3224651497876
1.02807366223592
0.96730903992922
0.955943580911963
1.23790481922062
1.02126870914554
1.08295759550318
0.958486573731855
0.959196711548061
1.69564542375732
1.87463530675472
1.07657677214716
1.04341842151081
1.08298095120445
1.52719514024314
1.08805339241926
1.05988202280189
1.1184414143676
1.51018662095315
1.42498233299091
1.09979848714667
0.995771548014962
1.14247118517516
0.989537677476722
1.43525170860827
1.47707485108383
1.36465146816564
1.55670519959752
1.9970363700505
1.27884371217121
0.989596509122775
1.02640530211226
0.970353216163504
1.96811942034784
1.69882316398506
1.85314522992894
1.04489055184692
1.21275696129908
1.08765800743448
1.16717000463185
0.766140030028427
0.918429528773903
0.831237299301421
0.92324145497896
0.854713812402429
0.937877686553119
0.896043317074131
0.87896350075079
0.856270704560562
0.845917910622144
0.860903543646082
0.823862125888202
0.817607459574332
0.856988180229928
1.12267057981267
1.07955155899219
1.14439854667625
1.20854236106083
1.37436736058524
1.32107004439208
1.23710967201301
1.3967905698187
1.35260325738143
1.28174058302035
0.854359706577532
0.85120435591338
0.732307286075614
0.669054195110353
0.790128065960772
0.819148768552002
0.863590795707041
0.868722901914234
0.921737691441041
0.946344060766925
0.864829518095777
0.763265348196686
0.743778741712993
0.700296762521582
0.674989221442796
0.727392101849609
0.676497107719236
0.737678355212617
0.658120020154541
0.669010053194466
0.634820038982663
0.687829276805426
0.670480100594339
0.701954491624694
0.763022643372463
1.93628370389555
2.61214580140538
2.38428784257348
2.49093997404849
2.27131959359183
2.16409626567058
1.37283572200426
2.38473466336661
2.1528151551021
2.64212264324753
1.93780611481328
2.36673735610357
2.59976611074044
3.06706137916638
1.71047554417318
2.19202026541468
1.3178180873458
1.30376659188635
1.24974054005407
1.16699084905624
0.885639395838498
1.24964172822454
1.10289480835253
0.943736642054992
0.980508059235432
0.964075220507415
0.977013577872944
0.941590404449701
1.06040073942497
0.995648967302025
1.06526357377839
0.95842558663519
1.06305919855951
1.12442763402246
1.07825439768114
0.941591149035357
1.0722595880153
0.944862715999856
1.06798017878544
1.05524953814214
0.810777855764177
0.731959655360766
0.687178746015385
0.683304161324004
0.657766672765945
0.613717797972405
0.829144649543602
0.816647377653488
0.613580287841032
0.801296592475785
0.850366431980225
0.766333943621623
0.689589784499894
0.648843136353394
0.712790125187181
0.747120964308465
0.892597131684667
1.39557667981075
2.02325052387509
1.56847921183481
1.44111480926969
2.04519953857768
2.13318518826395
2.40098310428277
2.00596282180273
2.49508847420289
2.1970344210922
1.26947832447866
2.89360092224258
2.12874696469268
1.58223410654675
1.52897627886985
1.70761728560185
1.94880872229798
2.43505367077342
2.12934537487458
1.87379044854665
2.41809275417408
2.49601678019891
2.57333518091322
2.47815989866609
1.95517355835039
1.79979263182915
1.98198402253414
1.6866597827188
0.683776923840481
0.737731423979736
0.741918143431114
0.91979275572874
0.806762786579183
1.12109165887906
0.888298021281557
0.91056961366388
0.813321161889065
0.887546112261666
0.822300881537864
0.893248091129925
0.856209070595742
0.902217610441799
0.902531865509744
0.862500086713598
0.972572985582767
1.22757764993202
1.37697580227781
1.02827939158417
1.24302653625004
1.15590500894715
0.992626084556399
0.899002325075276
0.951625684227809
1.26661144121081
1.03095388420161
1.08114070730682
0.985429703036458
1.08391955671413
1.39380895056164
1.78405841695521
1.6837872927456
1.86648560967009
1.74382893075511
2.01925280326192
2.06967988914621
2.08792224486049
2.08304808331485
0.925971746194766
0.96938922195599
0.95682466553913
1.02633398703553
1.34834531289306
0.875069548531826
0.895724002423483
1.02162781013525
1.04239930577376
1.11118436266287
0.787621984809431
0.72843331486632
1.08731249974993
1.2684126796908
1.19217880972778
1.09351994812425
0.937037316652293
1.10927984646419
1.06400001348478
0.849304566943443
1.01140910376628
1.09858312069028
0.708447508983658
1.57609902300181
0.837490673932303
0.864218939006755
0.916737382641809
1.34977469183752
1.72143546823798
0.742310792941077
0.779832886615731
0.869868158553903
1.15348039261723
2.52804240266432
1.28102449336885
0.841191738138138
0.669239142550691
0.701695629841801
0.817200556438694
1.01760571003369
0.826279495343385
1.16715662304238
1.04506371761825
2.69873893424425
2.01174929533446
1.69046111199601
1.85320272130355
0.725739467532606
2.3268365790083
2.12077556940091
0.716600616658627
0.689262160608623
0.976904133141617
0.790497655738664
0.974910083666171
0.980085925625642
2.37982334793491
1.69500680660997
0.870521440387603
0.752264473889628
2.72383599406591
0.968653775091899
0.752933425693441
1.11869873147603
1.0157331952977
0.83524433739884
1.28252030003918
1.29102116761724
0.995980278307864
1.05352805373373
0.946419016277155
0.924503668841234
0.859333087065113
1.58914813770425
0.928755671269819
2.77030514206347
1.40820894009555
0.941738504115896
0.784150619006142
0.893356588358484
1.08417066604574
1.14639802442204
0.947872181381315
0.692518303923097
0.720504398228137
0.810696296141355
0.779127016933256
2.17073614843366
2.36274637596373
1.76936423240977
1.66483297057949
0.936820830418807
0.82911816719587
1.53361023399938
0.88214506708561
0.846866032401053
1.05292218661953
1.07627300339026
1.08849790309593
0.704616253989877
1.57955148733417
1.46384389744067
1.20560771597931
0.899366416866424
0.792039627376371
1.27163040822692
1.15312218302204
0.842506941430382
0.747293341012531
0.812374263862336
1.76672837351249
1.08865698423914
1.15716223559977
1.47718532838728
1.14037555035562
1.48603698821113
0.904901535614366
0.977261752123842
0.959681690514165
1.06703172117814
0.944365503090787
0.909866475154197
1.02874248073958
1.21192083621067
1.08484139800244
1.25438771426969
1.27225599073562
1.28762990058063
1.06581619425653
0.761413336350005
0.778453569737665
0.907905873991724
1.21330456506631
0.725748326931615
0.698725305575542
0.826494876195052
1.22950164977619
1.9053728504152
1.661191386619
1.99232421913328
0.94821215701282
0.998020054281914
0.895932990054993
0.923091869080225
0.874623576245387
1.04684276411766
1.04038001970905
0.955668552581693
1.04390107117338
1.77707798584296
1.53487422164734
2.19681852459168
2.44364244633108
2.20092097766435
1.60585178533217
1.21822825642834
0.883086018473578
0.897186673587147
1.00934665245943
0.991465291569477
1.10296407055808
1.08627951118229
1.07055322629249
1.05382313483681
0.965389403657647
0.876030031285708
0.746937612328833
0.80691653947762
0.789554677737589
1.02301402687124
1.01541377434915
1.05593453193511
1.00710877629191
1.34526210395506
1.50460519310152
1.53808959127522
1.80925170802616
1.2473867412636
1.25125927396245
1.33525854164124
1.41419522656887
1.53437932979373
0.617806467671027
0.736346013671856
0.575749521681648
0.911416455185227
1.28042181708253
1.37891067317218
0.693073522994808
1.0262922434936
1.16142857737152
1.04670587100765
0.850869396045706
0.634014318103708
0.916231269436466
1.08047839585543
1.25694744905465
1.61553576557429
0.938327099565594
0.67599695854707
1.12917451532372
1.6094809138137
1.61177760745478
1.84258634483554
2.2005487873503
0.986564617621167
0.841545247427957
0.815924861302722
1.17826553995785
1.00144173629641
1.60713960532794
1.31805638932719
1.08009821377681
1.34512020475628
1.00047239595609
2.08395480561836
1.02777623336725
1.26352676634508
0.958801019836629
1.05657953913966
0.899068497191443
0.874030088857681
1.0339244011851
0.968129325317604
0.930667649146178
0.857395651162378
1.08486901567273
0.647773534978986
1.02145134952817
1.4871911232414
1.14366227895956
1.66108618831796
1.03366932681516
1.25282572955047
1.02602575403984
0.756873723546568
0.847001034512769
1.10200303888948
1.06167936522335
0.732774252260963
0.981803464914394
0.919973000031343
1.04711427024032
1.35943719522233
1.25338265213116
1.64096712448249
1.08216015774244
2.15775864017283
0.939634863806229
0.975155466245597
0.794776296643978
1.48577545023799
1.88330170129303
1.42191738271406
1.18061766839248
1.11235752066745
0.886934226861063
2.35247888460547
1.01962940235893
1.06142315445412
0.979146616850598
0.975615545756021
0.676335632967524
2.07801669078208
0.732704341833999
1.15549881743288
0.966078142882353
0.663915505072573
1.09039915457763
0.704583983584096
0.62430094570504
0.983531427776502
0.955956491199864
1.13240875183494
1.11383527418748
1.74016120073874
0.715520717102946
1.39112243423444
1.85915285222148
1.40022776764254
0.64466351245736
1.18167098647527
1.26714630007295
1.0236604711006
1.5760152812439
1.30877094043832
1.29569352202981
1.01503861358597
0.833261564781987
1.76571098819522
1.56894506175985
0.821941306929126
0.978086927081145
1.08982316170322
0.974273031937122
1.02607001361579
1.07835899593945
0.799334764755201
1.29463213360588
1.09147736648394
1.90784995729179
1.01361613661691
0.924705316977639
1.03928592777286
0.71539477880081
0.906423153102748
0.761779702712175
2.69194667966478
1.04613138546518
1.04231627575886
0.750573681236404
1.80314210929043
0.737837554464759
0.925657931469238
1.06933632682041
1.27142158269466
1.4377133402064
1.08107487537814
1.53817586327116
0.952930769123534
0.77587357278405
1.2124452831627
1.30190995698005
1.38930702639392
1.00093832460133
1.34036853654548
1.01097125785715
1.31074803886244
1.14110013666096
0.98730258054534
0.934112027996668
1.06494290244326
1.06920753804234
0.837990201853729
0.804933896748154
2.25567513218031
0.755631577818008
1.00356243098725
1.17581341248433
0.924731832555977
1.07172016520714
0.956157073663208
1.76868485837247
1.23159264090348
1.00966586307304
0.957085277614934
1.26748779652141
0.829713287262613
1.26971569893666
1.13469696187315
1.59643684655219
1.91609216337458
1.79379598501606
0.817958720496858
1.57252871276659
1.11019936324754
1.0575899596019
1.88840722868237
0.844182352852217
0.84557700120487
1.58317356475144
0.934192825354361
1.08652553909933
2.38587464967534
1.05743111199785
0.990416166875108
1.01459992976199
0.719164465053245
1.34985176327543
1.03589568841298
1.00695195873161
0.942555792620533
0.942593361793948
0.77350255988474
1.5775883597743
0.620193172390581
0.958455910374943
1.98228032222468
1.1618934158125
2.26065948687822
0.825124173014916
1.05448297592986
1.01548186223314
0.846467253441691
2.18159023141378
1.01687776024163
1.86671388652296
2.14665761399598
1.25364120220958
0.831981269809367
0.874856818883486
1.1689742200294
1.02935395423888
1.4801361505854
1.34793558937841
2.03473740459954
0.724228234461232
0.896717045849242
1.09657886156238
1.18143935797311
1.02639539087158
0.732893398966703
0.727336306445468
1.86977307518451
1.31430731398499
2.467507639964
0.888577735983339
1.13535012933183
0.85006329044002
1.08094539170041
2.42630322606859
1.11701918395156
1.25899267449862
0.669664078927481
0.878975010248487
0.896358559312678
1.52271453622039
2.13134770469229
0.822880033118623
0.82482866836971
1.07790736058264
1.09466726322279
1.77042106586472
1.64897710176867
0.888108695048853
0.776208353659229
0.864860116278765
1.11061789006648
1.97184760218619
0.812828030617553
1.0826013343207
0.686779971076813
0.646844318442988
2.02920978136198
0.794550925678304
0.813579092979165
1.04968000946154
0.918321409192927
0.752583257874808
0.878190579415732
0.766023101699906
0.989923706688154
0.985333331796146
0.949213506065397
1.02003941900072
1.67094820840768
0.669430916958316
1.11902073532825
0.957240512315948
2.79845907501979
1.20528551493349
0.745285329354032
0.960679304959593
1.01442635671727
2.52361054791719
1.26465965936488
2.83571902188437
1.53673113514243
1.65209396027392
2.17474889037065
1.10103423909109
1.13109163458274
1.05558722489733
1.42754790020924
1.10969842414983
0.854697972476117
0.741011211212374
1.24725313280305
0.989507765124414
1.18802491559435
0.914095275618108
0.969897558799369
1.66232812979096
0.727204950334236
1.06287741535614
1.66789161837041
0.688895533933495
0.701865410468799
1.66785916023368
1.05333313653784
1.40651233227842
0.711895075944672
0.630720465363361
0.731303269311539
2.24955385177486
1.34777112660099
1.32908619002414
1.07290518652561
0.835119890762231
1.16142769383228
1.10226945288764
1.01824885795459
1.06151126604991
0.675052597381898
1.08737991506
1.17644213547257
0.978443776719247
0.975255390762175
1.48274697383953
1.70523780671345
2.44298543233039
2.47190492132883
0.86767721580057
1.245310138518
0.884605834843508
0.926782264594383
2.18556028042925
1.0613139600643
0.818466694187284
0.917169190541813
1.7337321109087
0.734140739454897
0.859474212004291
0.732157438854411
1.18198869736233
0.934694687821377
1.06293756794084
0.986731717624798
0.954252808242412
0.867485017185812
0.796455042033564
1.82957797206899
1.05829525090393
0.903971910645012
0.908916306201009
1.1108264575046
1.25331720332554
2.48848973803107
2.12025702495905
1.28160956849081
0.707716244714132
1.22046849835305
0.959565374839387
2.33297971851488
1.36710874948246
0.954771265334227
1.72911942929684
0.816228229164701
1.12208115832802
0.749563977140299
0.730284441053387
1.189230181802
0.87725904170504
0.942066153249644
1.01573637996513
1.37384991205707
0.820070964483149
1.51821902514572
1.46252471163272
0.928483092091602
1.22985714678835
0.908285695427833
0.72529530766964
1.72176862149112
1.81630776457738
2.82822508486584
0.944404310049523
1.92556032967605
0.799444147392392
0.748349951873388
1.04178331534297
1.06713658612312
0.9851508063682
2.3518029169605
0.688582289666892
2.67273170139161
0.688937240416394
0.904610817417331
2.12507864580092
1.08709802049471
1.07715716922983
1.12299047360166
0.965878773970496
1.58231446871857
0.709423808302517
1.96943892656338
0.880049964850881
0.965803594916465
0.884403569489583
0.76373790531172
0.735829982563801
0.766478985128025
0.745690111126752
2.09333254490245
2.57247427827743
1.02426288293136
0.881495100244348
1.21085676050068
1.78058699386691
1.14902546385334
2.4291780670643
0.869263474526903
0.99521418075851
0.933012536468942
1.40492621400688
2.65002756166706
1.13729331057481
1.07370722961027
0.96655481360327
1.639074135937
0.935510618839594
1.03831293216373
0.703083057995944
1.03551140641147
2.35702349586652
0.734382668829095
0.842563032521938
1.09445892228242
1.15229768252267
1.12737266212339
0.954018016971867
0.879327002896653
0.852289572783204
1.80931986245335
0.669541545404942
0.713808382713608
0.940795931250679
0.980475441605491
0.969819046981795
0.679720327005846
1.27647151779238
1.04714672334928
1.27487041892015
1.27377079291657
1.29998792751162
0.789984481946793
0.895410887284571
0.983687423272921
0.854342607096544
1.81519412488359
0.922893558563935
2.09259014646854
1.35181935188198
1.00616082692374
1.55408037974685
0.931126900264593
0.941241287742736
0.96708343209244
0.85682417637368
0.838606783546504
0.97416357184147
2.22696676383181
1.04201929898724
1.39966086186794
1.07149583038327
1.27426799256995
1.12343646040716
1.07503450048602
2.0560397995099
0.889727725112603
1.02403570191675
1.10416266651371
0.829084536386813
0.829167914316192
1.75940035219713
1.19450881947639
1.04489362703045
0.98989790188497
1.09376725733875
0.875104172642224
1.07103916576073
1.3879794368035
0.762360834711952
2.24698032366499
2.86391009162555
0.879613610311246
1.23982456166923
1.2854342105824
1.13894605053405
1.40146526233235
1.03485404131914
1.01563560398839
0.998972717301614
1.03221017850709
1.01227023851627
0.930882243208375
1.15873101691931
1.03551958242509
0.985962098764535
1.04898499339878
2.26175814785404
1.06228992870618
1.50072182609103
0.971201522146367
1.08396635036788
0.625335722925503
0.678408474924427
1.54176399614469
1.29677392373571
2.89596238473992
0.980134428521574
1.91350423959694
0.811774690766047
0.898241003497074
1.55243529552636
1.0305901981953
0.947154106674092
0.770165191713026
2.53259601587744
0.904507547474306
0.932954260529512
2.3149012373682
2.11797907872201
1.26739069738067
1.8892644933358
1.85180927537292
0.883365639474005
0.923561201756261
0.827326233048526
1.08203804360567
1.30636605038547
1.17428509013373
1.1059579267429
1.06751082823767
0.814842017298288
1.94168874020096
0.902610565616428
1.13400648380029
1.1084067401059
1.20755849976312
1.19822138172081
0.988501364616188
1.00618253464723
1.8135943837103
0.902829227445102
1.71964069234982
1.52420956243811
1.47195990868023
0.688071336141779
0.754631904496136
1.25724587255091
0.993707861136664
0.973463619804308
0.969819503998387
1.71236621996417
0.980159187395725
0.844118834834996
1.47379313551389
1.40573579158445
1.62892932688131
0.86056143808262
0.906446923535538
0.910919187680006
0.990165022226608
2.11781915281337
1.10552355453015
1.73961032420101
1.78709212589129
1.70130819996163
1.05009722509596
1.03868642122702
0.988117313229922
1.26625895536849
1.68663304520752
1.41329917120886
1.6384747755715
1.04650577723472
0.979389448153756
1.06640431181541
1.24800396220217
1.35385481333294
1.28553679192813
1.24271523918459
1.0432174711459
1.07277350267843
1.04999134579506
1.14903696053742
1.17626607433849
1.22706637878992
1.01709708119751
1.12612858244291
1.3089918494079
1.16101164195431
1.11593617173811
1.08695799306797
1.04815063894026
1.02007976498662
1.48588868496468
1.0318622775456
1.04355578229776
1.32074617902554
1.03780120654212
1.79366540328055
1.27453802589959
1.06450553970779
1.03171164486467
1.04314757229403
1.04870776459106
1.10012562559118
1.63870900488605
1.07302179021627
1.43755807674894
1.289252924878
1.51764725005341
1.0146798324441
0.924045491416718
0.980507768059182
1.11640584604259
1.20136378085353
1.13936629998657
1.00244419926033
1.10700244897131
1.36207441677712
1.05242654626947
1.03837715121953
1.63634614234293
1.0328026744063
1.07482821015188
1.15637285975851
1.02599709424517
1.0682224296271
1.4779126135535
1.19833763363679
0.968069865443199
1.13338499820376
1.04932095387371
1.24166481581823
1.0474857401652
1.73755141808102
1.29661098636331
1.04902092419162
1.06675102288542
1.0252012854811
1.23254279098077
1.13465508730951
1.05984849871684
1.57525316467607
1.42865570465871
1.11234902647612
1.18675129740952
1.12747798118455
1.01434927119212
1.15526546638326
0.983752717323758
1.00574767706179
0.927316205857461
1.04614951668883
1.01654837795479
1.08195387909381
1.00326794876966
1.03480542904014
1.2090140439411
1.28653650419822
1.022797628527
1.06221798054965
1.10503563576058
1.09993645711226
1.41540274895097
1.47628194873108
1.39797967799318
1.3196111954229
1.09697767367223
1.08282003104654
1.12396249321787
0.932647565226351
1.03700528046204
1.13831485580412
1.17971472787869
1.09262425571455
1.39926541661078
1.15685570749231
1.36393185986597
1.04921621438916
1.04786131218536
1.29726704037125
1.34656499591692
1.10909341022147
1.07071502125296
1.0963416444507
1.00875573266797
1.29060202833799
1.50742461815221
1.07382482764672
1.11703693736187
1.07683564074178
1.04486699076141
1.86893334458646
1.79621925643304
1.06993425438763
1.01577405601994
1.2047723690786
1.69056431937569
1.03798240342372
1.00026957964545
0.929256784553927
1.39026077773379
1.0908603908726
0.991515626769786
1.0487429349579
1.69717887975999
1.02838046408337
1.52809378265177
1.26699807322829
0.962382899448088
1.05345409746358
1.03193629539968
1.01343496125755
1.05162692150997
1.0710522068087
1.0552647432786
1.20330432169601
1.12180184367268
1.6423533868595
1.00379568901063
1.17836328119511
0.985298851530992
1.02594941608432
0.96488234022511
1.14660039090792
1.35819894053854
1.22459386565568
1.42272410208058
0.967354798203857
1.02915514268748
1.03285743533553
1.15050600445294
1.10263050454882
0.891084576963087
1.15728989278173
1.46016332139491
1.05244407244224
1.30798102188057
1.0350555133822
0.907765940834034
0.988115579857085
1.0381985927715
0.991436965085692
1.01318904379622
1.06035143588258
1.28553893551094
1.2023635803815
1.35858792118678
1.02035050295389
1.06434846795713
0.9920155741211
1.23330694449161
1.10129385699651
1.06732082070294
0.938781168005573
1.13468398524592
1.0401682455956
1.07103799412414
1.02423844782051
1.02907220527035
1.83240706755104
1.08564519699456
