0.694964018607904
0.834996159445123
0.948126087488997
0.913586846699836
0.85070769829142
0.810078397175651
0.968562811211778
1.00051906644199
1.06714527147079
0.917468609629748
0.703660049113314
0.673650890456329
0.958305758436094
1.66642854558832
1.02924236110787
0.807818727427649
0.793072967481028
0.768625930125817
0.916767066121852
0.857298533266958
0.694508245610004
0.756770237752342
0.765219975823701
1.31449845424741
0.92579277366142
1.02170371796913
0.806867734513991
1.41953640899322
0.751907035674323
1.11274534913897
0.877024223568339
0.861226421591807
0.742281961550583
0.871773220229367
0.891869251968553
0.873883639743291
0.775271458978943
0.772208955326001
0.880600434248798
1.00842594228181
0.755152270064789
0.954765957900759
1.49190231678696
0.832545550740941
1.20516528047826
0.68501604393152
0.818563059762895
0.801980833186923
0.945817190774251
1.2055257585157
0.789961715696152
1.02667354827716
1.27099648246626
0.927512688833935
0.771129597023686
1.63473178899564
1.38060792258424
1.09609761449947
0.906226009010979
1.61354089491552
0.82649838268608
0.833086677422117
0.989733932867589
0.945718352941924
1.01039704962089
0.938784448602791
0.827871281175747
0.845507189985236
0.905160787745583
0.901897331938166
0.803562705693735
0.729838037417198
0.883061939992411
0.831667133429999
0.82947675152887
0.761596390718709
1.15243433980765
0.884064117640398
0.758824217286293
0.747613357376023
0.92888142098964
0.851931856352875
0.865357098547538
0.933573667608223
0.874194721002808
1.43185689249395
1.56767183600891
0.769646340753157
0.752701244683269
0.67157700212118
1.10163881145491
0.783148605869989
0.902378660571194
0.820226863051368
0.853356410224652
1.05539892027482
0.70921952579962
0.774855558545497
0.781655049126383
0.821400616817799
1.29212592309854
0.777630264238062
1.24328710932018
1.34318545153806
1.67562635300594
1.02676329341037
0.816538183096357
0.896666247862873
0.782935140922122
1.66566015342127
1.31798069367776
1.52826193483668
0.870964853872875
0.891947961269926
0.789313577558121
0.880684924013883
0.658231396321509
1.00261669591004
0.799718367700453
0.959398748830557
0.758961347194695
0.958717785605281
0.862340423751726
0.860547745885515
0.886219823724489
0.721543674389194
0.785300945749538
0.646750188514351
0.622667926153801
0.795756934711742
1.24079823462122
0.916044384612006
1.21160524397603
1.1729673903559
1.40904992476232
1.38777093428474
1.20302565868164
1.41009105100756
1.31092697116337
1.07016431510162
0.681394787755274
0.958697047588746
0.748249338821047
0.614400856582243
0.934323520803373
0.78800285287623
0.783387394997394
0.99062405092708
0.880583968272507
0.899528109938653
0.935562586380109
0.775130793647841
0.739580697259013
0.591285440976671
0.591054583354906
0.661772751837284
0.578848707544767
0.626302185627966
0.765340891381925
0.683405113128154
0.499995128175594
0.561930791399146
0.544710743894181
0.605619783034686
0.729172742729334
2.1580970225699
3.02803783379535
2.28251412360205
2.37999915167863
2.41421719981812
2.25202021707472
1.49213217208492
2.43225158546916
1.93875012973108
2.83775431030097
1.79251681236869
2.44327048665322
2.4737316321562
3.47892466893984
1.88430923689785
2.12000053562813
1.45627715266105
1.64735910584057
1.69965371868051
1.45235950784618
0.850859375480053
1.59124117819891
1.35244523510203
0.894348477079532
1.16826815418897
1.0488261018161
1.05177430224826
0.830541832582815
1.22571611169776
0.903150979210104
0.972233824844756
0.808988681288299
1.04587680428014
1.22251478405296
1.14430125586554
0.74162748593566
1.10308422800019
0.717345818727654
1.12125195140648
0.712369260015258
0.697999588764289
0.827737459542016
0.570170602345957
0.591239453916932
0.630610363028792
0.602645544110902
0.852546547489985
0.758391376600082
0.546905098746265
0.849838148544876
0.919951608435902
0.776781727612872
0.726879267672801
0.673662098582493
0.865453060831983
0.919162545504351
0.821346699129435
1.20395356347256
2.32804789395018
1.3226953007513
1.24480556152384
2.01482305746226
1.97906248131955
2.61009178493043
2.19217248748187
2.7917680352744
2.37703429569549
1.05874633601078
3.13518142511265
1.919995374035
1.33110817655805
1.99674231167244
2.12225783058277
1.52814113900778
2.16053587657079
2.24523172598662
2.12476920205525
2.60793912632632
2.79059921761731
2.63952959192823
2.52371036504367
1.85362675382325
2.05397895841381
1.88343719000861
1.73439038508871
0.536994162838196
0.604119078578567
0.588807226785837
0.860732669594967
0.754618067638857
1.00071092429524
0.850885392061115
0.960266314529692
0.836013546979719
0.781252355164089
0.822568845851858
1.02565415411801
0.895871515757692
0.868131306740573
1.00299507008769
0.837943472994568
0.84211402054002
1.45995909775935
1.87523267274909
0.791383120063589
1.21057876537512
0.811058751410728
0.890366933595537
0.798975070852575
0.881242310198571
1.17914957796927
1.02889312199893
1.02909400055741
0.934044214714105
1.07866126961667
1.3002285608324
1.86918022871785
1.14532916251859
1.81211513302802
1.2057616871165
2.17882770393228
2.21072812438336
2.17249918601244
2.02148175441107
0.906815844666239
0.956731072095162
0.906860247764044
1.09036881780562
1.47953935112386
0.794904113066569
0.720922067031326
0.957113328170672
1.116798670486
1.35978795768466
0.876549184734628
0.692985057370135
0.81624409410543
1.5308626051982
1.36833751580999
1.32798790277877
0.843752813407602
0.810623300990548
1.05622754572181
1.04539619131948
0.959147114244374
1.13259963105966
0.739633643854301
1.51449251176672
0.821092423462005
0.864282178533059
0.914231142107527
1.50655045809163
1.7030876654721
0.645418245097543
0.691714405440517
0.764494910834611
0.881264028886957
2.46093892204621
1.04338077183698
0.846892127224428
0.539046393221534
0.71638255163245
0.730776730780599
1.0216663149676
0.856758344325573
0.88180559801797
1.24725339440996
2.69325419706923
2.27303605648075
1.52343754115682
1.7821348502628
0.824237052574563
2.42970776709021
2.12902180822098
0.79411364506039
0.760838790760283
0.957946759873098
0.626164240211717
0.838790270435426
1.17147280793568
2.23840704426808
1.51394512006529
0.978124200135087
0.729892195630354
2.8478904861214
0.912558742257131
0.894007067326172
1.06258476372994
0.911663271677654
0.797590064780703
1.5781741226134
1.40280238380421
0.807178972030164
0.680584874239349
0.964869335876929
0.893458782109514
0.817698243995491
1.74620048403935
0.779491078812377
2.9926759946516
1.45044149762073
0.865175928399037
0.740321054777367
0.862256994958208
1.11634639069242
0.875439866967871
0.898790275517662
0.660100952572236
0.648920516302215
0.779050578653179
0.706239057122817
1.8722870201165
2.21090337154881
1.44774861831752
1.69152739532873
0.867316389465063
0.759230870156492
1.83658688169441
0.806802454670575
0.813571791370717
0.824437555392036
0.98639905682343
0.65931980963045
0.780457304231948
1.07942537903539
1.24662864777377
1.36620422996094
0.799202947874232
0.779261722709497
1.42128110609248
1.11064199424596
0.770059168288037
0.711446663856602
0.993592997562744
1.88815749199334
0.760666251828767
0.887353470141625
1.38157549071836
1.12684675604644
1.37446048698506
0.915462934982923
0.847817677199504
0.787194720812544
1.02930010970798
0.793799027970837
0.916709137898602
0.959461561751926
1.55059547505569
1.30918976349206
1.63795085970543
1.52517133348596
1.42040754598441
0.968140657135226
0.639426531218436
0.593828972420938
0.72203760697174
1.57009948759696
0.614153574692914
0.649709567098698
0.820373039657084
1.01513428853609
1.78152501769056
1.39252077481261
2.13330237644564
0.92511843616535
1.03315478206778
0.83074951817336
0.942371506267584
0.859094379585298
0.996486578113057
0.954455531859928
0.786197974288596
1.00792399611654
2.26936734218217
1.99456697396872
2.39304569638389
2.68724980343545
2.21604547664967
1.47105341800602
1.60397117695739
0.760321921459743
0.814677568334343
0.990497373415538
0.952313987631772
1.17131428508982
1.13877599312829
1.00743690940779
1.00640733460399
0.829147552906661
0.878460196818494
0.840423612482028
0.882862224511773
0.841234918982204
1.11677055837884
1.02159734608046
1.20324718433034
0.94915354144051
1.55764671449495
1.57339321282093
1.48358308444792
1.61843551518947
1.52246724136293
1.40288581699645
1.40427058534664
1.3643805453109
1.67919701816051
0.563047139667929
0.634127121451217
0.554610496554252
0.743009097531887
1.19807993598411
1.09726284213207
0.650788488040413
0.96175492480304
1.31109306636044
0.827781600579612
0.743552747225188
0.589085422055452
0.743966364385663
0.895327369876159
1.29003806525824
1.31177971255446
0.85886890141268
0.714447620815389
1.22317081205883
1.1936752060451
1.16383153676122
1.42608452839182
1.98110103268448
0.829895993261388
0.720497341180624
0.742126070568579
0.996985452021348
0.870118409348042
0.870341975984579
1.30577133927943
0.709559277885098
1.35191176824977
0.87041598731581
1.85709177640842
0.896609358011714
1.28716615753755
1.15037749318832
0.923516846146844
1.10977553240904
0.81423245159614
0.978781333653733
0.840918213226941
0.741523114766078
0.672266091016222
1.13981808403693
0.590759442803766
1.03709391001647
1.75054202314189
0.864335193015957
1.46912937020541
0.912567272812009
1.05337578273165
0.983992141115336
0.70893346078776
0.833873659758055
0.672385538808642
1.00583549802092
0.674820478179103
0.929370067193233
0.884891540277699
1.22474341326302
1.53923584231994
1.03712219033655
1.50869189145156
0.929235700961669
1.91542089719972
0.758317944337491
0.755856834181414
0.737077079528234
1.10727168429239
1.66046964451651
1.08076066572918
0.872502458783066
1.19919014603755
0.806177569192005
2.43270203343662
0.898209922950794
0.951804063256953
0.826940348858867
1.09710083095807
0.705504725413432
2.02865279204589
0.749875503414526
1.2829581288659
0.84004005930806
0.561217004930385
1.09919020516943
0.625713374088045
0.560855165746671
0.849332435654069
0.797370241214367
1.07919628257269
1.20989638324082
1.61716621654866
0.670045040158368
1.14120801307502
1.48100604067655
1.40882043790509
0.533354153829768
1.34399310510827
1.49700663068245
1.00601789278274
1.02665086168687
1.21501082667898
1.1380284431674
0.893342294490418
0.695531554762737
1.9044122052712
0.794584391435694
0.698636918751891
0.818010340033996
1.13143975627099
1.07141549937178
0.910579577422726
1.05987674651248
0.737464177236711
1.31597435715939
1.05617424192649
1.79168293848015
0.866388072523357
0.816491850078455
0.977297429976937
0.605925221368093
1.14554579040496
0.690216398005622
2.86970873403713
0.948275763978328
0.976886983039945
0.834670312795564
1.80580821392872
0.897058915163811
0.868500422106996
0.984509700716878
0.998017934398246
1.20051524712783
0.790238701120904
1.53381300909657
0.863644171375577
0.809843308490364
1.1291738690438
1.68131295095363
1.61019638073766
0.880809771574946
1.11206920160345
0.960076945807679
1.30343361711521
1.23482177427316
0.845802712295932
0.752964925895206
1.05055325875071
1.04597696627459
0.751872360121547
0.756585453416754
2.39588442598919
0.68719852850135
0.930846000154227
1.40047166342507
0.769537852619546
1.09675080765105
0.914340392697885
1.89424450503785
0.968691781560565
0.857848912691789
0.75340189151683
1.42587569129128
0.923508123491222
1.04430381262548
1.08057129090009
1.41129875324991
1.65690147722391
1.55167158046544
0.736832129620135
1.72004084182559
0.814043487595583
1.18848200191137
1.51148563261099
0.705138834184416
0.819742914334105
1.32821789737538
0.777002924604071
0.767014399279955
2.30716443227943
1.02219107949274
0.86724497231862
0.899568269673097
0.807237720027416
1.03468635768963
1.19307594604524
0.925460270445035
0.790048028822202
0.983983835006866
0.713510688689617
1.63554729011088
0.578824607292184
0.979530870781655
1.91570580970557
1.39305212419971
2.48522107449014
0.881035873604075
0.801648694442565
0.9360075639726
0.866801985543992
2.16188196103712
1.09923953739158
1.57975403217228
1.90577437536391
1.52086161071133
0.739628323992952
0.723581559413116
1.49383994766079
0.964683551098921
1.29709201893041
1.15475283832019
1.92615122160756
0.675092079368538
0.854298254524092
1.16319249109435
0.908209368341493
1.00388216792829
0.674732655916808
0.769814534140868
1.94288542087123
1.10847348794131
2.36835428519179
0.922999173221559
0.852129340732114
0.673499079685553
1.09914167914996
2.24697906881321
1.09105191133273
1.51812348322671
0.760589216067157
0.979311572431884
0.949505762683745
1.36868487181007
1.78308030822086
0.81554647811096
0.810787031608123
0.817230952772803
0.848217707826966
1.94187081133469
1.81031621757133
0.776286245838159
0.763735828205633
0.924992116317785
1.33156099341687
1.91178544014233
0.779582555118505
0.683212349876
0.648957309809925
0.542159325590705
1.75103707744539
0.694012770549217
0.703111975894116
1.1322957708504
0.819101771768303
0.669434257891318
0.690283050456685
0.74491033193775
0.864273178397329
0.955380616058634
0.862707543584907
0.934910951526587
1.78530214122224
0.710157431476393
0.881709112609154
1.03044697535763
2.82724712324961
0.922695328272764
0.782175155957973
1.04295329153244
0.956825174915691
2.68438628343879
1.26037088611479
3.04232030834623
1.42364605735877
1.49809352659983
2.49202465380385
0.744589466298189
0.788422833985017
0.770963844941139
1.46524955949306
0.810816106895047
0.771446229615036
0.779770403297657
1.44646736831738
1.01321985312797
1.19460109120748
0.983613291317346
0.832103567799432
1.59034713704802
0.625100416464756
0.881172317335352
1.75851562551118
0.641502291033259
0.785551027089052
1.29544833104777
1.02089547139417
1.33597676071144
0.637648652181503
0.502674993364795
0.656071425416585
2.49644891270671
1.37434180331061
1.3890641849099
1.25286815161004
0.94413440648342
1.17179628372428
0.720190049471194
0.918174368292342
0.978544078310633
0.746838634693088
1.11909297414585
1.09717806207346
1.04386636348347
0.805944143237985
1.10918311441454
1.79524722092476
2.21399738129464
2.32938953299652
0.847151934010272
1.55417431600941
0.79253929794818
0.817572198432961
2.28730879023206
0.923955497453172
1.0578950114017
0.653999441340077
1.4677916677066
0.788894200346303
0.76932434306661
0.679314729170874
1.37687079673319
1.11616202559791
0.876233745407183
0.805935964494461
0.832159875239466
1.04439424356548
0.992047943532217
1.72527713287116
1.0394157712437
0.828603492083316
0.815212637998834
1.2063896260995
0.998963076637419
2.43736360501512
1.76072286746251
0.99951015283474
0.619500440593239
0.983161493177063
0.8050202682693
2.40960700851381
1.36962209672037
0.953967339093644
1.6039961063654
0.739837991175474
0.836802745760689
0.665320280065526
0.69713255196993
1.22660581755194
1.02916298787521
0.88652611973086
0.937171491335366
1.39263524613848
0.869968048485883
1.16110334581599
1.67576304184609
0.751559016354421
1.25771391343172
0.979229495827998
0.84140940264009
1.54105364746885
1.72494483161053
2.97694893037432
0.952524557049065
1.58627053585559
0.74129424323195
0.807366144391958
0.899741997316235
0.8983430738096
0.851428983736652
2.7121227206654
0.790863772352637
2.78462874647247
0.630530557094147
0.981554557512551
1.86643196339021
0.880787377979845
0.932253851728922
0.807172311170102
0.843959781702199
1.30695209511673
0.744614313753514
2.21397011618186
0.789853597594947
0.872415463493261
0.806196467736521
0.656956330111458
0.563104597964187
0.689825130526139
0.653210467795693
1.95278837480537
2.76374912594567
0.880036250041878
0.91698368445607
1.23440731901041
1.93876265610107
0.878284791029867
2.55440781358977
0.825782629615857
1.04692588518933
0.941679116907946
1.24121654637516
2.76162209511113
0.893637327947979
0.830776616518711
1.02136256482413
1.19744038874015
0.768187141083947
0.981713312156265
0.748359353828449
0.873766986668517
2.2257936560973
0.666051801303233
0.742214331176152
0.889640943730144
0.948996390767119
0.770536466967661
0.914518878008212
0.868634421010591
0.854382127026034
1.54855207477779
0.637135906065113
0.662656507736308
0.856478525005786
0.945498065732868
0.946962879287164
0.63080035803135
1.17512205614591
1.00499846382141
1.45246404873078
1.45151847920137
1.39773600643883
0.702677618544153
0.854528839477538
0.883628087288806
0.747764701017762
1.91242877280441
0.788364792486857
2.25627308920327
1.53006193396007
0.797933710961028
1.20913889936339
1.00112475907409
0.880311565325394
1.03964721105612
0.735647022365506
0.727169613149464
0.807241103770437
2.05532514912541
0.739905128189144
1.2187682105022
0.662876325990067
0.975356455653929
1.3475465531596
0.990590815757255
2.31557209536945
0.826113736050551
1.08131663454443
0.820218381315594
0.617429620498068
0.937452589519819
1.33601971811291
0.972346526442447
1.02870416817668
1.23141166397399
0.715401083070466
0.769189299792551
0.740253064095841
1.37549904657418
0.857187604064831
2.20436282152572
2.98851630144952
0.854492999066039
1.66465713468232
1.37180105022579
1.24071445568771
1.12533347281038
0.970617080135307
1.2407627790746
0.875799083370695
0.925879185690873
0.892541584944159
0.879873235423218
0.881600253871795
0.957185242397882
0.848199621011331
0.853609371915011
2.37470475493601
1.08463109566305
1.21006291334882
0.876733149065296
0.664616248260843
0.620347413042307
0.655887959126653
0.878928991624791
1.53477426112583
3.08356338309923
0.762454684884531
1.8069744765299
0.727287692019577
1.05001605333601
1.61768331245133
1.01221376662884
0.868487164805707
0.721069324250111
2.4977127227616
0.801797518844417
0.729605882924121
2.51489555498543
1.8662879595441
1.23645524449977
2.00005950862172
1.80870110653865
0.713882955625341
0.81184903082699
0.723173899265925
1.13425198873557
1.35975873411377
0.921906619562752
0.812842440496688
1.10901072483303
0.779923895165163
1.82421340678692
0.98904947277041
1.25392193843667
1.16082409417329
1.57979617801211
0.920688643518503
0.835142410307629
1.05164688005514
1.76367065561948
0.942896361826045
1.28349123470641
1.0926843400752
1.06597753911512
0.542830901366749
0.649288851598133
1.42031150532424
0.839051769200794
0.817918213566929
0.784476392602707
1.78340552081878
1.118779785439
0.754595775782485
1.34534747285954
1.3755385577731
1.64214574776769
0.896262719032339
0.837136145300437
0.830173156391049
0.960223111868871
2.37502258115222
1.15181771945698
1.32535575543043
1.34315223403161
1.46854197273483
0.974693601249884
1.02394917061357
0.809634584214768
1.0398983742592
1.64419333359085
1.28675467920682
1.85556854583214
0.734847468165532
0.872318192305674
0.660975530821321
1.01253357303725
1.10032575663225
0.683184120129721
0.802412175902176
0.93821712120422
0.941266074634595
0.787582818501636
0.987915906495912
1.06669975830449
1.22424557669068
0.885333595763629
0.786560862626649
0.850075918329621
0.85628159611916
0.805438998957342
0.787327571510988
0.763746856750989
0.720107383622971
0.950663979602964
0.841528797283276
0.81388364533336
0.933834008351417
0.842172041381092
1.37741613456321
0.935750631817502
0.853579833340692
0.864507422297546
0.737068420534035
0.850835520447916
0.705790217744157
1.27299825249023
0.756464068784532
0.720191800675557
0.709258277283452
1.20299287139271
0.849776769539881
0.798585577911106
0.9207566685547
1.00900016715196
0.828233106532404
0.794844139622155
0.885561850757494
1.09027022155602
1.08379440349144
0.745081441757052
0.88024028284265
1.2790166201098
0.857916985714256
0.830857094804511
0.766992535917567
0.811705425866544
0.759849703068529
1.0970861222048
0.832989727759402
0.912698907805776
0.824125276775511
0.789370508670168
0.900373556025963
0.820138463943851
1.34587058400031
0.95046833822293
0.742404447975817
0.772595251379667
0.74448568439668
0.82693204937508
0.956967905421699
0.790127837139228
1.03063502232199
0.916201766639038
0.948981379135382
0.856716258068681
0.8201512154761
0.845727246056304
0.822959807471338
0.87278094348018
0.884678424228164
0.791362273582678
0.847541362677311
0.833117597517115
1.03886325843594
0.867315988109516
0.839238274240527
0.841251032271146
0.88690713818326
0.853229155672154
0.880105979489837
0.77486849307094
0.796106035456659
1.15565682733241
1.02694852027153
0.878000865346737
0.759419330787802
0.788737278457268
0.929569440979107
0.987472533303767
0.839280324973422
0.929128893928546
1.09414746475765
1.13908061670798
1.05824661490819
0.609308578537597
0.69101465142474
0.653966486924777
0.80087498089591
0.838531134093193
1.00154917143867
0.993863754621245
0.757940388153064
0.704254203815707
0.729151572270768
0.806886997148413
0.898225781827361
1.11390524641696
0.891433321312515
0.721666396944901
0.778377250533873
0.780269353015227
1.49295195243733
1.4456999752492
0.758225276203451
0.849135594356673
0.843747839339777
1.36054104598024
0.868414683124231
0.807997554562868
0.793965316771313
0.693421871675086
0.839784867588526
0.835018821633957
0.935139575217784
1.34614450860644
0.823971969275941
1.2597581012972
0.898350368217776
0.918778650467098
0.742356554192996
0.734434362609684
0.730915353652285
0.753110969039999
0.777049731946801
0.766399969644538
0.847080555418998
0.804243529638088
1.12531952055585
0.723900036031567
0.786569323442966
0.855627796679792
0.966260206692508
0.888167075696956
0.816267772856876
1.14953218033601
0.878800370189397
1.21254513453056
0.838977401083961
0.881990812231233
0.891064789526838
0.81569808354157
1.10966849860193
0.783385769586482
0.781741229157961
0.859741293487251
0.870999221629663
0.972812523708522
0.782378025901195
0.831017095815661
0.858037265504063
0.892430333723909
0.84354447124304
0.848295518438189
0.904761372119992
0.832239258426927
0.806911175178423
0.774268037982956
0.860476341841773
0.83887256221165
0.879396856254598
0.846552681265675
0.781715550830525
0.763002168492813
0.888884645659784
1.05919618277707
0.867338735032431
0.995122285245542
0.841441952437381
0.904138035316183
1.4690110126958
0.685564268599388
