1.31253980062714
0.956104997723967
0.963530457841684
0.924807751174215
0.940354117228999
0.872941516835649
1.0032377411739
1.0110383604108
1.04246106518384
0.928780899616961
0.807054204193311
0.814263989650561
1.10574406777404
1.59990477583933
1.09261097367359
0.870658768159029
0.861555497534471
0.860506044229753
1.10105733138457
1.34020372447484
1.31365810880118
0.822694640519942
0.793994285813946
1.28860906402077
0.971085398264605
1.14845664973587
0.896433502040954
1.40181160747733
0.809548200742403
1.05936227654017
0.897637421192657
0.959473406257943
0.909439373188492
0.880815655511537
0.907709077746599
0.918684797149705
0.855731126513498
0.82906749284276
0.95720664924405
1.31292462324822
0.80363585160632
1.01822885714035
1.47137985366346
0.904371955625665
1.23877901331108
0.852110923016971
0.87676569818582
0.878235058456627
1.03161849018824
1.24067124015112
0.853471259989629
0.988169776719445
1.25675261580866
0.97868235944608
0.824294985758639
1.60168448846474
1.36023521699179
1.19724736997131
0.983425096930047
1.54828328276714
0.929446278126349
0.994097446954675
1.05528610625085
0.997981401814946
0.979713441608465
1.24608899070362
0.90830723729734
0.896166936001615
0.946705636291668
0.990941674911897
0.872502192261988
0.790402631481703
0.89300274017678
0.846828722940096
0.922583015017751
0.799967863520139
1.22106724659444
0.932129694282265
0.81386753681944
0.803179125750261
1.02725926947692
0.90646140557467
0.968477634553812
0.95639217109413
0.889326772069035
1.41367074664563
1.54317796917955
0.856668227349101
0.831897312997714
0.83037409661535
1.15427976080002
0.857419750547881
0.952011444216799
0.935202781186386
1.32979316970538
1.24378504939443
0.877575018643434
0.840869563341211
0.946762898272208
0.888464537147862
1.26769828977088
1.33944816216949
1.25003444143223
1.32119331369423
1.62560208603642
1.15390416380755
0.90558770021061
0.969141250708541
0.841901091327433
1.59151412645006
1.32735836243034
1.48345525491025
0.908595440523197
1.04629472497118
0.881290434790865
1.01265441480989
0.66963318401397
0.944626638806821
0.807901150764567
0.948149425710151
0.733795192190268
0.962521244140305
0.865033454893651
0.851872871927138
0.844263200597955
0.729522639940034
0.776135239276941
0.652244819471756
0.638030270400534
0.778044740581577
1.11800939224294
0.923815139196464
1.08339045016468
1.10866060171515
1.36649140091728
1.30566702435805
1.18180968086212
1.4101384113046
1.32465646258488
1.1947681189422
0.846358929401057
0.918966534125983
0.735490261107035
0.63527626042861
0.859542813230666
0.768623560881947
0.85162026609201
0.967856003484039
0.933570380212901
0.95156298335199
0.922384569278931
0.74375774018579
0.728557060148768
0.616755968188174
0.58469325349927
0.664198336567469
0.583186983771946
0.654790542878116
0.645721297620877
0.642505977541256
0.546859152014836
0.635418385455595
0.544844580586981
0.594348000931622
0.797319086384313
2.07353062406722
2.83630169811503
2.41884920714372
2.55529535778705
2.29712050672793
2.2406248055894
1.46149805095141
2.36823962221843
1.96205513189197
2.77131182155223
1.8977831831759
2.43153141642801
2.67079176739673
3.37118853252862
1.68990937474788
2.06144255627476
1.43839181424547
1.53845197037805
1.58248567465305
1.41087500942262
0.953419358115707
1.52370482068838
1.36517126593317
0.927744347789835
1.05006550871161
1.0082751962558
1.03500347970657
0.866639373504052
1.08708488043924
0.949838994619765
1.07813178771702
0.871109789992195
1.02923181341139
1.15397138368329
1.09548899696947
0.75623854198446
1.06642154944134
0.746858289920181
1.04251794629745
0.828661815407322
0.798995860711535
0.705943072349244
0.567946082727695
0.592218095017653
0.641650571054344
0.561764323387119
0.900542745242549
0.846119920539496
0.541890659484395
0.841581712613312
0.916231299016483
0.77550641563911
0.699337465635515
0.666732261799068
0.82881374614702
0.848402779996658
0.827357631325202
1.22620580146732
2.26360606436308
1.37382513578124
1.27826419573767
2.03738040416022
2.10042651097782
2.57442732595894
2.1174977073763
2.66074194411623
2.27633092234927
1.07278870628401
3.13835694090858
1.95184214923125
1.25827105237555
1.6991765652912
1.76174702285622
1.61839689889956
2.32272816920254
2.2188690216439
1.9871305964673
2.7100336480928
2.75910905425699
2.57792726460038
2.57681997639041
1.92082080139122
1.95214909909194
1.90748356274315
1.69136533205457
0.585395450126482
0.685510910809732
0.683616983613398
0.952200594419242
0.84270286811214
1.03817080294814
0.847242087972895
0.924832506702415
0.841527346734175
0.831459127863869
0.874369634243187
1.03101240495812
0.895760229734298
0.891271205722587
0.990623211891626
0.866440592859474
0.872743107578517
1.11302463162976
1.37182875317995
0.870487452597575
1.041155496483
0.947213301057506
0.979191576347116
0.840144571225938
0.912860635380911
1.24533538816757
1.03877303251904
1.0124995267192
0.934991593031848
1.05750816735014
1.29244268705876
1.82588631932973
1.60936917218819
1.91849143180669
1.62856006523766
2.03606348461791
2.1809572973709
2.07259317074148
2.14996279627905
0.933714751479618
0.96577822538985
0.906526098727931
1.11757976856216
1.39040870145919
0.857926375017363
0.815996827504267
1.01256154446981
1.06616265827826
1.35074799458273
0.862811888906744
0.708731399015246
0.906756336716984
1.4760673179495
1.41081348529546
1.10629397290145
0.828800186424249
0.8682104816041
1.07420145436686
0.972663168451306
1.02274396187563
1.08792734349807
0.688114909204461
1.65192238310049
0.862868597367253
0.858187789951547
0.974277132190975
1.29220642737509
1.64342945759442
0.674778845597789
0.723842513282508
0.759765319791993
0.925332671187232
2.54017958297338
1.04621877238725
0.835301729401617
0.593295877675749
0.626580800090618
0.738586763094667
1.06686115140559
0.894414105295473
0.954388917485103
1.07657086439969
2.80958779355371
2.14723903270651
1.64029466899049
1.81827876213519
0.797985389128888
2.54071570514826
2.23647666391852
0.71939872317931
0.675959679739054
0.965306270664255
0.706303880046093
0.936218232256334
1.09936243350094
2.33058613783446
1.47586230828966
1.01177307492049
0.719511027497952
3.01143887739229
0.880166008722174
0.764247282746519
1.05747311474966
0.938565610184511
0.843895680301106
1.41125423092894
1.34614515065096
0.832905291166577
0.803145606519394
0.969648026226155
0.89436230851426
0.795274163402881
1.62335609430051
0.806465775784924
2.93266304608852
1.45878136269265
0.930775381931367
0.829329994304971
0.859499122019902
1.02057343531447
0.93319844356946
0.957886190438075
0.655168092801818
0.659125497226202
0.759538388158451
0.725031219061091
1.89601521010416
2.31483862607351
1.49124444466005
1.72803151564612
0.879109947564161
0.852499529600448
1.74445459442916
0.825488697526586
0.854849277675338
0.898513448501717
1.01832871685695
0.821635117914395
0.752417485106179
1.44872416080382
1.32057520865302
1.35562294019704
0.858120877407041
0.801499572115229
1.28657895209253
1.12872502424618
0.866483573320602
0.746163817777837
0.962934229045783
1.91954840586107
0.900258142182603
1.00664039514296
1.31035522211651
1.06736710571108
1.42850676686008
0.911624918588378
0.91389927022765
0.874671487828193
1.05888635284866
0.808513900721825
0.916183596878564
0.982529532952019
1.47755625148678
1.28534676473564
1.48149213903578
1.43073588859029
1.30186986708271
0.998971553987325
0.687755376115368
0.68046040482754
0.82635528743251
1.40091613762787
0.623851438218915
0.660072953625035
0.808707758706641
1.05615379474845
1.86514260020939
1.69186100089481
2.15601268036409
0.97479364104413
1.06947823871766
0.886566884077279
0.982728199766355
0.898408198017936
0.984227179188345
0.980044652144619
0.804225459626019
0.992380868088917
1.9926056493152
1.79772409696038
2.32049291209151
2.62252456050141
2.2057577800387
1.44029478173505
1.47866506340897
0.772645561386161
0.828310647229055
1.00878798102328
0.943705053869084
1.16263174908307
1.11861815409474
1.06987145373933
1.00790082434748
0.83773524199663
0.870469492566423
0.810677035740805
0.874321386065017
0.803881196512145
1.07121563436591
1.0116198919497
1.11470862538303
0.946346009622483
1.48140497485122
1.52786694326331
1.41804371724532
1.57019255529467
1.38502511713558
1.27201450213907
1.28809118597843
1.28718064304009
1.64493905600983
0.546541575176111
0.701255663956045
0.498093829708488
0.843207042713672
1.26752633833641
1.10586477434034
0.645460334971277
0.936690591312895
1.15005251229124
0.910639658198799
0.788350425473546
0.548718928018268
0.83914933337453
0.975926123394024
1.319005954018
1.32947972603498
0.846618520204349
0.634429887998675
1.14631039034964
1.25263865865574
1.23608363371509
1.48725840834757
1.90842347949903
0.922492280111339
0.775287348351464
0.774304410877746
1.07762708040338
0.964124655670707
1.45664867867421
1.28431836977241
0.856326887689989
1.28498942585428
0.932997044314021
1.80758642561535
0.926625282096905
1.28138052271489
1.0088819352044
0.986929488854736
0.953799373665816
0.824265339987215
0.945521844542843
0.864720704151694
0.779032843053169
0.774283247318019
1.1017565287497
0.594858602515704
1.05639650397824
1.61067309618128
0.934529935209907
1.42372941253148
0.883651502745732
1.16590592844822
0.99858797067404
0.698392219393664
0.885902808984921
0.833304243170841
1.04333412795239
0.703225027003766
0.975961140950204
0.910519798451938
1.24806286709631
1.34567034031141
1.10167309276949
1.50189573629132
0.965541278026943
1.85997421208494
0.787544543802079
0.806099385159056
0.780714440164104
1.15086130478782
1.64654745274558
1.11022389142698
1.01738019518964
1.27221156740427
0.773935772577723
2.55074410104216
0.971820029315813
0.972748782456384
0.872809769527925
1.05039789687174
0.648947565745589
2.04498694203974
0.725216201282497
1.09193360323808
0.848830210883938
0.562971945687772
1.1224236522365
0.62880547809315
0.536525427765348
0.944330032227424
0.799726230666932
0.928495271618224
1.133971111367
1.74707437064879
0.668370546438806
1.37753995763304
1.50752956811602
1.31850234939001
0.555660336222503
1.21377142430598
1.29900205123236
0.987194908080153
1.50947722913691
1.26103535892432
1.22366776222274
0.92291366688405
0.784115441029958
1.85858759567839
1.42238429064141
0.75082668190176
0.848522520092548
1.08959741451672
1.06564513812996
0.898328392556463
1.02874651693305
0.777040448362899
1.32665737357079
1.00939943087209
1.73844565929911
0.947231428751023
0.882252788932216
1.00540415463102
0.66753378829666
1.00979633483797
0.708430778477229
2.83901833049824
1.0000002902895
1.00499264873091
0.742007271639549
1.76319425301899
0.864041472058114
0.915554327277633
1.00327633021509
1.01334412750977
1.18544802701441
0.913819598310124
1.46456987949661
0.848532578838039
0.76753937705072
1.18761034224936
1.32331899903528
1.59788238647976
0.948694034985822
1.18063049836387
1.0050805034083
1.29983371485057
1.13768207651141
0.936800709887336
0.849370929837053
1.04141924578082
1.00973406795363
0.753930167677865
0.818509111994788
2.39769365035564
0.694229058465542
0.942211057239603
1.25804625769805
0.869632105743772
1.09254606586509
0.929465824505832
1.92617577738478
1.10302581212037
0.894538032798878
0.797130541364194
1.41016094755705
0.885873535806893
1.07796037275831
1.1042982646001
1.36819868865126
1.62354346503873
1.51837055603999
0.769164552091753
1.57016432247882
0.89229364920064
0.978541631705276
1.58379234852904
0.78521741455877
0.826928655210376
1.31748608138401
0.866608454804583
0.896985732564418
2.25975043478404
1.04627324946124
0.920573472978752
0.949846155206291
0.695563906520015
1.05700305430134
1.23729510526147
0.950149779137934
0.815918409415734
0.974265801982329
0.723231514117191
1.61041914877376
0.530456223726898
1.03292226978385
1.87943778225489
1.37066436567666
2.48866357550212
0.893019797429972
0.902746756192198
0.915589174283828
0.859481441388877
2.31005023460609
1.14786857289781
1.61739714879581
1.99712379855006
1.37741263242108
0.782624250057883
0.804667892741735
1.45090229323886
0.970574347482538
1.26273416688018
1.14192101602467
1.93173245947366
0.658876519455783
0.842374924529294
1.08853827616144
0.942432348332651
1.01242253008798
0.669059664893175
0.720431648281443
1.96368789414332
1.24036541239541
2.43583940531803
0.912131271375658
0.92649199297098
0.768190406422461
1.07507330619235
2.34308997501006
1.13397806133139
1.48321807903235
0.63802578944805
0.9770624013071
0.946531897085071
1.32071560001785
1.85623881917392
0.838841215335437
0.861789560577768
0.873981159162238
0.953229551758469
1.96137122919366
1.80301522894541
0.834722346576273
0.805618957747236
0.93942277140281
1.34857838485514
1.8767306350484
0.776256268015633
0.846120371841312
0.632163357332503
0.563353996433481
1.82627842395073
0.71830678451568
0.745418083989383
1.06340065036573
0.812383986329466
0.750390556463735
0.78892157493638
0.797458838407742
0.959942298850848
0.988052730760409
0.862654240433229
0.960956897486133
1.77432011230371
0.681871321007776
0.979300289321525
1.01179929229512
2.98623569847778
0.953303543468492
0.720072586892119
1.07752265991862
1.02385403952026
2.63946215030672
1.25776044419153
3.02066734208227
1.35925872290794
1.44315174539531
2.36908396699332
0.900710285411016
0.943799890551069
0.871179055121355
1.39261272203279
0.893321278486123
0.880934345135493
0.726806204394068
1.46290242922758
0.943910172000205
1.11193854930448
0.894845867011927
0.913478288008839
1.67196427727884
0.674420554326465
0.947694266952007
1.70886944875097
0.623704454042471
0.701059105906051
1.33824753165926
1.0594258626485
1.27925297457344
0.665549205631429
0.540679773241468
0.719796082761052
2.38577162323745
1.28331630587526
1.27767178733881
1.29618576121379
0.91321489463069
1.14951282250584
0.847123861241578
0.923870048297822
1.04656014028723
0.718102136663431
1.05998938438072
1.14185003973779
1.00012679838049
0.895006601016967
1.46427755613646
1.712679592361
2.30949747285627
2.34159740106906
0.85958504053987
1.53064262220408
0.886161831622361
0.883107507556549
2.28849794743727
0.980193675476305
0.999532757770639
0.694389403532197
1.55162042056228
0.787311075268752
0.87321446818294
0.695808572064258
1.15727221460761
1.01304305158084
0.944924870877364
0.87388155115094
0.909432013045216
1.02567251954287
0.904575347770848
1.69302743836179
0.945265602337585
0.838103397815287
0.823768722637793
1.14016000542187
1.05323510639702
2.47608625721491
1.8505396862349
1.05186897926586
0.623269205723628
1.00133919524124
0.902771393984591
2.46251910290004
1.37921590709388
0.968441630011082
1.54891840222922
0.764161185822069
0.896166717673645
0.686334444183206
0.697561318695372
1.24331256492336
0.984983835745195
0.901066606939161
0.941224871298619
1.39656792384222
0.844029353195119
1.37074516764406
1.49012342165283
0.820257220730248
1.24335077059878
0.961561850992256
0.725543549549037
1.57527199385962
1.87282544478792
3.07672487356512
0.961506489614944
1.58292265975311
0.780426818487598
0.790509514025385
0.954728490244995
0.977834907600891
0.943916196419249
2.52331911998435
0.692483105848433
2.92886287363308
0.641119538531591
1.00030534504941
1.80270006753819
0.958356334512282
0.985365497744276
0.948497048146135
0.858272726576814
1.46876700746799
0.699373925201996
2.11689983389249
0.788196623342919
0.875553934637535
0.87088653358346
0.711211797241017
0.631441247906309
0.712592927808811
0.677310219096222
1.97505045600624
2.75801314111285
0.883613903807355
0.952410983284661
1.15485830652639
1.8518368577828
0.956564854277927
2.54513967643796
0.812449088227736
1.04594108005745
0.945057759368606
1.26424089791588
2.77856864963843
0.935124607452484
0.929593249816793
1.04884417086797
1.26180119786632
0.784178313624097
0.97592410501322
0.687310127291197
0.912519321518308
2.15628781327423
0.723051302893814
0.812528069398396
0.885423245069741
0.897802371284397
0.865552993448349
1.0140604206282
0.868331847478337
0.833967464761184
1.55090696282965
0.611887218435716
0.663645501902973
0.906366783094025
0.99921686632632
1.00089547162939
0.616305357511914
1.16715657545715
1.04349013348411
1.31188980823136
1.34945787240439
1.31199474915638
0.725203645213309
0.839028494878083
0.889799388594901
0.79207724220833
1.74004955814611
0.866035990161466
2.14771354429101
1.43154505435342
0.870103994623614
1.24013226409548
1.0616672820938
0.900284297473742
1.05418663615907
0.859238018458118
0.839183183933779
0.842739153675915
1.99992093570596
0.828494231539031
1.22731233141553
0.810490618666971
0.999848631672994
1.15534247790206
0.990608340922864
2.18791299132056
0.842375527650367
1.11651697655274
0.923045423993681
0.721210413685373
0.904019156124127
1.6947153606642
1.07596817761398
0.962660126805694
1.04731564243702
0.876204958998569
0.742600534908714
0.868549844786025
1.20188988436432
0.782390323191207
2.22129304332105
3.10090197772011
0.923414659539208
1.58212276675672
1.36084500640576
1.11562757839723
1.2343981730592
0.961683674296265
1.03608009539672
0.928666097267013
0.989645134667455
0.963276950263861
0.879536601612151
0.948128593530301
1.00702118391389
0.865917246139238
0.907490542127699
2.34262776010844
1.06399217341639
1.21882766467917
0.873595994546208
0.828034806202522
0.540838168845474
0.589802107538134
1.42730094874001
1.51985089351073
3.08234821973716
0.818210986407623
1.79081537172828
0.764981451132054
0.896964724699605
1.60138285207522
0.948232829009299
0.926396559167861
0.800720686850774
2.56321651707173
0.83100854618113
0.772434282896409
2.43516061062659
1.79218973090639
1.28474456898189
2.00465199559108
1.90100335293917
0.798947674320563
0.833598140078321
0.77103204246585
1.07608529703266
1.30833235128993
0.962068423175745
0.884708287955481
1.05377916452648
0.786669883027806
1.97312207600367
1.00461059066053
1.16606505986977
1.10226539404922
1.43968134269501
0.994730806409359
0.898970574504751
1.03959873577222
1.71778971600893
1.01252075987193
1.35799926647017
1.15805127800447
1.12165131980192
0.577077752255023
0.684179306119128
1.11403822239946
0.932794888657435
0.91455089579805
0.876089457354091
1.62062677227134
1.08804322044608
0.795993914056984
1.29686678145341
1.28697723420792
1.67628627933864
0.879855526904111
0.815947338824652
0.859310254955784
0.941965113299948
2.34293537735401
1.1298996072844
1.37029269567882
1.42040092588071
1.43738681301927
1.00881010340671
1.02853585530126
0.82116249220125
1.1594310838658
1.62374976521301
1.3221626499528
1.57665019509839
0.833656567236722
0.884502402108492
0.804353783838446
1.06142029616122
1.14899230364486
0.990962352115361
0.99474235415701
0.985000072504538
0.991511505604206
0.866079403539295
1.04772317908791
1.10722402942998
1.21985793960425
0.876246885524563
0.898790956490072
1.01386919253821
0.915610193937419
0.884838501237858
0.869415815846075
0.841080185205898
0.859073404802989
1.05212064740826
0.912578796166788
0.885353605261285
0.9940362504753
0.877206209550947
1.37811013728539
1.09476462822065
0.948736532821788
0.9385940904013
0.833359315816779
0.922271394733355
0.860310032078228
1.24548370641522
0.836432236191632
1.19748108255385
1.14655892203159
1.24449663484767
0.934805715735327
0.842930991291628
0.959978135087147
1.04103155411857
0.980095152947423
0.8731890845075
0.951507612964484
1.04981253794139
1.1731317158348
0.82572610649565
0.959251358299541
1.30212231664751
0.92812684781068
0.907618170581752
0.941654003902712
0.888002948511925
0.881744500419477
1.11626046857309
0.909714725393302
0.942242673528382
0.89572166799855
0.843193547581872
0.958939664409263
0.894041620851661
1.31308379337691
0.99316211445711
0.825703511873756
0.85326103446553
0.825495345990855
0.990079964159423
1.02317395836518
0.851944146126503
1.12232981206592
1.06073607041129
1.01084834725825
0.922494227864695
0.959285689454976
0.936030192672304
0.970812064931557
0.919104950261091
0.953901547626289
0.845398181913028
0.91113217497341
0.897015658244032
1.01643178601811
0.943682719736554
0.910449218610496
1.01229182689051
1.04694528603562
0.933116972430145
0.952469423671988
0.853847143029351
0.877606506778936
1.20950922615118
1.13469046192376
1.17063821402173
1.03937204380857
0.869942502053723
0.982594115486312
1.03682174021805
0.872971337429803
0.974933132977415
1.09039358668772
1.14423201847075
1.03020487362385
1.17041971414844
0.955868261676666
1.07438558234364
0.875838608635343
0.912740361172842
1.13857241424846
1.12032213007314
0.874703319840015
0.825870849286437
0.85668750960325
0.873469704208394
0.969505939264337
1.14436661599567
0.960254102364994
0.891833415306772
0.883461564483014
0.845660134671957
1.45987592855525
1.39265566788201
0.83784477839081
0.916233471045109
0.913554292120377
1.36576714559829
0.934968358003764
0.872315850559195
0.857004911196878
1.22745078919342
0.955833982422391
0.921626748258472
1.01659782960344
1.31286934294309
0.894464262800942
1.27254857151717
1.04335884899895
0.948588252275272
0.830103646817532
0.819159910405859
0.813408795194636
0.835182456824638
0.857826151100804
0.84622600244985
0.921201302595625
0.884566043625793
1.18274729116334
0.821780851802692
0.949695406255922
0.903500465442442
1.00985714031312
0.921114087088702
0.944334713784027
1.20873281939381
1.04415177307599
1.2344448780544
0.909861592727238
0.956653816661679
0.971465545956057
0.882483105131025
1.06473788846949
0.821911110715251
0.953715288572778
1.25095685457308
0.93213260026768
1.00615052463977
0.859830461653745
0.856973321120293
0.91881790922261
0.957757788666741
0.901159556340313
0.92817994383884
0.975600275144893
1.04463301384148
0.981199611526172
1.08899639199984
0.931503128114216
0.94472934578696
0.940457786309737
1.01700549863632
0.854637687197441
0.842352139625186
0.912406355518092
1.08403131797427
0.897556797324555
0.989089523523815
0.864786128166907
0.900398598354437
1.46091677745155
0.839201498973138
