0.693067396661984
0.760177657702875
0.947870653509004
0.928505780797893
0.73771386160953
0.732106089662191
0.899478959680098
0.969877604642306
1.0819188714791
0.836982049935821
0.723414272847233
0.692970806287913
0.827842733444899
1.77397235842095
1.22092382343862
0.773653880023031
0.727835027672246
0.69135479065075
0.872097403875236
0.74329886323494
0.671855591664312
0.72073328297397
0.77191755278414
1.3725078248662
1.07870872690837
0.896449580184116
0.74812659338987
1.71444300498421
0.717433554335079
1.07064763210569
0.846933678716787
0.809202817988192
0.682067084357884
0.893251131929947
0.883040984687555
0.952882709626346
0.673154704369171
0.755002208594803
0.805603603249754
0.857456337133619
0.732995542205978
1.13595517322606
1.54790191081205
0.732708289543325
1.10972048234889
0.665735963903638
0.784329923219689
0.758448457408842
0.849271014715025
1.45925775788268
0.721073113185565
1.04879531431239
1.25721310667875
0.876034933995003
0.758595801530091
1.66494008313798
1.45916902080359
0.956822559097175
0.789747642363273
1.83100049217067
0.811809621873159
0.738672832407663
1.17163862732181
1.12371854274679
0.925286176787245
0.828736913283861
0.779261338529834
0.874804599612266
1.02819921638931
0.792791789892231
0.76219594766476
0.701044304847312
0.905370866889177
0.851678470517005
0.754601888362358
0.75267010475276
1.0306564494418
0.830058769448361
0.748073331526267
0.727582222436654
0.851418189135876
0.818804282567964
0.778579192449556
0.923297881207946
0.858867234995056
1.50127524167696
1.6048654658561
0.671571603291264
0.751190092654825
0.6753317795795
1.32593888996127
0.691871974654172
0.821755162577305
0.769976669240028
0.774830957322457
0.89510795469098
0.667721123908727
0.711222994119362
0.705190626271012
0.734615680281372
1.3194181804255
0.70741991056334
1.18540478710567
1.41897088801902
1.72961723693018
0.889914155773785
0.702989088788465
0.785854364175738
0.73120524702131
1.82653732404654
1.59933270237229
1.79646640797013
0.809897566993673
0.780920519117287
0.748891639584289
0.867002285777944
0.660315217610844
1.00570641736663
0.803314652021919
0.962465025792301
0.771916145393194
0.958493337951415
0.856849830873684
0.857966181323635
0.890474721456651
0.705973983239443
0.789772280183319
0.671075083321825
0.633228691187393
0.80256318713709
1.24576986175432
0.92326035768563
1.2259229405982
1.15729306202982
1.43600075774089
1.40293118228587
1.2050245116826
1.41058649780037
1.29778047403417
1.09998845763454
0.718037333163934
0.947658870376956
0.748108095474403
0.613046914357533
0.926400540035378
0.787871482222491
0.792797585579522
0.980087973665248
0.891612860142291
0.902203268238241
0.913309948796736
0.781207702075598
0.73950256377825
0.592546175957988
0.600772303825498
0.662540448524182
0.57803634048012
0.631128254200876
0.743706013820804
0.668393988903983
0.483197916139709
0.546585998891487
0.551558141751558
0.610349033380217
0.716147930034915
2.18095501361305
2.98392984474254
2.29378668807423
2.34494952731622
2.38607624546145
2.21511348520431
1.46274197341933
2.42104402589689
1.97751308699755
2.7889776232157
1.80676146918829
2.47846804881368
2.48486616690367
3.42280360871803
1.88840639516474
2.10649216132228
1.44656183458292
1.63714480278304
1.66567224001208
1.43708712443485
0.84631896065516
1.57076818221595
1.36204861608767
0.900289392948467
1.16257279524735
1.05898692062641
1.05994158916293
0.841048045254835
1.17945428795802
0.894724616610629
0.972713974905311
0.849949708133107
1.03156471038737
1.23085810286841
1.12440312280844
0.768124751536386
1.09568228021702
0.745187019528875
1.10931662532612
0.717204233408715
0.702963333380769
0.821690602607561
0.567465753366648
0.60366941513984
0.632084546971326
0.596047143890085
0.860231537384752
0.738740628709453
0.542976608404408
0.854221794420751
0.911136587427233
0.772395674516746
0.72621372829818
0.680848949320257
0.872968148897976
0.929091210069055
0.822558622094776
1.2380096849387
2.33163160447662
1.32132086456071
1.25471691670922
1.97909790740863
1.91144378150153
2.5778452541361
2.18301605151319
2.75201865023007
2.37585301617115
1.09248702263055
3.09060185726469
1.91075062433478
1.32454935239832
1.95378461841906
2.11828024341835
1.71503637734977
2.18955077158663
2.27862839704124
2.18418602691024
2.59808825807596
2.79526897106481
2.6092246422926
2.45487750920225
1.87621235882389
2.00388118777546
1.91270456262965
1.69943249030915
0.536638860289243
0.588097476578335
0.585862234098211
0.876411624886263
0.733886792741051
0.991131360543169
0.84882351767672
0.969736800626816
0.845345472823855
0.774103041861711
0.855550448479869
1.02227071878253
0.901643576044681
0.873622717005442
0.994690613569034
0.849179206219251
0.864365313045643
1.4726883681979
1.8565286532758
0.829915835983182
1.21591778777286
0.801948737584404
0.943278321647905
0.800881101405647
0.88574579000028
1.22254191410618
1.00961796365656
1.05285912282479
0.936759885091322
1.07336930768726
1.31095792210733
1.92673766109623
1.12601633076235
1.82844387151397
1.24319652672533
2.21404976539227
2.2135535971419
2.18978943717598
2.00803292476998
0.896914810311025
0.949368200989329
0.91259563947238
1.08898610619162
1.60846064277419
0.782147828070593
0.652522863955328
0.975741847396131
1.11543246854115
1.27422767594921
0.868623326788205
0.710030091471839
0.785646623484095
1.46147368087686
1.29561851805397
1.3637216107082
0.876218754758856
0.766682052173855
1.02820974210897
1.12271803277738
0.94848593978304
1.05767138372927
0.72964819227259
1.48603174589758
0.752132651993545
0.881214528262439
0.875692619169813
1.3853811872398
1.77361811528763
0.628612108508626
0.688001094843758
0.779176964387235
0.871870157299631
2.37268958383348
1.1582637741947
0.855234859317413
0.538275864144179
0.738405169569736
0.742459826373957
1.07402895729695
0.789753596260918
0.825433222874167
1.32445729490066
2.59600464276855
2.27366365441454
1.48038441060669
1.86128953124895
0.850646102468924
2.28184003692688
2.05651669670714
0.809108791364882
0.72117115809272
0.931595444085129
0.615700504036385
0.75541779272076
1.12255587523363
2.15120921229604
1.64327362563047
0.941900458518013
0.725127525932926
2.66004289138743
0.863632834827606
0.906838506904443
1.05811555706949
0.899762792028695
0.779344116171385
1.70298100203041
1.35388813040969
0.796960064664341
0.702308897296256
0.970688546570809
0.901933297685671
0.832350047251775
1.80121191893718
0.755321755548161
2.89036014140045
1.47029133737427
0.81266338670547
0.695836064116287
0.84611120886603
1.01550939987411
0.825278179290736
0.869217385435184
0.610296883668286
0.64736935187041
0.781824995312411
0.690038712290535
2.06183194380385
2.47094829696641
1.69657086573009
1.6868189202719
0.862621229933155
0.73926217022469
1.67584330383159
0.804604846277595
0.844095810608158
0.790702096345118
0.914831112847269
0.655445615077355
0.79604587409026
0.977018453659793
1.12738392249562
1.31185175984627
0.795407388282319
0.785717949635679
1.37007384988846
0.985055014599111
0.785998697871268
0.668089782912282
0.969752882091182
1.92517568273727
0.715392482425231
0.822765126943143
1.53869103110264
1.15547467336522
1.43254602491757
0.930628409653631
0.775222662410824
0.688497965728196
0.975179270523159
0.848312222151413
0.917940610644642
1.05425152368732
1.52923480662676
1.3558842308944
1.67887404624697
1.50497727652942
1.49804232272878
0.937750560480929
0.647991493433834
0.582761371306126
0.660377579518422
1.65931182129592
0.650517701432446
0.627576577518787
0.832158629309964
0.96024986592258
1.88348901503047
1.30509857208999
2.12074696167247
0.912752908731472
1.0057689315372
0.829120804740343
0.88193849723592
0.832373485874401
1.00751780816478
0.989569128352868
0.833683233040296
1.04594823054616
2.22395430814618
1.86783847614006
2.4148589218517
2.70758813734538
2.24574202771496
1.60308170108806
1.61043643336898
0.757411923954982
0.801202454147689
0.98211223582132
0.94792396454232
1.11181675012978
1.17904339834252
1.07219353259556
1.07844779588819
0.895104293645098
0.88543921006492
0.840771540754888
0.879071171718125
0.852248228259944
1.10532679244413
1.02880168459632
1.13756564685279
0.99450718376845
1.62614223513076
1.62156815648062
1.62016461490386
1.6824000838067
1.60930095095977
1.56203795189137
1.57228953366955
1.48366304507997
1.60830798630238
0.570378435266992
0.621279285235974
0.560435183951617
0.683533024957933
1.07046174046264
1.26184709708322
0.635376656739889
0.975664988459665
1.35666361380414
0.860053735072155
0.743903887321378
0.549850880372767
0.693469886803825
0.810414059477318
1.18595804324578
1.49423944353989
0.872723068630236
0.665145652081078
1.15669021202918
1.44117173050216
1.36082252496772
1.63848409744011
2.0297338971836
0.722562396810903
0.700294161030995
0.723889471319099
0.932854563657664
0.771106667038505
0.849798140451088
1.24191878648035
0.665658171707333
1.37919392822336
0.781602476584146
1.84641319056011
0.890533993952861
1.2719491517533
1.19712342445024
0.870532260641513
1.20335259380004
0.824973050402043
1.00188497766204
0.848892759350924
0.746432965188389
0.640144699100455
1.10524730212405
0.57939126313556
1.01836770041535
1.68759936766092
0.850958007855654
1.5752077282683
1.00049036780301
0.929078718112542
1.04029046840413
0.72888482637874
0.796122440752855
0.673658472614007
1.01380466091846
0.657538602367161
0.925791247443705
0.846937410525626
1.14181194711385
1.42996400609765
1.08778210475072
1.60580242578024
0.859805931133895
2.0893691012592
0.792234994714352
0.722156263705994
0.73292893786382
1.34820720688489
1.75413009564477
1.29133489740615
0.779425644082834
1.17461394464652
0.84982554281613
2.23994705345549
0.789217408257106
0.875445258404806
0.787202717022255
1.18152440631109
0.665190334141514
1.99062312506067
0.732201262861746
1.21987961241206
0.927032120699558
0.56611651916295
1.06872713040946
0.632089993295171
0.538067121921046
0.76738860733352
0.847362316258032
1.14914562386564
1.17342959723158
1.61168586336823
0.697846790196182
1.06791879061177
1.73465532983557
1.58031270050465
0.546323651082285
1.41204845945171
1.49846902345286
1.06586166164977
0.930558508188088
1.09552677130508
1.00326222019513
0.862598261264994
0.658976580394302
1.93666537747557
0.802966334533752
0.680064472473915
0.844010808096021
1.07492686157781
1.12108707597831
0.945894306376252
0.974922345562045
0.724362649893395
1.20971725636326
1.03281196458414
1.84335160369408
0.875989536427088
0.796935864763206
0.980016906614323
0.56598652809732
1.18233186244127
0.670306029990154
2.8723791842892
0.93234011656586
1.0024672226185
0.813309602645965
1.83540127724178
0.880153403178443
0.82776582074567
0.910294966054276
1.1292317460972
1.35869086107362
0.769856956690649
1.47811816171326
0.888266242215702
0.787713831552402
1.04305208534401
1.55387967735233
1.48960817841524
0.789560142460448
1.02196960792027
0.909704387324537
1.27464496054407
1.24828202010048
0.744685231861539
0.668389323300179
1.01273919799377
1.06023882471345
0.743668847341269
0.742224541827609
2.32066660452578
0.681498912416513
0.943044040944701
1.40861476920094
0.709665601563658
1.08790436357455
0.903510031091326
1.85758374071112
0.850437737813054
0.856861266839374
0.765280931147712
1.34036812526309
0.93173279186953
1.05087573559033
1.11804083117335
1.52209305207155
1.68096766881934
1.61071469926388
0.716826948429566
1.75396701112797
0.727142693990064
1.18706583829495
1.81316610991855
0.688700408127656
0.828714634259981
1.4821675792686
0.72954080937614
0.750064857741589
2.26083468364022
0.984362611632239
0.801657391382135
0.828743642176065
0.838016121859814
1.21398057043138
1.18463530690169
0.928307279550186
0.746123858534801
1.01225572093008
0.693915744686191
1.59014402003109
0.542536108666482
0.950729842205393
1.99023622440342
1.39685226047936
2.47453721641847
0.864116007889831
0.823057637718384
0.954935336236283
0.902224067932752
2.06629488931366
1.10823066438822
1.76063982000332
2.07157738483495
1.58040348902321
0.753048044298983
0.703133261130321
1.42536110196588
0.988599042194081
1.44349044512551
1.2570936482387
1.97677944053776
0.677048803887352
0.870199996570401
1.13488510696055
0.951252175265847
1.03300390849852
0.683935854520808
0.728893144202701
1.93469700949287
1.11997891110519
2.41155482690139
0.918590869657438
0.825659188120129
0.643467208545227
1.09392596300532
2.36428300354771
1.0695350654785
1.46164176416344
0.740884142293218
0.979688798425637
0.990612325221747
1.48082311197109
1.94904937934357
0.799447842323999
0.809623920621718
0.834417066522008
0.774850764762015
1.94948615197765
1.86149764903079
0.752510379827481
0.762124895955189
0.890805603422014
1.27472866935543
1.96035573779632
0.779835115423955
0.655817782338954
0.62417912754461
0.530130867776662
2.01913086364446
0.717537240500198
0.694986909064865
1.13517796960541
0.836326704017408
0.640490123437707
0.649044808572242
0.754829602136961
0.775246557053175
0.928130647641731
0.8824662516185
0.914696159208276
1.82067902765818
0.69012041928056
0.857059844188296
1.07093586385383
2.62003358188236
1.00476077064066
0.779977089703946
0.955114581288259
0.997114844241242
2.6055375659862
1.26245889242951
2.84971892074995
1.56970572602764
1.61070565167661
2.61380500357635
0.687039410855055
0.717506297728837
0.758659075201836
1.53348820826568
0.740706434709403
0.790836605078102
0.790405509927094
1.34986940824318
1.03371388407892
1.21814843333255
1.01492994319772
0.74678841058762
1.61818451950081
0.615503770393289
0.826752664082844
1.76639099934435
0.63267104004046
0.782145785907967
1.58217452528229
0.961190564377615
1.39948765787742
0.652865247531922
0.50092445353977
0.636924975031612
2.53136939864378
1.46023540781054
1.52165128315483
1.26652175358658
0.918421050001469
1.16641122020471
0.674849765701288
0.93835044643155
0.995277101720043
0.723883369325605
1.09728480788049
1.08991189978864
1.0719292657302
0.698297585467169
0.989198328994629
1.79368651276706
2.27393162658051
2.39444053461706
0.822685971362596
1.47998924809553
0.858684928296015
0.789925710612271
2.28240274028
0.91650121706183
1.07532388632888
0.653308388457539
1.46557485753255
0.7841980007266
0.768496014609442
0.648893483412283
1.36296705591092
1.22581990907287
0.890779200000077
0.880352097611984
0.758840459143624
1.08291983972659
1.05034711536039
1.84014250837729
1.06173074628365
0.833548871338589
0.817080256954711
1.17460683719917
0.972487785809441
2.34698425291912
1.91574339118054
0.998179629629233
0.634730900204636
1.031523412239
0.720544514024839
2.29384522202174
1.34249331838574
0.950066793793704
1.69261706744115
0.735593293436711
0.781375750206526
0.676998427880071
0.67754389862599
1.15766664278503
1.00188785371857
0.879207052591163
1.02688303937251
1.3787557002512
0.873721018042384
1.00618070523966
1.63079327571332
0.792455249632798
1.24163927857383
0.986004211382443
0.815527314358206
1.58127013701087
1.71108237414364
2.80128906070494
0.951091939275836
1.85138404671831
0.738013255035795
0.788275011927961
0.844728990438074
0.822889861257816
0.775165388748461
2.73764574835799
0.766200430000425
2.64735922441512
0.638126670816956
0.967850382282171
1.89547367587202
0.806818566842794
0.861949074211728
0.747772709489184
0.882408321004002
1.1973793538704
0.731260025204315
2.26581269033365
0.798916277464533
0.864111283109532
0.759203171016126
0.65547547342366
0.566637571815183
0.684708715927946
0.656516652548174
1.97342004815363
2.57500167363452
0.889448508669782
0.911140032599695
1.21091802587442
2.00761012033634
0.884364980525567
2.57978977282557
0.819562322439249
1.03094891263326
0.956743041749293
1.20245031626441
2.73603525358201
0.880192216425798
0.782033629308901
1.02594947212795
1.40690791258823
0.829713249953864
1.04598590348549
0.704370166558876
0.826925852856624
2.27441987273595
0.613926304470049
0.728516209996076
0.893185430349173
0.929849562670346
0.735723313827525
0.881070932145564
0.88656573970418
0.865004935579556
1.67952193202905
0.607469063153556
0.663108951114778
0.842470204793264
0.952152991634115
0.935374206432323
0.608518546375069
1.12512438605936
0.949452543207612
1.57113435567093
1.45955540558624
1.40913353921588
0.707807769532346
0.862785872282938
0.9504150217846
0.756245356468644
1.95511366600447
0.760936750236139
2.2705534098556
1.4939361553305
0.879701463538872
1.45045332201303
0.933044376430732
0.888771679976796
0.998874043039244
0.759645183822366
0.738740784047925
0.823594027608963
2.03889575153642
0.7425898028808
1.27809760464947
0.680737681536249
1.11514618166003
1.39506305747864
0.954681070921406
2.4284407495883
0.83618803584439
1.07276435869848
0.779710207155285
0.585722870492053
0.936624057573887
1.30435325935817
0.889874384432893
0.960840403039205
1.29367160305287
0.667063828897609
0.815734545722156
0.700542166626964
1.26927013133381
0.803665895496584
2.17072438387718
2.78604163513498
0.831308943915553
1.5898572411426
1.28252447035168
1.25416648273046
0.991494114579716
1.02914577671715
1.31024092937653
0.804379870004714
0.823978844627842
0.791169836489451
0.887385661744216
0.821655776720991
0.964277542150643
0.890306459771222
0.805902558671074
2.35436263422518
1.08727808477632
1.38352563676321
0.883295923006339
0.661726489774568
0.573404503036129
0.65580545061206
0.80546001125531
1.46918544257915
2.93078498610214
0.724139606263578
1.77209015148132
0.719823277117198
1.17048482947581
1.61998235988999
0.974997497885577
0.846806654135175
0.700646865993011
2.69319746749451
0.791848379665888
0.735535320453649
2.48692233628125
2.01020776638379
1.12343403382624
2.01314942995315
1.8153945629698
0.688218383791194
0.805260110655918
0.707745645503394
1.12192022518165
1.32128607277405
0.904754760480445
0.729047482588076
1.14065247339888
0.77812244503922
1.7823289764881
0.987049669595362
1.21256115286786
1.08894119007002
1.60419974210457
0.866069379464842
0.749491326949324
1.05615961478467
1.87204672236975
0.934763694317525
1.50204327147305
1.2993355918778
1.28974042471209
0.555623840371536
0.655116743131817
1.49089869207805
0.730002827366729
0.720459945947913
0.674543648502265
1.76089741735397
1.10884572392865
0.732050062226829
1.43601768542211
1.52551285161839
1.65177945485769
0.92413861961487
0.866664483573205
0.836516697613007
0.984372278240805
2.37219599083756
1.13037977281058
1.56450488126287
1.53779091828596
1.5507479133191
1.03219191223014
1.05335298873048
0.836882474216263
0.907870047527122
1.67858624282103
1.34288351868401
1.78784714687563
0.736680557453282
0.963259281253974
0.680502414340715
1.04473429775105
1.08845081053718
0.68058575287103
0.743832828893488
0.913569101040452
0.931266800611252
0.712184520374568
0.882106720728818
0.992685319786022
1.18242799299295
0.867956832354841
0.772399797598429
0.785382982216956
0.975199517055574
0.791563931039416
0.671648603676134
0.653045054224544
0.659778023642715
0.929164742933868
0.768715097560764
0.774192458957837
1.12140002646168
0.787496118103793
1.43396224421407
0.805688419019906
0.77523311968874
0.758067090805422
0.641010315025191
0.734133816029666
0.703245000453049
1.52329922192194
0.66914499908664
0.663464619345187
0.604243984978668
1.18224860687238
0.758294776175692
0.813607658868357
0.891038686310376
0.923458693820326
0.749014403714556
0.817249930080846
0.836051216305415
1.09135320419919
0.971034287401838
0.749310653673441
0.768262077339642
1.31060403008892
0.77088898579938
0.734833185602824
0.705126791152579
0.722042542311958
0.696024627663301
1.36435525840095
0.917056629954468
0.915265497037292
0.901832985027865
0.77042680674136
0.972848136266177
0.72978237053325
1.5094720273361
1.11003181872455
0.618281365599507
0.653515099161393
0.629775945543442
0.768466684505198
0.846920770043606
0.767436568997072
1.02229419772914
0.836003715839297
0.832730158129798
0.984100939388725
0.747782997173627
0.780929327328179
0.751354739586371
0.826617722566469
0.83165149394744
0.785085231461953
0.832680682421369
0.813888765321275
0.993440152100188
0.800921181616368
0.781964542187545
0.741677338281294
0.792005247601294
0.73725902406269
0.776389690511559
0.743014142711859
0.723087542454468
1.08628720323459
0.958600603062691
0.737197987704526
0.699465383872412
0.728491770966989
0.819957912638059
0.870869569556744
0.857385063330794
0.925004568325042
1.05171721594964
1.07847064010989
1.03396014707475
0.604037661178956
0.636065829722707
0.649157138453391
0.739082268700614
0.757924676533738
0.864075927200397
0.87718151296427
0.755384833280973
0.719561308064803
0.735660880414741
0.752518872965525
1.03466103768549
1.37818553235801
0.79231888371836
0.684416849270225
0.735410335767074
0.764379805687963
1.57875086954493
1.6390018906037
0.654963389099631
0.761050563513917
0.933737287574617
1.40908671345717
0.798167116161192
0.751842501306421
0.761252036345977
0.627677993310919
0.758676564996375
0.761112746568278
0.836264581553445
1.61988038359272
0.733874275327329
1.27745963223393
0.795325846243314
0.905652974303622
0.617108151505123
0.609050798353949
0.616529118016999
0.622837124481761
0.653069397374668
0.642034733333113
0.950161176906163
0.797764678154524
1.1632496688476
0.623282899217501
0.742220127274716
0.860917019906957
0.937820635158907
0.860148724224868
0.758428677456017
1.04535632614202
0.763971289861913
1.17364412693268
0.787443689317907
0.768541431950843
0.774448415862883
0.85625785316303
1.09488900302191
0.796096404674765
0.705230827238381
0.740466050654692
0.767964545237251
1.19415912358151
0.702091995543583
0.855228668280834
0.829116919191018
0.843488638876273
0.831917030549632
0.770295584722586
0.81972678002563
0.732301215794396
0.73076187528391
0.6891645659149
0.794111498297716
0.766324853718231
0.827789208370852
0.754920532554693
0.741083171752079
0.757575792386454
0.895461321464372
0.981462779403089
0.802209588769197
0.909610118968191
0.785511691670984
0.869027260934358
1.5117487864519
0.69124203858338
