1.0182370991842
0.794577143217253
0.978907617679539
0.957304553914256
0.793591080603263
0.762671252140614
0.906176084318856
0.961557936157768
1.05513625398732
0.8347728213375
0.806730432850406
0.802535735009729
0.961648590751499
1.74334631456957
1.31943562668708
0.792113763778415
0.746471268004113
0.748293576036918
1.04610138112292
1.06440202065153
1.02627918171336
0.738928958472044
0.773483377335539
1.38449531675573
1.1454540942966
0.991544528935972
0.792084486796862
1.75814732085555
0.762760557290617
1.01547717642554
0.87247710195235
0.854932913062754
0.846779560814557
0.901544444295478
0.913013769765958
0.984648550553071
0.702629578688912
0.796279724259478
0.830778140879104
1.06533200126072
0.740915337335773
1.23849233630161
1.5317940975069
0.784184722437379
1.16868147909162
0.812079335983529
0.824767781135803
0.78628958256886
0.89780097245171
1.54540696625732
0.769603932870258
1.00767465123714
1.28924508396027
0.906778677249052
0.799891250679436
1.63662014637105
1.45606243905587
1.05235052541121
0.840499818899449
1.82019889802964
0.90987519574028
0.898223367283506
1.27419096684717
1.21262141155859
0.890698183323026
1.08185670566703
0.812774179461674
0.897403589348849
1.07529227799752
0.846205005396634
0.783525424290453
0.715475768496851
0.926485431458254
0.852529183684459
0.804875923843284
0.755738204598076
1.10710866043829
0.854559818023705
0.789695226624124
0.771086554153282
0.91424967268994
0.855496658555724
0.807325256192608
0.954605622284114
0.88653890188211
1.49150796001389
1.58221943897309
0.712513608169775
0.814323612259806
0.804762809114903
1.42032637484136
0.713679679517161
0.840227342438226
0.809004065362822
1.05213914261725
1.040487729029
0.826597608648491
0.747834875496542
0.870917684410545
0.784259164441215
1.34075100428178
1.05401199184459
1.22998451207871
1.42285585381879
1.69783635420193
1.0042485515731
0.760009184006159
0.835491145110638
0.777328492594493
1.80058258873191
1.66830112330988
1.81048355954702
0.8294439009083
0.928743123608756
0.822656019921539
0.998703746077993
0.656882697316607
0.983023338371525
0.819658124572974
0.964027961771398
0.768465538763172
0.978106425228187
0.864869138436092
0.843977606713975
0.854212850718445
0.707221057543259
0.769281611246198
0.667152986530144
0.623972301606208
0.794799348418616
1.13519839825786
0.898200798354741
1.12567601721093
1.08625134015935
1.43413722900058
1.33877596606016
1.18002192125679
1.45779308371613
1.30822321184562
1.22561906992713
0.891948131384113
0.920526483866338
0.725294687517464
0.611353768155462
0.864212460230038
0.755909114708849
0.857689977517471
0.974483595563368
0.9013066076847
0.922729637979706
0.892670654069624
0.778756155458258
0.753072269155791
0.608881487949747
0.594472298774783
0.665234226024402
0.583297686203024
0.641858354873856
0.687089371662199
0.637525716376504
0.465053533063397
0.567222959008824
0.54688916463061
0.594686993801332
0.754859740678253
2.08596578579934
2.75091617914467
2.32362977181961
2.36581767729032
2.30386428833216
2.18496213525007
1.4909235260017
2.35357203538559
1.94274703835057
2.77641537041283
1.91136549275355
2.47592774157237
2.7092045651842
3.33562970405443
1.69112123557713
2.04592863206406
1.43573012972908
1.56419607510911
1.61170997027082
1.41586221394458
0.935655790086791
1.55704404057177
1.41360651770901
0.912573720720711
1.07083348418251
1.02440424607998
1.06177055115528
0.851328780076186
1.07541858994978
0.956506254946337
1.05103705523731
0.879447593124543
0.996034069462947
1.17782971991778
1.11791253100443
0.789715979729531
1.05449582928522
0.748502748690555
1.02843591259373
0.820091403756842
0.759024623052866
0.754967529258661
0.541115647070416
0.584115630555598
0.631564331673751
0.542249242605188
0.866234354579308
0.762380272698681
0.516998755005338
0.860811600418272
0.911542323669915
0.768232172189907
0.72265412333594
0.692694904024683
0.863655614213657
0.907387525617753
0.820293899452122
1.2534279344952
2.34379889296951
1.32938993474055
1.28772411306791
1.96304093795787
1.95815924672282
2.58781806030852
2.1293229224369
2.61004141325853
2.37616543259357
1.09543779002674
3.15495030869621
1.82413433505851
1.16871520382014
1.69657696919083
1.8489193613335
1.81145196853094
2.3573884367853
2.26780747695638
2.12117146368871
2.75318351008049
2.79781818350357
2.56949072858037
2.45949816407214
1.87516150476893
1.93961807307567
1.90930716247819
1.64529024587454
0.57287060533288
0.632109749634067
0.671237436231903
0.933130835679189
0.789178857172383
1.00296390926106
0.849708430851995
0.965863467266878
0.876648869883019
0.810795410057705
0.937456097856303
1.05187186411695
0.909391998956201
0.874580585005193
1.0008289144632
0.859352685282009
0.894415683867123
1.24488564981959
1.41240617853413
0.948176837914428
1.05630014077339
0.903495497063964
1.00978279713057
0.833112751571515
0.915478210684016
1.29027315708831
1.04035937295783
1.00484329137433
0.93914647894945
1.05323608018463
1.29061592162394
1.97181431216813
1.4392627506198
1.92480302300334
1.53576362005069
2.14412677208077
2.21010141641317
2.11844949754616
2.11905021633761
0.892772940778183
0.958774014181652
0.913952707745526
1.13656013722238
1.55991814755184
0.831395290739611
0.705501958162668
0.984436806370076
1.07904981471012
1.2636109141222
0.87336940971893
0.646365814454462
0.79284360505683
1.39548787850227
1.29714568233125
1.18481897683177
0.877928805190433
0.877417809295999
1.04499854848999
1.06604797665083
0.974767825008739
1.02465288144728
0.70847167966589
1.57233846217272
0.739445381341979
0.866842070475131
0.942212452672096
1.14718209982521
1.73138739098472
0.651295594772995
0.695296595696428
0.766763329826159
0.880300775223109
2.32065508586281
1.16889994488011
0.826116401542633
0.524093092547779
0.687938930063722
0.728646416547765
1.11585296730166
0.810330053472136
0.852045576329012
1.16603196026551
2.71596689358081
2.21566399054382
1.60957457153889
1.90275090105207
0.860857304705641
2.34808165889377
2.128199819009
0.778156433080958
0.692040338494467
0.919976483300928
0.649578534992924
0.804534467279791
1.09067032269313
2.12922088359425
1.65565858640876
0.98232428220439
0.701325608112275
2.75876161378265
0.862576101188788
0.833341995196788
1.05504466697974
0.904955491399598
0.86030615952201
1.65489418213562
1.36057213099871
0.801845316334527
0.804218321891608
0.995546546492133
0.923626474828259
0.807529917255036
1.78823162107228
0.79738539579012
2.75390123578694
1.44420482997193
0.85586834192591
0.724969919454089
0.834143868430343
0.965187676952659
0.840676815908544
0.904456283739797
0.609558977501314
0.658318861001182
0.75873408072386
0.686551974032557
2.1334365212387
2.59606720765536
1.8113566896189
1.7529392508162
0.868827606379691
0.786431853563001
1.60558808172602
0.787245141077023
0.890625649980691
0.846875057982806
0.953449776995
0.802683343399556
0.777503473634953
1.23425139956662
1.21370912725084
1.33690919779165
0.827678804385969
0.797477568922037
1.22289678370663
1.03073567899889
0.863353934702243
0.650876235643677
0.928767156782146
1.91681064630342
0.884953004331071
0.953713842112797
1.51238389583006
1.09628738904541
1.47523197048607
0.941101657665812
0.819023923614517
0.741964156860309
1.00382846285199
0.869449914159778
0.923404124362408
1.04793698853097
1.50124777571652
1.37768645247008
1.6368147333997
1.49546934454233
1.48271021356075
0.912315467837173
0.665460704632669
0.632791156490238
0.721484017189407
1.59999594646678
0.655974306902992
0.630386514560281
0.808594406688255
0.965247325617027
1.9076209379671
1.49730157470695
2.12262798962913
0.925461957726679
1.02157344027864
0.860809155144096
0.889825078658677
0.859349899465567
0.985963763389366
1.02404679202713
0.870488878045237
1.02713524070567
2.04204009265064
1.71710630361308
2.39340401547918
2.65443102815083
2.23118612490713
1.60622009362246
1.54649318413617
0.753451010169912
0.797624202787661
0.996077480355152
0.955558135575305
1.11722724239838
1.13395991264667
1.09864475017568
1.0998283172806
0.920981451684619
0.880332500679854
0.846037526969065
0.880567503103909
0.830878643831267
1.07952841082348
1.03309254918729
1.07312797326901
0.990135211292372
1.57666657052041
1.58978014229252
1.58204742130579
1.64300071540015
1.5484452914829
1.5146558120399
1.53801049716018
1.47201090947438
1.5762194316027
0.510843705463106
0.609037503950915
0.477581301958996
0.727562879260077
1.11836266458109
1.29191762096175
0.61078820157398
0.929454631355972
1.24711426277319
0.936127231870291
0.761782647643111
0.536562709934299
0.74982843574578
0.817373113543463
1.20429470911167
1.5352840539581
0.889996946628103
0.625395786976228
1.08472241108335
1.55382399082892
1.4636120783833
1.75278666781519
1.98116086952187
0.777765424969501
0.716843270316191
0.727518617056253
1.00062239569214
0.825679743007374
1.22682327799889
1.27156289453028
0.834680229964292
1.38712418700241
0.827954736890762
1.79532557974593
0.918244608846872
1.26893950193814
1.08672315089651
0.873479799588509
1.09087623829492
0.805316624958933
0.951581207756846
0.874673201112514
0.784232453030201
0.685055519573814
1.0772217389459
0.549690552180308
1.03229668279096
1.57768499645711
0.895737255585216
1.54736967970895
0.990227664153215
1.02462044684252
1.02337225995317
0.728371689116606
0.826280390191004
0.821915457600631
1.02712078809867
0.639899436417108
0.972219008781386
0.834051808976889
1.1299371374285
1.2052883280783
1.16113283777394
1.62482557586983
0.838362506202653
2.08098183326722
0.825894947251135
0.749752654508435
0.769814688186026
1.45437585010205
1.7501048124533
1.36884591557777
0.93181937005331
1.22671496831626
0.857916786301856
2.31423274463848
0.838227016602403
0.883400905454393
0.827767500721691
1.11694102220425
0.636446367142489
2.03679380753104
0.734270369671973
1.12383896858908
0.936527741489018
0.562305392945501
1.09871955283926
0.638241559211424
0.514809575435926
0.822749043663591
0.880963200983851
1.04855897928303
1.10630615029993
1.72277048452565
0.657238799939888
1.25772132202257
1.82716056200355
1.54084697673142
0.505992400070098
1.22101575632328
1.32450577052885
1.03413994415117
1.2553330583223
1.15125014797002
1.08273755113845
0.877735844265613
0.716467420239108
1.95335832207535
1.16062040663975
0.692526136884928
0.878259297455469
1.05997019732434
1.14005655261993
0.92124504053573
0.944075511071591
0.757697151906516
1.23398320627784
0.964538507231657
1.79469314250897
0.911524268642148
0.825149649609796
1.02935560247656
0.578840855901014
1.08747432978312
0.671425700122373
2.80819069556347
0.924978520557231
0.978771164584685
0.753570798087466
1.79575342131157
0.860839665516803
0.839416702582497
0.925298421129578
1.15238043404965
1.37512460961666
0.924476514438041
1.48104626529513
0.895416834839236
0.744251436249378
1.07227648008898
1.30774738121864
1.46663540725523
0.835281948759873
1.06452134265418
0.940573193514536
1.22197235950395
1.15585322472823
0.795676153008039
0.720644111170129
1.03585004603935
0.996940459011878
0.726168253846186
0.785258155278295
2.33550726681597
0.680637430663109
0.955991086843298
1.26600879173836
0.761850021775677
1.11969518805825
0.915898527875793
1.88801569234255
0.976970121526961
0.890429863020462
0.805413123259705
1.35050220840355
0.896845797445773
1.06578551635274
1.13966326011414
1.50461588906344
1.6456195737514
1.58269880672214
0.718579908243878
1.70952053248178
0.755520985771692
0.988280894363814
1.93569489338329
0.71847861335378
0.816622877579066
1.49657844629576
0.777893716384044
0.861219923802038
2.21150058430808
1.0081168373588
0.842574554708669
0.87007183946846
0.774481061306284
1.26614927481427
1.21552955929347
0.931148353215509
0.763266067569839
1.01931655544738
0.687108592191418
1.62537195824811
0.517819578631564
0.977920508378004
1.87736245427175
1.43926120327206
2.50154523772465
0.886441515159489
0.943992252513625
0.914111755670384
0.932509804879238
2.16735547452434
1.10709293547904
1.81900492863453
2.21016345032918
1.55225146034448
0.787520570668564
0.75584173968917
1.3857730958673
0.979492399105051
1.45109733210814
1.25955153677498
1.99084036048994
0.66185433879975
0.882788680720704
1.05775439219787
0.962640745113321
1.0403693809126
0.682801457622917
0.690699609082272
1.96185743568914
1.24229622003794
2.42041632612868
0.887146249261625
0.844160122385392
0.702622320233594
1.05295455172708
2.49033826833086
1.09295111607613
1.47072918797264
0.685917527676565
1.00111634122288
0.998607423435978
1.47128010356157
2.07386018120769
0.831769646645893
0.848032860731745
0.823622360230692
0.792563768599004
1.91939499493629
1.81525435478082
0.772306717977747
0.781173994027029
0.912032760158352
1.29667016411532
1.91812359338575
0.755114033167829
0.815272183787845
0.613888473024794
0.506249887693689
2.16758957819658
0.736367336041711
0.709663939457443
1.07037960239765
0.836770767336896
0.648668966242822
0.710560037499412
0.805806032412416
0.827404457272571
0.953670662888557
0.900023202113754
0.943011830883068
1.8160393308383
0.639628211246472
0.959053603187014
1.07063018496303
2.77481245235529
1.02392063707261
0.748430351217703
0.957323886895109
1.02557514525135
2.60694251243892
1.25532424594013
2.84882336266013
1.53734783633234
1.57559291866424
2.56802512314063
0.859787953878957
0.8867075967203
0.901747528676455
1.49374747950068
0.780339037294717
0.899822231558417
0.771390748428573
1.33681127013688
0.971039653197698
1.14509746163701
0.939918365214118
0.794766581906986
1.67771591407198
0.626157486228963
0.880881736225578
1.7264705317074
0.628544617887738
0.743073855789354
1.70583709330595
1.02095243728987
1.40517910264312
0.613652063503319
0.484015409931911
0.638689531160486
2.39606720647951
1.45315183394456
1.5000878511227
1.2998326789298
0.895768275283082
1.12629272051981
0.830461432496924
0.952184289950344
1.04484543182739
0.686249866783148
1.03346292558225
1.14362602506997
1.02449871628071
0.75367701565183
1.24761293442775
1.74949975728067
2.39108259759183
2.42759070451211
0.802534487181784
1.44478930958642
0.948973302309166
0.814286376640103
2.30650111059208
0.994485315300684
1.03852762030653
0.676847455058886
1.5134596927427
0.800686587760455
0.840400476434139
0.661288584353221
1.14884129725571
1.13239576282075
0.934788562530663
0.924746049081812
0.806003657349385
1.04951959305689
1.00170141012836
1.84438682174749
1.01524503647762
0.836750409284473
0.830434599617023
1.12953151756941
0.994727171004965
2.25815631013182
2.0525649202372
1.02007576493791
0.641677627026106
1.03577624300882
0.769310788792733
2.35175919870125
1.37684133605791
0.976981784220922
1.65229079240931
0.732302067842658
0.794805486382266
0.695146258836784
0.680543253335332
1.17574347481941
0.969160084974186
0.872816858145342
1.03670616904713
1.41965247943047
0.851086273951373
1.18161312135302
1.43070028126525
0.820639324477378
1.23201525598055
0.985071596356412
0.755609681712563
1.62261331566315
1.77974916970404
2.82877664352549
0.973782570446065
1.91085831248139
0.780359798968983
0.777335909962921
0.859489130236008
0.836236287913921
0.827848212664905
2.55294510084742
0.725195001579083
2.81223942247047
0.604371741316128
0.977401702046323
1.84731729919876
0.806555999357875
0.850046898974239
0.911517808889556
0.898093901844815
1.3503905375168
0.727206932895213
2.23477220027069
0.784478653065607
0.884691582619255
0.784654292312841
0.688926776715541
0.601592296087566
0.689051131737989
0.663881516808522
1.97563799631267
2.5363681193088
0.879734838531155
0.945905346933923
1.14426101655465
1.99549143855404
0.953412982843193
2.516070386574
0.802475313757622
1.03550568907677
0.978918131940794
1.22004948228988
2.75774914473201
0.87473902488627
0.866159762621923
1.08541535011934
1.5090934417463
0.855846886644821
1.06680518388824
0.685583167770677
0.841058848959987
2.23065656209698
0.625714158145806
0.777441493566698
0.94483530820607
0.925763162574649
0.854617453504535
0.914406179346722
0.885773158376453
0.84314639848755
1.68252237146008
0.597587932750014
0.643949845120847
0.889565569112891
0.995188467864974
0.963266777116248
0.60929656708909
1.08848403516235
0.97779994151212
1.54119395353332
1.45219431907269
1.41010186283927
0.717031506386425
0.827367608484806
0.955326295882836
0.777683533831349
1.79353080738538
0.799654461466995
2.21205371648493
1.43529392168301
0.958167993547708
1.54687905546938
0.935554145811602
0.883957041204924
1.05300047695353
0.878272521681646
0.822353366164132
0.8585679748113
1.98050008765824
0.816628077319326
1.28870519011586
0.800670967758413
1.15049960190819
1.25455950010767
0.912155583421884
2.39201631741918
0.820645985667415
1.10894823940079
0.802047658667983
0.643142968087143
0.904622116533545
1.57701277766336
0.988928313084082
0.935478514659128
1.1566796937303
0.835787248600725
0.81552090306515
0.865066797814152
1.05724560159298
0.751242336853963
2.145701490054
2.89791624806725
0.879761047891371
1.54218306535257
1.29599405088781
1.14204666409888
1.08581211772378
1.05562199896856
1.14584218832661
0.846770388641629
0.869523641602516
0.838592567928756
0.910334268623711
0.843214380868347
0.958456166081506
0.922135262933459
0.841134298049982
2.3833405765618
1.09848976096964
1.41561099632199
0.894696639069955
0.803903625307268
0.546059669368508
0.618603731002384
1.1593491437287
1.44879712978514
2.96616468053497
0.758215075803473
1.66515568750821
0.729465084914534
1.0468603559144
1.66755822824014
0.957710676742859
0.873538663779886
0.749835621528736
2.7992918059768
0.781432207630116
0.775370741128107
2.43316107147562
1.97987481872826
1.15296999393657
2.05027920603711
1.91369716317018
0.737894483752239
0.835102474031735
0.719388997721096
1.05647836008768
1.33603703460806
0.912082839000149
0.750928241823407
1.08636169802431
0.765179799799056
1.8839443705355
0.998779241207566
1.12855293542929
1.03689383282299
1.55761847057886
0.8993616422036
0.797842096988923
1.06217187455071
1.87576605943322
0.990568068734396
1.60657031423055
1.40493657466344
1.39830740483192
0.571146114221341
0.663847998761095
1.23681534883223
0.786504953780847
0.774397643135369
0.732516899689974
1.55078587055631
1.10255459971081
0.737449820524148
1.43526458277557
1.50243397921023
1.702061660255
0.939189958330657
0.882652175147224
0.837899833871711
0.975239761929181
2.37043848180936
1.1107494870655
1.66325882711976
1.64285911376556
1.53070144972173
1.06521400681055
1.0744655700489
0.829824088514818
1.01537712976136
1.67542956144281
1.38443128797612
1.54367678195854
0.821405201392399
0.956134318403543
0.802059715798014
1.08930131201697
1.11013297752126
0.797732060819325
0.836374912627395
0.961722360093296
0.972737734757745
0.762240485912244
0.903969460588722
1.00041461462464
1.1763311207086
0.883223835648921
0.827385789341029
0.865864923748445
1.05717144102731
0.873704904147828
0.718578744396713
0.728944859303014
0.775738682258088
1.0096414429323
0.812215744720614
0.817644551028667
1.20964427898028
0.806550260839988
1.44205177783256
0.935375846168403
0.824479003384362
0.808602292456224
0.722033772838722
0.769177438353219
0.814671203449437
1.53879483012844
0.700794805159962
0.89915715600153
0.891941666401511
1.23005078524901
0.805205823594663
0.838652962470814
0.931769319648547
0.928860908233141
0.841015230730454
0.884361765603979
0.857995506585943
1.06902636465049
1.06063404549526
0.809418086338143
0.819865776384265
1.33631200888438
0.817301385664357
0.77851471216997
0.845271701178888
0.76542302496302
0.842574581184054
1.4231532026304
1.00960746216373
0.95366068623133
0.990885904476421
0.807046538453825
1.05205477017805
0.777884057967996
1.5136084655491
1.17625431732834
0.657166283502168
0.698950746473191
0.714814160932858
0.855738729218754
0.877671428092658
0.807583530498291
1.09395000672098
0.92139214109544
0.865596754161781
1.06895715478404
0.811106356579805
0.847020738433582
0.837419688297885
0.867938809055097
0.886770023331391
0.803245048247415
0.874557064514326
0.85137031157138
0.974114841967054
0.831509592245624
0.822595439908629
0.885638536941872
0.896783117082886
0.790936976888006
0.824737814772296
0.786787077519434
0.783093196792124
1.15220402005363
1.04190844025709
0.917432978747429
0.830712101654946
0.789625119129656
0.839004092332797
0.891242981383342
0.890336144992625
0.964603713586406
1.03863171059475
1.07438443377711
1.03266213639141
0.883183361718232
0.787673411942727
0.817314146814501
0.786697939409552
0.804950939002804
0.982444545278855
0.981390737600412
0.824500716621067
0.808224131392503
0.818501884023839
0.794908655267793
1.13145806399969
1.45092456087286
0.835446473989859
0.826051307760357
0.856320896226951
0.812458196126622
1.56780823157637
1.63212477886253
0.684149338844388
0.808926864951437
1.01232610388103
1.41742547828869
0.835830619283218
0.796418939218365
0.778519757385309
0.946447894403098
0.805836049925979
0.802831343575811
0.882430185964645
1.63660754235051
0.771852131207569
1.30782415212254
0.896800631101958
0.943247034547166
0.659098199556639
0.668055737531358
0.701443188032118
0.667906215181437
0.708782850135882
0.697602775600924
1.04209071680851
0.881300203878747
1.21470918669733
0.755041764448287
0.843521004631698
0.896954339006839
0.98173846769836
0.89659071146138
0.820592509025715
1.11927403694662
0.910322185061594
1.22233526984985
0.810769302055379
0.819776044848799
0.827076485617316
0.904648912305631
1.0567557344645
0.808813263222194
0.86018919602636
0.969863552785896
0.794243820791987
1.25582783651301
0.752920962649716
0.878520265731949
0.851444021959647
0.874466259587901
0.86123733146219
0.810772216772342
0.862138183272656
0.863720672132685
0.831235946452521
0.852115058170954
0.842526676124377
0.832483006709399
0.877634499879301
0.877183140763455
0.771826550297274
0.810989761165259
0.931794412819591
0.980797591094315
0.815802017791714
0.8955942417362
0.797135437335163
0.871695648556662
1.5050504779977
0.807801478688259
