1.16642334760612
0.999842252201374
0.949308623475633
0.918070636414592
0.943953131353989
0.915780379909814
1.03804395533359
1.05138838572182
1.0848134339523
0.957777787454393
0.868919083521547
0.882152229051889
1.16381041869792
1.72970546964637
1.20790568398519
0.92707016135034
0.912189950791733
0.889424365314937
1.06088997962465
1.20374131425431
1.16164112041639
0.829456500335128
0.798642531247492
1.36842577498458
1.06917372283691
1.20527063183841
0.901468424160474
1.5166930404902
0.840390958170361
1.08268503126137
0.923920672319783
1.03102258638672
0.965861656762208
0.877643427875277
0.907349559043391
0.996022093546659
0.894125557738652
0.86600492206099
0.984893451586735
1.30261876191393
0.808030514780035
1.13174269892818
1.57737184524594
0.916449966643683
1.29110583433415
0.914167238938486
0.916031083823482
0.883435491428268
1.0211059612843
1.35718157327999
0.87514969454502
1.02984756857365
1.31952657625958
1.00171284183182
0.857202054769368
1.72627150196108
1.45401326136177
1.24907036945558
0.983123659736853
1.6702913766121
0.942282176513843
1.05272239440257
1.17109607551015
1.10461511058416
1.01012099229859
1.15076149882621
0.91097785769434
0.963245244088152
1.03514725447645
0.986736902934329
0.875937651805356
0.79848315519554
0.889540177383412
0.845910506879705
0.925275747144766
0.803411714788154
1.2726564125026
0.960720809761044
0.850484954656456
0.836918935314997
1.10039271376687
0.935732792675787
0.999973860761459
0.940744165699959
0.90468568558523
1.51249945028017
1.65826456942952
0.890174888955338
0.884921394134969
0.89847812659239
1.27172029569863
0.901509816106893
0.98919572875612
0.994670124954375
1.2465636024173
1.27984328258805
0.935515642661901
0.88445709907447
1.00334087510119
0.904042203023172
1.33897035735516
1.19266242389412
1.30686471364434
1.40941858984432
1.75585704360479
1.20890615209673
0.914304905296823
0.971783544540102
0.866690017051911
1.71881230828765
1.44167897745375
1.60077541085994
0.939420430885615
1.10596064804552
0.905635159299327
1.00328557448915
0.712685950430879
0.943446265354545
0.817595840118777
0.926293675824187
0.782235559249879
0.939235682089823
0.868573280566475
0.870385601891451
0.852757441422074
0.769983865259032
0.808444026634101
0.718448146793517
0.708265233166929
0.798335914278592
1.16826343359649
0.995293291974621
1.14972223085159
1.16826805763456
1.38648161494237
1.33890778777071
1.22807346302048
1.40704114755558
1.31532590254729
1.18359113940397
0.795931346641783
0.899179370881798
0.750977029701849
0.662503788272443
0.862834540687131
0.795310886928153
0.826680296124305
0.938042540846677
0.908512308520784
0.937164306047832
0.903326179936056
0.749855382963615
0.734643114144699
0.647311037144669
0.602659764933885
0.684740389761015
0.616349559339662
0.676586407756227
0.658422087944148
0.658224954375864
0.562772584032756
0.633128820950006
0.602097151183244
0.634862846668445
0.751451898724644
2.04981734519634
2.82900283810696
2.3512876234774
2.49985695397643
2.32629016436931
2.2512557842782
1.39111064429393
2.39948365549629
2.02470857035025
2.72924140524207
1.89387318280384
2.42991346971516
2.55663556536734
3.27954201405418
1.7890599503732
2.12801005493274
1.41555824993728
1.4904896025031
1.49610688951725
1.34665434942266
0.89485989340299
1.43330468242745
1.213051115043
0.924663434494788
1.03378253280383
0.998607185204478
1.02112578393591
0.890265503683697
1.10485867907311
0.950535389245171
1.04160738275626
0.8835865935777
1.06856796261878
1.16369982471136
1.07844294503118
0.823150240414301
1.0715982410214
0.822410351890355
1.06490897224418
0.890584584929326
0.782431462930692
0.742398130024756
0.645545849321521
0.636015066564832
0.646239420746651
0.588778821206851
0.865707521405578
0.80989130275595
0.559186842772732
0.820310576753998
0.892252272796021
0.787405174698886
0.708435402013046
0.663321815951531
0.790642019516797
0.824915423993568
0.854817888662755
1.27736912779166
2.16061067787249
1.44254414091076
1.31026391493932
2.06094913761859
2.11185472130919
2.51872298236214
2.09610649242845
2.66393076047374
2.27002087751642
1.12391400550075
3.0102753426158
2.10100337401759
1.50929196927926
1.7482186953775
1.89996792967963
1.7134712322083
2.29474742076973
2.22050467061605
2.02283285787141
2.57656901916678
2.65919503060363
2.58441104206054
2.55189498908049
1.97776671763064
1.97231320374443
1.95375736190509
1.74062692805608
0.593984354753213
0.67632251322393
0.667435031639682
0.924690287794044
0.794292042565647
1.09608988269019
0.868230649641805
0.921987630791535
0.808755609287061
0.847532602049216
0.819293672373925
0.955083240729951
0.869857866076157
0.895591258362363
0.938812447364026
0.851250553915655
0.921232544759984
1.32593994893358
1.56968759781273
0.91849190234186
1.23088325876784
1.03250637007204
0.970254874175135
0.842343292697552
0.910466864927165
1.20249841499039
1.04047070533106
1.07228811972233
0.941336124843262
1.05927672308152
1.3459087880888
1.80328348879193
1.46131889595574
1.81710392447629
1.50347774500472
2.05997512311273
2.13496920610578
2.12187164269902
2.07169848456766
0.915840927547752
0.958565109021114
0.925793972807916
1.05157466686879
1.40024596658576
0.86097430515076
0.829408451983786
0.997089727785721
1.06892749559548
1.28669140849144
0.831389824486438
0.710066702935332
0.974461693868658
1.43540575136152
1.33623669312953
1.17156368006102
0.873808844177979
0.990239265643957
1.06992933147064
0.943184201532845
1.00453941453352
1.08851496932209
0.699410839674108
1.5429422970206
0.87033364458209
0.857414217903671
0.939595062481196
1.41585142566466
1.70120567648659
0.703049925539979
0.734494843196816
0.80509347051365
0.978060054776502
2.52486462087576
1.12273561129434
0.85957032554243
0.603538872195169
0.673582819075141
0.775349459792723
1.03861027952167
0.856285816891651
0.991445044372565
1.11085738349837
2.72921427063597
2.10149466248156
1.6124949273045
1.81003032278269
0.777764428971403
2.43624383219759
2.16590105447821
0.724676966004194
0.693330217761101
0.962616061651966
0.717847157211879
0.936864800671594
1.05731003934044
2.31194403330491
1.58162396844461
0.931424954802893
0.75244448774008
2.87625807977814
0.95428357573764
0.794035247674376
1.06198967085653
0.963728840234898
0.817826557947146
1.405132652183
1.36085148904937
0.896294624291911
0.870322670317124
0.950651339813517
0.892545005781079
0.824009149063922
1.63907058502067
0.820093761263596
2.86700276543447
1.44897401809365
0.927259685275917
0.780339514192525
0.86424778458008
1.1223073748412
0.973279008007832
0.945419726083848
0.669210220331025
0.683478059784867
0.783333526449951
0.73434602329796
1.96279212130875
2.25947792696597
1.57942812451934
1.686078152356
0.908879345531191
0.821665424672199
1.72881677581407
0.862644245268995
0.826798309736777
0.930251407068543
1.02082050058098
0.908291913131002
0.750895185445482
1.38138204487393
1.36927233320533
1.30229515801702
0.86495658068453
0.785344423808766
1.3519145505656
1.14571818705917
0.821999403402362
0.75842529123474
0.930158202320669
1.83486172093361
0.9542059235213
1.0708187192284
1.38623620903688
1.13177779265797
1.42372121769106
0.907399958091816
0.925170003479487
0.886737293757147
1.05423315701428
0.842218894428216
0.911249416014578
0.980662554276911
1.39932715790854
1.19474563698207
1.44002412498748
1.40648242594573
1.3300042317115
1.02850425514741
0.70592600002666
0.703816927897421
0.83854015401258
1.37140143329379
0.666966904749924
0.665861379809276
0.815239465018131
1.12784467952894
1.82151967197222
1.55389601121476
2.04401276224726
0.944960205008491
1.0205598136093
0.868832238054221
0.953493660750786
0.874243643944557
1.01283262054599
0.995092916946813
0.850223245293322
1.03168723036185
2.03928434117514
1.78876228867908
2.29279451019649
2.56190299334595
2.21018374059861
1.52145529244521
1.41710339514079
0.814817896674071
0.850386380114824
0.997390450773601
0.958349638093621
1.14030768364497
1.10270506973239
1.04561773518814
1.02161155468852
0.873377481331563
0.8720209828623
0.794879426724882
0.849116827349919
0.811089219543475
1.07141133477785
1.0177907250211
1.11879780368701
0.959282928272465
1.45937937678465
1.54967706987147
1.48385964083965
1.66090793233447
1.36821452875126
1.29170844239504
1.33066098744937
1.35145031603483
1.64504041086099
0.568134329124111
0.69338143527939
0.534842267681573
0.853645949615121
1.29456714008286
1.20336386979104
0.661889366185547
0.999838008627148
1.23370700537775
0.964772633096085
0.801846722099494
0.585624267328938
0.84997254019289
1.01280253790948
1.31711960941301
1.43433956593442
0.877636012738348
0.671138475535926
1.1565773660201
1.37415225342397
1.35855849554011
1.59138522181881
2.01713927229032
0.92684026754502
0.78541426484708
0.777589354575971
1.13689335867927
0.961583458865978
1.299277670915
1.32343926153819
0.925062565234232
1.33200258458232
0.940855956729648
1.91448736850568
0.96089399503165
1.27797074201463
1.02856818688116
1.00369441692131
0.966858685872922
0.848923639011012
0.987973358037596
0.887789957310977
0.813706938421107
0.78930774194842
1.12109015983123
0.608024629047944
1.05021313175045
1.60845577999828
0.968693805047341
1.51566560989826
0.977721431183774
1.2136198068935
1.01136777105498
0.715972256653743
0.871075367359949
0.928349317801739
1.03650926691756
0.703559531429063
0.976998832210956
0.925432500313475
1.17932402802355
1.44189922844214
1.11508037273798
1.56699312005317
1.0260266291028
1.95521107502407
0.82515133896525
0.861880279148871
0.785972869881915
1.26784466134243
1.75229117541893
1.21957391849764
1.07792546616823
1.1819127072287
0.817598496383886
2.45297824350811
0.972532318610387
0.986780552908748
0.892895610005405
1.03188318358996
0.664888573734693
2.06025323918932
0.736126425616644
1.23680009114849
0.877298910397453
0.592990915478115
1.09893534512108
0.656840562768135
0.57001875443685
0.943046862546507
0.854138253131708
1.10390361123805
1.13698342878563
1.70372826414922
0.690404754861767
1.27906950031201
1.60999532925006
1.36943091894735
0.577526027859307
1.25544571014656
1.36814445413585
0.992985545456542
1.35732935969359
1.30067104731015
1.26823823344276
0.953409136313663
0.781215386811356
1.81955352492641
1.2505525253249
0.760003163388134
0.882443251265258
1.07985521609361
1.032224624311
0.957230478307409
1.04446873123156
0.782678838947259
1.34314196504574
1.07306941907014
1.81072461239706
0.965579718250884
0.886571815429706
0.992437913625593
0.664795279813201
1.00742595285168
0.718879484528323
2.83305497096526
1.00697045434022
1.01629577133826
0.78310996734894
1.81254053352952
0.827337325501145
0.917729599640114
1.00794721934193
1.09714711709826
1.28427907923877
0.966261351402234
1.51912940793073
0.890446631248119
0.790897557590759
1.21881097868414
1.47231103313768
1.55489834373598
0.953982925844026
1.24070493849298
1.00503737448815
1.33405567810974
1.183663937777
0.938994669635009
0.863596474245259
1.03695887395215
1.05691104253275
0.793556323380099
0.784117982318088
2.3522885912868
0.718460145623701
0.956091579195175
1.27844838160984
0.875846211129579
1.07394067509747
0.94541920273732
1.81783944367616
1.15947375022503
0.928230476925726
0.84006179435603
1.37659006453744
0.887324941192542
1.12070697790899
1.10080474207487
1.45689841621964
1.72928186454448
1.61717470455716
0.772919794044456
1.61384748156085
0.92771616238638
1.07160839170359
1.67079065827376
0.793796762556149
0.82623579958321
1.42540149959019
0.874388692653202
0.948469546965333
2.31795138362217
1.0443662967849
0.932016868205736
0.957656137451639
0.730432954546594
1.15867548436086
1.13756358554217
0.9661949548508
0.901583474004854
0.965782274871751
0.739411376085959
1.57666750245068
0.573202039262107
0.999242119677891
1.98448038682577
1.27427306214799
2.39609521340994
0.852753869186931
0.953744670091292
0.958664577545294
0.84239726515591
2.21629805501507
1.09071502642043
1.69828596076815
2.00651298078393
1.37192668081812
0.795767257136687
0.817959043426969
1.36822840197187
0.997247931253053
1.35657402018398
1.21345365625637
1.98170110051498
0.699334367454672
0.855464095396333
1.10739464813293
1.00597683230643
1.03052882564468
0.689051397238021
0.752111078683725
1.92117228508745
1.19740283272409
2.40046515551868
0.925038861831867
1.00558461454323
0.784718165427439
1.07936319015649
2.30818947569166
1.13138654897074
1.40837324872738
0.668421540587651
0.92566427521411
0.923371215951523
1.40319315017157
1.91426691599803
0.819253236708986
0.822691469062679
0.955632610116684
1.0026932908409
1.88480411948341
1.74229186970054
0.841751733238538
0.779162283768397
0.901713640452235
1.27441523182289
1.92775545663587
0.802128711909999
0.913026085245394
0.655645173284795
0.583758978400987
1.86011540610522
0.739297796977204
0.759461285820268
1.0678824783105
0.855342283874965
0.725934204304186
0.804940268556656
0.746927827559171
0.956993607742646
0.987723690471871
0.901640072095764
0.970872936230856
1.72628552937368
0.69023242149681
1.0417559554989
0.991959102767183
2.86176690293712
1.02642334259741
0.737704731596045
1.04917004028677
0.999213498547665
2.61450322665913
1.27589565646166
2.940883009234
1.43904753716952
1.5303289580806
2.34644845694424
0.955198662870362
0.999993845097584
0.928958317196292
1.43136601636128
0.926665763340821
0.832757550906965
0.73329364068699
1.40145994070332
0.995980774533655
1.20822911596636
0.927840071707914
0.921521178176452
1.63916289332267
0.67334460133078
0.966045966950973
1.73293872908826
0.648410739618577
0.708752526428832
1.45103765920275
1.04364614824462
1.34235079215297
0.675065105114913
0.559668667489835
0.706298921731382
2.3998791210996
1.33178347063634
1.32262482039488
1.17778796529913
0.909229715185117
1.17434242248327
0.952341761699277
0.959167461334485
1.03040080128093
0.711643675321588
1.08416986631314
1.12868169496267
0.99936523664203
0.903869131927539
1.33415850512563
1.73477898804111
2.31006085444902
2.36554271715262
0.871384171325837
1.44748265781933
0.84766551044631
0.886734233684712
2.24509800701732
0.973098569743677
0.94993543116753
0.771213804306775
1.61566872306362
0.755921064354719
0.845666968610059
0.710072510293158
1.24048201836193
1.00471867745383
1.00202538186919
0.910017067451164
0.916252374242949
0.977575861087765
0.882060086733514
1.77084520431083
1.05508581816872
0.84902643964624
0.842192067622578
1.13228681270141
1.0919091334135
2.44981223094136
1.90607296808024
1.11122123045789
0.656410980990822
1.06081878170063
0.908607725641867
2.40134846747231
1.35994225068079
0.947520737994974
1.62906777871367
0.769742276742761
0.941857088949622
0.709227522935922
0.713581566203546
1.23610140844754
0.965431355638795
0.930046428661014
0.959280339971114
1.3821843380024
0.848203404473965
1.37817821904964
1.55461863462683
0.843027337876434
1.22812601608365
0.937200632248209
0.755117119349806
1.62868249513467
1.76549212751507
2.9692193103911
0.938996382868514
1.68348940233905
0.786006312278089
0.796381323085266
0.979779384827983
1.00195131925391
0.943069370658744
2.53716733307087
0.699333572564999
2.79708228288963
0.654978245605846
0.945673303488414
1.9224949775488
1.01161952181888
1.02472872176763
1.00505047452046
0.883112430048773
1.46675695994718
0.708925454499238
2.04312192243765
0.826536440513976
0.904563058764755
0.862070171166556
0.72726043047458
0.658342666770852
0.723483670049029
0.696184858311415
2.02235634962688
2.72396914839054
0.944269119950943
0.90756994266933
1.20945897596048
1.82555634770286
0.980658122608482
2.48961612085512
0.83674196582036
1.02926522389968
0.934176247923125
1.32494600606745
2.72114864294342
1.01807575109164
0.960678431363911
0.999032235245123
1.3811970078802
0.823657071562964
0.996997743062852
0.7059821277183
0.958731584207881
2.22997437729035
0.711462569739793
0.818814303447284
1.0056715679154
1.07050355009319
0.991800233011249
0.968721811684727
0.867275350617472
0.84359008417087
1.65329830699554
0.632815437631392
0.6747488033952
0.911165771538124
0.986233185124607
0.981426866457456
0.643873741271275
1.2217136096393
1.04080018644391
1.33248531502237
1.358956845807
1.34064660077251
0.741466551813483
0.873716045005927
0.910748193435699
0.806264781344397
1.89022198222818
0.873051940231435
2.15789920282189
1.4298155686214
0.910095041458891
1.35057203803693
1.00710334311
0.915836425081271
1.01251896624881
0.817539510650093
0.807501792680955
0.874859043611649
2.09319436600399
0.881540632964373
1.27966127782778
0.883230487336316
1.0894382525809
1.21733911458973
1.04235569198933
2.20198450994261
0.871974911760657
1.05530288568468
0.986376437118086
0.743858479843109
0.890291501725911
1.58168087394904
1.1366483759327
1.06709791717733
1.07486109120152
0.93636059529136
0.796078681675921
0.929174449159489
1.38059015062935
0.81105566410262
2.24427195628798
2.96191713697201
0.899504288587798
1.49270017027812
1.36011824714491
1.17211681288063
1.28722021080774
0.99011696896617
1.08265123769196
0.938697014212754
0.989625512282762
0.965631930648612
0.887461077317271
0.985163349985147
1.00440708174446
0.900575095805313
0.936594162272826
2.31391625649604
1.05500323482744
1.32360162059212
0.909932016311451
0.901803807039244
0.584521990990426
0.64109890744659
1.27352416876362
1.4654504690886
3.00027495805716
0.867529821729988
1.91477547516153
0.773092198679078
0.926851106808295
1.58001434262707
1.03561544201378
0.941013555397439
0.749985507767755
2.48373066155959
0.873473571697611
0.80970118402941
2.42439165268169
1.90316623401514
1.30152293282298
1.94801991458653
1.84575486982514
0.81401480583077
0.838638754538288
0.778204142514008
1.08743271617779
1.33878873555839
1.00772802511625
0.923583825529854
1.08818921196819
0.790523231773948
1.91710546397786
0.958553637760872
1.17327465280712
1.11047235204345
1.38994046807202
1.07145953683854
0.911964762542019
1.03839808339879
1.78518509960873
0.955064435597334
1.47498956595121
1.28043648980686
1.24191134276801
0.61084111837487
0.697383835498207
1.32319327899638
0.935658296882268
0.918604382794408
0.887812261178539
1.78423431274187
1.04827679453673
0.798442937676049
1.37236661628207
1.34947990390124
1.64097817880507
0.863839494301528
0.845847600501642
0.881604391363845
0.95818998824282
2.23431683639744
1.14509971161787
1.48244848467203
1.53324724326874
1.53331543614874
1.01152106803117
1.02218911471326
0.89096519529287
1.21133000890824
1.65046204736643
1.32222786476518
1.7587439415992
0.887424805147526
0.900938361631586
0.879949406846124
1.09854694862666
1.19721778917379
0.987002000710388
1.04100527228094
0.9967025111378
1.00816959416806
0.909941368972688
1.07314768914895
1.12683780477448
1.22927821950263
0.924297675840823
0.956947122564531
1.091960383483
0.972405913997044
0.937866971049117
0.917751050245692
0.883258727299333
0.864081692052315
1.1520653210377
0.937355269798966
0.921322578865242
1.08877405012062
0.920795549099523
1.50865154579799
1.15804679922465
0.977701688467088
0.95223531466514
0.861204354765685
0.954592572922081
0.919394232305923
1.36538143895875
0.888823071120443
1.13722683364506
1.0475922645697
1.33639625780158
0.943774687715937
0.854642688105186
0.953821682453162
1.068962097884
1.0397715885733
0.943149129710949
0.953652531416275
1.08374317006717
1.24090628690325
0.882959486229584
0.968461795272773
1.40822583587526
0.946748403554325
0.948081619666196
0.999280255213286
0.920235937814412
0.889208376942144
1.22410524127162
0.989006288720422
0.94100824191153
0.950749037676174
0.898623430470663
1.02187436033021
0.928735802831272
1.44310566311635
1.06817802524939
0.868994791437281
0.899182538289228
0.860863320591048
1.05818823257254
1.04970632615385
0.90743091401225
1.23540441434318
1.15346147221176
1.03443524171119
0.985906254781744
1.00392914069283
0.950765324953902
1.01223015567118
0.92727553447535
0.960025832457844
0.856061949112653
0.941167871936921
0.921730554488284
1.04526528321818
0.947483980818962
0.935926626553772
1.07267525558753
1.1182846032796
0.944774466133414
0.973563812758851
0.915567225489999
0.927988155759659
1.28398275821511
1.23087790642882
1.19060301710331
1.06934313984369
0.921826550023725
1.01349748426259
1.05993286117261
0.880225653219
0.985830125610345
1.11942034997106
1.1621441082862
1.05918488979322
1.05529036221144
0.934486963063737
1.035561088447
0.916305911638126
0.941568650761532
1.1993797486817
1.19222887269522
0.932892476371105
0.887249186638942
0.915614429507135
0.904671288168579
1.06453042403798
1.25431216884577
0.984128180998204
0.949341057896195
0.898058139390779
0.895749644690835
1.59342986571882
1.5212732473443
0.885006185880505
0.932288315544737
0.998846966956887
1.47269094299168
0.962549430635818
0.898467287854218
0.864157719494308
1.10131334652137
0.991311083391415
0.927734553280248
1.01246888141997
1.43141924469891
0.929055189980368
1.36270300978852
1.10745360169614
0.940323445228497
0.867898073508592
0.857133574404425
0.846999626639434
0.879408999273312
0.903893366595966
0.889379757886352
0.99578270947251
0.939855632109142
1.30472009595045
0.841340399784226
1.01092616077796
0.917712443151978
1.00764086082679
0.921190674002276
1.0052531081899
1.27008195253264
1.10458591616274
1.30723029249761
0.913552963520401
0.963728096951174
0.974997628390687
0.95579045468766
1.09149356028422
0.829770709676908
1.01068306772359
1.22191309275858
0.967603533483097
1.08647005280232
0.900358885460226
0.861639780472089
0.926668363765751
0.970090280006206
0.916353394397535
0.939381625574472
0.989008460130017
1.09168119099204
1.02998056039486
1.10833537259319
0.948468728050117
0.969933314633121
0.944650849879008
1.08065768066767
0.913603688884092
0.899809788281276
0.910303877210361
1.10882372716519
0.933943065511309
1.01863290945835
0.913077232038586
0.944652597185311
1.58356785726012
0.901522917506441
