0.90111747379834
1.3390229610346
1.0180432033111
0.978353942213761
0.97272489233944
1.09746757217111
1.15043773510562
1.15857097201285
1.17147361303016
0.934770356662089
0.908820117343229
0.90760602116176
1.09720258647653
2.01230476278297
2.65098259547744
1.183365703107
1.07516489468788
0.933992412034777
0.971482807940731
0.886511918935815
0.844877809939205
0.793398922982889
0.824315326271981
1.58535138422414
2.29798209603884
1.36370996994315
0.893108793683676
2.39936623574545
1.00344027286182
1.06133863912566
1.17039757311074
1.39087385492307
0.941075396055812
0.905665462303372
1.07838135281663
1.69544118028254
0.952883204167388
1.05098853256657
1.263849015925
1.1632728571055
0.784691769829201
2.67426080207855
1.76041078242463
0.998595551670877
1.3390045423834
0.909377342814506
0.913399043698067
0.847033196266169
0.971750244111186
2.57163468988699
0.999233800090827
1.1140260715621
1.47207056973456
1.11772870386352
1.02875606460426
1.86895806383357
1.67544923008554
1.20827086983346
1.00618228078032
2.19256596995328
0.973002050495252
1.00554472567106
2.70318371337509
2.52979668362663
0.978648516059592
0.940126510103112
0.876976268364
1.42165602450304
2.0139467681026
0.974116869062099
0.826703374087482
0.774469044701703
0.936790018328101
0.86875047261156
0.919580438221089
0.799850992644302
1.27120401361227
1.21730317436879
1.03538625626465
1.0112509793109
1.3932012416832
1.08589008100156
1.30396734273258
1.04622149649408
1.12191417887304
1.71632522857373
1.8106144073583
0.938422968839833
0.908649366726177
0.905172482416558
2.6278633336459
0.993535456366515
1.12950835891553
1.36605358624643
1.01812446716991
1.28421575869217
0.920928499269534
1.0810792005823
0.969333950764293
1.00185964371885
1.53211261199366
0.864687087735292
1.40630424228623
1.63372642002361
1.93777565273568
1.15025183325351
0.971679272267049
1.01066251389871
1.00449641650555
2.10064830371343
2.48844497483542
2.29704289343014
0.921152935673879
1.04918143362354
0.954480609717618
0.982814581416482
0.836004251197864
0.985545756075122
0.906179233567735
0.89245476933655
0.979860232233629
0.962072413349449
0.928679700775121
0.907043074144741
0.882681643401044
0.933439514352453
0.891945453176883
0.990107335811557
0.955966237132116
0.916538564286577
1.28392158234087
1.37342478036331
1.33739477283986
1.45448020922483
1.44252799629722
1.46378279518921
1.23643054262509
1.39043430259827
1.19689413212636
1.32200618119447
0.888861425079814
0.761889987026416
0.626379116126109
0.558484584810059
0.598131280819574
0.575540395943996
0.856936889821794
0.795207107937038
0.891832212878878
0.880140562616734
0.843315094391231
0.820985135643633
0.813972315029654
0.827054785550582
0.884427847218898
0.72637813110422
0.739746889541148
0.763778066590973
0.709747773706744
0.632054830216219
0.76919457476503
0.845944569872645
0.723659434538336
0.721094750043506
0.949170145549492
1.94272412475994
2.05622482142467
2.02822399180664
2.12907046186532
2.42705724130163
2.1125156842705
1.32013627339914
2.76983842206666
2.96334409866334
3.27092163167824
2.55310962745319
3.02546677006088
3.47915581382695
3.61462754689589
2.08859210247041
1.97331488288316
1.33955167244397
1.35426191386917
1.559525591205
1.4414883010612
1.04997515202557
1.46828150158561
1.2591326899651
0.813335488513438
0.851154147670166
0.886970815638778
0.927834554462249
0.849189980304895
0.914439494293221
0.887879782869629
0.973794759576608
0.835940119450101
0.801759144334426
0.843290801808835
0.902871638175422
1.07662297830911
0.952990528949874
1.07136557315188
1.01546301496477
0.825339125019256
0.811735835062199
0.640268108855391
0.590540422769521
0.564657565607745
0.488518005247832
0.520434452977221
0.576289309030515
0.537924617654327
0.468078063731594
0.63325617268347
0.69972292744418
0.598912383844408
0.532551713996366
0.494429837441622
0.524684345739369
0.57796633129015
0.873459188766292
1.31041856820932
1.70537005154739
1.38742043853941
1.37464759458709
1.86301331504439
1.8040787061535
1.79508529081254
1.76068827242847
1.90392467269829
1.71284741561176
1.20723461191615
3.22614822843847
2.67421803686297
1.95604417249736
1.44930177212445
1.75364504229103
3.06130389191487
2.83619694683658
2.36264831426185
1.87891171815783
2.35867715661551
2.24772802720588
2.33321237159435
2.17457189104223
1.92181151685021
1.71563682545225
1.90504709441504
1.61602795550406
0.917724690235089
0.923072085167044
0.952130527216082
1.14060799735391
0.990531103951579
1.07990362397782
0.943412948283838
1.05311321814739
1.05573019779584
0.843740003225759
1.02595605044142
1.00629295962818
0.952638591123299
0.8184619526144
0.918254268618179
0.974547673503345
0.895338687565317
0.812334192261198
0.826194610732669
0.862954119265851
0.778015363324844
0.750494146324683
1.13894189442884
0.839593677697399
0.825130605716694
1.38398142279122
1.14701756884386
1.16426659173025
0.967638408207596
1.0332424450146
1.67106432556654
1.91348643186812
1.09369562061441
1.46635562586479
1.27507332907435
1.689561613101
2.13702075812208
1.84101202898331
1.96887640388333
0.915515085493351
1.03283721045483
1.05065968740685
1.1001550268572
1.55275770642089
0.903650208917039
0.965298767842143
1.16349842674825
0.957849195740031
1.1647588122716
0.571711278748401
0.555058594070123
1.40787616961341
1.02593536980769
1.01404036107195
1.02206219887614
1.07961671936296
0.806233806332906
1.03492930457306
0.662370222449268
1.04260999832017
0.93550681909061
0.770478418454122
1.31054543797239
0.615407233724164
0.87401320901001
0.924920131867527
1.44149923206636
1.70165427561002
0.794496549221446
0.75037055705849
0.915516175069592
1.14890648373006
2.56696342638119
1.56097375584838
0.650704111287232
0.662658977382721
0.690292327414486
0.883993826885882
1.05624620975143
0.962779938780108
1.07540336048838
0.946605419799864
2.57157105571021
1.99189307785882
1.51092059519792
2.27325529041543
0.529586570456282
2.00390521307433
1.73462253336496
0.780259605050259
0.739406693227784
0.811814648238537
0.935020603295179
0.975282397042454
0.894272610675264
2.48780603445352
2.01781657867426
1.02757672788227
0.571949637737675
2.79780085530755
0.847848596381984
0.722203697593339
1.00141959604295
1.1811725865645
0.829521112839567
1.62996801393368
1.42410069955786
1.10937554497714
0.869157479816978
0.985213855785375
1.02648941220109
0.890375996921485
1.78555438130855
0.947437312209877
3.26065030128658
1.36493442315967
1.00481244285119
0.872600036632512
0.881250578589792
0.796901270811521
1.05076509412676
0.964343327240617
0.758003046255022
0.786144237839447
0.855240425459948
0.777152865968761
2.52054861447899
3.3495183797512
3.06736371096958
1.66881132386995
0.900455160751505
0.840647756729891
1.35041227326517
0.674938645451211
0.941932130769563
0.870486527979834
0.844450496497157
0.846773150113953
0.549158506320982
1.15232891493128
1.46489769546777
1.28225089479114
0.880425241297976
0.711883399313066
0.817164263791621
0.812134048152676
0.808644955966371
0.494405715279179
0.56480700983197
1.85729324951911
0.910838126319056
1.01315778339192
1.65816849679894
1.19717060851786
1.3227710744329
0.928176516525973
0.992823683324649
0.974977426136622
1.05592525345195
0.992153503673127
0.927745573564855
1.00309011453948
1.50254265080711
1.35794791510385
1.58627375519166
1.47683166956441
1.55730909349494
1.29027558044596
0.900251284043099
0.870422848507315
0.915416306088667
1.58683372533962
0.80611807316556
0.52399243338214
0.846320799615398
1.49544101045112
1.54204542817594
1.23739572474177
1.66136897287388
0.900071984784067
0.988369201433794
0.854981270323415
0.859367210407434
0.848676738781876
1.06417149822032
1.0570222759836
1.05601496086074
1.08390280906609
1.68505811452545
1.33895728453931
2.00676360094261
1.85505210284215
1.82713885638349
1.55555396268515
1.44871198319066
0.996243872571335
0.956595864097478
1.09370731467515
0.881867193584115
0.961143448500754
0.982909119945708
1.01718206154175
1.07636398478462
1.03633503410671
0.899170864295276
0.552943096341645
0.598091789798142
0.609149980183569
0.936269917303746
0.979367411240746
0.924395977900744
0.985400441756097
1.46823485987557
1.54698624367895
1.65114863073319
1.77430104020748
1.51502866111861
1.58176723649151
1.62680376584396
1.6155866208033
1.45039368779603
0.489660684841462
0.614681064198974
0.453659409120575
0.960115913901799
1.22031568582094
2.17266645252964
0.795659536721356
0.759770760182309
0.932385234000732
0.951896793162172
0.82709751041039
0.710900633938965
0.897538989138207
1.32838522167053
1.26111921744168
2.68702405097836
1.10447423015748
0.668026840538932
1.02064055184538
2.97058808510905
2.86213017420691
2.79459563376103
2.09507291422207
0.97365612650575
0.78631520841574
0.756013531744612
1.07752356648148
0.969594450394483
0.960704089771474
1.39786145538081
0.861220429944143
1.51295169210226
1.00698752358373
1.90858363190562
1.11863942098959
1.20991832911163
0.763330663999387
1.25951014832138
0.769955570080971
0.620072153140316
1.07404862489597
0.990963201880984
0.988619623281232
0.922524555986846
1.20792177466784
0.686277413310876
1.0134865484268
1.52626954712674
1.06233648239087
1.71493731913737
0.848537662833583
1.13285974660319
1.21128340535724
0.799736734354583
0.802502007080768
0.791805156021165
1.00707183744012
0.865131860738251
1.1012082257241
0.791829604080998
0.919494210274705
1.4599405155913
1.14763132011842
1.47236708957557
1.35913285152498
2.31031818448015
1.01113000912896
1.09264050259154
0.870654255859675
2.83831347930293
2.4699205186285
2.62937289067141
1.01777927020888
1.19696065922586
1.04206677027586
1.86322715488763
1.00859616876205
0.903718152959463
1.01026797511727
0.786681004887604
0.733414029484129
1.65788119629285
0.814184566998923
0.846776236170013
0.999173461601374
0.83391691199283
0.950714133708336
0.738229673655501
0.679980110631898
0.946868098484473
1.06604500317658
0.800550794482757
0.978602589927046
1.62754089458474
0.604628336824535
1.08847861201932
2.60877689051952
1.62885012698413
0.48939378531529
0.835555494086741
1.2002375660866
0.973227555405524
1.03461932004623
1.28381596926837
1.21739648344945
1.19590738690193
0.972321717606651
1.87253982486223
0.941470059285115
0.754587944411082
1.05299956862476
0.902252765580929
1.1905589650209
1.11511042241191
0.951193988171746
0.858878931312129
1.3185454612743
1.33390324159927
1.81998144867981
0.984432681761847
0.872119176054542
1.04986421849356
0.877070272794848
0.720782509939058
0.746893021589996
3.21532109105639
1.23089472778315
1.23576359882574
0.657785762970814
1.73744908078752
0.528046180534931
0.870681527632357
0.877708776170752
1.8133340959239
1.9717312014119
0.930159819137616
1.6704525807686
1.11337470513701
0.567143592107805
1.15529670183244
0.834785259041458
1.22299647968634
1.00589329306531
1.49658702274089
1.01661822489945
1.09052911124501
1.2580998689262
0.984811482674565
0.96689933222168
0.846126597255947
1.28515104416315
0.872488642155218
0.955618929703182
1.76382539509385
0.786373966637841
0.991051033174248
1.03033780284904
0.942743253254002
0.912658573165846
0.952182233305567
1.49778126060412
1.08439110546592
1.09327638393228
1.04921251165933
1.35206466102627
0.703066666085128
1.18612564413756
1.1153170485862
1.68729336890661
1.82234250485135
1.77022360327917
0.768291981299683
1.81962515998512
0.99079564851758
1.06117890547331
3.17290705815325
0.94241318629592
0.840293904568947
2.31427167025513
0.892848317350771
0.788785340263855
2.13120253199553
1.04196445491373
1.00095095128917
1.02314949116272
0.730683135606452
2.36057234362829
1.27252122463424
1.14392164319047
0.77157539061926
0.958477710133976
0.80326679753531
1.87094509535112
0.639786666290944
0.893266386145133
2.60870605854548
1.3094590694294
1.9995908183141
0.651102698794205
0.927382008424714
1.05421202552702
1.03326238753861
1.87400464001792
0.755753992389063
3.00640851913819
3.27749756607008
1.56177018786997
0.862611008330695
0.882012780555402
1.22074579233589
0.864305561362317
1.6861604908626
1.40871147249425
1.98626854458258
0.566071617913808
0.992991519173741
1.04808219820476
1.34150702472939
1.18982553307424
0.777632252259494
0.657970139656047
1.61605382430199
1.12609900293328
3.31236606284958
0.73884618444656
1.43446295175352
0.891559932665115
1.01461736593845
3.07510736722621
1.13882899464378
1.39217140503767
0.700246876795379
0.998582149238371
0.930533571900675
1.65028065743666
2.69713334063492
0.820466731545604
0.732535444039769
1.41753479124006
1.36494817169951
1.79208296362942
1.7359592320341
0.825266036207921
0.712676487237681
0.989821917302302
1.24965603278033
1.86138862428
0.587516383884885
0.87880727799769
0.794517637997647
0.763559141961244
3.26552824239637
0.825402443236099
0.792298244895631
0.947678822500187
1.04758289006949
0.7398335618166
0.890750716446764
0.997280847977213
0.972819872814946
1.0055519999443
1.0031659619391
1.03293060206498
1.71434924260331
0.495021124576192
1.00091245271088
1.14579887528916
2.80308193037603
1.5583597328541
0.671501441723228
0.863472642313744
1.16222782389209
3.05700872329626
1.22217458612879
3.41183201193851
1.67013452571464
1.70486240535391
2.12321847705354
0.920350372813453
0.958614872507268
0.85896783147733
1.63965137754764
0.994110895526031
0.844029747824785
0.798134934048188
1.0083639495586
0.70643033921459
0.915914111559832
0.683335125268133
0.992117396939086
1.46492450066951
0.906890554250311
0.848978992712702
1.61945715584562
0.754334920581282
0.760907021001508
3.04771851629759
0.927708348655981
1.56341595635109
0.60830186582735
0.709838717321005
0.791528248472652
2.07731316004523
1.57080024265919
1.60394308171777
1.27915175681408
0.670837793702694
1.1564225966877
0.815488749108209
1.06974778940524
1.01394694284847
0.493763928541284
1.06859258919858
1.12290412420582
0.875641257159145
0.974592513801277
1.05138738723165
2.16456540480021
2.62289850854327
2.44916508393161
0.771321389676939
1.16053321215821
0.891032469916201
0.856869558221124
2.09820300592882
1.11876283724697
0.598660565101832
1.06419083768581
1.56027473212257
0.530543633670585
0.992089034598295
0.791992926503502
1.15976387484383
0.778220619789454
0.999543683808993
0.903972191540039
0.993764691984848
0.627322305938615
0.628381303987781
1.75391401749173
0.846861452656853
0.884812840506732
0.92007334832238
0.947139330226907
1.17130186694137
2.90714508509315
2.9040928829301
1.1993039043247
0.753272867308379
1.27187939337264
0.974222568131962
1.77151908033884
1.31020178797131
1.01937399365472
1.72736587366348
0.796866485477713
1.04587523516274
0.831880857078935
0.780267633598346
1.21529126365408
0.730349408802749
0.820518084431567
1.03685381772937
1.3598876922766
0.735959608389894
1.28403844658793
1.60988737670405
0.808515612261131
1.12995655123027
0.888641022959109
0.705811508822935
1.5206694377557
1.44535506338132
3.06242614017797
0.994947285646256
2.48368858553266
0.861552610817434
0.590498277136514
1.23913258680323
1.28434172158632
0.936592829037403
2.01083754440979
0.741511871474675
2.59579126779832
0.653060308241905
0.978941926314096
1.99782040935364
1.36573583727937
1.32689293416166
0.959350704942808
0.984721303192164
1.38489261639845
0.786040874335475
1.85044634442267
0.884243381444411
1.14199531023047
0.859406772903764
0.866596005792573
0.864873187148446
0.732538839092458
0.756455596313122
2.27559745490218
2.32236344323134
1.12343115220473
1.09777173009355
1.35489372145385
1.90971015871615
1.04504157820487
1.92073904393637
0.907919977667222
1.05068765647703
0.966629816275547
1.59230276962424
2.39705044068873
1.46330664866456
0.818711990440939
0.959418736782925
2.76878051329855
1.00305234012856
1.08918614650839
0.759741240225546
1.12849627960726
2.23873738524036
0.881224956422012
0.897376572877455
0.81664302546735
0.777194541775919
0.772902809533978
0.735118683017068
0.8933277107492
0.877762094816453
2.7135499873511
0.740430317035834
0.866629266870101
1.04221435763727
1.02903780507849
0.941241403906023
0.782280104400138
1.55661009601699
1.03193248410129
1.59579574623707
1.49464352736319
1.4943163564867
0.798274261780154
0.622750621306528
0.995357843584611
0.843025254235899
2.04960578874883
0.880753561723759
2.0335282050884
1.23393113907936
0.880362608107101
2.85627562072751
0.676852108595382
0.722073618648673
0.977821474095175
0.878719912914924
0.839999567180949
1.04037909063564
2.01007673593821
0.881152364848694
1.29597221943555
0.882160637798652
2.00427224281207
0.945256361230148
1.31994776960771
2.15016970252848
0.649254766759575
1.05677451905343
1.39479425433977
0.888556184492923
0.725531601057188
1.21890035755425
1.06927107026495
0.820577845688167
0.845656103663267
0.900753884919977
1.03074217982119
0.865951963472588
1.62091900126969
0.681295049380725
2.01498318060145
2.98894123433468
0.886177595905088
1.41574700887465
1.34765890555013
1.31676864996515
1.40577923128917
1.0963648689694
0.934763865765348
1.00973510670432
1.02276624473969
1.00935325178958
1.06900576286186
1.06004457759973
1.20026914708203
1.06540077156959
0.894137789268502
1.72917422273432
0.858770596398958
2.4244355254417
1.14164833743229
0.879693119202023
0.673884185439945
0.575745414058194
0.937142815967553
1.21678779048202
3.50159540059009
1.08527390993596
2.32606775183405
0.785550079448645
0.800496314168758
1.59736801326059
0.861163329434563
0.819571012508982
0.962367632526619
3.26162857142421
0.706603292667913
0.9984624573085
1.80698871831087
2.19364685523466
1.23682851546903
1.95049924506969
1.82591063851842
0.872342779742885
0.938387084886043
0.770675078181508
0.981182307948428
1.43565070953503
1.10031939336584
0.992135101148628
1.23753872068283
0.816801535376946
1.67891873308088
0.791257112584867
1.0242846100152
0.973956544803569
1.56222408083962
1.43700852070175
1.00124129505465
0.967810214187052
1.59192968042357
0.919073709192979
3.00323559272608
2.84598646859721
2.83602651316788
0.842382280598047
0.915259154438117
0.813387446395836
0.968723422805352
0.969559520213245
0.965358977515204
2.06375988182886
0.938875699914358
0.770472798873752
1.61202490052811
1.63419296208562
1.57191780175531
1.08432496361122
1.06138505727913
0.709737594513368
0.954453170681547
1.81373303879248
1.20220169578496
2.67106533620478
2.90790631997392
1.72830776336869
1.04686934456818
0.873694876440506
1.10266447061624
1.14175982845411
1.50210706249325
1.29620385540767
1.78532036355512
0.854025043130599
0.975979027322323
0.844021113927271
1.16555240110601
1.2635472609772
0.851637014587587
1.05422277227123
1.12146020844415
1.06569090578749
1.00685695354384
1.13023974264043
1.16019591437323
1.20708460446409
1.08224858948071
1.05563842032987
1.12175531550692
1.7697113301937
1.71858661095787
0.998357365786742
0.75765718145575
0.761808481167537
1.42992337104966
1.05036066487782
0.96402611109091
2.37973095110444
0.963298718697347
1.78482758921011
1.11950827592821
1.23785290429602
1.01320645254204
0.855148352944549
1.09279957456029
0.963138834363002
2.09007024347468
1.12020579699549
0.938952890589239
0.763523343313641
1.49950794779953
0.929880877401128
0.901704236407739
1.09608527929794
1.15077664490998
1.25496333926457
1.85927401398456
0.874982423754573
1.15055743375565
1.28364054938964
0.954802436909525
0.982248221769801
1.64116206312984
1.03185730773153
1.06048247950202
0.995936191021634
1.06389536691919
0.844870665898542
2.28967304770348
2.23789093569929
1.02835369138254
1.86690070232351
1.04386810184589
1.61784902767811
1.03201913244155
1.94017898281649
1.86633099513896
0.933148389166304
1.01603689837155
0.770816307873608
1.08491404801682
1.11216582762548
1.02626029233235
1.52566006450327
1.23902460346774
1.10540724567758
1.98684374373983
1.28488453839429
1.14040552359598
1.14687195234512
1.14697727621781
1.13883233400135
0.856902090085782
0.99196446336623
0.949997710350052
1.07201451190526
0.882917228820844
0.945109748509861
1.04103421990336
1.13129557705186
0.99278961234542
1.02284728350331
1.46954612695636
1.3701243246046
1.38839469571297
1.37711659972066
1.1054917275518
1.00928022156394
1.45967491599586
1.12579748066488
1.13185995240524
0.957870378357893
1.04440415197691
1.17364107451145
1.18322738399109
1.12820260393535
0.804101770907831
0.765689508793752
0.870798149942331
0.982831922212694
0.982821556024314
1.16356553445239
1.22358237100816
1.02934171550381
0.947206751172526
0.997046114225313
1.05617607566436
2.442117040541
2.41586491189794
1.06190663830449
0.954469920571104
0.896365230148874
0.937404664479166
1.89675295194833
2.04315310408579
1.00883741827771
1.01881014675566
2.17647965613721
1.69437388430719
1.22522996301237
1.02983436385328
0.821191266002933
0.799293044713526
1.28187093879216
0.900024629130935
0.965124275052469
2.19976065141487
1.08491687730383
1.55396598433698
1.28896633618399
1.05200098887813
0.898221799431051
0.859011064865734
0.789291607398039
0.926419910975833
0.835211750125547
0.859325389058851
2.17838433957093
1.80619363301605
1.66553712589306
0.741969243860157
1.04082692024701
0.976164912401658
1.11113939076242
1.11061052589679
1.32417078555154
1.32216906254269
1.05578343562972
1.44350966626536
0.846592476032025
1.00672248486787
0.993621785231086
1.74450852093079
1.11624392267802
0.85898755734234
0.988974620407221
1.04301484993854
1.11056502184605
2.03693102697181
1.0045181688297
0.920182995589677
0.883519586970802
0.927743224567547
0.922034890639998
0.911971103482291
0.972029328749689
1.16216241443867
1.16252380498137
1.02333247595009
1.1856031009707
1.1713437078805
1.13754537868555
1.07129957660541
1.29376134866135
1.00161994114273
1.00356534283241
1.17006743177639
0.944038774198786
1.00573408681722
1.00134081025068
1.05913795429211
1.78873491361843
0.933917521650292
