1.03484003775482
1.06744470241318
1.29312894678776
1.29512136093913
1.29512136093913
1.08590955401566
0.954774165317165
1.24510856052687
1.29512136093913
1.19874728047564
1.03484003775482
1.06744470241318
1.29312894678776
1.29512136093913
1.29512136093913
1.08590955401566
0.954774165317165
1.24510856052687
1.29512136093913
1.19874728047564
1.03484003775482
1.06744470241318
1.29312894678776
1.29512136093913
1.29512136093913
1.08590955401566
0.954774165317165
1.24510856052687
1.29512136093913
1.19874728047564
1.03484003775482
1.06744470241318
1.29312894678776
1.29512136093913
1.29512136093913
1.08590955401566
0.954774165317165
1.24510856052687
1.29512136093913
1.19874728047564
1.03484003775482
1.06744470241318
1.29312894678776
1.29512136093913
1.29512136093913
1.08590955401566
0.954774165317165
1.24510856052687
1.29512136093913
1.19874728047564
1.03484003775482
1.06744470241318
1.29312894678776
1.29512136093913
1.29512136093913
1.08590955401566
0.954774165317165
1.24510856052687
1.29512136093913
1.19874728047564
1.03484003775482
1.06744470241318
1.29312894678776
1.29512136093913
1.29512136093913
1.08590955401566
0.954774165317165
1.24510856052687
1.29512136093913
1.19874728047564
1.03484003775482
1.06744470241318
1.29312894678776
1.29512136093913
1.29512136093913
1.08590955401566
0.954774165317165
1.24510856052687
1.29512136093913
1.19874728047564
1.03484003775482
1.06744470241318
1.29312894678776
1.29512136093913
1.29512136093913
1.08590955401566
0.954774165317165
1.24510856052687
1.29512136093913
1.19874728047564
1.03484003775482
1.06744470241318
1.29312894678776
1.29512136093913
1.29512136093913
1.08590955401566
0.954774165317165
1.24510856052687
1.29512136093913
1.19874728047564
1.03484003775482
1.06744470241318
1.29312894678776
1.29512136093913
1.29512136093913
1.08590955401566
0.954774165317165
1.24510856052687
1.29512136093913
1.19874728047564
1.03484003775482
1.06744470241318
1.29312894678776
1.29512136093913
1.29512136093913
1.08590955401566
0.954774165317165
1.24510858052669
1.29512136093913
1.19874728047564
1.03484003775482
1.06744470241318
1.29312894678776
1.29512136093913
1.29512136093913
1.08590955401566
0.954774165317165
1.24510856052687
1.29512136093913
1.19874728047564
1.03484003775482
1.06744470241318
1.29312894678776
1.29512136093913
1.29512180613406
1.08590955401566
0.954774165317165
1.24510856052687
1.29512136093913
1.19874728047564
1.03484003775482
1.06744470241318
1.29312894678776
1.29512103140908
1.29512136093913
1.08590955401566
0.954774165317165
1.24510856052687
1.29512136093913
1.19874728047564
1.03484003775482
1.06744470241318
1.29312894678776
1.29512136093913
1.29512136093913
1.08590955401566
0.954774165317165
1.24510856052687
1.29512108693631
1.19874728047564
1.03484003775482
1.06744470241318
1.29312894678776
1.29512136093913
1.29512136093913
1.08590955401566
0.954774165317165
1.24510856052687
1.29512136093913
1.19874728047564
1.03484003775482
1.06744470241318
1.29312894678776
1.29512136093913
1.29512136093913
1.08590955401566
0.954774165317165
1.24510856052687
1.29512136093913
1.19874728047564
1.03484003775482
1.06744470241318
1.29312894678776
1.29512136093913
1.29512136093913
1.08590955401566
0.954774165317165
1.24510856052687
1.29512136093913
1.19874728047564
1.03484003775482
1.06744470241318
1.29312894678776
1.29512136093913
1.29512136093913
1.08590955401566
0.954774165317165
1.24510856052687
1.29512136093913
1.19874728047564
1.03484003775482
1.06744470241318
1.29312894678776
1.29512136093913
1.29512136093913
1.08590955401566
0.954774165317165
1.24510856052687
1.29512136093913
1.19874728047564
1.03484003775482
1.06744470241318
1.29312894678776
1.29512105322216
1.29512136093913
1.08590955401566
0.954774165317165
1.24510856052687
1.29512136093913
1.19874728047564
1.03484003775482
1.0674447804408
1.29312905628789
1.29512136093913
1.29512136093913
1.08590955401566
0.954774165317165
1.24510856052687
1.29512136093913
1.19874728047564
1.03484003775482
1.06744470241318
1.29312894678776
1.29512136093913
1.29512136093913
1.08590955401566
0.954774165317165
1.24510856052687
1.29512136093913
1.19874728047564
1.03484003775482
1.06744470241318
1.29312894678776
1.29512136093913
1.29512136093913
1.08590955401566
0.954774165317165
1.24510856052687
1.29512136093913
1.19874728047564
1.03484003775482
1.06744470241318
1.29312894678776
1.29512136093913
1.29512136093913
1.08590955401566
0.954774165317165
1.24510845939907
1.29512136093913
1.19874728047564
1.03484003775482
1.06744470241318
1.29312894678776
1.29512136093913
1.29512136093913
1.08590955401566
0.954774165317165
1.24510856052687
1.29512136093913
1.19874728047564
1.03484003775482
1.06744470241318
1.29312894678776
1.29512136093913
1.29512136093913
1.08590955401566
0.954774316697603
1.24510856052687
1.29512136093913
1.19874728047564
1.03484003775482
1.06744470241318
1.2931288469598
1.29512136093913
1.29512136093913
1.08590955401566
0.954774165317165
1.24510856052687
1.29512185045539
1.19874728047564
1.03484003775482
1.06744470241318
1.29312894678776
1.29512136093913
1.29512136093913
1.08590955401566
0.954774165317165
1.24510856052687
1.29512136093913
1.19874728047564
1.03484003775482
1.06744470241318
1.29312894678776
1.29512136093913
1.29512136093913
1.08590955401566
0.954774165317165
1.24510856052687
1.29512136093913
1.19874728047564
1.03484003775482
1.06744470241318
1.29312894678776
1.29512122283718
1.29512136093913
1.08590955401566
0.954774165317165
1.24510856052687
1.29512136093913
1.19874728047564
1.03484003775482
1.06744470241318
1.29312894678776
1.29512136093913
1.29512136093913
1.08590955401566
0.954774165317165
1.24510856052687
1.29512136093913
1.19874728047564
1.03484003775482
1.06744470241318
1.29312894678776
1.29512136093913
1.29512136093913
1.08590955401566
0.954774165317165
1.24510856052687
1.29512136093913
1.19874728047564
1.03484003775482
1.06744470241318
1.29312894678776
1.29512136093913
1.29512136093913
1.08590955401566
0.954774165317165
1.24510856052687
1.29512136093913
1.19874728047564
1.03484003775482
1.06744470241318
1.29312894678776
1.29512136093913
1.29512136093913
1.08590955401566
0.954774165317165
1.24510856052687
1.29512136093913
1.19874728047564
1.03484003775482
1.06744470241318
1.29312894678776
1.29512136093913
1.29512136093913
1.08590955401566
0.954774165317165
1.24510856052687
1.29512136093913
1.19874728047564
1.03484003775482
1.06744470241318
1.29312894678776
1.29512136093913
1.29512136093913
1.08590955401566
0.954774165317165
1.24510856052687
1.29512136093913
1.19874728047564
1.03484003775482
1.06744470241318
1.29312894678776
1.29512136093913
1.29512136093913
1.08590955401566
0.954774165317165
1.24510856052687
1.29512136093913
1.19874728047564
1.03484003775482
1.06744470241318
1.29312894678776
1.29512136093913
1.29512136093913
1.08590955401566
0.954774165317165
1.24510856052687
1.29512136093913
1.19874728047564
1.03484003775482
1.06744470241318
1.29312894678776
1.29512136093913
1.29512136093913
1.08590955401566
0.954774165317165
1.24510856052687
1.29512136093913
1.19874728047564
1.03484003775482
1.06744470241318
1.29312894678776
1.29512136093913
1.29512136093913
1.08590955401566
0.954774165317165
1.24510856052687
1.29512136093913
1.19874728047564
1.03484003775482
1.06744470241318
1.29312894678776
1.29512136093913
1.29512136093913
1.08590955401566
0.954774165317165
1.24510856052687
1.29512136093913
1.19874728047564
1.03484003775482
1.06744470241318
1.29312894678776
1.29512136093913
1.29512136093913
1.08590955401566
0.954774165317165
1.24510856052687
1.29512136093913
1.19874728047564
1.03484003775482
1.06744470241318
1.29312894678776
1.29512136093913
1.29512136093913
1.08590955401566
0.954774165317165
1.24510856052687
1.29512136093913
1.19874728047564
1.03484003775482
1.06744470241318
1.29312894678776
1.29512136093913
1.29512136093913
1.08590955401566
0.954774165317165
1.24510856052687
1.29512136093913
1.19874728047564
1.03484003775482
1.06744470241318
1.29312894678776
1.29512136093913
1.29512136093913
1.08590955401566
0.954774165317165
1.24510856052687
1.29512136093913
1.19874728047564
1.03484003775482
1.06744470241318
1.29312894678776
1.29512136093913
1.29512136093913
1.08590955401566
0.954774165317165
1.24510856052687
1.29512136093913
1.19874728047564
1.03484003775482
1.06744470241318
1.29312894678776
1.29512136093913
1.29512136093913
1.08590955401566
0.954774165317165
1.24510856052687
1.29512136093913
1.19874728047564
1.03484003775482
1.06744470241318
1.29312894678776
1.29512136093913
1.29512136093913
1.08590955401566
0.954774165317165
1.24510856052687
1.29512136093913
1.19874728047564
1.03484003775482
1.06744470241318
1.29312894678776
1.29512136093913
1.29512136093913
1.08590955401566
0.954774165317165
1.24510856052687
1.29512136093913
1.19874728047564
1.03484003775482
1.06744470241318
1.29312894678776
1.29512136093913
1.29512136093913
1.08590955401566
0.954774165317165
1.24510856052687
1.29512136093913
1.19874728047564
1.03484003775482
1.06744470241318
1.29312894678776
1.29512136093913
1.29512136093913
1.08590947902488
0.954774165317165
1.24510856052687
1.29512136093913
1.19874728047564
1.03484003775482
1.06744470241318
1.29312894678776
1.29512136093913
1.29512136093913
1.08590955401566
0.954774165317165
1.24510856052687
1.29512136093913
1.19874728047564
1.03484003775482
1.06744470241318
1.29312894678776
1.29512136093913
1.29512136093913
1.08590955401566
0.954774165317165
1.24510856052687
1.29512136093913
1.19874728047564
1.03484003775482
1.06744470241318
1.29312894678776
1.29512136093913
1.29512136093913
1.08590955401566
0.954774165317165
1.24510856052687
1.29512136093913
1.19874728047564
1.03484003775482
1.06744470241318
1.29312894678776
1.29512136093913
1.29512147512453
1.08590955401566
0.954774165317165
1.24510856052687
1.29512136093913
1.19874728047564
1.03484003775482
1.06744470241318
1.29312894678776
1.29512136093913
1.29512136093913
1.08590955401566
0.954774165317165
1.24510856052687
1.29512136093913
1.19874728047564
1.03484003775482
1.06744470241318
1.29312894678776
1.29512136093913
1.29512136093913
1.08590955401566
0.954774165317165
1.24510856052687
1.29512136093913
1.19874728047564
1.03484003775482
1.06744470241318
1.29312894678776
1.29512136093913
1.29512136093913
1.08590955401566
0.954774165317165
1.24510856052687
1.29512136093913
1.19874728047564
1.03484003775482
1.06744470241318
1.29312894678776
1.29512136093913
1.29512136093913
1.08590955401566
0.954774165317165
1.24510856052687
1.29512136093913
1.19874728047564
1.03484003775482
1.06744470241318
1.29312894678776
1.29512136093913
1.29512136093913
1.08590955401566
0.954774165317165
1.24510856052687
1.29512136093913
1.19874728047564
1.03484003775482
1.06744470241318
1.29312894678776
1.29512136093913
1.29512136093913
1.08590955401566
0.954774165317165
1.24510856052687
1.29512136093913
1.19874728047564
1.03484003775482
1.06744470241318
1.29312894678776
1.29512136093913
1.29512136093913
1.08590955401566
0.954774165317165
1.24510856052687
1.29512136093913
1.19874728047564
1.03484003775482
1.06744470241318
1.29312894678776
1.29512136093913
1.29512136093913
1.08590955401566
0.954774165317165
1.24510856052687
1.29512136093913
1.19874728047564
1.03484003775482
1.06744470241318
1.29312894678776
1.29512136093913
1.29512136093913
1.08590955401566
0.954774165317164
1.24510856052687
1.29512136093913
1.19874728047564
1.03484003775482
1.06744470241318
1.29312894678776
1.29512136093913
1.29512136093913
1.08590955401566
0.954774165317165
1.24510856052687
1.29512136093913
1.19874728047564
1.03484003775482
1.06744470241318
1.29312894678776
1.29512136093914
1.29512136093913
1.08590955401566
0.954774165317165
1.24510856052687
1.29512136093913
1.19874728047564
1.03484003775482
1.06744470241318
1.29312894678776
1.29512136093913
1.29512136093913
1.08590955401566
0.954774165317165
1.24510856052687
1.29512136093913
1.19874728047564
1.03484003775482
1.06744470241318
1.29312894678776
1.29512136093913
1.29512136093913
1.08590955401566
0.954774165317165
1.24510856052687
1.29512136093913
1.19874728047564
1.03484003775482
1.06744470241318
1.29312894678776
1.29512136093913
1.29512136093913
1.08590955401566
0.954774165317165
1.24510856052687
1.29512136093913
1.19874728047564
1.03484003775482
1.06744470241318
1.29312894678776
1.29512136093913
1.29512136093913
1.08590955401566
0.954774165317165
1.24510856052687
1.29512136093913
1.19874728047564
1.03484003775482
1.06744470241318
1.29312894678776
1.29512136093913
1.29512136093913
1.08590955401566
0.954774165317165
1.24510856052687
1.29512136093913
1.19874728047564
1.03484003775482
1.06744470241318
1.29312894678776
1.29512136093913
1.29512136093913
1.08590955401566
0.954774165317165
1.24510856052687
1.29512136093913
1.19874728047564
1.03484003775482
1.06744470241318
1.29312894678776
1.29512136093913
1.29512136093913
1.08590955401566
0.954774165317165
1.24510856052687
1.29512136093913
1.19874728047564
1.03484003775482
1.06744470241318
1.29312894678776
1.29512136093913
1.29512136093913
1.08590955401566
0.954774165317165
1.24510856052687
1.29512136093913
1.19874728047564
1.03484003775482
1.06744470241318
1.29312894678776
1.29512136093913
1.29512136093913
1.08590955401566
0.954774165317164
1.24510856052687
1.29512136093913
1.19874728047564
1.03484003775482
1.06744470241318
1.29312894678776
1.29512136093913
1.29512136093913
1.08590955401566
0.954774165317165
1.24510856052687
1.29512136093913
1.19874728047564
1.03484003775482
1.06744470241318
1.29312894678776
1.29512136093913
1.29512136093913
1.08590955401566
0.954774165317165
1.24510856052687
1.29512136093913
1.19874728047564
1.03484003775482
1.06744470241318
1.29312894678776
1.29512136093913
1.29512136093913
1.08590955401566
0.954774165317165
1.24510856052687
1.29512136093913
1.19874728047564
1.03484003775482
1.06744470241318
1.29312894678776
1.29512136093913
1.29512136093913
1.08590955401566
0.954774165317165
1.24510856052687
1.29512136093913
1.19874728047564
1.03484003775482
1.06744470241318
1.29312894678776
1.29512136093913
1.29512136093913
1.08590955401566
0.954774165317165
1.24510856052687
1.29512136093913
1.19874728047564
1.03484003775482
1.06744470241318
1.29312894678776
1.29512136093913
1.29512136093913
1.08590955401566
0.954774165317165
1.24510856052687
1.29512136093913
1.19874728047564
1.03484003775482
1.06744470241318
1.29312894678776
1.29512136093913
1.29512136093913
1.08590955401566
0.954774165317165
1.24510856052687
1.29512136093913
1.19874728047564
1.03484003775482
1.06744470241318
1.29312894678776
1.29512136093913
1.29512136093913
1.08590955401566
0.954774165317165
1.24510856052687
1.29512136093913
1.19874728047564
1.03484003775482
1.06744470241318
1.29312894678776
1.29512136093913
1.29512136093913
1.08590955401566
0.954774165317165
1.24510856052687
1.29512136093913
1.19874728047564
1.03484003775482
1.06744470241318
1.29312894678776
1.29512136093913
1.29512136093913
1.08590955401566
0.954774165317165
1.24510856052687
1.29512136093913
1.19874728047564
1.03484003775482
1.06744470241318
1.29312894678776
1.29512136093913
1.29512136093913
1.08590955401566
0.954774165317165
1.24510856052687
1.29512136093913
1.19874728047564
1.03484003775482
1.06744470241318
1.29312894678776
1.29512136093913
1.29512136093913
1.08590955401566
0.954774165317165
1.24510867224489
1.29512136093913
1.19874728047564
1.03484003775482
1.06744470241318
1.29312894678776
1.29512136093913
1.29512136093913
1.08590955401566
0.954774165317165
1.24510856052687
1.29512136093913
1.19874728047564
1.03484003775482
1.06744470241318
1.29312894678776
1.29512136093913
1.29512136093913
1.08590955401566
0.954774165317165
1.24510856052687
1.29512136093913
1.19874728047564
1.03484003775482
1.06744470241318
1.29312894678776
1.29512136093913
1.29512136093913
1.08590955401566
0.954774165317165
1.24510856052687
1.29512136093913
1.19874728047564
1.03484003775482
1.06744470241318
1.29312894678776
1.29512136093913
1.29512136093913
1.08590955401566
0.954774165317165
1.24510856052687
1.29512136093913
1.19874728047564
1.03484003775482
1.06744470241318
1.29312894678776
1.29512136093913
1.29512136093913
1.08590955401566
0.954774165317165
1.24510856052687
1.29512136093913
1.19874728047564
1.03484003775482
1.06744470241318
1.29312894678776
1.29512136093913
1.29512136093913
1.08590955401566
0.954774165317165
1.24510856052687
1.29512136093913
1.19874728047564
1.03484003775482
1.06744470241318
1.29312894678776
1.29512136093913
1.29512136093913
1.08590955401566
0.954774165317165
1.24510856052687
1.29512136093913
1.19874728047564
1.03484003775482
1.06744470241318
1.29312894678776
1.29512136093913
1.29512136093913
1.08590955401566
0.954774165317165
1.24510856052687
1.29512136093913
1.19874728047564
1.03484003775482
1.06744470241318
1.29312894678776
1.29512136093913
1.29512136093913
1.08590955401566
0.954774165317165
1.24510856052687
1.29512136093913
1.19874728047564
1.03484003775482
1.06744470241318
1.29312894678776
1.29512136093913
1.29512136093913
1.08590955401566
0.954774165317165
1.24510856052687
1.29512136093913
1.19874728047564
1.03484003775482
1.06744470241318
1.29312894678776
1.29512136093913
1.29512136093914
1.08590955401566
0.954774165317165
1.24510856052687
1.29512136093913
1.19874728047564
1.03484003775482
1.06744470241318
1.29312894678776
1.29512136093913
1.29512143732382
1.08590955401566
0.954774165317165
1.24510856052687
1.29512136093913
1.19874728047564
1.03484003775482
1.06744470241318
1.29312894678776
1.29512136093913
1.29512136093913
1.08590955401566
0.954774165317165
1.24510856052687
1.29512136093913
1.19874728047564
1.03484003775482
1.06744470241318
1.29312894678776
1.29512136093913
1.29512136093913
1.08590955401566
0.954774165317165
1.24510856052687
1.29512136093913
1.19874728047564
1.03484003775482
1.06744470241318
1.29312894678776
1.29512136093913
1.29512136093913
1.08590955401566
0.954774165317165
1.24510856052687
1.29512136093913
1.19874728047564
1.03484003775482
1.06744470241318
1.29312894678776
1.29512136093913
1.29512136093913
1.08590955401566
0.954774165317165
1.24510856052687
1.29512136093913
1.19874728047564
1.03484003775482
1.06744470241318
1.29312894678776
1.29512136093913
1.29512136093913
1.08590955401566
0.954774165317165
1.24510856052687
1.29512136093913
1.19874728047564
1.03484003775482
1.06744470241318
1.29312894678776
1.29512136093913
1.29512136093913
1.08590955401566
0.954774165317165
1.24510856052687
1.29512136093913
1.19874728047564
1.03484003775482
1.06744470241318
1.29312894678776
1.29512136093913
1.29512136093913
1.08590955401566
0.954774165317165
1.24510856052687
1.29512136093913
1.19874728047564
1.03484003775482
1.06744470241318
1.29312894678776
1.29512136093913
1.29512136093913
1.08590955401566
0.954774165317165
1.24510856052687
1.29512136093913
1.19874728047564
1.03484003775482
1.06744470241318
1.29312894678776
1.29512136093913
1.29512136093913
1.08590955401566
0.954774165317165
1.24510856052687
1.29512136093913
1.19874728047564
1.03484003775482
1.06744470241318
1.29312894678776
1.29512136093913
1.29512136093913
1.08590955401566
0.954774165317165
1.24510856052687
1.29512136093913
1.19874728047564
1.03484003775482
1.06744470241318
1.29312894678776
1.29512136093913
1.29512136093913
1.08590955401566
0.954774165317165
1.24510856052687
1.29512136093913
1.19874728047564
1.03484003775482
1.06744470241318
1.29312894678776
1.29512136093913
1.29512136093913
1.08590955401566
0.954774165317165
1.24510856052687
1.29512136093913
1.19874728047564
1.03484003775482
1.06744470241318
1.29312894678776
1.29512136093913
1.29512136093913
1.08590955401566
0.954774165317165
1.24510856052687
1.29512136093913
1.19874728047564
1.03484003775482
1.06744470241318
1.29312894678776
1.29512136093913
1.29512136093913
1.08590955401566
0.954774165317165
1.24510856052687
1.29512136093913
1.19874728047564
1.03484003775482
1.06744470241318
1.29312894678776
1.29512136093913
1.29512136093913
1.08590955401566
0.954774165317165
1.24510856052687
1.29512136093913
1.19874728047564
1.03484003775482
1.06744470241318
1.29312894678776
1.29512136093913
1.29512136093913
1.08590955401566
0.954774165317165
1.24510856052687
1.29512136093913
1.19874728047564
1.03484003775482
1.06744470241318
1.29312894678776
1.29512136093913
1.29512136093913
1.08590955401566
0.954774165317165
1.24510856052687
1.29512136093913
1.19874728047564
1.03484003775482
1.06744470241318
1.29312894678776
1.29512136093913
1.29512136093913
1.08590955401566
0.954774165317165
1.24510856052687
1.29512136093913
1.19874728047564
1.03484003775482
1.06744470241318
1.29312894678776
1.29512136093913
1.29512136093913
1.08590955401566
0.954774165317165
1.24510856052687
1.29512136093913
1.19874728047564
1.03484003775482
1.06744470241318
1.29312894678776
1.29512136093913
1.29512136093913
1.08590955401566
0.954774165317165
1.24510856052687
1.29512136093913
1.19874728047564
1.03484003775482
1.06744470241318
1.29312894678776
1.29512136093913
1.29512136093913
1.08590955401566
0.954774165317165
1.24510856052687
1.29512136093913
1.19874728047564
1.03484003775482
1.06744470241318
1.29312894678776
1.29512136093913
1.29512136093913
1.08590955401566
0.954774165317165
1.24510856052687
1.29512136093913
1.19874728047564
1.03484003775482
1.06744470241318
1.29312894678776
1.29512136093913
1.29512136093913
