1.63973631630848
1.2357241153346
0.986450251370819
0.963589125003825
0.785168187150724
0.958489339082514
0.980353978320412
0.996963134584952
1.01369100283953
1.12515875391395
1.19004088041287
1.21109853060244
1.37116054742234
2.1949339810693
2.59058983842686
2.09390050870343
2.04006533950424
1.88754053946539
1.84997287649108
1.7747649705622
1.70131064857268
0.79248722614436
0.864092823920306
1.65079794691544
2.44874130772932
1.45503746655584
0.769548202100186
2.46920873972992
0.875770820613991
1.06626852647499
1.08722149855439
1.33656179327659
1.27795257963885
0.912615431407003
1.03186605692399
2.27560684112789
1.94096530047911
0.92291386798668
1.15422658531768
1.560530055971
0.822642399369095
2.56881975289974
1.8799110022441
0.82018463870266
1.48880340702341
1.24153800808104
1.15601810539198
0.774794494172975
0.771246219403188
2.55132831096136
0.84748110099326
1.0375705045694
1.56409187472584
0.939515894992155
0.901504593531071
2.03087318414284
1.75424542572409
1.42450613868865
0.798008449581292
2.34164229700425
1.86865860120508
1.32047869558058
2.58995236966992
2.51680535341885
1.09624499595972
1.81976631779665
0.77098700938327
2.18394341251206
2.36738920907859
0.776637968576609
0.781729832785489
0.80572960465153
0.938582092474873
0.888103871300162
0.769745112162178
0.84159316096098
1.45537851680072
1.1190975006127
0.912803493044524
0.889470104989257
1.39339292068342
0.931266879861452
1.19212396438518
1.00797625461049
1.05858365110531
1.81412155633731
1.95321631874015
1.90943711466658
1.17254237962246
1.22548027870996
2.5778606956496
1.98397825447662
0.968703346075872
1.28211988993241
1.60377841589985
1.51040428309681
1.2589654662426
0.949611631848298
1.29800952141657
0.832980441934368
1.6059976936289
1.74108123912315
1.52526404829021
1.70042828406356
2.11375225708261
1.39622607149499
0.791158729372246
0.808211802375994
0.861660719788527
2.27221950539812
2.51421093572564
2.4101284067662
1.1404846043061
1.34446531287874
1.87647277174368
1.86202395514284
0.8430144234696
0.878132158367599
0.848240133615187
0.9162660196026
0.964966693363539
0.955135250171265
0.938703037948661
0.910499292632
0.890579158221141
0.921428582636671
0.903862048554397
0.955642103948909
0.92825732504452
0.913160212334753
1.18078877915668
1.27723070805125
1.28127886062671
1.36053997012924
1.4644216514582
1.41435676943347
1.36315155994148
1.49857505420461
1.46018188590574
1.43653473702529
0.863449129927197
0.822249495481359
0.795822585348992
0.786556974375862
0.856706772498974
0.977194547082093
0.901957171505761
0.848028949548819
0.930614507019004
0.959050016491808
0.892039776726812
0.716997802263551
0.701080005001338
0.660565554860259
0.659532177871689
0.799871470896776
0.755108691338161
0.749471074830582
0.704110024283713
0.608392315884876
0.620995935406345
0.653805963458813
0.735042426900524
0.744665492331637
0.709961511508236
1.77787252379702
2.10292955073212
2.23637841164878
2.1884437748716
2.03276263797936
1.92296059307426
1.53284557775672
2.14773032395332
2.41931995453306
2.28460100609997
1.96671178107602
2.15876766971909
2.50081275946726
2.50622080938032
1.7417597935476
2.04969315429121
1.31369003400984
1.21739943009374
1.16179198466998
1.08129861749261
0.841489892980955
1.24346191430694
1.07940565231989
0.982215182771478
0.964871728786573
0.935447694598102
0.90220085098667
0.995514623528148
0.997524702094684
1.04380028810965
1.00745971805142
1.05753246410025
1.07191784553661
1.11460439764724
1.08066505849421
0.971697666964694
1.05332396931413
0.993530292570013
1.04329039758998
1.16483091031123
0.776306682592693
0.704061412049884
0.645424852123978
0.620432072524884
0.658746636235038
0.658350487316532
0.836869177532113
0.858315012923661
0.655764712696377
0.733003894013099
0.783880539373675
0.749593754883562
0.737924064283883
0.739393512220654
0.757433065978529
0.825462825871231
0.911756369524409
1.8929994080153
1.95096842660973
1.91043126748254
1.93787855532247
1.94948854007596
1.96317843572298
2.03066637079696
1.78479525073608
2.03677480640718
2.13541507626185
2.03204033138584
2.52381823816058
2.09054952313641
1.74574414920946
1.48319352391185
1.65408912818453
2.59198545097463
2.50389202687346
2.01653617408033
1.79996182257363
2.14992276912362
2.16401083710737
2.28483972498184
2.13694852347905
1.91055862950843
1.69188199642524
1.93401536561537
1.67390231603925
0.680849906268684
0.691669031328696
0.729656943961203
0.869876822124809
0.765087626038642
1.23631783135971
1.02133661025424
1.02046195173203
0.863100033162984
0.980689219017284
0.865479228255775
0.863298453889492
0.799952749020852
0.907145780806528
0.847732356498605
0.795581402767289
1.14846155749001
1.18472530642989
1.19609824477591
1.22541047565463
1.19434058902245
1.17091566803319
1.05804273429764
1.0817895803403
1.13251061043876
1.43433402172326
1.103394804101
1.2035711327033
1.18834639626514
1.2654093327287
1.49856839616723
1.72199259837683
1.72163712439541
1.77663764423988
1.82739550955142
1.86507842258064
1.82017780885627
1.89823149770557
1.80537102485596
0.948715033527209
0.987621628140245
0.998583026577263
1.03905949382505
1.43353648964215
0.717001687705995
0.74236415451365
1.07485987931904
0.930150762588243
0.959433849055064
0.6897938745245
0.604721969104725
1.26709620087229
1.16855643358167
1.08040895078995
1.18553019086049
1.02257150065692
1.21383467812781
0.843533484520693
0.868270083486837
1.13737657653703
1.09963960223429
0.728734207634529
1.90057259866455
0.767170021723574
0.88794011066761
0.827295299582444
1.48342949353169
1.71777182272268
0.767590119932807
0.776236033285452
0.930707120724841
2.04901382118647
2.21850684781699
2.19434044272453
0.898182202739422
0.609769719814686
0.718502120927123
0.867752201857466
1.01141180996191
0.699236457265354
1.89326006064043
1.14186311951158
2.36419908381397
1.81419150921561
1.67655208976366
1.91208573189985
0.695744792098837
1.91127133004474
1.76857076436875
0.707107193598913
0.672881102671244
1.012811359395
0.696784275200656
0.740022353078987
0.905427353361403
2.31511110422678
2.28858321229469
0.778228024596481
0.858532714345718
2.3108137661543
1.07168304631973
0.685691669651838
1.32296781636149
1.08250292901437
0.857996190740332
1.40129990309406
1.41329179896862
0.989068842625202
1.18317275104264
0.966655114458595
0.998882421561589
0.894852463614223
1.62380363868302
1.20856102446953
2.36962881958405
1.47789890245618
0.769914778064126
0.675732865112126
0.930259033095198
1.05738487869656
1.95389201185125
1.01201106416168
0.747339122563831
0.788934656603677
0.866609042503152
0.835135795877594
2.45803942002974
2.58626411914791
2.53848452584899
1.61822455922996
1.05239631384595
0.702811339937913
1.41792675415036
0.975522590880963
0.926815664379882
1.14944926000326
1.12454969739014
1.20483895524338
0.78315954118684
1.63321418167899
1.54596595142807
1.23332270450815
0.743015651221095
0.75408009357736
1.16126968820715
1.13764684921507
0.811994578757397
0.733277030213233
0.728488090156592
1.74966047781139
1.26316361326408
1.29600261536097
1.63918322002591
1.28332506385173
1.5377910847002
0.931354188466858
0.795990715026927
0.775760825583731
0.839046277600438
0.902527163213297
0.930648536368662
0.953005370907658
1.19413540404602
1.10037621930538
1.31073419859562
1.35195192216491
1.47010528588833
1.15181015240537
0.675312568286421
0.697545098811913
0.737149617786022
1.29816367920217
0.823103405982201
0.648227301668263
0.867167294914253
1.38857852027026
1.88705456794393
1.86656723503919
1.93009165507616
0.950471451919558
0.97963261670929
0.928269038585124
0.936918046104414
0.90662266459029
1.00489636898959
0.97857845993633
0.94387282727259
1.17785351950943
1.61285315295343
1.389477021668
1.92180023603514
2.12975025460849
2.20474693482338
2.14713015442893
1.18260885686668
0.961736216561312
0.954061853751303
1.03758782769929
1.02355500200695
1.00626428776002
0.975468911299826
0.9771487984285
0.952717211482422
0.925116205403853
0.911829040771504
0.712254738056208
0.717677722833077
0.697859929547318
0.924551363809222
0.881623430386015
0.963442945539658
0.906245187767354
1.34641828700284
1.51947122308378
1.63549743111081
1.86899306927036
1.31505629542174
1.4238274186353
1.51847025106247
1.59416425886762
1.47490066277215
0.624528717865207
0.628057260215942
0.639508482840255
0.725652653521563
1.36442067918177
2.36232926648699
0.6247956270622
1.19983936740873
1.21764096921373
1.22800177717053
0.750891022392848
0.639273973963395
0.749769582039172
1.18770486384469
1.31899560852909
2.44949953107811
1.04378698745102
0.646864877134413
1.0748776005521
2.59205123346101
2.597461291428
2.56828259658184
2.2221996455294
0.770999439000484
0.769188983233787
0.802230591511618
1.29078321651083
0.760586005286061
1.74995478149156
1.46956743098063
1.23409984663556
1.52199835670922
0.811953062604508
2.04332896243206
0.9514030425096
1.3788837106588
1.03059122413024
1.13198102065289
0.98697954011428
1.01313101135202
1.02915402236945
0.870623953111457
0.879952053594698
0.708787807911017
1.13655920381093
0.602039630269419
0.829766120551635
1.51177659401767
1.87937224579486
1.77053954116877
1.19501994683452
1.3553353680892
1.1118938193534
0.733123117846546
0.781799478032398
1.18424878164301
1.01320733195953
0.634414321661515
1.06008763858886
0.971447121365172
0.941770225407196
1.4578150932228
1.88239250993461
2.04641135409785
1.21387787958073
2.37079699303308
0.905004484764957
0.964611098119665
0.691522054552261
2.55344814764493
2.36407590403684
2.49059057895075
1.31791939954239
1.13497472197279
1.00591055967713
1.92012614573199
0.795123672934902
1.12643040050443
0.858481766687298
1.013544024426
0.723973986085944
2.03265551380635
0.669187571954003
1.12105802196462
0.927696018893182
0.648217788011994
1.04270678818387
0.777675944667525
0.615646586608043
0.755069814047755
0.960529605178899
1.21115278738758
1.07119357867943
1.64416860165032
0.60031952019183
1.8577356681384
2.52484253539956
1.55225533885363
0.620219610576254
1.12660575228444
1.31436510330605
0.938271039146192
1.8059899781148
1.42684971169143
1.40659669158478
1.09639668615419
0.721557129929722
1.68870922351337
1.68090099498903
0.789442747200809
0.922148405327162
1.09839075500338
0.938622134842263
1.01385432576649
1.10484281383551
0.804761105016663
1.38724698086987
1.21254356594143
1.8986063389555
1.17911042509087
0.755641473147298
1.23101478292623
0.656197275769924
0.94137674165
0.8140500201776
2.30064293661665
1.11143740719729
1.11852157503349
0.672109396007603
1.76226908264093
0.713838641136029
0.99460018751651
1.12133405508117
2.28017166888996
2.29819131176445
1.26170515096382
1.59033606468458
1.04410724589042
0.896252422188382
1.29971278928734
1.14168426066552
1.27783385397576
0.792906130800767
1.46263596455162
0.806432596055684
1.41350563194207
1.20812569601779
0.761697261321965
0.753817163413889
1.10960321975741
1.16120781112225
0.879004294282786
0.749046576888145
1.86507541033416
0.820790784160006
0.876544403709762
1.21885802413821
0.727114832639795
1.06514470423138
1.09118321412351
1.92665783218545
1.34762415658442
0.940304067113198
0.931431911991731
1.31290544407095
0.839598898641186
1.96241681865088
1.3099866131777
1.72730838417667
1.94957648561853
1.872987811028
0.82133869418769
1.60767752315391
1.91273746644541
1.25897309913936
2.59827677380996
0.697687923820775
0.866052633404463
2.36430091358466
0.758104442694531
1.15749684549103
2.19205609722196
0.842478188348698
0.818382560699525
0.834741367646924
0.706957320323201
2.42665682925673
0.965252425716784
1.0602342843994
1.00595716956782
0.854219477308082
0.836495823053383
1.72086142590776
0.626154511457095
0.925781848619473
1.98492243097079
1.17543254767119
1.94077763493939
0.756954728231066
1.24350235578498
1.01684315773573
0.940922224102253
1.81970186210903
0.976381112578664
2.48239929377865
2.52108146015404
1.38669894020337
0.727568167603488
0.735380018158941
1.05452793691398
1.21255169358964
2.21088222087859
2.12321224395885
2.26024713734563
0.667441486386686
0.97849618015828
1.05162041052855
2.13423940921346
1.09997859566134
0.738474347009785
0.629493917982242
1.67968923529617
1.87561672885502
2.45766580703136
0.908123003053317
1.32155372501747
0.718633338885131
1.0300276874136
2.5656685942357
1.20454956610327
1.26447513289476
0.683029550885016
0.801992941652434
0.85677470256903
1.67466748932166
2.5132213629557
0.875925931854215
0.780843439319525
1.2888415398172
1.23241053664022
1.69636729083786
1.63258774667704
0.763985500854865
0.69651340514297
0.74469502294433
0.943563787485416
1.90881581081946
0.927439034561262
1.23212226222457
0.638938587963201
0.617357620699477
2.57386410372218
0.734886521388874
0.75576893536801
0.959742050768523
0.999604513117206
0.63950592001117
0.734822247212397
0.784132453585683
0.746365386615744
1.05193362581834
1.11498661654278
0.86156215383069
1.63314580766131
0.683945517096589
1.269731832344
1.01300869551267
2.41934902546671
2.2132142335317
0.729261417788613
0.859319815522932
1.07402756292859
2.17730325474945
1.37254419904845
2.3897788500816
1.67119136645918
1.75407916217137
1.99919489831261
1.26888915711971
1.29078316267833
1.23581180456165
1.50897907888042
1.89067766064688
0.838250507591369
0.721014452535152
1.13215914974049
1.11937766242518
1.30120813631129
1.04550003358189
0.769567230601957
1.58964622870551
0.65918436930495
1.13844040096379
1.61074330756385
0.740908155930323
0.716080088181742
2.57510722582571
1.02991040700404
1.58506060304815
0.601118681382802
0.610391609040211
0.632012467417932
1.93409752624135
1.53568980666875
1.52357651177346
0.989023160167571
0.772572562638859
1.27991530791958
1.20944743598244
0.983692883095193
0.995952382027947
0.677875011633653
1.05260538479477
1.33247170697666
0.970807928822345
0.780154882018443
1.83340024696395
1.79226612604789
2.44795020300924
2.38446806858956
0.927635870634789
1.08311894682517
0.895276426661416
0.762797750488216
1.8738369314738
1.2883781502765
0.782135918245884
0.976777173643513
1.94539576889447
0.668572233498795
0.781016068470107
0.76989063959172
1.3324088737147
0.985908763134444
1.22287636817753
1.19108800614101
0.768539260588287
0.814810501380737
0.855536375116783
2.20916130101464
1.15867978072722
1.09909373959005
1.12802532167084
1.07648067797518
1.91707266034847
2.36575364883906
2.56075606506038
1.88762392651572
0.795536323089264
2.08972537710289
0.743654347132215
2.00758279466146
1.47937790046747
0.989626889578732
1.78742722552029
0.847310510297187
1.99502742388314
0.814260980513938
0.76574029096779
1.26300204981417
0.796503610517272
1.02690351690563
0.942580060901017
1.48671224645294
0.869269999351653
1.57673888163968
1.53548858955307
1.04072268949238
1.36881763286116
0.869739067494922
0.666606259688752
1.99361925365705
1.90041342136246
2.3769605158826
0.975592371410802
2.47793548300859
0.706847542258935
0.758798138111082
1.12546329786112
1.15745468088153
0.760507780983008
1.95808242110433
0.692904304286097
2.29725987180156
0.598048912915838
0.797656157629659
2.15013647494516
1.21901865685013
1.18003495016436
1.28505289364051
0.891908694078079
1.61995966621899
0.68379962667033
1.80076827390285
0.916855385630263
1.06678425792716
0.974234223867129
0.680055125603851
0.681843519327082
0.790676547768657
0.762107273809447
2.31125928969368
2.09755589953664
1.00253773820888
0.844060720848566
1.33466297692484
1.72035440527616
1.87621988862955
2.1816202511552
0.90550875811217
1.07425824199762
0.95287306002301
1.51564552839931
2.28651884563262
1.33113354121284
1.1471488146581
0.892180113497187
2.58651683684569
0.913439912221251
0.938305145876407
0.656931480575256
0.973918754362057
2.29383114629639
0.657934618162537
0.704606576294517
1.21819864225613
1.20475665161081
1.19182954866352
0.986589627190328
0.906446436488232
0.894669110000758
2.41736821627289
0.736355514051927
0.640760545744075
1.05689515351014
1.02146541354795
0.985449098686894
0.653326750046671
1.41440008652941
0.819231222332993
1.45397097869867
1.4149697386129
1.46540182295164
0.745684830588269
1.04659226672991
0.912859199770191
0.745455764005441
1.81273019508266
0.75453017843973
1.8672483584685
1.42771768515443
1.21700400664811
2.52419274169237
0.851003819987531
1.08835589876751
0.861414592881344
0.835898898134126
0.804877737138863
0.910825128394802
2.12400074970541
1.16820265406865
2.01822432761817
1.20391023745508
2.34207181842454
1.16347187312097
1.18213367399429
1.94124036911879
0.99805734898834
1.01138539110783
1.27515792550862
0.714290565918596
0.820848777570321
1.78267253768645
1.31164207158535
1.05774799704163
1.05649976231596
1.25367378136958
0.994433550347546
1.24060838378003
1.57694135067916
0.65132003318731
2.03946001248986
2.45492142249279
0.795557523546665
1.0844328863703
1.36494949187829
1.22589098663437
1.49909155324366
0.953205817745435
1.11848825169276
0.824389035108558
0.809210696514724
0.794156528695794
1.02412796844256
1.91849958961375
1.09374280231802
0.932660468916178
1.14433002569395
2.07484736639241
1.09718578762777
2.40540678307813
1.06197740865928
1.21916846049755
0.656951678257023
0.686911782096303
1.76701175132239
1.18766545548561
2.45315493891044
0.955045876177869
1.9291661284809
0.760860667448836
1.03634343158614
1.58508912798772
1.11819966761488
0.959835607807735
0.74207947015826
2.58355706311722
1.00988075235268
0.891289125218255
1.93700163745024
2.31160665648427
1.34360054417417
1.72040958520867
1.70755279110422
0.746842297273583
1.16757970245545
0.776120763454249
1.05241358406446
1.45800997807954
1.99918001259852
1.94298047634439
1.13751926600884
0.85218591480593
1.71601872301791
0.805179992190624
1.06281388900978
1.0902279032792
1.2503563431519
1.36658489895039
0.824224601804482
0.878474257198716
2.12087996684812
0.763942643617961
2.59929071997578
2.59458010519972
2.57729867054363
0.662496593078679
0.674722400788511
1.20131656614421
0.772421780859964
0.756575402714626
0.785364280916145
1.72365192120605
0.878540945296947
0.811816869902135
1.63899621480712
1.58631151885803
1.60243975440119
0.939070662494896
1.01976774552457
1.04052599980959
0.907030053404073
1.94295830713178
1.14585758490916
2.55682215667496
2.58920858294633
1.80902494209042
0.970511412371223
1.07710710277534
0.999287936019335
1.37712916046296
1.92045914832883
1.89986437409648
1.6427663265104
1.16348413186554
0.936720494362956
1.18498783947883
1.88442595914153
1.90576267356712
1.56624066267638
1.37096146417157
1.03511412046948
0.9662186712588
0.860083654860873
0.97862204243888
1.02007396512335
1.05595628206873
1.1283153682118
1.25542125920423
1.39670859451231
2.33051728349965
2.50765885799743
2.10684667330122
1.85429060229696
1.68293240552776
1.79089713744437
0.895567062266856
0.867090230413095
2.57156551170647
1.14854918334013
1.99627554170536
1.40506171071517
1.18049397346355
0.833922042241293
1.88866700486354
0.948793569180902
1.25371173858774
2.34533940175489
2.10005218880951
1.56096793562321
1.73444917319437
1.6673893153942
0.800215659888105
0.904132300341614
1.04127541600615
0.992205479849767
1.35397963879949
2.41124834325783
0.823689095022749
1.05863830906613
1.51133819770577
1.19416066659132
0.810616171067776
1.81376739566142
0.862889042808178
0.91129652953607
1.30678015989422
0.923059611022088
1.84456986601353
2.49126048450755
2.54915124256905
0.986968554544359
2.52175496437471
1.18735062710557
2.08141286908672
0.876635682401064
2.19592107278011
2.31861569789192
1.98940822579336
2.10337788275027
1.87767385870316
1.35486781179891
0.945842707001745
1.19514381235838
1.86323718352059
1.5538282708945
0.935416179368513
2.51218867957205
1.26822821321561
1.17904501461549
1.2921646038689
1.08769143443601
1.10331644776961
0.865233120801412
0.910702077286269
0.888350621576237
1.09853868960644
0.804707975703188
0.846661424072209
1.34628537306347
1.41870656942202
0.815724166840249
0.845916568861355
2.26270409569721
2.33978731748125
1.57482674227565
1.66414947895819
1.49231962555148
1.44391306361508
2.34376215289343
0.972593460048228
0.972238415693754
0.946262523182027
0.960938764450029
1.01548709678056
1.02381461530061
1.11182685286754
1.64518792285831
1.67565300976866
1.55903592770436
0.851910338913427
0.840796002900411
1.42613868481762
1.49560691218652
1.26129312674173
1.21910549526706
1.25150554836287
0.915224458355909
2.58014609122211
2.53007562314324
0.889878555071372
1.27238470579223
1.8606754966322
1.17253513182775
2.10800530031011
2.26797148068584
2.02465311688404
0.847439110531979
2.47498910504746
1.83805800808786
1.1423064601714
0.883619185485828
0.826354117912646
1.71173334009685
1.21494070186567
0.788218555324522
0.789088771641692
2.39279079662558
0.941639953707832
1.67975598035083
1.40916793895121
1.01150260455705
1.93774503495597
1.93908590362149
1.88489824330037
2.0227034802033
1.96483895092702
1.98391113651448
2.55925531068126
2.51041476557039
1.9774750393767
1.80500669953359
1.31865395610919
0.930987977258578
1.03344115072395
1.05543051453314
1.30947804629354
1.51183789777076
1.35608833712147
1.58777237649144
0.801445822123611
0.815162173199761
0.800997021358064
2.33255594443931
1.06585124467337
0.880489572865247
1.30920432894218
1.55133898359259
0.962733468684193
2.43141535943105
0.859543350104228
0.924943300273525
0.849253926838181
0.844990058082851
0.883464882828571
0.809471429370533
0.824603794437919
1.41827858985766
1.34465806639657
1.47448661678321
1.13326432722762
1.19566974056329
1.08931836420341
1.36611618701718
2.16857527370822
1.21142556552898
0.981519298610741
0.989560026625326
1.14046804555155
1.11548353705057
1.13755848736093
1.11289088883026
1.9580267561478
1.23541797810668
