1.4156014177615
0.978052521149089
0.947486734190746
0.923597954138464
1.05158590019668
1.15696396939872
1.25633332275157
1.26943734561831
1.29964642536247
0.951957249554649
0.920409986910057
0.94148302676092
1.16759242908091
1.80696980641021
1.31749510936857
0.993146894772221
0.982948526331685
0.997448409883997
1.21687587014108
1.45986658378927
1.48587068419493
0.885430577103877
0.83010563052573
1.34912836387501
1.13439312612749
1.20683696911725
0.976583343069853
1.64533707930956
1.04012765752239
1.14562629455276
0.939943092337746
1.03325976198547
1.01436681130895
0.88829542277086
0.907221419692883
1.05360298049125
0.980607086953433
1.09972946661145
0.991127853622609
1.35714730418783
0.851669075118353
1.21829727630665
1.57900900215472
1.06287090453606
1.2737266644689
0.972199576471503
0.927660494251249
0.945341533322334
1.0919942437513
1.48047391295615
1.04808866392555
1.20801446319622
1.29753407284241
1.2214196845334
1.07428769391931
1.75895246929329
1.44286908265673
1.23864150317109
1.0987508238451
1.77531611901868
1.07137935417357
1.0803850717856
1.26893385329991
1.17945029699321
1.01447591511219
1.344532136914
0.975155501249545
1.02316587023217
1.09483019678161
1.07617648804719
0.930672541279415
0.852710736413932
0.898869115883802
0.86379530238501
1.00570643780452
0.840446783647537
1.25899549270789
0.979298208559065
1.07786005071907
1.04734626732886
1.10835868078796
1.16334142388309
0.993594545397757
0.936468303724586
0.913792703541344
1.50474558456685
1.67221319213077
0.986828338727789
0.91823248247298
0.956814461606263
1.38817242289936
0.979269404573837
1.21833535877675
0.982220054118575
1.39649958338133
1.28856773000786
0.990589030898272
1.13159559661741
1.042868054077
1.06162548926719
1.31731347766022
1.49089882421828
1.28694764013964
1.39322323831459
1.80987188311002
1.20489346199259
1.03567064410329
1.09811536852412
1.05124212386261
1.81352715412101
1.56932924008183
1.72104213801346
0.937863803669065
1.12125457252962
1.02388969892992
1.1442001096832
0.709306059334932
0.978310824355148
0.849431244396228
0.962584482116567
0.778302377575349
0.91796123661946
0.858713836235704
0.85712753691617
0.863453428394234
0.786017344435579
0.857836336447938
0.742630957395389
0.73865823130266
0.860349750012056
0.960136775567216
0.938643865846852
1.03409965935865
1.09955115225107
1.38280702820072
1.28437066372027
1.21100767499101
1.41179192673038
1.35903825259942
1.20349046922303
0.960335241700877
0.849405106581288
0.693531405178393
0.645587816938737
0.811018086443256
0.80414991740183
0.88197589055359
0.8749353102618
0.949279164104401
0.94262090105414
0.855811165301417
0.74736247926707
0.724765172920916
0.667457084014114
0.67118533109907
0.690742630094873
0.645274384543578
0.715948380848446
0.621688814114293
0.659229207816438
0.615337063680122
0.649748377912541
0.626622577802663
0.703345277982503
0.767743323010526
1.96350438039662
2.65626932359245
2.44168978775096
2.56788093164983
2.31453495371956
2.21392092233168
1.35220082655394
2.4370701629923
2.0779691369563
2.66529876424254
1.91145330926746
2.39963555215851
2.60212741361293
3.04933388638857
1.57136984058525
2.06579991632614
1.2983026087551
1.29682122818867
1.41479750911862
1.26382009682619
0.903201463722412
1.34272286502469
1.08843718780568
0.922515605126251
1.00580931086007
0.995396705802224
1.03507875187763
0.870369883265246
1.00138470215938
0.896372998253498
1.05954608512737
0.853824711942214
0.917281788956341
0.964666979837232
0.982118661682954
1.14724793382768
1.03033902467912
1.12943332808627
1.09953358282903
0.8986866399303
0.906295155477086
0.708118470993131
0.610697169952431
0.632831916004975
0.700444365824775
0.616551337045954
0.825257850753025
0.81463696874174
0.611384247640107
0.847995365214861
0.876518668336563
0.768367479398926
0.69983008591765
0.670392017580455
0.756118271522536
0.776897606593714
0.866261497767057
1.34173485874356
2.07670638480801
1.44518424804054
1.2964070953414
1.97432431325456
2.05070239749123
2.36092159836724
2.0060840644508
2.47649612309257
2.23648244723611
1.15141681046087
2.85944980743666
1.97026085873753
1.36355469095891
1.48351599529966
1.72108143159341
1.80711931094869
2.40002457321657
2.12601188982677
1.95174482586176
2.52973427417575
2.61223847652074
2.52079739173699
2.50747406041178
1.96484148684016
1.90648041178902
1.89437836359806
1.72574906078469
0.684733807752434
0.803674200291153
0.778708790046674
0.864379388264558
0.813332716451203
1.04823714546061
0.842190421969725
0.883184853025296
0.817585697128253
0.846569551805204
0.855873921245175
0.979984141585381
0.93893013497102
0.955021058348942
0.981370540319262
0.93241629736029
0.879718923883538
0.991200712393515
1.05483710717535
0.939305261171083
0.993139926744407
0.94629185967736
0.959157115876827
0.845614692759254
0.921527061805077
1.2552580611627
0.961414987769201
1.00373539497887
0.953029286963728
1.05780385275137
1.30832627196993
1.68500985758151
1.565693054543
1.73374993207538
1.77437348389653
1.93530947984411
2.14673512081295
2.06153067272396
2.17944876336742
0.932724409296605
0.968345310199497
0.932856478772348
1.07992251883734
1.30003919675107
0.895651511312656
0.931047400103577
1.01630695700576
1.07759593146874
1.22838367021113
0.832037201371149
0.72465226678441
0.936242463006675
1.26955731567423
1.21248573220009
1.03452999007278
0.890967043851528
0.949949201299953
1.1579742426979
0.871624435934823
0.950340999045741
1.02029760715653
0.690465226969268
1.63286478186628
0.868772616355389
0.855197566330609
1.03092793765312
1.20358310052093
1.63166667808687
0.736140051052548
0.766343853280126
0.8143566077877
1.03596373174062
2.60998984923434
1.15687501788235
0.838560934348156
0.631378117313227
0.682552708454971
0.803310160768991
1.02570607215587
0.900094540797981
1.06510801520725
0.990699325772978
2.66110298987739
1.97734645266119
1.55962311583064
1.83753481069657
0.786008323719229
2.35206288315424
2.19535342181626
0.696814239339637
0.66518035405229
0.929186288758124
0.799229465844938
1.02508830044456
1.05338007290654
2.40681468722212
1.57671274361131
0.952480619768868
0.741969638083347
2.7445151850751
0.867570857401835
0.746837505413012
1.06945515616814
0.982435026934225
0.848608159092342
1.29219882177293
1.29953498125111
1.18130641695627
0.914266981145394
0.93762256367117
0.88137247098341
0.84784491447981
1.54858293551167
0.85525929976534
2.87620997184241
1.41420679895119
1.00156844463432
0.799705689007769
0.883189917373873
0.906134784422395
1.03801058671908
0.893454217399298
0.659654391722734
0.686571542779588
0.789614619566492
0.752831803645271
2.07333951323012
2.31911158552605
1.64465333812702
1.71940902419202
0.888126142240262
0.819527476550831
1.5401034229266
0.859380830412777
0.86121416232257
0.914470891402791
0.922722887729857
0.94293639642216
0.724173907588637
1.45369155965861
1.33423610789814
1.2200962277202
0.916207149313158
0.855568071232597
1.02412316940228
0.949005622300119
0.936314380429468
0.756565428886747
0.874755830601418
1.8177417348786
0.993088236609097
1.07227397652392
1.34010700541501
1.07859260481075
1.47457736648128
0.896316585975976
1.04133022801462
1.01679411591532
1.18712065185892
1.0477408238078
0.891350607789092
1.10684501872326
1.32440832581834
1.11011424082115
1.34794457027044
1.32750675364533
1.2586362862735
0.971178452301642
0.753191362757395
0.765670426220828
0.928311835908563
1.25510871381254
0.673677263062157
0.682157600786559
0.811951299778235
1.10944268034032
1.93852202291476
1.72119410433829
2.06344079215359
0.973322262517163
1.04058438372314
0.902178853569358
0.90814397102642
0.871573037095978
1.17158470102944
1.16989155652768
1.1243664545583
0.999379117115141
1.85620000593489
1.53607425452563
2.22017656150729
2.47246951512951
2.20932364157532
1.4722282724566
1.29121476515379
0.828290313283401
0.858518587913382
1.02012592725772
0.902187458367297
1.06619438552588
1.10715925265045
1.13641359047392
1.21196178489095
1.11105016942412
0.865483818917271
0.790541468808587
0.851593644365177
0.803435920415293
1.05483293232677
1.07659538827268
1.04462383227309
1.07875318343202
1.32643797464901
1.46564572548377
1.42486223475659
1.61128991234238
1.22623868489024
1.19448425656059
1.25491969454959
1.30341904414622
1.52965246032176
0.610055358340307
0.718803473047058
0.578847112085453
0.94435715565247
1.25523842316726
1.24426163291121
0.697901461649216
0.963722882102598
1.10573487289382
0.963775291445292
0.852070002788186
0.603125287497551
0.932334826909696
0.973618852408635
1.26047091924707
1.48145857850251
0.885340639764527
0.653050361914412
1.12754987243225
1.46010622197609
1.46205972771521
1.70862383715934
2.04711644849873
1.03955856466897
0.836593662801294
0.804931602816581
1.10972496378744
1.05173782401064
1.6092865454113
1.28272012446191
0.962586937929601
1.28341829791401
1.08326950772838
1.90004659066627
1.2314923403098
1.27136307634279
0.958467070734638
1.00395794973491
0.890546491285787
0.858727158105935
1.15905173197039
1.05745779227675
1.02586778939421
0.869065814358753
0.956608338329231
0.627293851914077
1.09863093788992
1.43104554986152
1.07332313744943
1.4779179569993
0.912627708915599
1.19416101115836
0.945318217500631
0.739617321182225
0.883006842356251
0.930137437387694
1.10024605530176
0.769462073200304
0.891077253337763
0.894004887928545
1.12744488161846
1.23207160285324
1.2314406841505
1.4886093660322
0.92358169792181
2.03494790483944
1.05741629051518
1.15813821736944
0.792214281492748
1.33994932931861
1.77535477646376
1.27992249246851
1.09107574078489
1.07799051916049
0.81889333633743
2.36319894379953
1.09636111310928
0.94842497361101
1.07420726410062
0.962892134532215
0.64064579557159
2.03097372226794
0.715613204738504
0.989131948082857
1.07088845276058
0.644185366745289
1.0372721453026
0.672136439399993
0.601419684586481
1.02327078478658
1.14345711357617
0.943234375260927
1.0816239775241
1.81823943629289
0.686722179113182
1.43402119282769
1.73704651681162
1.30163987157671
0.620924410720942
0.992899097873568
1.19355384099192
1.07316502360268
1.62035371980641
1.27032833785803
1.24633900380916
0.972579558004828
0.866820309899158
1.77733801229701
1.48385224994096
0.809176442828507
1.12345265826066
0.989348427145492
0.966017205627347
1.20379812795986
1.00946458564161
0.820210929978823
1.29172283355778
0.923316266046804
1.73388361492407
0.935838196096385
0.941300220767993
1.00655424831685
0.753599521528057
0.926806122169714
0.734496736190128
2.66520616702478
1.00743648052574
0.978842472707023
0.71799806373947
1.74805357737119
0.797466307853216
0.882106781436394
0.941145162751824
1.14075222060626
1.30805114571875
0.994766435330715
1.42556765559741
0.906092813313523
0.773893522550919
1.17615541359067
1.02991003654247
1.39451410430099
1.07857410954934
1.21646145843316
1.08683689609529
1.27848697980405
1.02292918949498
1.04737458016397
0.977263244995283
0.925828527048604
0.935452095733219
0.826683730741014
0.884539022807645
2.26954021922265
0.715509044667177
1.07849408208416
1.11954180759101
0.955727977289961
0.983615437827473
0.896270833253818
1.82960930455799
1.15473682070057
1.1842339214722
1.09943120142773
1.30567816674962
0.818736014479801
1.1425881699934
1.11488777980604
1.42532651777888
1.71587177186871
1.59371624189244
0.80232461028274
1.49940531359663
1.0121507947469
0.938267100066482
1.75638418808387
0.860692986574804
0.833854606480282
1.45358545957459
0.95081642025895
0.904842070067734
2.28574137317976
1.16648159784909
1.0709845431596
1.11084504707831
0.696542127018962
1.21128801833187
1.07436511591377
0.987866512444688
0.811634952983615
1.01324429829355
0.740533512299773
1.52242354671059
0.588092197585002
0.991829545220559
1.90631165657677
1.17617055371629
2.28140527316313
0.876252818658807
0.97200323724141
1.1344151491731
0.844054410275094
2.25850903587916
1.03007578170675
1.75377083366474
2.08029345110741
1.2876758100726
0.837235204125585
0.884973779867972
1.27975065612941
0.990105893856851
1.35315647033445
1.22582067093621
1.97898933763626
0.689012571870991
0.84344457887824
1.14971595594797
1.0573649144901
0.922861890662959
0.713317217399852
0.709725527136919
1.89859584589381
1.3273655562894
2.4654171745209
0.885665234725621
0.99573348112236
0.856109763910187
1.11459391726666
2.37897859315748
1.06270209822067
1.32197280204566
0.638832795129759
0.979159609901697
0.98117129992155
1.37080544229685
2.04053638442183
0.814744734948351
0.90230884799808
0.929575606946711
0.959787527818435
1.83895642280087
1.69730229975386
0.893449373694894
0.801016411455612
0.965890402677324
1.20378112091436
1.84015971711725
0.805643623879801
0.962528429590394
0.675130984765294
0.638471762872821
1.9371492145602
0.784418000383109
0.806439958507168
1.05674965600764
0.871192410190727
0.745897995086436
0.887841143653366
0.780725530730761
1.04177822004426
0.933610277503648
0.884388112361546
1.13381076516628
1.69062582575854
0.692207214803422
1.0369642866862
0.927834419247808
2.77129253390602
1.07644469752998
0.755666116708536
1.03158508025938
1.0038247402092
2.58467408931582
1.2664363094132
2.89166145639579
1.39182197875845
1.4830009619826
2.275654980223
1.00107951499892
1.03537198097384
0.955178558419067
1.3932575379369
1.02321435798987
0.931135704188042
0.723152572907454
1.2587157358414
0.948395312068573
1.10832073364543
0.893881672221866
1.02868272885602
1.71503283658649
0.771864287179426
0.912328372443606
1.6552673535145
0.664713352760815
0.680818214944731
1.52475987453948
0.98455635342038
1.30385060187674
0.686956772896644
0.585188541226266
0.715234515355867
2.29545957362126
1.27493013429931
1.25584285767373
1.06162172998258
0.837906101324917
1.14384106042475
0.949341708681718
1.17339780155227
1.11591883989693
0.716478171315183
1.16517182902965
1.12618384824677
0.972944147336504
1.0307018239066
1.5311438145696
1.60743720204132
2.38289751690909
2.3873092553756
0.8431767073828
1.30512885326118
0.956171511900355
0.940372814216504
2.24439230146331
1.00629287966111
0.879665402863533
1.10324366550278
1.59781484580485
0.77623389323476
0.82556475787197
0.712832465099506
1.0667974517314
0.928309027517706
0.980156459434596
0.904634908853771
1.00984593049973
0.902173322918313
0.821280489690711
1.72131592021062
0.921178417931471
0.85148527135675
0.853860122535209
1.04930523704815
1.1285622675762
2.52857503317962
2.0190779600982
1.17197999505445
0.662499336857382
1.10231314392126
1.00763015195576
2.28700987479842
1.38486144224412
0.934826111858369
1.5707908147351
0.795455422104454
1.01034461838524
0.730577540806221
0.708726937159849
1.17639349406775
0.883439529323614
0.911121962202888
1.1441973640529
1.39022666127832
0.800570399706493
1.38397616600231
1.34765770105526
0.823684007230378
1.23075709176922
0.984322427129575
0.715568185416901
1.59365492375591
1.87045106167797
2.81338980799691
0.921187050549438
1.80730727394688
0.799898558638508
0.757786655854891
0.989805250942078
0.99695819389278
1.0201141033314
2.38048786913684
0.661387412943012
2.70331463701854
0.662884154231917
1.00262193211127
1.9512967214637
0.944276355839076
0.96200424002417
1.03266158520833
1.05190982320396
1.44589868203905
0.684147638659878
1.87662627225201
0.843924241868607
0.91764782096557
0.832426699254589
0.749201798883249
0.712890380974157
0.746675957840545
0.727284062092259
2.04901770724012
2.67109686732876
1.20454605172822
0.89147882949901
1.12609497009283
1.73525358954919
1.0982495482138
2.46711477414729
0.845017977489555
0.966950671761589
0.928105538749939
1.28871441919358
2.64723694210551
1.00082072223144
0.901118931181631
1.06991343983994
1.49380858234326
1.05290058144656
1.2193603611847
0.686657585876159
1.22392075891167
2.23895840311399
0.755007992791257
0.853338330453521
0.945004078064313
0.947190406744062
0.940326835582767
0.938076802275339
0.868908169047749
0.842689220286572
1.69238390902737
0.633715315258814
0.729418817287264
0.855622689953413
0.931316390570696
0.946367862102262
0.652281702363065
1.17617569615719
1.13743207929662
1.24835287069798
1.28876656004319
1.27934814654326
0.779361694286627
0.869427478507061
1.07720891326815
0.857430069238542
1.75178476289078
0.938405785924681
2.09742431950938
1.30514212881627
0.926061157339578
1.41253437301801
0.990272689479821
0.916877145958634
1.08811755926702
0.974626965698751
0.951307451809749
1.10334436021257
2.07560286899817
0.90645735636447
1.26147039103782
0.936028165991131
1.13954191869053
1.0893963232846
0.934241677088537
2.1058083802779
0.875439998059609
1.07520658497456
0.960619352432061
0.828220101292
0.818746799285122
1.69723874561255
1.12046648953414
0.906464048062983
0.981148597054199
0.984441861347693
0.806351643826349
0.964749413552459
1.20026678664947
0.747085434434594
2.18500893005059
2.82912508928063
0.97174436072259
1.40392897712742
1.29902994359373
0.999422836755057
1.26949524850469
1.22677693798826
0.970757360943193
1.08764348179473
1.11952139348223
1.09175960424403
0.882450274619859
1.05087995183156
1.01176091951609
1.15030903384227
0.924777003904196
2.24708614682624
0.937864566477842
1.36481780809429
0.925901144174789
0.952340262287243
0.585182946389941
0.630299936955123
1.5662223429693
1.30008314849525
2.89114767637347
1.14547553234505
1.824283367347
0.808604885954006
0.858349017040412
1.56576649146527
0.915255007505156
0.915483331117884
0.781299179910403
2.50120643050652
0.872164119767614
1.03175681714289
2.29879404791008
1.97699392254012
1.25373120313453
1.9598521634278
1.93749849693784
0.890166456296719
0.859668914178764
0.821643544513912
1.06754001828167
1.28650863195387
1.06218033676775
1.00264222545667
0.935317393213261
0.797687341757891
2.01727695131984
0.962180247059357
1.1425074948634
1.06304332482463
1.3120142493383
1.06981984952765
1.06671965843626
1.06687355485414
1.69379986135138
0.953794389183137
1.57035894624197
1.3756875025914
1.32453212427566
0.655590288244742
0.756237171366719
1.02416915938718
1.0426490298409
1.02404660661577
1.01639223448719
1.54749216420439
1.06167141680855
0.834136420982959
1.3400423691685
1.29432739717092
1.6278496928843
0.847153869602673
0.845983152252737
0.885068449889104
1.03354143135429
2.17697954905085
1.02981294187537
1.60467842752811
1.63977604022223
1.51063433618522
1.16532700744737
0.933460995307299
1.18011646271396
1.19978488593272
1.6337047889466
1.40185806871058
1.55850735793585
0.900030666089382
1.04950370359595
0.9189350317438
1.20006534414437
1.21799627637729
1.21510196782403
1.11264280058714
1.03857505006957
1.05729800114362
1.01170928310331
1.15737736077203
1.20799120865039
1.30398196121563
1.03338192944984
1.02043474122384
1.16823504096844
1.08825512576947
1.01989681881462
0.986818029372307
0.955506263690849
0.981033650815388
1.31364958002188
1.10210051103805
1.00622894415423
1.20368364405632
0.951526424005303
1.5923641960679
1.17765095725272
0.997318759281065
1.07950039286076
0.968943300971009
1.13469380751079
0.985403303421099
1.5008594608794
0.960623053625215
1.32442372513969
1.29575208815924
1.36017232355235
1.02657928949251
0.90258364652757
0.964483517166582
1.22892291657769
1.07305668779466
1.0195048161274
1.00532616786836
1.22619638034082
1.25801358252528
0.934320307493001
1.06504063276325
1.45397319098143
1.0920944507617
1.0485267249026
1.04898340675318
1.10117548961717
1.02490077224669
1.35475961031078
1.08241631824931
0.96307675305827
1.04667572358713
0.965542984001736
1.16366897519264
1.03998113839601
1.57193354253887
1.20758569438459
0.947941654182264
0.970195123853118
0.944496207120935
1.11275003784362
1.13453980220037
0.962539798294459
1.38474353042485
1.26434336070482
1.13620142950506
1.09860711875398
1.01066641179803
0.989255642412345
1.05261814579218
0.944628400168035
0.98961144801625
0.908599168742371
1.01234476413772
0.989465595306605
1.11413960803037
1.00962934343855
1.01349406918746
1.10554845769037
1.16722119854718
1.0627002329214
1.07364382362474
0.986349771406045
1.00113024928006
1.29723728636516
1.31493429448396
1.26063828453595
1.18963313473884
0.997711285860746
1.19122750744741
1.17156495775776
0.916498739313954
1.02874006585651
1.27991918526101
1.26595990712038
1.14672573715392
1.35846761357715
1.11986213051501
1.2781859041938
1.01165465916207
1.03039792260127
1.20958765053876
1.23033588530405
0.999043283458326
0.94946562114917
0.983666018028747
1.10318267758509
1.16716875690533
1.38004327857066
1.09925159349561
1.00708972159416
1.0286418080459
0.931314553166419
1.68241161248302
1.64182259339563
0.960935856282096
1.08182403545722
1.07614644122902
1.4999904487255
0.984517637509284
1.07752914608107
0.918919312050696
1.38856747453916
0.997417133869917
1.00319483763149
1.0860437492196
1.56387896378893
1.13437489658616
1.37005344777612
1.13783708195853
0.94929983351844
0.957776895773326
0.941563412734604
0.934474221859483
0.953493102079054
0.971904770282799
0.961354243125762
1.09741275757858
1.02512341534372
1.44921043374216
0.950270923132906
1.06439625966838
0.967851328097435
1.0284317665461
0.929167449256694
1.01575681781937
1.27083674281757
1.12681908227981
1.30667083617917
0.970181278406769
1.08580014831859
1.08052063967278
1.02316870245786
1.202632888748
0.871717165123289
1.05407725453523
1.33302241684058
1.17102098251266
1.21465180678458
1.00612147960002
0.892007522511132
0.980200327400904
1.0313251284971
0.973585519122306
1.01554217510215
1.06599240971642
1.15657246367258
1.08375102706057
1.22576454798471
0.9737419982003
1.00571915087144
0.968456567869849
1.12171655776596
0.981317265999028
0.956744432037972
0.927336642950357
1.28399004103005
0.946691928580219
1.03235585827485
0.967952920489282
1.03756236519991
1.62839621662121
0.965440400289378
