1.69673555235882
1.1607275159059
0.988527657799235
0.980571074731802
1.0470000380716
1.08241332053027
1.08797795277565
1.08546803974397
1.07878573362087
1.14060086404771
1.16881010742289
1.17247569191272
1.27329851128849
2.12777115832814
1.81079864485632
1.55679746786811
1.5473008744267
1.52493825577736
1.58844679620466
1.69584649030405
1.72687815281471
0.961095661415483
0.945706620066698
1.56328513490358
1.66680493607795
1.42375809038398
1.00569316179024
2.04632773775713
1.05691726494411
1.09892985169382
1.03597623684469
1.26197571565994
1.18999592253676
0.95999549020182
0.999537704535487
1.6050809187003
1.53366879821617
1.0668030721987
1.09734304438287
1.59176188742223
0.947145034756943
1.73489914576104
1.88517654134828
1.05260075491871
1.3668180815167
1.17465293926668
1.15510368335641
0.984498410693263
1.03012133153787
1.93532657218396
1.0545276421126
1.07735898230049
1.44475871297409
1.07669735496504
1.06125058793754
2.06042188333291
1.71655706448852
1.31561900425614
1.05112537556813
2.11971494626153
1.54136695040829
1.2246932823986
1.77315208636261
1.70266450454477
1.11916208661887
1.63535123104946
0.994933552478094
1.58123709508145
1.63632893082974
1.04060559667662
0.972361801658622
0.952218325912047
0.970794213461017
0.951004472096211
1.01791737972985
0.944349821907709
1.34194737734379
1.06621032645381
1.06363982508068
1.0587920540508
1.33393395972355
1.0715544562466
1.1289812082136
0.995113784387682
1.01517207033445
1.79987407385716
1.97831667492499
1.52848606836413
1.16248594577556
1.17375645413936
1.86788036729865
1.54047081068411
1.08518087275798
1.20302581392066
1.65608919555875
1.51048162040008
1.17909264828187
1.0775496008908
1.20264281328866
1.05368501125915
1.49916828213187
1.71894413754977
1.40409451536653
1.64129739085003
2.11408981031336
1.29483460958713
1.04775060162592
1.05240120791608
1.05586146879647
2.14326266806856
1.99484058670263
2.09087948832905
1.14787473813398
1.24783067322599
1.52897237223443
1.56508450545247
0.840590205530901
0.907083348770167
0.866873774118224
0.931854080283012
0.940350038734666
0.955874915959624
0.939165754514644
0.918983244705253
0.895943969177265
0.918233338111016
0.904738156801738
0.925987333849986
0.914197939324252
0.909022315283657
1.11120347888887
1.18593459663635
1.18937376517244
1.27411887809731
1.37322262322882
1.3284846743828
1.26850604158625
1.40502094641876
1.39487280984936
1.35596764300302
0.881018161970562
0.82273250120326
0.746050913990895
0.716365954635955
0.76695075715044
0.87521629565134
0.890105633413118
0.821779258983796
0.928380664534208
0.935316724092917
0.848258180345354
0.812484184562837
0.789734538662787
0.758435075428915
0.747263547176512
0.816314093739647
0.792101111307802
0.82735621679129
0.752606748629592
0.718610742841786
0.724754181426926
0.737153553374822
0.778948032908549
0.795798414788684
0.764914048312613
1.80796858914213
2.30697551465586
2.31981524830524
2.35971782091321
2.15644891762222
2.01238385427964
1.43226825230675
2.30259980464991
2.25580569829631
2.42341702593334
1.97320680436838
2.20282237061912
2.50782099681286
2.68149263510291
1.64807695948098
2.14100825987354
1.2298355792174
1.13178373014792
1.08771093176907
1.0212847101992
0.81805986656386
1.14658756053662
1.00622711141986
0.951410517645255
0.943736652513151
0.942194653943793
0.928666648957062
0.972840719782811
1.01569420460952
1.02230426588675
1.04423078698109
1.01722444181341
1.04790384419888
1.09419074933487
1.07551417441915
1.02510917977409
1.07518409691497
1.0365972683463
1.07800694079914
1.15311093155541
0.833194305379603
0.776280435297373
0.743256395749269
0.728079897268506
0.67804343542784
0.662795637017891
0.78945583828681
0.822869550150537
0.664336073984853
0.797159452848936
0.810809180089689
0.754701884855954
0.705468638641286
0.687876964592281
0.696935942141348
0.734940436068049
0.927863476880155
1.70049322024856
1.9927332319185
1.81730658566927
1.75064941597729
2.06399103286522
2.13220473627392
2.2305938861749
1.87836510465118
2.24900030967802
2.15984586708188
1.6587156564053
2.60904801413772
2.11762185438171
1.65171542906298
1.38547862490668
1.56645146428515
2.14660821759074
2.41557553365144
2.02064543235917
1.7440741217591
2.23514709943261
2.26712837392859
2.37931093193118
2.25721848088397
1.90550510027373
1.63475068266308
1.95841038292174
1.63636902660687
0.76134768302733
0.76981763369619
0.79517078906261
0.850336081027328
0.788406861888069
1.12829800454304
0.947575772669157
0.941567335992436
0.836394356545119
0.941151839976255
0.844663104371281
0.861660925389693
0.826968495668321
0.891149248874369
0.874281017267643
0.844161627853483
1.04166468389951
1.13697458649959
1.19232118927618
1.09887335243581
1.1690471629076
1.16332194566675
1.01772695048396
0.970274914767496
1.00177584198939
1.33689004069738
1.04676691137359
1.12283887350523
1.08942390759283
1.16304024296706
1.43641457769191
1.72127379473881
1.79137125425966
1.84043266339497
1.87410447172934
1.93994493640029
1.92169602219811
1.99154858662309
1.95841445853234
0.950534537655004
0.981412954709451
0.983317782097538
1.02201707628758
1.31805071420649
0.869917410031735
0.904411847591949
1.04269057732073
0.981404659404958
0.936461522083414
0.738387389794971
0.704087437915233
1.18382970864001
1.10131450542285
1.02919371039639
1.05059125636784
0.98600016415417
1.14072210048248
0.968316760231817
0.782792313627328
1.03857731350242
1.1152873357696
0.780104749908454
1.78153979475104
0.773659867331464
0.920773694463559
0.880906053095711
1.36642310050503
1.70443410676826
0.806461962049663
0.851423324342745
0.932500752357854
1.58782381669222
2.41456517970817
1.67698724049978
0.826723489807861
0.721943262471529
0.774266240180947
0.874053559220243
0.980896111115367
0.776946487810977
1.5823062826766
1.02436561143668
2.49618118039097
1.87961272252684
1.70297301752961
1.91932176875226
0.686722248688948
2.13289083080614
1.94466705480708
0.770293040007655
0.742875768638059
0.984149679542277
0.830285613782359
0.95943038946878
0.914213211109655
2.35864305781883
1.94749498067497
0.812041864745047
0.78103156078323
2.47810348505477
1.00788534176967
0.75264961356034
1.20991037278011
1.04210511351756
0.856808319468928
1.2416443339971
1.26692437925365
1.0580527906002
1.16264640050088
0.970229825851229
0.976478045632536
0.899059041542548
1.55830158063069
1.08993681880536
2.5258988222144
1.37509839212176
0.885927539588875
0.753499890798051
0.938960914539924
1.03904785061667
1.57750131131494
0.966662203510676
0.779381168963131
0.801639751744016
0.866723016866459
0.878690026109346
2.2843007821446
2.37079191365479
2.02447565421306
1.60497662463272
0.984186263406106
0.753631960483613
1.35191886703313
0.894726388919694
0.89125749662004
1.14729690411832
1.13235613246154
1.1635277442401
0.707817900670878
1.68149939278097
1.53175410335555
1.12854816290217
0.917114854271226
0.817570658764946
1.17688412848545
1.15353146710747
0.85223963323127
0.730302341146736
0.700153780506869
1.71637082366447
1.1556880088185
1.18620545293637
1.55001534369488
1.189393755373
1.51115516399755
0.945348506523281
0.95875600145164
0.988304044473099
1.01328032626838
1.00823296341472
0.9392034461034
1.01539320666882
1.11012237333194
1.01826856440816
1.17719547708264
1.21523138679642
1.30781364436782
1.0975972302367
0.798363581751621
0.844257436305448
0.948694773570277
1.16006940400457
0.817521417156952
0.729982177631274
0.888502124683417
1.31504376281098
1.93756068980439
1.82720096892871
1.97334723182913
0.943752174023965
0.978119154587406
0.911693791898724
0.899864377428446
0.882159907884818
1.05046689115657
1.03407298429727
1.02902565266155
1.09429743544749
1.53979594151656
1.31022260936428
2.04717765270303
2.26537777870482
2.19488061173808
1.8648803625637
1.09182384138994
0.949224885801703
0.952138868704227
1.01659930456869
1.0081110102838
1.0353031542179
1.02152959876812
1.03073991867252
1.02172498806447
1.0213066212756
0.927653754452102
0.71211425643999
0.762142530001348
0.775994635548874
0.960445856785655
0.954691313501311
0.988440527729182
0.991658553174272
1.24327257278076
1.45013371976808
1.57452876274386
1.89604219842118
1.18822688083264
1.27429841238722
1.37357395191026
1.47273091416794
1.41549187440057
0.6682577001997
0.719071266232904
0.658239086520143
0.914153630658996
1.25120047087411
1.74899279361099
0.728050670956285
1.06359916589046
1.08588952868902
1.10220959282206
0.898535215961483
0.726564656163248
0.964120882228579
1.12516320012919
1.20736352851688
1.91836569807078
0.998870785867648
0.731816351439259
1.1049875826808
1.91948469788837
1.92533838287667
2.08960708727722
2.24252002591932
1.01357180440188
0.906838700637711
0.883602712566772
1.18228797070184
1.00545647108467
1.79383963058926
1.32718726333985
1.15174995790769
1.37655790699098
1.01757143196603
2.12089066619396
1.04590423388129
1.27533696952923
0.9118770208069
1.08451752522612
0.870818867307991
0.903983019376157
1.06545407705643
0.998049213223609
1.02463373370137
0.887607579239945
1.07911372279179
0.714564647510079
0.919160264623175
1.39735734651576
1.56285612417591
1.75496450617069
1.07776374475093
1.24898838538558
1.06024259853807
0.828309754437473
0.77590053693176
1.16010402069314
1.05701859230034
0.740311665766249
1.00917317218468
0.915724024415865
0.914698724099453
1.33244981296781
1.61833524575863
1.86962771668988
1.13907914755421
2.25717447726287
1.03096901890124
1.05226351624731
0.806043891233849
1.82731983470974
2.08212479554595
1.77999541461904
1.2153021981655
1.04787581421699
0.964745140676546
2.16053092657468
1.02788236811448
1.14006254158108
1.03616907138762
0.921806908187413
0.76494671602182
2.11923326738582
0.75337051397105
1.07537981323358
1.0085710888182
0.742164310950263
1.06076374778926
0.800301946136638
0.718573243393249
0.991886082227107
1.02219919044028
1.12001863154211
1.09351674174377
1.68732678915512
0.720540475693037
1.67901481505817
2.10372305511124
1.44130477432223
0.704394177251624
1.10518493552765
1.1855706573404
1.00061706312829
1.78155722388712
1.30480127536084
1.29321392797483
1.04909122079402
0.83861268163698
1.68134271289192
1.74493047033656
0.905789606932172
1.04283023671356
1.10397712796768
0.892969839513979
1.06092345288768
1.12400108487325
0.834502276058341
1.26001974805552
1.13482273278221
1.94365081031341
1.06659078730236
0.946361876964905
1.10132854671956
0.751679755333512
0.838334253191429
0.851851056297319
2.41830925129722
1.06960030903456
1.07048740516838
0.757407433815922
1.75699323660394
0.683404992236114
0.946173729557336
1.13377894399231
1.67104145723404
1.78793651681124
1.14240985822708
1.56240950198323
1.00142266557698
0.805425081725685
1.19131038217841
1.13536139206651
1.21821058981575
0.987176098715939
1.41472163311921
0.934247988867763
1.30168074524458
1.1318454339474
0.98815465282042
0.948298907776363
1.10032708315356
1.09758953256581
0.881717337835214
0.804726741081643
2.06582192049443
0.828614579006218
0.982238830611298
1.12031548608984
0.931481902962033
1.05134908839322
1.00128473076927
1.87512486065185
1.24506254637583
1.05135172572155
1.04930442313921
1.19867546195075
0.787259335833831
1.65192378641304
1.17812705743725
1.68492025920246
1.99584497173471
1.88973534411079
0.901726956583864
1.5524462591075
1.5515379738262
1.12675466843323
2.10758408920292
0.853544200297663
0.915370530502192
1.89094411927966
0.978175628020045
1.15107508444751
2.29250362391436
0.992216940856188
0.989487713013889
1.03171784018938
0.759332802546822
1.72708344079293
0.916036356276625
1.02811869792283
0.98008088536744
0.895298206658485
0.851953283084309
1.64938284686804
0.721572247651335
0.910086413436436
1.94254270294136
1.07685785916359
2.09668354477569
0.804473587184875
1.11604182776752
1.05566651871924
0.883609824304546
2.0152950548128
0.915407711893152
2.08820862446984
2.26014466896454
1.23110767287512
0.867913017321826
0.916093267242567
1.00637210957519
1.07139999242211
1.80494394824254
1.71419185190273
2.12765166006732
0.755706958569202
0.958385860910739
1.08632221058158
1.60710955880374
1.04294803476649
0.814314385812173
0.732299873436234
1.74543335801676
1.64249021619414
2.42864502479914
0.848695442025059
1.23878046464517
0.894712682480298
1.0691362998345
2.4058522440541
1.10319705339446
1.16156340255854
0.74304451333838
0.82721702914214
0.856567637178062
1.59964038976497
2.26429027106965
0.851365875792062
0.833051764123308
1.19812854012766
1.15806676727881
1.65351209868557
1.56639187942369
0.93075049743521
0.711787841589267
0.800359223080697
0.915168087713497
1.95238529211495
0.840613571481768
1.16265886376374
0.731811620459739
0.723816737221335
2.1892177146585
0.86275756033947
0.878510049339772
1.00320198226334
0.971823544349994
0.733930197747465
0.931321541099518
0.796506281974922
0.976272093003892
0.999217018101538
1.04031724372534
1.01675376777108
1.60656319566912
0.674566035625551
1.15290432613291
0.94152884857952
2.55608389532649
1.622849689728
0.794105439785553
0.852241971212974
1.03949005381329
2.32394658338109
1.27377887184692
2.5664584320725
1.61066429593757
1.73699616036182
2.01052871591787
1.17164482751301
1.18876717511415
1.12336463257314
1.43102852832686
1.54722958272919
0.858792530894798
0.797395124757689
1.07829955862464
0.993919653379716
1.17400633498015
0.926586372802531
0.948719576630365
1.60870592745443
0.751799219808217
1.13982381502897
1.57505433081208
0.787484287469025
0.76755321647062
1.95879658701392
1.04377114567099
1.46110377927118
0.716579689505826
0.717415563748236
0.732640192812631
2.03543444689163
1.38816012969537
1.3724030418519
0.940905592968917
0.764042920063995
1.18293464691417
1.15223756180632
1.03617145499168
1.04471968560422
0.670997617044328
1.08731024933925
1.22692700519483
0.955196324413298
1.01579069364839
1.72757251684819
1.71519556345228
2.41456308940626
2.40963533345106
0.874829753020615
1.03527621632391
0.895980861573874
0.953849623374599
2.02332276514763
1.16936187499183
0.719498026829173
1.0363047195933
1.9309518910406
0.710521684177802
0.796322043267903
0.796942946485779
1.21509820576183
0.882894224142105
1.10535042004977
1.05991563384362
0.919524289524931
0.757737767181099
0.761863356629967
2.00254738716201
1.07258790822539
0.996930993142849
1.03141576768815
1.08854517020545
1.637041839118
2.41987885209294
2.25238990550108
1.64861748643386
0.803164031871815
1.63258649267281
0.955077017475669
2.22014824040138
1.39295279188585
0.982419931084874
1.78954047408679
0.913933391862976
1.56535414084043
0.82470013197343
0.791884235855736
1.15354605477261
0.794817442466193
0.951425268834284
1.01474128808569
1.38895384182741
0.815466495073478
1.59722239241049
1.41289024264873
0.99971728159555
1.26430538819886
0.875418278193703
0.741187231772996
1.92277348571932
1.90824591206306
2.5595955894118
0.970119830265864
2.14322062512031
0.823146031680578
0.720340699331514
1.07523500274423
1.10316010679237
1.00038891488496
2.10367715434721
0.753198264025912
2.44452597833227
0.718164286031872
0.841203438358163
2.18783107229552
1.14634359732223
1.11799064119232
1.17578916860871
0.997045339285239
1.64229283898292
0.757418407414821
1.85039653581187
0.926690823341079
1.01858727886875
0.930069263409925
0.79723777134392
0.808847288475486
0.844688526607905
0.825807408595869
2.17533570371984
2.2935105058546
1.06666974884495
0.833268758274685
1.24610695153357
1.7130890148635
1.56251198200261
2.29467441894874
0.911889806626725
0.988739336065046
0.967769599153682
1.47237027376756
2.41504673503141
1.24424784957518
1.1457151755905
0.9224886418581
1.94783495181308
1.01680550802523
1.02389695024041
0.737691351366622
1.0650227306625
2.32429957100793
0.749467265334468
0.850456535973932
1.12210929748751
1.14609347839312
1.15486447145635
0.934823277376176
0.939808938836967
0.909062321787077
2.0459774662566
0.777454413592352
0.739830337471646
1.00354996891633
0.979337465282656
0.950825315732564
0.740163892996815
1.33808930966134
0.966389337568877
1.29042255471065
1.25957588724483
1.30776843799183
0.855299936956772
0.93181443471198
1.00207888901683
0.898847494779304
1.74661250264946
0.95656968463881
1.96201977518066
1.30844074927808
1.08092548252408
1.87637987126333
0.833943642530818
0.966390713475278
0.908864137742488
0.872572598506883
0.854692552749794
1.04580625034289
2.21174459789999
1.15762275649733
1.73151722560506
1.16797078962052
1.67139025563938
1.03300131933408
1.11537964526992
1.91322805403611
0.899167894350951
1.00010554306616
1.19382308161564
0.892377179208558
0.792349844540891
1.84477234830244
1.20387934091879
1.02064048586854
0.931863340627585
1.16877254925939
0.955505104066397
1.14115406764718
1.46255672638431
0.744338173395644
2.13428930348814
2.60145643374874
0.848749557349927
1.03670040542603
1.23858546139109
1.14572162844493
1.47763086672807
1.02315507499902
0.990020318467054
1.01257427292021
1.03379417408024
1.01147028697703
0.988706703909403
1.58132778002514
1.05664633280468
1.0341072929629
1.14733154371372
2.2010252995041
1.07433689546294
1.83663008749418
1.01668966177371
1.16826802575573
0.731213492129237
0.763797885215663
1.75904181516526
1.12115227962727
2.62259652758757
1.05959385446257
1.89765992691225
0.86289805739739
0.91438071855603
1.52522777503714
1.04459922886472
0.93793777993811
0.77937437112984
2.44741255146229
0.926876378976052
1.03821630645879
2.13463383093505
2.22835897510992
1.22982242937836
1.75988744671545
1.76756267757734
0.941376625537102
1.04776485795964
0.891124755041292
1.08084145404429
1.3072215022023
1.59854096602729
1.55191665382391
1.07486465344347
0.89180862362055
1.84636386829847
0.835545803651991
1.09403473308112
1.11299059622716
1.13693970755928
1.29359220881475
1.03561445295457
0.933781031986005
1.96580771566914
0.762129621650695
1.99869774564698
1.85882575328818
1.81827273176091
0.766902211573639
0.7913850714724
1.15190909736123
1.02403969902253
0.987448332553151
1.03107092754784
1.62762605081485
0.905733917332655
0.9171364847127
1.54267784966417
1.46623469493198
1.58860576189501
0.883238823698924
0.978332296788577
0.932943654068268
0.974479437388177
2.02640950375599
1.0844538858167
2.02141892675321
2.04991455570674
1.79953752865621
1.02933293572358
1.04582845427181
1.04799363292521
1.27258595056342
1.85372640038188
1.70583895744191
1.54554698434079
1.15367236224424
1.00588140811838
1.16172419131029
1.62106413963758
1.69504043684579
1.55088667523393
1.31821530583365
1.09614158562281
1.13145539899546
1.19301670073383
1.19946296452405
1.19043436132592
1.17419286229682
1.14533430975114
1.22339427272876
1.44759314832438
1.54705715813052
1.48799524183771
1.47954133224891
1.46801079898383
1.44135410614864
1.83641794272687
1.10443103238347
1.16972229642824
1.70342725465679
1.15582500614957
1.97593010158584
1.3173206855795
1.11130891167033
1.09473396421767
1.49705525591855
1.11696727393695
1.19187220833046
1.95202853671414
1.51518998659834
1.61130131407648
1.61656368538723
1.6089438596074
1.08189664369896
1.02311972552009
1.01922318604984
1.1226674900712
1.2989023712842
1.54982559348282
1.04902771689807
1.11098444299513
1.42648544057575
1.17728772937752
1.09968830915936
1.77791166959952
1.09869654010072
1.19803358637895
1.22733955036141
1.11130306871309
1.50535948365071
1.8361373248809
1.59201523375016
1.01846465701042
1.5039494034672
1.19418413320507
1.66978842730939
1.16461416098695
2.00832556381551
1.70862409208197
1.50124253628756
1.47980595367554
1.46296060248441
1.32099568849407
1.19935942636223
1.19063258568942
1.87016970143527
1.62818287621595
1.1706641576799
1.57323723461845
1.18985923371205
1.06903446004175
1.21330176629097
1.03755893698419
1.05118391408084
1.02129095840315
1.15237437376604
1.11966351116744
1.12311051514939
1.05485084833725
1.1386211788005
1.26294719422178
1.37135034078767
1.0880942950567
1.14188613146018
1.53031903468436
1.48149092995662
1.48895467836333
1.62954596882407
1.51263378240033
1.45381816056452
1.49330603712816
1.11577144811137
1.16091041940545
1.01679302227627
1.09272422864137
1.11166455894186
1.15309263916968
1.13677103318488
1.64882087841423
1.52268840894504
1.58879376708134
1.18557433621869
1.156099929658
1.33312599282076
1.42903900871778
1.20694085362261
1.17969703079382
1.19518938071312
1.09046977000631
1.67376731748809
1.85682019399168
1.14938212959691
1.19741344225417
1.51502682611509
1.16575638695887
2.05185674100033
2.0475340543394
1.52033641458696
1.07909086354745
1.6046118553284
1.81772779538004
1.08191392304583
1.08336695594036
1.00672845044832
1.6624192080404
1.14457837241607
1.04869549160206
1.06536140881575
1.99387350253576
1.09956781786619
1.61582681702447
1.36788948449836
1.00603125227742
1.51070342021793
1.48525997451678
1.46475400131759
1.48635296823666
1.47767688215995
1.47489571186063
1.59023507555197
1.50621352530872
1.93144377743758
1.45043108206383
1.25888733337978
1.06962487096264
1.04862987268868
1.01684151218451
1.23575464405525
1.40739858026509
1.26666905521132
1.49092472908581
1.01852568343723
1.07391960256075
1.07173276297954
1.56707803272927
1.10202660156853
0.988793831192706
1.2211417244062
1.59226996761635
1.10274254443351
1.70617907828033
1.17562726772246
0.993051655057674
1.05604559201972
1.10590595509159
1.07826543005115
1.08693536053839
1.12562696648682
1.39736564731401
1.29191251402973
1.49785556938101
1.07166127007883
1.11577710470427
1.04156047938998
1.30142229630683
1.53668352788266
1.19114822569794
0.999650058418278
1.10771019665045
1.14994344183955
1.13564283133838
1.1501359006392
1.13420192180079
1.96691695590122
1.18051237884549
