0.705697170894009
0.714197148912248
0.942162094897901
0.922445754223064
0.71281979903899
0.712056395336697
0.893664495318981
0.970179174426232
1.08814436678698
0.837882339097945
0.724415887323148
0.694903242576489
0.836203177420104
1.79458774377041
1.32579574375223
0.748018871379364
0.6996480926563
0.680937790099486
0.904574921520756
0.798615782594418
0.707459728651969
0.71102300796916
0.760594648869265
1.38683055079976
1.09656548649766
0.862231895369998
0.736708229225958
1.815319440048
0.679202815802663
1.07474755418814
0.825474537267671
0.763073420710931
0.689510599642666
0.884247380807543
0.871582397837264
0.944971559675656
0.648866773562217
0.719539414529548
0.771397065424987
0.843573490160583
0.723643752312111
1.19609542476668
1.5551854763168
0.700410277678301
1.1233014409036
0.671513715643171
0.786423933504673
0.749135100725215
0.834258547755139
1.57856777765369
0.685626318881746
1.05479949481893
1.27196553238014
0.850213277791868
0.720249673915563
1.67130748363153
1.4709796410287
0.967997067139733
0.762261626625055
1.88534129379766
0.820344105344661
0.746108567965524
1.25460907259009
1.16101356001194
0.926260924396176
0.879578366485452
0.77006638851559
0.857416586027995
1.03183302969572
0.772544550048243
0.753249544565076
0.691203605901313
0.898148929846294
0.841102736749106
0.740703009083285
0.742402035343141
1.04321071125216
0.802604514066929
0.710397544926752
0.688732052747648
0.809404759403874
0.78767410941947
0.737815719757027
0.915702393356819
0.842692652844881
1.51058035467692
1.61035770496515
0.653370384041293
0.75292275534264
0.679433025680499
1.44182190450103
0.664105592980158
0.80986225287855
0.722426460063902
0.774598350675071
0.869879373815719
0.67463500527025
0.686051428500321
0.712444343382661
0.701037344199282
1.33430265963828
0.756991006810784
1.19982843244402
1.43250074208933
1.74029833929661
0.899577795886913
0.675183236506419
0.756580373780524
0.694505559940728
1.86173694452246
1.71346002227263
1.87495525185359
0.811819784956692
0.78855764088545
0.747370754724004
0.887377849110939
0.656375869167966
1.01679802393247
0.817995768854043
0.96611774203311
0.767613319438728
0.957879877478558
0.855298037824814
0.847891380530492
0.881177228945331
0.702221175938771
0.784735100951517
0.660370508213721
0.623767549956174
0.804204118474555
1.23822982009301
0.905754650015952
1.2272322945899
1.13811657656551
1.43450983697037
1.39991062097458
1.21365012052226
1.40187899597133
1.29842905865445
1.06522782679697
0.785285586344494
0.955962802513891
0.761496946746593
0.615256485532612
0.908522130877999
0.78263476759626
0.80175780606042
0.985607065472909
0.89597746672715
0.91276567156141
0.908236150650524
0.790176795389956
0.740878897025241
0.588901695287873
0.606246805044587
0.664505544246462
0.573997716447396
0.628585217941787
0.781111996901073
0.671903530042131
0.486975685450955
0.551841940408465
0.546064394421533
0.593302907930853
0.725170490290696
2.17189588028501
2.96452178183522
2.33729785624534
2.38022254041804
2.41223229744622
2.21793973791789
1.45330265676383
2.41406904754855
1.97552065950767
2.82408611920033
1.78519813062872
2.50310611828354
2.5292530650139
3.47851162773805
1.91939427845106
2.07885451796276
1.45996715268083
1.63931567271572
1.67773567217536
1.44140554162954
0.833588790095726
1.55439079658469
1.38967407153033
0.898496407674696
1.15654588951275
1.06493094804153
1.07549595000413
0.835919021286431
1.08999112821802
0.886492814187934
0.987165873804981
0.836672632155996
1.01409982986815
1.24820760652685
1.1546284150752
0.755509445601004
1.09986977169495
0.754295402694408
1.10811025675559
0.736796146042429
0.703200842932132
0.814836132047332
0.543929827066519
0.592636372412929
0.636482759691206
0.617234027321354
0.878650315902372
0.748757400633008
0.548748125433763
0.847502236188808
0.909486132867573
0.772371682031458
0.726417691068649
0.677661155097055
0.875034447459072
0.932763567106336
0.812488382881997
1.23851001966553
2.31917964458957
1.31592849391623
1.25320213372851
1.9754634702925
1.91333652907154
2.57571609267569
2.18971736164524
2.74274747373558
2.39665885215433
1.07839308386471
3.10925370778565
1.9562569388828
1.34846722427412
1.96273855840338
2.14683497479985
1.80535932580943
2.33287860339806
2.30274098358733
2.19634696956354
2.60558789265098
2.79082927830741
2.6438229708073
2.45291248166038
1.92622316450823
2.01700364152928
1.93006240671474
1.6798898150906
0.534249545687281
0.593467232093167
0.583365941570178
0.850255773555693
0.732350149002268
1.00250729987153
0.8535227140872
0.971170447949079
0.848255990477167
0.780959850384529
0.854270284365206
1.03499958593712
0.908433231203057
0.868898526293405
0.999593229472874
0.847905960033886
0.86476733355074
1.47617594025611
1.87960658530138
0.843162704010766
1.23458096638343
0.860719036272459
0.970104799776752
0.801774989903905
0.893521754686102
1.21741086178861
1.0244267068746
1.02462311717595
0.934669832576431
1.07289712922669
1.28416480284725
1.91465220061182
1.14502266933602
1.8309238479377
1.33832962907966
2.21225505488001
2.21773835831417
2.20149637507551
2.01942306005157
0.896602176777544
0.950924626353992
0.907319249614811
1.09757683336844
1.60895950928877
0.782717142119834
0.638457175424879
0.972882876462424
1.09017053598922
1.27907277487023
0.86491676630595
0.71842186050769
0.739200516779127
1.47146087013154
1.31264495214167
1.37359180642706
0.867414840933765
0.791988389464004
1.01586443589593
1.13631069727939
0.955580212433548
1.07046042125134
0.746359241783863
1.51313362359444
0.757690905777463
0.870830248368242
0.899755489468107
1.39980171550682
1.75803430279589
0.622580400152167
0.684520823281425
0.776657818642099
0.849192680812943
2.38702505715546
1.15300397234153
0.853396883908615
0.539716380394238
0.737827540795496
0.743712983466118
1.09537567437983
0.802294428182778
0.814256293733851
1.33165098861253
2.65524547028653
2.26524963466902
1.47345639505334
1.84604025494064
0.853193739670629
2.28776502429288
2.06840575075763
0.831940752764842
0.73276262285989
0.922777134751422
0.609414884989079
0.739388382758494
1.12893278698556
2.17029949654166
1.66070522579292
0.955686405035934
0.723326810144056
2.69518894579887
0.861663460921523
0.921326716623841
1.05287346731929
0.883375926121486
0.808623088106101
1.70566325810933
1.36095937080102
0.798746272607527
0.710237967667562
0.967688949724986
0.896459945849881
0.827795734818293
1.79367132271605
0.746774893550043
2.8814951005222
1.48904427404024
0.80599471374138
0.699708527948846
0.841946077577303
0.999632873890723
0.804631421079954
0.885138000703499
0.611905632865172
0.645529376687748
0.774748721360901
0.682294082168241
2.16984091208945
2.51968973213101
1.73109813234599
1.68876924501757
0.87129218725107
0.7323156282025
1.67575905315948
0.800522208950582
0.848409504537951
0.801957249405645
0.942539265907408
0.671904282068296
0.789940430743853
0.977561201251146
1.10554378113419
1.32154908394782
0.796100891169784
0.777585946270218
1.40544632082354
1.02807141825376
0.810398728276856
0.685687146193426
0.989825785754939
1.93284660015098
0.728638202277989
0.833280649125783
1.54036256228093
1.14590757721521
1.42841372058166
0.924262428834668
0.757277022744104
0.664335344263193
0.951103549156331
0.811785434703848
0.912878122645105
1.01427567702084
1.52529028920047
1.35879173468314
1.67490812112017
1.5027641674396
1.50234972535893
0.915166852302473
0.645040510569126
0.574051751371752
0.646700183779047
1.66320300325066
0.653246250860927
0.615380422155691
0.82270580341869
0.919922943430655
1.91374679569248
1.36788281812208
2.13457992905972
0.918350644879882
1.01330465688776
0.833989303898123
0.885388359197975
0.835059608953067
1.00985138232958
0.985831349851334
0.806605629090536
1.03741108662939
2.24173733482318
1.87587007988502
2.41436650378409
2.71956930061966
2.27314298432502
1.61558223421361
1.61724773814072
0.750303953585059
0.799347222376853
0.977417870376895
0.904846004657901
1.0775089449824
1.12325052829428
1.05473037869004
1.05751087263098
0.86045038414194
0.875803641629054
0.840759598544613
0.876514749290294
0.843793849714846
1.10234217539171
1.02293291582273
1.1018208902114
0.964064553857772
1.63117900176235
1.61803790511716
1.61238756243955
1.6681245190036
1.61197718357271
1.56199596261588
1.57466771355524
1.49182039852363
1.60392859666152
0.580722802009361
0.622778385502893
0.568898359224274
0.669778674420468
1.08203922409276
1.26682534846419
0.640370746582764
1.00111006606926
1.37208284126322
0.868353864916511
0.742911882716589
0.5492980798228
0.683300116561918
0.77213365016808
1.19474053569488
1.50516921144668
0.860224720664215
0.663950777203386
1.16203907961393
1.5125949917043
1.4624197737062
1.77033581082239
2.04144792331448
0.699044936272743
0.693799217515315
0.720042394219526
0.943873876516525
0.752812265801968
0.912381322291805
1.25397171777939
0.683598166391562
1.38992744680546
0.754019797468856
1.83326301586055
0.871747941105804
1.2646698844106
1.19736735169636
0.843950649101606
1.20928568902632
0.829224706076499
1.00826381134072
0.819857666616615
0.709676790715699
0.628750789192524
1.11360168910418
0.583469434557645
1.01909723214774
1.69769175297712
0.848889684375608
1.57248368671579
1.00502045836591
0.940044576220299
1.04459461040017
0.737706481883861
0.790041922823623
0.709045245846986
1.02120236319083
0.665952927432806
0.94965438136056
0.846481973049518
1.15002179235304
1.44976801828387
1.10142305704832
1.6149131179735
0.827103527037727
2.15229550381081
0.754133617999853
0.70938241399114
0.732334161340763
1.39451052297359
1.76488725820638
1.31583108993601
0.788853181296979
1.18893325476314
0.842670294371791
2.24889699256288
0.762679232700556
0.88378234133334
0.753358701290873
1.19265297256044
0.682466716026138
1.99909054261576
0.734429879798946
1.21671603491037
0.888399590476761
0.567168704647346
1.08637774669497
0.62984812339522
0.539327837082993
0.75344635136287
0.829873628849077
1.16022341598593
1.18125593798258
1.61923231127169
0.700504986020064
1.11645835239307
1.86415381306925
1.57875708256554
0.544238363481749
1.41996590140821
1.5136719313917
1.0211980070919
1.00898968533747
1.10787187496431
1.01502171063614
0.840710750522987
0.652357802631169
1.93264106360811
0.829061717290848
0.672960859867119
0.809778459496094
1.09778941890214
1.12150038866312
0.95365968223403
0.980400083613401
0.726338857423819
1.21990387964143
1.01653902541167
1.81900571139655
0.88215621961534
0.793868595436401
0.983860581991841
0.572780150903747
1.18108115375094
0.66748190434192
2.91535182371862
0.91507959934021
0.992972134931396
0.806455271031777
1.82246327722996
0.889993267830215
0.835210605166265
0.92726364419378
1.12675200023019
1.36454468737245
0.781789284366078
1.46474627893128
0.877255020586345
0.775392929554506
1.05431782173526
1.55389409573313
1.49899600238572
0.767366372774184
0.987581182525811
0.900757727604154
1.310289097154
1.24297826001627
0.723606754740344
0.649426264518167
1.04488854047613
1.04634472303742
0.737551702984174
0.746441448935754
2.32566891584271
0.68151215503899
0.921388229773205
1.41313387603892
0.69668509342966
1.10649511135203
0.907011258347811
1.86311285877144
0.860305337105566
0.830531728821302
0.732094695569091
1.34313246608374
0.937408452544562
1.03912414506401
1.13016584565978
1.52738061685473
1.67572287641151
1.60909844158803
0.710012403939168
1.74644037828314
0.70895258310303
1.19250043869375
1.88004893027313
0.681884427618552
0.818773875404215
1.48965627360445
0.720344275208277
0.788791656187626
2.26257481151816
0.96430339653632
0.778355801201977
0.798927174515381
0.8602303684265
1.22609293116232
1.18019484634201
0.919102406828935
0.742922055247754
1.01999247775653
0.688677193750841
1.57307245456289
0.539770526750109
0.957509194628631
2.03524161394519
1.41265584986602
2.47205626870507
0.858294255916862
0.83349597165801
0.959689036175793
0.90206651381221
2.07922543485738
1.12242261603884
1.77485904601483
2.10314940996527
1.57911256932949
0.757271213535822
0.699412102073234
1.43366472018166
1.00803534469511
1.45169142518861
1.25345059927123
2.00744624617423
0.659899000925706
0.867050343485979
1.13851145053842
0.934307508819763
1.05088875849303
0.689929198590659
0.721737828224593
1.93543537813691
1.14888075588616
2.42315609355748
0.914527408172207
0.77853986280335
0.634791284310241
1.09667902549041
2.44968972816777
1.07980950735983
1.45924353138777
0.762758219936759
0.994778023077037
0.998012730507152
1.48991805019763
2.08695983613065
0.805833668503983
0.810827650131229
0.795202506859063
0.729511398236412
1.95927507625119
1.86533123482968
0.747094083439586
0.760421746059606
0.903855362356257
1.27606731543753
1.94085835226923
0.777755440448621
0.668049941809303
0.625371353914945
0.534323314262759
2.06611290505324
0.721937381550338
0.691536467984284
1.07903683710506
0.827238333450687
0.6416338062581
0.639413882709674
0.760471456587436
0.759288376754278
0.943193513812436
0.887251013547815
0.885823838403388
1.81547433894971
0.708096445305296
0.867237062354686
1.07257065562823
2.69668641420923
0.994105775921267
0.771182167401321
0.956431162171515
1.00753352619598
2.60519641193263
1.25975487488063
2.86958182346801
1.56547212132865
1.59951496981651
2.64358023483731
0.698217657385505
0.727184159686824
0.775284293741832
1.5245789642597
0.729394528662296
0.835485029016492
0.807102335084689
1.36250837309468
1.04737210687
1.24415145525832
1.01547453737602
0.729614890182442
1.62524409349966
0.621609076938027
0.846721118055365
1.75750951422768
0.637003619610369
0.810421202690816
1.63474591360007
0.963250743203337
1.41139543813832
0.657291689929666
0.50342778138303
0.641777502978615
2.51895922426594
1.46846690778241
1.52631505054805
1.2680129921878
0.925926271514707
1.14868337739461
0.702353330435094
0.933679284098191
1.00229719094941
0.735725849759878
1.10226543568084
1.0745198270776
1.06878836780168
0.672139328676846
1.0542508843475
1.79358943468276
2.38411009209713
2.46667182801916
0.816511033119232
1.49406500478638
0.889398308718199
0.784857938136803
2.28471178417546
0.903915488303693
1.0879128241806
0.647962002795022
1.47431725669069
0.782053852752956
0.753669369998382
0.64602648059026
1.36659440040001
1.23739295645951
0.899676535105373
0.884564367408944
0.746199576393517
1.10345822326289
1.05889429144684
1.86340182561745
1.06140752278802
0.839443575033209
0.818699247311246
1.19091211062687
0.962179908283165
2.34543421441578
2.04599678991466
0.992987523412877
0.634800503786143
1.01617948854348
0.703129565523119
2.29865933295362
1.34064314448568
0.945771200545766
1.67435776001432
0.725488482558846
0.756019003463365
0.67838136720351
0.675962186562209
1.1668122847504
1.01021310451935
0.882620500669425
0.993741994275175
1.37215973035636
0.87148933351555
0.992193330263476
1.65153401400716
0.777396822633027
1.24228886511727
0.988781508979113
0.824813263062663
1.58936222381665
1.74421866646647
2.82882221466437
0.948868661080589
1.96199724390007
0.740466029878878
0.791808288984799
0.817082272423673
0.789133685942663
0.762376877027855
2.72335661462024
0.791217009927059
2.68261965294636
0.642385617122256
0.97338790490096
1.89653549339106
0.766228215814482
0.82950770258159
0.758697709366372
0.850609745517331
1.18720154357025
0.736364839416503
2.25344479109103
0.791053902149048
0.847129996547485
0.765941359082422
0.651338942117526
0.559513618281101
0.683381221128262
0.652836233983521
1.99787338297906
2.60056699575694
0.893030293173141
0.908976203042285
1.21034977632702
1.99779883509742
0.889293675408086
2.59833265180982
0.813642021085525
1.03823686646059
0.951927286139607
1.17542037568711
2.76532175895116
0.836934578093865
0.809513333865963
1.05068683774385
1.52540001627205
0.791963106070085
1.01972998560784
0.709095869399456
0.821690666617943
2.30710312699649
0.622023654393435
0.725606637537293
0.910097374687613
0.951870351527236
0.77599387909827
0.889789574031664
0.876854678469109
0.853806312884714
1.6840099409327
0.615710869140169
0.670456286488891
0.86025294649246
0.973299538740214
0.950913677550949
0.607658743533492
1.09335367407462
0.935297427965065
1.57329317792201
1.4622142388797
1.41659216403389
0.709214209680523
0.86985113336263
0.914626459482097
0.757256962417536
1.98425002756021
0.755889188234285
2.27143795201975
1.50210213545474
0.888362331296888
1.48253308597401
0.942490566782118
0.898913336875479
1.03003378596268
0.802493481880374
0.757235298684227
0.787167175588989
2.02639091714645
0.748791325136491
1.27401462133053
0.687250092373214
1.11677340876346
1.40603219006812
0.931369111052748
2.45011737756883
0.83730606333551
1.08433522443938
0.731874559385072
0.57360503439266
0.943708329224182
1.35712618070221
0.900663445350379
0.955327550676631
1.29782080397311
0.678709884222985
0.808540041113719
0.71791253511206
1.28802116481859
0.797057649002922
2.16175137849566
2.82852283717354
0.840042203544523
1.60134511289685
1.28999351808481
1.25004010076259
0.962995556345553
1.01127611065942
1.31854428835174
0.777041647613597
0.796340049633288
0.765967056633658
0.877965561057894
0.80541420703885
0.954155997725796
0.85985729849309
0.812402192125254
2.36457083174192
1.11137530509052
1.39161789872078
0.868717041276057
0.671155649672571
0.575537345131479
0.642067153483792
0.870209265669477
1.48869492863585
2.97436339892194
0.703628363511357
1.80650929900034
0.716330251906579
1.17655296839951
1.61418467378342
0.973310207044131
0.848220343007009
0.704516166701157
2.73808640237439
0.788407687312798
0.696936025657554
2.48608578563742
2.0506711249021
1.13409255151476
2.01750312423703
1.8230097097502
0.682140481600392
0.806518102351609
0.702182085684964
1.1236278884132
1.33113226432018
0.883568259790127
0.706108817008913
1.1443071607613
0.76928554205475
1.79404922581713
1.0009196471856
1.21701249882732
1.09656295844961
1.60543538443839
0.821786852371129
0.718294665533099
1.06347551761717
1.88947834962213
0.929194463788863
1.58897219793425
1.38335011353326
1.35169391679405
0.551915454611563
0.655473570809539
1.50450124705429
0.707080041877497
0.699936362942742
0.646795630827434
1.7971844339864
1.12067674220784
0.725332768936376
1.44743875708496
1.52986716258507
1.63758197474533
0.923582855723217
0.857796986683976
0.837614436350972
0.961658621711955
2.3713726975595
1.12917292107434
1.69288887512003
1.65180547639465
1.55415434025081
1.02009613334056
1.06252465319037
0.84617741288061
0.918337418402969
1.66763028358699
1.34980101874468
1.81615882212274
0.748632706093057
0.92018715700387
0.694746711210281
1.04877128794967
1.08284451268443
0.643710360878315
0.707353997368043
0.902192124580696
0.923589520561533
0.682354101341139
0.856127329552058
0.975644679176693
1.17477413282604
0.858217220053747
0.760760311502699
0.777831397085766
1.02191847387882
0.811569850685674
0.635659333291809
0.615296438142446
0.624804375212379
0.948714930726213
0.730927491035157
0.75665437173616
1.21622960873411
0.783445297535917
1.45775245558252
0.810515599230605
0.738806524882472
0.724087404233593
0.62770003388047
0.704474644439243
0.699559730196092
1.58344757925346
0.638698106777715
0.649348801406143
0.627622796815052
1.20180824646298
0.738113018445729
0.802452131428928
0.877682659110182
0.910495149885161
0.706625678340293
0.825258632099205
0.823622540448522
1.08978914730065
0.982926740232224
0.744642391692532
0.741165958785052
1.33213693398001
0.734497130925585
0.700756862073075
0.704855188973067
0.684984765518993
0.70496027396166
1.45701034749151
0.971540716496574
0.907252580747232
0.949132563827757
0.75879331673399
1.00814998407703
0.695259953584592
1.54759177045139
1.16439836789074
0.586665594258996
0.618463300843778
0.597992097252734
0.759864188849219
0.816414323998507
0.75678043483682
1.04865218597323
0.838683243618136
0.800358260176113
1.04487506134728
0.702773680881528
0.753761424687255
0.714629002075494
0.804899948194767
0.810690040086371
0.772603509972
0.821262745465193
0.800971912668475
0.992592272709255
0.786268350625165
0.762821662669057
0.744336328419142
0.789653363081398
0.706063647037838
0.744425094247181
0.726707034671429
0.709377923622165
1.10214468007085
0.975029456020098
0.710967341613575
0.663902400097758
0.719457859517038
0.801428283179753
0.844971986394658
0.848282655684058
0.917329885516025
1.04817975130344
1.06671471265083
1.02905390346983
0.608011716267696
0.610243703109264
0.621326193548581
0.715070533429502
0.732280117181159
0.872039645063564
0.884705226059904
0.745179216983462
0.715963785211572
0.727805936756623
0.715350256338282
1.11474465281177
1.48425462045285
0.756284438690625
0.685789922250604
0.742779568896229
0.762314847780564
1.60158790069673
1.68109158487185
0.624047226830859
0.725897354787159
0.959091618657898
1.42649424671938
0.766245516970741
0.713743858279889
0.749337757663627
0.656501857472225
0.716681458823724
0.745560678029633
0.81822101856879
1.69123927905371
0.703475937047764
1.29563053983033
0.756136198329399
0.896096929916394
0.59061628306508
0.581157366327918
0.591125477897756
0.587034280942936
0.613022855779088
0.603720961382118
1.0167182884232
0.822585113789711
1.19579103617175
0.6036015459824
0.735157221133674
0.851373192734618
0.926324307271493
0.844300661506653
0.711957927909752
1.05907169449672
0.769123820219985
1.19023478012474
0.775414716698188
0.7376253828167
0.747056783029113
0.851787944487513
1.09799011119196
0.784218184605399
0.708839570742309
0.726024315521568
0.747409891254473
1.26254315488974
0.670697179862164
0.845772990134234
0.81657173795982
0.828481677404695
0.820014944285115
0.751461285163236
0.798099184246075
0.69618773164391
0.691413657504214
0.658220464782323
0.765260665333756
0.733820479645474
0.806919264261072
0.753157122277944
0.717418061074712
0.748625949589534
0.887638319850034
0.974721066093621
0.800746873290203
0.908429451000671
0.778472945353747
0.861971044370427
1.5268918316027
0.690628714151635
