1.4851192467437
1.23061698401907
0.992672055238697
0.972370837791746
1.08169908701858
1.16070899172837
1.16476413906554
1.16298124776465
1.15780415772974
1.08022035785862
1.04178585639522
1.04596706096034
1.23306579763334
1.98838640485112
1.87521972454557
1.17852168749511
1.1602355647795
1.1501087930283
1.26922683401256
1.42253729883798
1.49304686753204
0.953876284447695
0.923829347324454
1.50823203428605
1.47064743522323
1.42928387473785
1.03044309482862
2.09722900592873
1.12171466186939
1.11832046826359
1.12587999095082
1.30197891373506
1.10887760934516
0.948340194231257
1.05751525313891
1.28927500085294
1.14279993412663
1.14326931702346
1.19127830144568
1.47579407759323
0.92399953217299
1.66410433278754
1.73023079053425
1.10079396503529
1.36025454817342
1.06815155253188
1.05748322289156
0.996461738160565
1.05926097145697
2.06143543128241
1.11087325278632
1.13861973172209
1.43700470863515
1.1539575214209
1.13319626890153
1.90282089223643
1.59917395614705
1.2944633396027
1.09088740811428
2.04853015879504
1.19284984249048
1.16496840514555
1.77527357549594
1.57063405106336
1.09688819330904
1.33841934052671
1.01324607993381
1.23208782929146
1.38243350145551
1.07207699496895
0.974461310983969
0.936258704512029
0.95920765809895
0.935863062084164
1.04585614443779
0.916514599706788
1.32776444797989
1.16382477834639
1.13797961587505
1.12708366831914
1.36183209816064
1.14901553110936
1.21457100914686
1.02424769791302
1.09088322127247
1.65941746014461
1.81719705239161
1.14457503803459
1.04674360777028
1.05442560496347
1.97558760878898
1.14739715418084
1.16306451533085
1.25664531795266
1.47835782587094
1.45872458780834
1.08663005426281
1.15657976820443
1.13413741915449
1.10558329126023
1.47206233573138
1.46540385969506
1.39913804069792
1.55169967620718
1.95792445558334
1.26423602284299
1.08522954557408
1.09585241602606
1.11659202712867
2.02491623144003
2.08651949807913
2.07793034484733
1.06834544500861
1.19735067457333
1.16586575685263
1.23145223821071
0.824199526171747
0.946207584851143
0.861848211302495
0.950325204736093
1.00372081206645
0.950760832524152
0.940432822573918
0.901434593560184
0.877033554719983
0.945387865015422
0.925485054248138
1.00471688090855
0.971852757089858
0.938862632229941
1.15039872108617
1.23237679911574
1.22919871330849
1.29145856748005
1.36826899206109
1.33287961724172
1.26975591910493
1.38699110706366
1.32579279244158
1.36927608849914
0.913502003467735
0.767521110402174
0.656741453562556
0.642159410400747
0.709848453164307
0.839456432742317
0.896984790050994
0.754668879583751
0.958631567271083
0.922485868113857
0.800551077847609
0.817106678673128
0.788067819118305
0.771925814454929
0.785096954263953
0.764572432370998
0.750592450445476
0.80772644916999
0.687554246915617
0.647934367026044
0.758133566712883
0.774560600429436
0.697073709837037
0.745226397753666
0.805201793870413
1.86815817379209
2.32023035273509
2.30992425576474
2.39510942386515
2.38027872726941
2.17548108792556
1.38345006728089
2.57585394493289
2.26532872252523
2.69965362546563
2.08534068895406
2.28780342668117
2.6877102138688
2.88528351238849
1.50194236620455
1.98889063972214
1.08261099350099
1.02970428471009
1.17280070152317
1.09396503521351
0.831575332174657
1.23015847513256
1.002838094358
0.953360290964665
0.956688110846014
0.937724816941943
0.924631398242065
0.952796920634437
0.979880752274368
0.989486281352084
1.03315137498554
0.97903518172382
0.991266401063354
1.00166187419466
1.02556995492397
1.12245447526778
1.05577829985041
1.12728993802069
1.09199426417676
1.00929621994876
0.826926235170811
0.695455564411202
0.633937049905773
0.619313984281655
0.588443529287026
0.612369633482467
0.673012368091855
0.719314687754471
0.581664254344169
0.745927523159098
0.769973167021902
0.68177142018971
0.620289580791365
0.595321320300686
0.594061671931724
0.652752140515161
0.94136079667671
1.40821762470297
1.84673666814659
1.6133883532936
1.5446955607229
1.99231313717649
2.09066038857489
2.17304460805165
1.82187295366789
2.20519532629166
2.16220472758839
1.33151585025659
2.72208235175599
1.95959002868621
1.43900807243713
1.19630060771873
1.33943304877713
2.34855517013761
2.48274338035518
1.80591058379976
1.5118655409641
2.05336229624218
2.11381090502474
2.22626644399806
2.11049087528651
1.70142004287329
1.41483600503627
1.76809567142363
1.42004884824343
0.796946980469314
0.821270900329993
0.822277087865574
0.85624602621396
0.813411951309396
1.12028181022512
0.927484066864696
0.931331275681564
0.861692658328689
0.913309239337345
0.866362632561575
0.880508951364085
0.861718468387089
0.91138371154407
0.886180433137382
0.858161327528605
0.987469679772875
1.03280442769066
1.02570256265465
1.04815283299082
1.03607410246922
1.02041888926861
1.04441155168099
1.02723825208806
1.01536240110234
1.41948740308094
1.09420189870279
1.17991327894721
1.18134614823177
1.20151730807953
1.46186989122145
1.75932030582756
1.61248331292352
1.71438718425842
1.66360898856931
1.80342683927063
1.94981315589475
1.8823864405867
1.94950988630027
0.99043681296919
1.05331904406312
1.07175728999605
1.0651536708694
1.19722258509032
0.897860984727042
0.929990504711164
1.10953219689678
0.973771463827793
0.958048728963158
0.651745030824981
0.59622662360743
1.23543384168661
0.954420816223526
0.890120528479081
0.963311668296585
1.07437021120274
1.04805983421482
0.992852414509774
0.685224350505222
1.01141975220746
1.05998123510866
0.743080241410465
1.50264206366914
0.73621822762937
0.903374271998075
0.902053963953249
1.18645562120137
1.50077609471323
0.741406732150567
0.821564058744813
0.971465888367813
1.20522251079606
2.57859572554107
1.3817240686563
0.787030826035558
0.702814590941601
0.700025978877894
0.89433287849842
0.986340639188557
0.824197020392011
1.22029147808503
0.924042603679179
2.37050089257371
1.88789508190061
1.66319985960355
2.08384191572332
0.590203103944134
2.13159430289896
1.86871682130359
0.743321361468481
0.702930216361479
0.976714921283081
0.859840255107779
0.991146999359765
0.921591341933315
2.37689010844479
1.82032270217996
0.847318093780828
0.737677466113756
2.36606598542851
0.952876792004731
0.664350765014777
1.22619573007946
1.13156268542623
0.838093175200536
1.28132545450172
1.31780421492116
1.14854750281994
1.02560652651408
0.962845138608206
1.02241024282461
0.900127123216958
1.60318284997549
1.20741595701622
2.72945956237796
1.44722951548371
0.903393915113654
0.772800248404031
0.965678579367544
0.969558260633504
1.19094149157369
0.942466938808394
0.707697886483642
0.742149247409598
0.851912484946651
0.844386924820412
2.28475715631714
2.56265450991286
2.04720113415159
1.57911722044757
1.02465738925799
0.73871786577812
1.16543562089936
0.850138908183319
0.893320615962683
1.03316999844459
1.0221862714665
1.03616350904888
0.627041873622332
1.53886833847571
1.53249477854889
1.15955719644469
0.942223838812451
0.795501213572818
1.01150283022806
1.00757362786655
0.87907620827901
0.645248023623041
0.592014816330665
1.85172421407538
1.09307690613785
1.15256155528766
1.42692799445074
1.22130757515281
1.41907267363528
0.926361561678201
0.987169031567151
1.02411410444929
1.0609786977185
1.0700256231328
0.923510904379021
1.04333276299123
1.20344896900463
1.06072787030114
1.27603303362071
1.29158388710467
1.35162065266987
1.16942713830424
0.82856375606395
0.875997198201617
0.983217078749964
1.20644268819015
0.779320443344421
0.621906861923401
0.868698565061698
1.34505177432276
1.75136477676879
1.56498761846973
1.79225022755332
0.967671626557458
1.01952331096782
0.91507110901754
0.84606222534586
0.858389247295223
1.09989427099368
1.08471076471829
1.11718087769342
1.17254194273571
1.32192908906155
1.1319018015693
2.00601934560027
2.23978117557083
2.18241619407667
1.72906254111332
1.08952545913536
1.0255324324193
1.01082827801134
1.08984702165328
0.976767234075584
1.00534687950598
1.01284695629033
1.0462215661311
1.08385471410756
1.0995127838152
0.908091137350277
0.625221780503069
0.692239530512648
0.694379452374609
0.946461599147246
0.962770769146985
0.961746732937983
1.01870871143667
1.11984903872753
1.26702037304822
1.39917586065207
1.72626601283581
1.13983259709378
1.23158741767341
1.32644643946574
1.42616696996226
1.22329737373918
0.569435392613788
0.663717053329498
0.577972035518928
0.943705884521783
1.26724274718778
1.55318241148565
0.746845822156894
0.990639454619331
0.990366352514073
1.06788063872078
0.908730878416844
0.709837301122537
0.996666871753247
1.20320049164099
1.24646926402489
1.82088175165696
1.08037781823918
0.659631541936717
1.09160074669273
1.99083666519302
2.04552425102391
2.26842370688411
2.0915078869227
1.04927036547668
0.90052280136573
0.849344358054613
1.17300168935754
1.03884733911469
1.56514536423773
1.34803202484647
1.06112540805403
1.3943711167789
1.06239667042704
1.96824415343822
1.13684699928558
1.25479600475286
0.86344491711775
1.17540771718692
0.802592228624442
0.860326672427249
1.12081886181556
1.04666527961387
1.09106091226288
0.920039770232027
1.11874435882809
0.70037396798989
0.928233617855737
1.2613530895892
1.2043893230734
1.59284045838391
1.02007510022893
1.23778194364902
1.10517633270827
0.828337881633804
0.743334119042009
1.02364994865766
1.06832559846416
0.779463561246033
1.0121097612801
0.871162108592595
0.862449896157823
1.16443840298488
1.29027965388875
1.76705457258153
1.19677177868809
2.17240522834088
1.1064163323353
1.14486207079795
0.823153502239466
1.78595192292858
1.99872789582563
1.66611891438723
1.17001612371041
1.03176251492101
1.04705641968912
2.13016331352861
1.0688010185613
1.05775336895366
1.09628147703694
0.817294097861604
0.690783656682533
2.09156817570719
0.747019193389552
0.993263075479174
1.06372147311262
0.770962477887085
1.03132061747433
0.75065999977108
0.703175189559542
1.02455937187256
1.11282753169323
1.04224881711156
1.0694425763206
1.62779334537865
0.634070614869393
1.38159814041662
2.21687793223452
1.31966141367658
0.594206780902065
1.00108522511415
1.0591725524989
1.01248577221041
1.52044330196488
1.31003723944638
1.28638516099025
1.14359877791969
0.862760632248049
1.71896554963592
1.53531109278788
0.886971928606482
1.12413937229005
1.03886438138299
0.89932134252924
1.14117666960938
1.07707617061392
0.796915515701506
1.29444660257022
1.18513796889666
1.77204439148418
1.03444729878462
0.966530364960339
1.19212490278686
0.800438786536428
0.777980642003568
0.807043852358355
2.44420319522653
1.15179493242029
1.13555120927536
0.660074447357772
1.55136354010431
0.577179368745689
0.914984198768645
1.04188950668203
1.39927950069301
1.59023652340481
1.0936552220437
1.59799074347604
1.08856809429063
0.76574201053425
1.20451249102408
1.01021341862596
1.04898357488283
1.02258342621225
1.44278879656134
0.954439323031946
1.27998830637194
1.17522621866255
1.02251210258222
0.977819289714455
1.01447213784359
1.15211652362964
0.895638496794863
0.8414803546751
1.98779606642143
0.789897580895196
1.01154963151189
0.987690974244277
0.96455262751157
1.00830444335028
0.960881720256561
1.64343674408395
1.21560536072293
1.13756059749135
1.13318123834181
1.25921971478583
0.718150415005995
1.33329488663518
1.24136203731215
1.55253676443699
1.83457335340207
1.72970518635364
0.866537556168372
1.59414763577589
1.16343688517398
1.01513757103614
2.27288288345039
0.883863602194732
0.893812571675105
1.74738672157902
1.00717128187637
1.01029098153066
2.13640509540444
1.0313586240511
1.0284555928252
1.08377243413062
0.670668967532548
1.55360937572252
0.953066338077292
1.11050736282527
0.931446570207923
0.899431986798263
0.823516946359148
1.6225534655981
0.669066108601532
0.902967897912561
1.83112497500635
1.09946011800211
2.0680780361715
0.769710641558769
1.07448074265429
1.10980278487627
0.893617672571391
1.98434186677416
0.789881298846132
2.07657815568174
2.36225640989232
1.31230744721996
0.891487492000639
0.947191815667917
0.983621249618085
1.05265334769801
1.61162876230517
1.44306650106123
2.07376274166838
0.65329506649081
1.00386961948501
1.10390336391408
1.24806508377096
1.06971167720771
0.797836645112685
0.640528824508231
1.65939343875739
1.32887580369585
2.55436131613103
0.801996795661122
1.27950409474439
0.928023716071042
1.07843391540733
2.59187309881614
1.09771204862912
1.22818011370464
0.673233653261735
0.866838220028132
0.885231402268268
1.50206459656015
2.35457580674008
0.812605099872193
0.838092095666194
1.24447309301932
1.2225855875061
1.79710958549276
1.67863331542894
0.936126668103034
0.67214444800037
0.847933675382076
0.951113921899319
1.77436509932085
0.805618164212109
1.05883228702249
0.741369849595381
0.749477697910696
2.32265646021242
0.879131589020276
0.875037231457375
0.98912431241642
1.06454530808808
0.723124607983206
0.965514383571026
0.831364248583061
1.00942527193739
1.01755099374957
1.12197775710625
1.0718480168811
1.63020603930536
0.594150878866113
1.12435638776688
0.937308880434242
2.48874445642583
1.29500467751354
0.739273680803487
0.841346569733308
1.08432184389897
2.6183859574598
1.26291654138275
2.81180002053016
1.45526841829189
1.56149901821229
1.78810928760062
1.0989795176005
1.12755952614495
1.0612361428846
1.45185335080299
1.16981957804028
0.864935546904345
0.786534503810921
0.925744903139782
0.925094697453665
1.07236537474612
0.880290460670439
0.976351406576971
1.52282745747068
0.799358621790514
1.02585589805503
1.36931775068974
0.750312971637886
0.721907283873433
2.00972980637491
1.01252795336536
1.44324775547719
0.651759008743629
0.724489543259805
0.746033368214252
2.13258764264256
1.39508170777422
1.36360843003739
0.949537576291483
0.681777390902215
1.21286226677591
1.04284471756417
1.10131614368738
1.06004689182506
0.577969502447941
1.11634205357643
1.26394629402261
0.950241827539539
1.05376971814504
1.4458319950591
1.63906705955518
2.38250807067946
2.29852573044142
0.821707645646269
0.940668628000352
0.922755675139969
0.967832926076774
2.04220631264651
1.27254716869232
0.611367239368797
1.13434285651865
1.82068919772818
0.617194508047886
0.795883858192049
0.730552546405358
1.07239729970836
0.791579220602706
1.08144480924256
1.0162106439989
0.942016156535957
0.64436231932233
0.673936837592513
1.92159381907978
0.999593508674967
1.08569300962821
1.13477229589746
1.04985466239438
1.3160374015746
2.49861944534972
2.43445093468156
1.34230795528027
0.748446616012848
1.28351982176448
0.986030792550457
2.18482859855371
1.34503286458978
1.00062889597677
1.60211689840102
0.885139732123785
1.17118138838102
0.784115312790345
0.730235107012471
1.18027856457132
0.720484926586588
0.960823602484822
1.07051595037875
1.35727470551458
0.758726798858919
1.52508398278862
1.2498098618519
0.970017810752442
1.24078439229977
0.894115441263086
0.659957502512081
1.8322506932384
1.68707227070435
2.53980082754557
0.982851141605588
2.19168010557666
0.840472065379834
0.638475787033728
1.16983832053013
1.19355115762249
1.03112966707926
2.09605936598377
0.707932288897476
2.3148331733318
0.679548697776207
0.864421822963793
2.03110068454445
1.20937423023964
1.19016310068894
1.12411592020775
1.04323090861301
1.59058574931299
0.741513753896623
1.81878304284258
0.947676228930047
1.10446591597595
0.88906889526002
0.81907264956355
0.839245254439336
0.804760042330215
0.795761610066502
2.12393858337965
2.42893960644818
1.15217357276488
0.854173498910561
1.26104191200785
1.7573667391891
1.21263381675171
2.27782814537388
0.90782295611384
0.963309679843489
0.95520116044314
1.50173486936775
2.26328391300957
1.28039834201098
1.01188692926607
0.945292718652756
2.09104116551786
1.08812811834456
1.10207565318601
0.713345075314098
1.15265822799528
2.17877470480978
0.794530589785608
0.878723539884546
1.04933138684954
1.04214736107041
1.03222358234364
0.803992928307148
0.924558699779648
0.889852166980572
1.97626442266651
0.721104227449659
0.775351392922674
1.01132687474721
0.968499289254556
0.926845691228421
0.740145145960793
1.36183563660643
0.993645699192223
1.32491946303613
1.32399099108875
1.35218025723169
0.853273606861455
0.879694252950745
1.04786832912767
0.916065019294932
1.51337049727551
0.982088948921821
1.94575578624929
1.19346127591228
1.03597663472856
1.82571169320825
0.768433935278879
0.923001092384655
0.954591283738004
0.924574378230779
0.884050708031508
1.12290028092186
2.05676721737644
1.03097874753318
1.49366085916827
1.03685443107967
1.42642016209188
0.953448393741623
1.17486961250192
1.67814774451779
0.856015007134385
1.03524708728557
1.24652927227544
0.926132155457388
0.712702295168203
1.64667740443696
1.18558890132338
0.956721171875146
0.873917055532147
1.08159144488128
1.04271013068417
1.06756379129479
1.26867490570391
0.649287991965861
1.97956972837548
2.59197178752695
0.832673502823959
1.08039543489362
1.28572075755507
1.18757265748842
1.47806506736575
1.10347320789159
0.910419193427312
1.05904303862419
1.07862756666373
1.05124853084228
1.05502828532255
1.20656229919869
1.13167111477574
1.11834956115748
1.05025471216848
2.18493449305834
1.00553277081039
1.68961976671754
1.10510469499331
1.04766197703377
0.680176367317079
0.672760766086821
1.50794030762269
0.980981273737385
2.84303466380757
1.14738778143135
1.69619527338837
0.847133212409412
0.83855070680716
1.5185913215103
0.976223448207805
0.921378717927056
0.811267299016274
2.65418084739275
0.897651674987707
1.10916632501904
2.0714022375725
2.11210567374395
1.25679077469542
1.77329353493536
1.74534782957569
0.971599300899067
1.15157741971367
0.875113343261124
1.07254000289311
1.34296442084135
1.22108048970401
1.15684899130533
1.11499515852629
0.86592434518915
1.78100442260082
0.815211162511289
1.08691902182006
1.07706739669006
1.22747825754095
1.32742825155392
1.08558149293608
0.933073952691181
1.89800676049753
0.751020231412819
2.14351864197813
1.91536607104955
1.80619786709041
0.792104442085659
0.824177146385712
1.03895526227308
1.05886239152772
1.02190245265918
1.06940956352241
1.4368288566673
0.908892693054753
0.889062307021601
1.48192848140293
1.39688480817619
1.55709694500211
0.894766893021389
1.05588088127338
0.903258192830543
0.983843487717513
1.9051905152348
1.13381470224845
2.17138192597538
2.23318839548413
1.64747516423631
1.07195345977613
0.995452500530751
1.13791624628879
1.25128894914226
1.64510312098571
1.41104040924948
1.32882882254528
1.01738901646625
1.03956073413268
1.02099961648211
1.29026885968185
1.43126747752101
1.3556521688997
1.25283542066763
1.11125994258045
1.12316217924319
1.19871343268707
1.21197150914578
1.2103986709348
1.20530929204087
1.1744913294051
1.14773012569532
1.30063291345194
1.47426274358677
1.22711988658223
1.19397145416138
1.17142775455976
1.16276896902841
1.65271569187675
1.15858031081291
1.16951175933525
1.71079223133899
1.09401263514642
1.80532232736549
1.25746266506287
1.20588009229769
1.13656340761145
1.14195481197221
1.17660985280652
1.08442139199036
1.90635919961125
1.1600057444868
1.42223584524108
1.34220285278381
1.55720467042548
1.10220295225191
1.01251903173048
1.06079661858805
1.18192414340571
1.31490651904385
1.26127349670786
1.04803128635943
1.16760578866546
1.37996991374209
1.06828095112005
1.12748509597078
1.65923604084942
1.14685729006713
1.20790164293605
1.14060165938643
1.17006675659212
1.1734994816133
1.89612736576349
1.42448268072086
1.02153874088535
1.33207262171035
1.14218581551784
1.52040421744806
1.18914575869143
1.87771852298208
1.64656044130721
1.13890209907251
1.17188189447307
1.14953313699145
1.21321189613653
1.21045139511953
1.12062032365849
1.70161139370114
1.48352600043582
1.19928249727125
1.49161695007708
1.25625963291063
1.17216511639092
1.24550696035997
1.11581250884362
1.12195172418045
1.00650304743959
1.1428134389798
1.11399315340021
1.13361806592816
1.06383095529242
1.14476972261738
1.19108320819142
1.27558044691404
1.12519436254746
1.16799191019744
1.1990811825595
1.19876003014962
1.45549215979378
1.54656086902122
1.39615475112501
1.32133755971199
1.20434334151536
1.17795952057711
1.19834975403004
1.01375591533366
1.09070212865497
1.1748553729135
1.19673541994201
1.1693561464686
1.42358249578377
1.26213867338133
1.39364624798209
1.1897523063661
1.16792554185499
1.286170076985
1.3585722420991
1.11611843344162
1.06370178073155
1.09535102942098
1.15598468095884
1.60831272675818
1.94480990488443
1.18419500081419
1.10165681802545
1.17195336535213
1.06616229896058
1.89647459400492
1.94238071490347
1.14781151556966
1.12966817100294
1.38273260764201
1.68428405234465
1.18165525067902
1.14268813107563
0.995542865063537
1.40917720101228
1.2272687990232
1.06894090123616
1.08981411963577
1.98051816488531
1.16729568001184
1.55623477384395
1.36806212783243
1.02750223088949
1.13491416356891
1.1332128485317
1.13256320921349
1.15355943532935
1.18373282356048
1.16835420405771
1.46179133024245
1.25008806884528
1.74430686454262
1.14050873611537
1.15929629141695
1.06467623667481
1.07179035297482
1.08080202959011
1.28268755085551
1.38162968007484
1.20646393069888
1.46658664148026
1.02126100432929
1.11511496192515
1.10604284542303
1.25699478249579
1.14228726666394
0.972343659659498
1.14476981212857
1.43345126508579
1.17116998884243
1.68623245679954
1.19047964814319
0.986227232895521
1.04975363132201
1.1082127823296
1.07036259897594
1.10231295751492
1.14139867073762
1.34169597580974
1.28679112499406
1.35469388302857
1.16223754229302
1.20954974687697
1.1100653357132
1.21382885508811
1.17967439901102
1.09780104088207
0.999286665026457
1.17422674236995
1.08386195614308
1.10847385095909
1.12037500342279
1.1487695212972
1.80257076124615
1.06509107525224
