0.952594464541005
1.0287422494119
0.927982109228798
0.879246489050052
0.925198170087905
0.838046985766114
0.977096974881786
0.985104252998583
1.01688896352188
0.882276944319334
0.752950717276622
0.741616930557713
1.20692000598177
1.73569695711269
1.25024672642206
0.848426290765545
0.828427821900458
0.785885690570055
0.946237266774053
1.08181991059288
0.954700698457465
0.789644528095524
0.734061494800272
1.39655500150447
1.04655971197812
1.26404546488304
0.888113185167474
1.55168922048727
0.777808864036489
0.965170725257183
0.91814399714348
1.03368734227613
0.89364953293655
0.826082181807223
0.894678788919468
0.939348670746969
0.800860248125335
0.797077405339329
1.0153121037246
1.28624136015645
0.754297697648735
1.15014057637528
1.5649613933208
0.884288401039215
1.37702545826352
0.78912359778111
0.841086706106121
0.863877887570717
1.03207997101137
1.40802669112412
0.827481633015678
0.926155106305625
1.38344395000733
0.95827160950875
0.792394128464077
1.71596604039139
1.4548832856658
1.33090147003506
0.972019209224232
1.6862186282046
0.83152707603162
1.03866828214427
1.20396986140533
1.10258758375491
0.900433098716549
1.03823291532648
0.899819651973802
0.89434326940689
0.993953893854438
0.983131262737749
0.851920776125472
0.74670995997473
0.841155898347262
0.788924911432986
0.915634245605636
0.744002198064661
1.35797783998582
0.972092522965302
0.780932247867708
0.770372034071298
1.12273904959539
0.880378323789267
1.03918269941687
0.929880301153037
0.891968439373522
1.5039991716335
1.64383359355736
0.792132716080789
0.788670021419825
0.755239787349244
1.32292380361971
0.812906697402339
0.923506734150924
1.00257544515627
1.12400339009091
1.33650271387483
0.834652858371695
0.806098936330546
0.9621602252295
0.86650848394229
1.38451610426816
1.0330678962795
1.38389679861861
1.42038508680785
1.75378011523799
1.27267506576617
0.887431520497131
0.955979158556872
0.813690724778518
1.72970393579049
1.48460620571122
1.62523008914166
0.87139808170897
1.1198464575455
0.798122991606201
0.889910417376879
0.705939480812671
0.872591190672576
0.793542816544964
0.916955468439566
0.750571715393833
0.935311096990336
0.855293865202841
0.830096850746894
0.785708293226792
0.743854989296311
0.796522590503258
0.66744419531785
0.664282058196335
0.777612021443195
1.17186124396493
0.955972796874579
1.12397211318737
1.13553379465166
1.41468953552366
1.35182099179453
1.21816329811384
1.42367173917946
1.42835747810487
1.35174265357263
0.863443499107223
0.890985825727407
0.758726660183295
0.658002816403797
0.901931151993748
0.75958124232672
0.851507572453459
0.963827002402758
0.92067474142197
0.969554265898879
0.934443443487417
0.777716752505846
0.742015251921484
0.680516316220953
0.619024636629019
0.664586787032264
0.583277256486185
0.645519026878338
0.531048719289529
0.685212268843701
0.588584441984006
0.807370763979512
0.578183497168026
0.58667246583515
0.950981937840759
2.10173494012067
2.58116056574639
2.33930043479119
2.37692947392651
2.34601073347637
2.27185000235294
1.42208400688604
2.39828798844213
2.02266277487034
2.83944964694134
1.94629140695119
2.51442193760242
2.69875497122288
3.40439936972145
1.78190489301375
2.0571626053818
1.52005808478772
1.67923290110646
1.63273422626524
1.43443565407134
1.00074887002893
1.5171613883157
1.2696781392408
0.857044789231653
0.946217632725835
0.993351757787518
1.04628377859636
0.91761047385384
1.18516228463671
0.984620960927705
1.1198668690171
0.939558670501544
0.919919201338423
1.14088645975113
1.11766429079969
0.781987248836846
1.0353726018162
0.737249235851322
0.954377664994652
0.737263649489268
0.752369595647312
0.756599595939512
0.620103125571717
0.621286867809383
0.620944497056563
0.559569106027599
1.00872361694642
0.93078966006747
0.560205386472368
0.821041157638753
0.907066178058067
0.785161986049488
0.701092548862524
0.62804850276147
0.761479668903565
0.857948972585832
0.819509262652893
1.23381838599646
2.1982644644601
1.46896053602305
1.2885470013201
2.16055810749225
2.28944416147611
2.51106552732974
2.14596444750972
2.52400785395228
2.30972137643436
1.05704761543202
3.08376214941677
2.09637846887401
1.34266727467949
1.47091704988441
1.65516124227056
1.813173767336
2.27874363503227
2.1865641178424
1.93106676021436
2.53964398799349
2.55241984056691
2.61506689418816
2.50064659428565
1.92247354258818
1.86736893996326
1.9018467679061
1.63987726757715
0.617824959299129
0.767430879015474
0.722900871864376
0.972833319223742
0.903679011626219
1.06387711333138
0.824293855331709
0.885577005680004
0.87560743285747
0.788509381848461
0.913589578541684
1.00489092067467
0.908510189950119
0.871140555582504
0.961335113980688
0.890770161251221
0.8002547522586
0.817928207486338
0.977839884390439
0.793016152254549
0.767800232698549
0.718028923012003
1.07481715845528
0.818369954777868
0.900565428299224
1.28570271794487
1.01792673938777
1.03671508148855
0.907188811736588
1.03408455765566
1.44645994525993
1.73058687150169
1.16846609718931
1.46069894556531
1.3552519969588
1.80651030144215
2.15312119194435
2.03996330175567
2.25395723988319
0.901559109662521
0.942280547043529
0.889527906172962
1.08591543865293
1.46214757385787
0.944547118608073
0.88803681107028
1.05053282300674
1.14340589503379
1.4326660716817
0.848359086549099
0.741657290552397
0.969898463056391
1.52501804715576
1.58792996245412
1.09314090060859
0.837770015437634
0.72213082093245
1.15802391136193
1.03884428123333
0.969032396737423
1.06727677666678
0.661105309602164
1.48332807139527
0.957941762650332
0.80725997270604
0.904863523574089
1.1316378024133
1.65698896822684
0.693992367051854
0.705491811886641
0.769640784600415
0.900954194599259
2.44629379553789
1.05632265042979
0.87528048933376
0.696834329308108
0.642102474982843
0.767203958646623
1.12098260846754
0.958659754923329
0.91373333586454
1.07819094786922
2.74826455383859
1.91219773697814
1.5188835295562
1.84278016756882
0.776388787020393
2.60812672130408
2.381840807629
0.681465722206256
0.627923852586617
0.891796907434914
0.775797531727655
0.994407283664276
1.03540664587166
2.31708641536318
1.51921699360082
1.07172348856325
0.755477728372884
2.92150785314354
0.777941812458909
0.778455160068894
1.08921151231077
0.971863417386999
0.827790881903063
1.51672590338916
1.46767472112715
0.816006228560206
0.727146994803492
0.933336398107589
0.880253490306745
0.799524967807343
1.65118130165544
0.7975470640637
2.950273543967
1.5211553092409
1.00615294305071
0.944343488835375
0.839743862748201
0.876323204675757
0.893809052041846
0.96852647529214
0.616200488391823
0.666235340860201
0.740611650464613
0.681603216403581
1.96332740931102
2.33285754591486
1.6035414612819
1.82069628217356
0.881783613844819
0.908846721784569
1.64401855147391
0.854875331684598
0.845865609131992
0.851943658227821
0.976622232256786
0.709572235891269
0.759011679182401
1.26712569413342
1.42407492536213
1.34380317742795
0.899975180852337
0.787855247230296
1.02414819492755
1.00753534507716
0.856730336027652
0.807157252502163
0.973694798857799
1.92389837830298
0.873982564776266
1.0535645774655
1.37468950082425
1.10171430903478
1.63652860548395
0.86664675336484
0.979856501296272
0.908774528000808
1.09699992504424
0.833007071183783
0.886171304290644
1.03543987087164
1.48496127823446
1.23733390665756
1.55740043238294
1.5118114865953
1.41409077933408
1.08290068126658
0.766084480738682
0.76125330319392
0.871327416227951
1.49133906526995
0.661294879523103
0.64906451801162
0.766538566232885
1.1419352398303
1.73308477766331
1.49890626274664
2.05155002719302
0.962657018837484
1.04064269808956
0.887352031671435
0.993525851549273
0.893378805913871
0.962238616966666
1.00361194567432
0.814401786250612
0.998098441104951
1.86525005661208
1.65240127112789
2.34068130513959
2.54109366325256
2.20321259180036
1.4658247616355
1.57738584576064
0.769831667485677
0.813016305266034
0.99337699621606
1.00742142268184
1.24858136745915
1.19920186994431
1.11396860279318
1.05444721569628
0.853554788942973
0.821552657774828
0.805159640313841
0.863957174608477
0.813024987961711
1.12661887546728
1.08714581776708
1.19102888023441
1.01315698971188
1.57627149484717
1.54198519758648
1.44921386484313
1.60288816484673
1.49018876445264
1.35827380998473
1.37587312278441
1.38259071042662
1.61924342238035
0.548046186653908
0.747519403206073
0.460335607570645
0.920012720330305
1.37769917619691
1.16206709594873
0.68425924315886
0.952941783926134
1.18604367412971
0.903348457806515
0.804296087670389
0.542701527267129
0.862389460365269
1.05631843883062
1.38719185331543
1.41520708375726
0.855941101930097
0.643496468176048
1.07266663734364
1.4361496170201
1.42977665672901
1.6617271055033
2.00712872555139
0.934268422432197
0.760021540965902
0.741602343452836
1.13445411235006
0.981816805606261
1.09444935750039
1.42093256424682
0.770346516216956
1.40757568971431
0.948921004682264
1.87014169369563
0.935801110817236
1.28941755634605
1.01882837971884
1.05178492048009
0.996942027667211
0.819219086032231
0.882008044298553
0.902802263749529
0.774681749262441
0.854840447252012
1.11237510178745
0.657046572997581
1.1332309161862
1.61021839985556
0.876512936110542
1.47579098596055
0.768944005639701
1.26770824614687
1.08192063184041
0.715702150310533
0.965547948190157
0.677661645996873
1.02157681470856
0.769491414613946
1.01367481298782
0.935760158501072
1.35322921028362
1.26888017595627
1.02139628135933
1.55328991785092
1.03900976397427
1.95856485007515
0.780607235135014
0.79566879277099
0.854480860133926
1.29514113005021
1.70511023367781
1.21918346372099
1.07252838798773
1.206773079495
0.783611992442084
2.6166720408475
0.979736199473476
0.941632508775771
0.865876016196977
1.16245215630621
0.577485185049129
2.162687014906
0.744002401512285
0.901751497088262
0.886490291238436
0.608084323738932
1.14636905311434
0.636192879914897
0.549380479270142
0.964860932070587
0.826393730529192
0.730654039055556
1.08992179646275
1.95658986049867
0.729958054976183
1.18693637413709
1.65639809703166
1.38078914487824
0.553686271105635
1.09389420237211
1.28989905281007
1.06002104069806
1.25272731115535
1.39594099875185
1.3533561334292
0.957629632557369
0.851229392906566
1.85561890074705
1.00105775520794
0.716135657994836
0.840594778325471
1.09066530585515
1.07909352401666
0.866499384756296
0.984773851813828
0.774155252208224
1.44440115850698
1.06044453185197
1.7432984223103
0.91306480360739
0.899318239940645
1.01998488041845
0.735239123057314
1.04756946176064
0.680692245486507
2.93455559446756
1.0601448464071
1.08021348632308
0.802653072648919
1.7590369029022
0.808216572708202
0.921781958612857
0.973483213214926
1.04259176254066
1.22543661252643
0.906726127674648
1.54029951480393
0.864438735144715
0.793171833001143
1.24924337337863
1.01577825797089
1.64262156326587
0.995731806558239
1.31518401889925
1.08571594198663
1.37421401321821
1.15290409969038
0.97414674083953
0.910910924648421
1.03592279742986
1.09760169051271
0.79418018823715
0.865892226609215
2.42832344145801
0.708919793380662
1.01010821349203
1.21871752811959
0.935015897684849
1.13093621481457
0.872112568262805
1.79779848192823
1.19278983424635
0.889743843952861
0.779659047692376
1.46163394530801
0.921773845957932
1.05554729994859
1.12826158256161
1.44150866790602
1.69424541495499
1.58537731590831
0.723334278193994
1.63166330261911
0.839136330228127
0.891554287871845
1.75820010416088
0.867066828513431
0.775056463767998
1.37690315397745
0.876428690767498
0.76174980568873
2.29770296350463
1.10764090339814
0.965931665353941
0.954764877377371
0.69025182005369
1.13632249646485
1.23149997499129
0.970167492809756
0.746302954649901
0.9963863692055
0.709518136883571
1.60484818970622
0.539775203668119
1.00762936064817
2.00643341509025
1.31692872318479
2.50368075093948
0.865214192230618
0.888179853388486
0.867224512733437
0.869907098909967
2.43104043059494
1.30443881800906
1.69827166186862
2.06364014427176
1.47492132902181
0.848580698104754
0.856121359937491
1.55917859209323
0.979273483484866
1.28771780660081
1.14424758601147
1.95590603692472
0.679342982692458
0.83792297070512
0.998723002328894
0.93482466876636
1.09673484026833
0.667658774757676
0.775966302999463
2.1040077764398
1.0995276327836
2.48207224131271
0.954624646576362
0.991762448354879
0.840788545180864
1.02316918154362
2.33553885112113
1.11865560769412
1.48655220159825
0.580089096249922
0.99566699717233
0.945922953323543
1.40606120909384
1.93204857411407
0.822839205682507
0.845882562483105
0.923762775627372
1.02890894713488
1.99783807914492
1.86008201093106
0.832252776538112
0.862768259138424
0.985087019710877
1.40127890364441
1.87160849106116
0.791054346885647
0.76562953764821
0.659926716660194
0.595882460522481
1.91630613454538
0.759619040054582
0.743003377673412
1.1476730823628
0.811658934484221
0.842213371745784
0.836858761979107
0.884560714473277
1.00335255200669
0.980952118737023
0.849618518276881
0.985998140810616
1.86253850965795
0.670978704201742
1.0089365850463
0.991073018112926
2.90637594687326
0.962735436027432
0.740122286663272
1.16888580609955
1.08319019226462
2.71768221284771
1.27509304563539
3.06390085540639
1.40416325655969
1.47369941138108
2.30305776139176
0.876291875101091
0.956217299615591
0.790782241887227
1.49121720180409
0.833692634982121
0.886919320132363
0.730509017798784
1.57781094948831
0.942955386304368
1.17738484234565
0.885153538445598
0.982281773564692
1.89615143239516
0.751972434292509
0.894916916866241
1.71034659508283
0.612754761875122
0.64128873366248
1.50153801189599
1.10878642547079
1.39008875015223
0.735440221569316
0.653774702059004
0.866274128811836
2.37407487981062
1.39401623827702
1.37696640547572
1.25549836839026
0.932728302023813
1.15832691183225
0.712920022954593
0.934769957656229
1.05718271646763
0.673824431541798
0.970641322283577
1.22200622837872
0.99060726372385
0.903677038965195
1.24926901621045
1.76576143536485
2.295253322054
2.36594793205531
0.882751317592845
1.68727203206073
0.905516838290809
0.887095095316492
2.3454227951397
1.01805465028101
0.993900982295757
0.69308341300079
1.70698634312233
0.758505331298582
0.918251595089943
0.688173801505656
1.01541148970309
1.09856747820076
0.950848702919751
0.823849301267979
0.985964652673053
1.10926752788145
0.940830568474421
1.72476961608165
0.792833277083635
0.816219846691435
0.793561991474757
1.1298773414443
1.03099401097927
2.48727331546425
1.95461200722765
1.05877061226205
0.640770291222638
0.989330427546435
0.962593044067084
2.49278035280583
1.42364931726486
0.940416671005038
1.56348420898345
0.709189597241227
0.859365018645786
0.692661484717381
0.696822532593627
1.26293881766547
0.984806281310813
0.92300483796757
0.986765443343185
1.41252759919326
0.867859901484187
1.37574802117688
1.47903832975928
0.854869594634502
1.25286534919991
0.933532807805959
0.730412519275917
1.68010280952096
1.72408324754373
3.04341272093654
0.934470042486303
1.71206112629213
0.856096595623246
0.81474281259094
1.00715532242681
1.04617840211888
0.954671807129661
2.46015336292935
0.609633233922151
2.79433663158639
0.732791043517147
1.01937492418806
1.90658199004191
1.03600029304741
1.07116879567592
0.963826700262699
0.902501378471664
1.41894276022914
0.681780928351108
1.75894664093883
0.797906412833074
0.890575154756403
0.874052041622996
0.789725223293391
0.707731762396791
0.692286922271189
0.669794354969446
2.00374239552247
2.66450055799916
0.857934825985322
0.993097256240116
1.19072673541608
1.77524315475648
0.880295363759702
2.42305655958454
0.807406801223976
0.998749759299766
0.901638357779019
1.41362475097049
2.71690634788331
0.993308041016704
0.840742419745762
0.99294143290195
1.44965834180679
0.796851397841111
1.01036863007989
0.673572568432842
0.899696433238814
2.23388547776624
0.804433224064427
0.902609492790485
0.741395294029248
0.697010075115829
0.683718241992534
1.16171758515264
0.815530959619417
0.784878199910221
1.62150234149368
0.570322222474672
0.721119810688559
0.903986437200908
1.03488403623459
1.02679001152514
0.637211128750245
1.2431751082405
1.12145107644728
1.41516550743561
1.46139242825974
1.43568572838623
0.731716438258603
0.829501294716947
0.937767770668292
0.822308096537035
1.75448338547964
0.883729568733238
2.09325948842269
1.43382172671183
0.808996480794098
1.36600838699249
1.15583958000427
0.896100450106237
0.972422018660435
0.838747402434666
0.79505569156254
0.828522031450563
2.0601418306893
0.77905116925607
1.2247663274422
0.724566665361749
1.04598762521338
1.17787017612108
1.07498706277483
2.16058683167515
0.857451765568778
1.09553533735611
0.989277873251457
0.793144207222155
0.906568692675976
1.3214894461352
1.14414155991884
0.849249715844682
1.06568440643174
0.824699010524338
0.753080408376892
0.793871729422657
1.14700551246081
0.838059885041823
2.18027357762842
3.01530372545495
0.887973218870886
1.66483176791248
1.45636749952775
1.14787584154844
1.35898997028112
1.00268828705301
1.04242426246708
0.95081110277641
0.995404398437754
0.986840391746171
0.873178597276247
0.906720992359808
1.05822769347661
0.873123605202544
0.869338999455699
2.36891808231243
1.08808383194513
1.29070809912639
0.893778381644938
0.739440581504188
0.50983546475597
0.617671102953837
1.12644815335729
1.66909840533853
3.12176661848804
0.800365109008625
1.84926517959966
0.756492710120601
0.942509276563396
1.63716828212178
0.816309327651631
0.884094930631553
0.89500147873686
2.54085821284361
0.86026095339484
0.754997345598656
2.39412523895885
1.90401969532598
1.37675663059219
2.05936678513032
2.03858408071955
0.826922929107964
0.821628760369696
0.749259294764469
1.017069869261
1.43919189121861
0.932510130344227
0.836389348704107
1.12779271695385
0.741102919409753
2.15828977144465
1.00086177403345
1.09494965011555
1.05478292539129
1.49645599294668
1.07636644156554
0.893791459775941
1.09528477877299
1.76557010039765
1.09444656794458
1.56032772235168
1.33430005239366
1.2793099512213
0.643608761762316
0.748064494488979
0.83939234716654
0.934675211043528
0.947224300952158
0.868798576427299
1.72810792738409
1.07369417186994
0.753541041065501
1.39554157289411
1.3701522495107
1.81342740261054
0.881098831537151
0.819307344153881
0.866281385354952
1.01520878352134
2.27985525608481
1.1318900339221
1.54135466323352
1.62218713367084
1.51009736835529
1.04495535889338
1.07667685602741
0.807580142479457
1.27110273790131
1.65796457359157
1.25451154810887
1.53107748736842
0.769622778591903
0.934953768228158
0.702758072011645
1.01749996618967
1.16138710364814
0.774693686543169
1.05718188727304
0.951869449643219
0.957019860492678
0.821719248838974
1.01635644071905
1.07420650604314
1.18325843077672
0.769317984135032
0.884270490665369
1.10369631587008
0.92671499620188
0.865856014764515
0.836716077888126
0.785257215267405
0.720438472645685
1.15806962663763
0.866055819927491
0.841242806653543
1.09736169228661
0.832342237669811
1.52300547563327
1.20610474233394
0.99652901766653
0.898380424637215
0.748370315825131
0.869064643014921
0.815620843957183
1.38813568739053
0.804784082094117
1.01333115325186
0.893453302967255
1.37768583045549
0.89758057240159
0.784928749910182
0.939818032120571
0.994960067967341
1.05188063867438
0.887440937076865
0.912641639924707
0.976187665503924
1.30611282000875
0.788778227588816
0.919581657450935
1.43229476680604
0.885744070556477
0.866127442647409
0.957173932383217
0.834613229953473
0.760851549343048
1.25064590778888
0.957409483794745
0.901869911984729
0.887727382881596
0.795466934267923
1.00827495776843
0.844304057255334
1.46552728011098
1.06343048720139
0.774001969531088
0.81257482127103
0.750993510337367
1.05524078435986
0.990661245450177
0.814543208605744
1.25439673680251
1.18125413117816
0.96727075099443
0.948889878009077
1.02761294931088
0.938132486560506
1.03197075806189
0.920258890376887
0.94527430055082
0.789663392432407
0.868967578395661
0.850317952996487
0.928548286513876
0.90773307948195
0.864989420816919
1.07412024954524
1.14649701287969
0.895155249515578
0.907825491427162
0.845922793030234
0.851640058226759
1.34358206629077
1.27166221125408
1.21197473929901
1.04087371668964
0.846876078364303
0.934705045044151
0.989914404403492
0.820355169746534
0.935969758449943
1.0477036574108
1.10145948725821
0.936128218245671
0.840408339357052
0.761299607002443
0.843117006258381
0.831541176895825
0.867518159056944
1.26340852298455
1.2444098052723
0.847559075283306
0.772350389969205
0.815997699123723
0.830111327288322
1.06493611294401
1.29082002219513
0.912379820489573
0.865770749892578
0.777939928110093
0.809355962290549
1.60658436097135
1.54121162907979
0.795547360885399
0.882207827200199
0.965807157404275
1.48316806454688
0.975429896136579
0.831888736059055
0.809821040143143
0.928606671756806
1.01905605689618
0.893386090668003
0.995972260884515
1.45860541267951
0.848722450095692
1.39406943059261
1.1380331535592
0.917572618780729
0.767994489484462
0.754139961503785
0.734289875805944
0.786845557876711
0.816920480090347
0.796044230295879
0.966872191730641
0.875355308070886
1.3233776363584
0.709091163680081
0.977830805762994
0.854213049176316
0.98671249132901
0.910719707551774
1.01110416980036
1.34555089307822
1.12179478437039
1.36442506558684
0.877480830983836
0.929027645479419
0.945926605915891
0.899245487008815
0.978964612417735
0.761696842889041
0.976271505208795
1.17116429661668
0.888013881019247
1.08678920829427
0.810567534395713
0.800007639169339
0.872686698304588
0.915874042105968
0.851871617927271
0.887167785548964
0.936348801175418
1.10461926229291
1.04001377399879
1.0872527933719
0.950896907807703
0.977630488979096
0.932381999464365
1.08900210930416
0.838403769217186
0.811812834750318
0.868692923957363
1.05073656037152
0.855797097201435
0.91483768409725
0.795045077187326
0.803001376071679
1.58619962718176
0.778047929979193
