0.857724023209224
0.8843220884173
0.950480522245761
0.917831180877377
0.881111489514998
0.83877278240879
0.988895641938049
1.01575875055561
1.07410669029528
0.910133151606606
0.721337670941106
0.706820085359328
1.00170868703901
1.66067712316738
1.10769654483073
0.839297935594812
0.822382327261136
0.796373323004265
0.967647034284702
0.988104246949319
0.864426406580871
0.777916703379306
0.774726953274016
1.30527834115099
0.985450844635295
1.07643170363639
0.836861912421386
1.45349135872363
0.77714758670823
1.10432059028725
0.889139560314073
0.911543661460695
0.79067258817629
0.875923302328367
0.895353494298457
0.91590629810635
0.801688525081981
0.798128583642348
0.91160698127699
1.10203778980843
0.77014173745799
1.03334048709709
1.48579508340835
0.859038293756669
1.21332114983258
0.731009862450141
0.820085538686522
0.826962633970129
0.973124027189082
1.26913064044075
0.81546063958757
1.02971119568822
1.26522614204285
0.949760815784895
0.795449046334424
1.62996583763175
1.37309877842014
1.12434256843502
0.932508125939069
1.61835870823045
0.857667855278884
0.881077723813418
1.07077419329541
1.01497224000519
1.00018581695812
1.02051073579121
0.854264015157132
0.881148029984553
0.955414192361585
0.931075260648828
0.825615154248694
0.749212144073522
0.887704038416931
0.837193726152972
0.860565503193422
0.773431353702304
1.17095689648973
0.905385902813207
0.784214893990585
0.772720160879869
0.979194631383578
0.875989844351782
0.905868789817916
0.935871361414338
0.881473045623234
1.42517148821548
1.56235759969349
0.796598560831699
0.761584359816367
0.713402252702147
1.17547730253827
0.810288890551566
0.926927695506275
0.872671832045428
0.984386535076749
1.12358376493868
0.757027964456606
0.804399344855877
0.830276618988016
0.847002017613642
1.28343535109644
0.931969814595998
1.24354771161462
1.33491128262482
1.66976774652954
1.06350992641189
0.847500021275478
0.921982178886235
0.807630563661874
1.66218191128382
1.3668024675104
1.54627472599505
0.867737253987617
0.938153905471231
0.817412507788302
0.919059479201375
0.670176700832322
0.97837701078652
0.801841336123833
0.95175158695486
0.757859731159828
0.953367062579204
0.863466949844622
0.866665453657304
0.87075347599854
0.730578713004282
0.789083331954348
0.659318362503558
0.640031310263548
0.786148762124189
1.22140020032799
0.940493232864099
1.19479337180395
1.16803966475436
1.4080943056102
1.37669237276873
1.21612315555775
1.41634778655454
1.30663986359148
1.10075086858836
0.720081234934823
0.942150371050505
0.746146449526642
0.628400456721089
0.917682604314208
0.790582474090725
0.793237653915967
0.978955171325075
0.890723072844424
0.91201859637483
0.924597769504614
0.762209712073952
0.738866812747105
0.609345259432554
0.58786883105454
0.663630968437469
0.588438469503146
0.638901914657672
0.714849878359417
0.66311042462308
0.506318842630482
0.577205633160808
0.559159632214004
0.610814569986739
0.733854385549937
2.13650335713012
2.96476971409407
2.30203712509507
2.43482711770436
2.37238709743804
2.26734555958294
1.44809449405299
2.41711608019861
1.96552159822444
2.80629953999971
1.82846949403797
2.43976704788609
2.50777837789931
3.42303992705082
1.8658473922285
2.0997486326909
1.44779916726492
1.61133108961902
1.64440853523712
1.43110330698488
0.867091982559764
1.54643801633768
1.32556827467894
0.900254241327705
1.13551363766987
1.03923098894663
1.04834911343657
0.849412582595738
1.17475591104423
0.913111691833607
1.00912275349802
0.832394477457611
1.06134125923261
1.20014777917287
1.10924378591859
0.763302387649652
1.09156728432907
0.746314112321342
1.1076305250426
0.737875421747445
0.734476790759845
0.78727489975394
0.588933267135665
0.595420715377563
0.641910786556659
0.595606780975351
0.85408506635211
0.764147095410046
0.545506288204664
0.837859386301931
0.914379183104348
0.783772397491767
0.71842630752601
0.674506471389115
0.851686468742912
0.898306250938925
0.830605193373515
1.21760818651751
2.28269696663949
1.34921578688057
1.25175327840624
2.02753500764511
2.01733140775627
2.58258069524003
2.16931170047046
2.76177661167296
2.33637027569714
1.07307578859252
3.10291745577808
1.98376179798324
1.41534958354209
1.92949429676199
2.0561021949347
1.61349170464837
2.20915957831921
2.24329434048241
2.10744827136045
2.61816549305511
2.75181377400097
2.60748143609755
2.51978502690746
1.92152996876678
2.03993109374116
1.89886888887589
1.73105148459139
0.546201932794765
0.622179736878553
0.607996092740458
0.891085091789512
0.767878881355947
1.02795149917922
0.857581782503454
0.953896933771362
0.828719135410491
0.789541538119207
0.82608042817403
1.00441694008498
0.887981469231122
0.879846079177048
0.987127221723413
0.840722507657238
0.865374215930553
1.41918585085037
1.78274727236009
0.818324330378358
1.2136168735626
0.873539009004381
0.932935498527081
0.809550807513115
0.885299652104816
1.17859402454179
1.03098783037932
1.05754088804617
0.935260644028022
1.07083482003507
1.31939592743992
1.86285310566218
1.25658916402202
1.82556262147737
1.32863380382774
2.15709879771272
2.19386621973535
2.17357354519228
2.03127529433383
0.9083275837483
0.957222026526185
0.910625045039127
1.08225462232572
1.44786118181616
0.822031970718954
0.750241440404605
0.976334366846494
1.09999013475362
1.3401645469772
0.858342001290835
0.690569547255319
0.865091896962136
1.51430848934248
1.37332091650842
1.28327096439447
0.847380077251324
0.851432140942294
1.0615630232634
1.02059203817351
0.981368497731058
1.10439188654478
0.721001113109611
1.53186978272657
0.827335846784404
0.863441660821498
0.928548659961842
1.4856969239142
1.67722601492083
0.663882278796312
0.703414420212899
0.772122886935955
0.904490547143519
2.4877038574517
1.07195897451188
0.849142146881382
0.547609510521232
0.69358904650299
0.741213193750361
1.03662270145966
0.854874278806733
0.903336859993348
1.20859017655826
2.70093397625966
2.23258111697362
1.55861858897512
1.78599430596604
0.815046274654154
2.43625675969317
2.14058659708388
0.765852947713826
0.730006586406307
0.96575411590131
0.649882827116158
0.871748414409924
1.14628382521921
2.25905285498525
1.54550264291061
0.966254435729337
0.735291947472988
2.87006140568565
0.921239984816027
0.854188926644596
1.05415114705504
0.92581715697651
0.803375103714249
1.52081688662748
1.37924494911515
0.831384301201153
0.706521340021833
0.96269417495868
0.890862578427044
0.814114863865556
1.71813172164705
0.782374618196274
2.95310780316951
1.45618341248416
0.881577991255424
0.750680141607951
0.862178220327386
1.11329780752608
0.894958881101228
0.9156293928315
0.658989181105134
0.65656962326776
0.774595761680591
0.711901853986923
1.89858182160095
2.24347315163327
1.51070189800846
1.69376542325762
0.876863583154243
0.778859066007723
1.81231367267651
0.823027518358586
0.812402696812079
0.829036631420539
0.979751076455191
0.710045761913205
0.776187205506882
1.18038306128875
1.28424438860545
1.35446445223455
0.821128598133733
0.781849751798472
1.40522445120732
1.11498255013665
0.789453906653199
0.717447196875897
0.980102164672046
1.87747487992749
0.803898714021078
0.929446395196746
1.35693409672861
1.1369627842786
1.38280095017049
0.916955562005259
0.869867475617542
0.817897563387462
1.04118379677202
0.808481472953667
0.918186188943877
0.972456983603489
1.50997139361756
1.28459530289389
1.57673837928123
1.4836328338397
1.38038207286499
0.989982256794255
0.660240412659396
0.631247090531048
0.760014189687904
1.51066559730893
0.625770119469166
0.644425694172143
0.816998285912006
1.04807811701612
1.80837219353164
1.45841097552492
2.11606889911946
0.931509445709628
1.03130121221036
0.839990245684181
0.947131296893687
0.862604735533569
1.00681719810655
0.975941554112628
0.805843407917395
1.02337796461206
2.208748327402
1.94351221540303
2.36969809675993
2.64623581952813
2.21452361926947
1.49631083345468
1.55420830570549
0.771513028778038
0.821557135715062
0.992936483327151
0.946518542737713
1.16350176268698
1.13024021418006
1.03284093452832
1.01907124196654
0.844296271582082
0.879143100561894
0.826059183209268
0.871124571516529
0.824691957201522
1.10333866636103
1.01936330252475
1.17240719833753
0.951616705198686
1.52942888228082
1.55391781673096
1.45833353248739
1.59935624974184
1.47708901381751
1.36046945827755
1.36600609809311
1.33867219325021
1.66595464050993
0.558611718056923
0.645728243002423
0.545940899911768
0.776154420037488
1.21589019964284
1.14364207478357
0.645341922405075
0.97554280577816
1.29233960479601
0.862180446561205
0.760172150951522
0.577228522203858
0.778083846517005
0.932069011187909
1.29325295278756
1.36612746644464
0.860927010295529
0.690074634692334
1.19959773537638
1.2788530325605
1.25254477731271
1.49880681013572
1.96651298472233
0.861656139951809
0.739042229990597
0.751603007596369
1.03051955537546
0.901556512673978
1.03341797904982
1.29611698671363
0.757281846799479
1.32895383029042
0.893665861887184
1.84406019256181
0.916398436138528
1.28974653396029
1.11836024731535
0.949577185742568
1.07046099457671
0.824935983324232
0.983680723668332
0.854871602526563
0.762485485299825
0.709154796670624
1.14260186338674
0.583387010622031
1.04136691515818
1.70827861110309
0.886348879941722
1.45167645972204
0.925173568639268
1.08750074849037
1.00260147591848
0.705864309852221
0.841521997179713
0.731482206006097
1.02686949918109
0.6757099637558
0.953516960794732
0.896240211505125
1.21114097031752
1.51599789386656
1.05770329629979
1.53174415867231
0.959506989633137
1.91450298305681
0.778127510636479
0.784665568857359
0.759596333705286
1.18267439629949
1.69615639648362
1.14478995363558
0.918133968924532
1.21286599391802
0.803542722868777
2.44074364030753
0.923760635805491
0.941085931260412
0.847638320443842
1.08150713498761
0.683506518300815
2.02864455266691
0.74583407779411
1.26852457460614
0.853389669320983
0.56660698024049
1.10103800297275
0.632409767643299
0.549085826556626
0.881435321477074
0.815081256389338
1.07728395201535
1.18191965957761
1.64051822948378
0.665574051121323
1.19679962929513
1.53343090032461
1.3776139708841
0.53785196702888
1.32011731913714
1.46195391735772
1.001547634149
1.15421524715495
1.22578750054915
1.16148435950636
0.909178755864053
0.717105028556836
1.88666122733925
0.954349149898964
0.715732903391945
0.837620216116908
1.09936297767964
1.07042718559686
0.924423038355934
1.0406610634752
0.752435319709178
1.31346086943684
1.06218296288726
1.76867275309049
0.898343525527928
0.839034983965011
0.975131321246276
0.616460943424431
1.11029009493729
0.695383126728932
2.86454653095104
0.969792503801791
0.995612893623339
0.811221533646177
1.78967715096453
0.885141843185484
0.88201887205935
0.971707621156793
1.03662452081821
1.23742293533639
0.830124292517403
1.52793195934092
0.867229024768496
0.805669260985798
1.15059498933739
1.62284374225875
1.60441649459652
0.904326171292575
1.15115019587983
0.972953625714696
1.31618223929924
1.23006329862129
0.876637047581045
0.785234402142727
1.0323328692047
1.05224767518967
0.762238845391456
0.763713398961526
2.38693818144017
0.692332416438096
0.937375386543591
1.36892167898379
0.80537848002518
1.08250239767733
0.928449297263002
1.87684914175359
1.0101386433027
0.8789104627238
0.777678280550865
1.40804075550029
0.911730593386205
1.05847771041902
1.08295197750185
1.39551237207728
1.64660833340283
1.53961230431643
0.746258593484282
1.68848491939509
0.83769330587892
1.15214616040009
1.589002680405
0.731996509255279
0.821773876332507
1.37074576502885
0.808116449264514
0.804205633853413
2.28846552224975
1.03173381215229
0.887257314445383
0.919509342365178
0.772939620888585
1.09002810578112
1.18604863797773
0.937009884868623
0.813249488278692
0.980714202913204
0.717513866422187
1.60992254839523
0.562728332615973
0.983065997137146
1.9415307475625
1.36979229060719
2.46569703070464
0.871589100568597
0.837032541300603
0.945325546068398
0.862346916415899
2.17678728945783
1.10333716757888
1.63110746227081
1.9495299723191
1.46871574232278
0.759063964222765
0.755040302925594
1.46249119518332
0.973473241268025
1.32447218980581
1.17498458327294
1.94954503041026
0.673180128075479
0.850485369583441
1.14915114258254
0.936405009238308
1.02465181254023
0.674709273116708
0.758098951127724
1.93896917895918
1.14091406279274
2.37525745907401
0.922576329282511
0.897971669163884
0.711286082329603
1.10022229942862
2.27976976302112
1.10985240127485
1.48797429426753
0.716847526441621
0.96249882071215
0.942387048695752
1.351868742356
1.83216256726083
0.815814829334408
0.816063014590477
0.859585106342798
0.895289178017729
1.93951374752951
1.80150969124928
0.795929929369903
0.768127192122135
0.91758541405424
1.32251883003885
1.89320276311131
0.785380981609033
0.731456095714488
0.645994253896922
0.542005382177652
1.8066051483747
0.705462035056819
0.7184051306456
1.10776028180806
0.824573367327998
0.681744330268184
0.727577665886622
0.745303459781281
0.896619365791981
0.963431738818796
0.872947966464256
0.948286481537826
1.77396343641248
0.704381098912441
0.919913770067244
1.02897095084807
2.84180023057586
0.957250494285681
0.760479581120886
1.04025810305191
0.982676306306084
2.66660375084093
1.27262629761131
3.01376013369496
1.40015664024534
1.4766260890165
2.4658140455656
0.791141885208903
0.835434525364826
0.805454106073003
1.45975823899587
0.835444212333605
0.793525943676725
0.758323568300405
1.44673496358998
1.01101074347769
1.2030933004686
0.969075955153929
0.85821837726021
1.60074192094217
0.633335801251427
0.88404836243346
1.73729682467532
0.63989059195463
0.752231010695414
1.37087564472302
1.02845208381246
1.3168784224345
0.639098590369009
0.507548626068562
0.664973947916542
2.48309179604411
1.34410715573275
1.35244654959056
1.24518178078593
0.937742656152307
1.18177171646281
0.773217420590647
0.935245777795552
1.0086444168015
0.742249101162858
1.11121999394471
1.10145662880809
1.036081772172
0.837179358318051
1.1972093573657
1.78010647867717
2.24072286686429
2.32827763582099
0.851847076212365
1.5347850884698
0.810926669768662
0.839369302047995
2.2743920569259
0.930072186813781
1.03525729597639
0.684460537429875
1.50719632788076
0.775131408492864
0.796626303585566
0.687761007925806
1.33702630871726
1.08674636577118
0.910576646435709
0.833619607154546
0.855191027148889
1.02897350099117
0.965771609772491
1.7496834712297
1.04165371284005
0.830463672962738
0.819445557254076
1.17376217254974
1.01474449149135
2.43701698493522
1.82298539303506
1.02012428638292
0.626318810044592
1.00404310416629
0.837758712376908
2.40265703248229
1.36794898889143
0.952125866682825
1.58111728679263
0.747367701768701
0.860007619087537
0.675779739907786
0.701241622979992
1.23121383140528
1.01412725201063
0.899051659435274
0.94937659768021
1.39535394740674
0.861247470084893
1.23018823266373
1.64313092577889
0.782137479181999
1.24752666419334
0.970928706470921
0.804981788911219
1.56313150487917
1.74873816553527
2.98110522390192
0.948094506264333
1.6203256130277
0.760952990196967
0.805468984242768
0.923517200274083
0.930481267186121
0.882455224491645
2.66726309197162
0.750596280133636
2.79878265228888
0.626253204834667
0.973479083837429
1.85433161686619
0.921291903669787
0.962317222474773
0.851641347224445
0.855352311915952
1.3599314338698
0.730880876997207
2.17634206117945
0.798816940011018
0.879428951203909
0.823255182503163
0.684231945990642
0.594338415500628
0.69761556137705
0.664975245939558
1.97985693795562
2.76195089936511
0.897694137563494
0.919550982048854
1.22908741047594
1.91382179242816
0.902831078090547
2.5307490546199
0.825798076690708
1.05045629562402
0.94284159930802
1.2683107042642
2.74070372138955
0.930205078882267
0.848670600775115
1.01911470629445
1.27919626754227
0.784994919798172
0.99184641534858
0.728375760090574
0.897938122424431
2.20639100654538
0.673922052175339
0.773087984739847
0.912814559378812
0.976104509310892
0.825409950235824
0.934563223315618
0.870534341547281
0.850710632874112
1.5917026246573
0.629231170754743
0.660151734301818
0.873913288227469
0.965735495191272
0.962049123529434
0.631190209781001
1.18911419059146
1.01689716943863
1.40539842533116
1.41353619051083
1.36744604042841
0.711607471974043
0.861753395811472
0.893000182101263
0.764885359982443
1.92278605717034
0.815528801658632
2.23663954501441
1.49722325969969
0.823171088910059
1.27632885555067
0.996061386651085
0.890228972201463
1.0341319480034
0.76446496416495
0.759198184816545
0.827474136239254
2.03987177786726
0.750901366687598
1.23481392977092
0.700238610761788
1.02141299097325
1.31305808097901
1.00805913900806
2.29552014338645
0.84017095746904
1.07760024978505
0.87079757769782
0.658034861542345
0.924843057979976
1.43441761630481
1.00994383302981
1.0348943541179
1.18873276419084
0.763530415447792
0.769893677798772
0.78224474370708
1.38820192998657
0.838139378220836
2.19799275601248
2.98513905276216
0.877657758149603
1.61966458411346
1.36038490081253
1.224860735775
1.1741329366598
0.98200000035858
1.19541461955783
0.896449213887592
0.948469658080446
0.917286088048283
0.879738962770656
0.901729179874556
0.976741393548084
0.865361139631364
0.852595776268369
2.34692970260544
1.06581948189982
1.2604232246086
0.883284782339159
0.710928119994579
0.595673275210462
0.637861562711871
1.02818581792375
1.52788559374791
3.06131252895527
0.791032626651742
1.85446018799862
0.740641711709006
1.01367855413758
1.61277191262218
1.01835440349334
0.885560269631656
0.729136175076404
2.50873947877847
0.823458041522534
0.752436767499805
2.49206784455903
1.85888370402238
1.2476586281595
1.99030598892704
1.81937602828806
0.74541595883934
0.811532881851218
0.739037689839294
1.119887440455
1.34001755798752
0.939623955503827
0.836213177780087
1.11043113561654
0.781611315198847
1.84844579174582
0.98485280669096
1.22900655394629
1.13542086171563
1.5230775244042
0.964892185848299
0.859633894794276
1.04897392530068
1.77949199640805
0.949490317027428
1.37306808786396
1.17885330405202
1.14750557680322
0.562850745681022
0.660889593112722
1.38703051745121
0.870872264258936
0.851034448854117
0.81678143429552
1.8099050539342
1.10442646378641
0.766951207573319
1.32875951715069
1.34602035157431
1.64510912458664
0.890462736986505
0.83536896337312
0.84534505241064
0.956230514292409
2.3408213395136
1.1578335150639
1.39240737626925
1.42942229569467
1.45679714485381
0.996676261244871
1.01842646624674
0.832152366872076
1.07520217724864
1.641164643197
1.29449005538228
1.83869426144069
0.750072027612483
0.882779502724474
0.698545842761863
1.03088438168216
1.11545901749948
0.782128064992579
0.865321757138237
0.958180602494729
0.962070265290124
0.818345909931856
1.0098773226861
1.08249085060855
1.22662471559426
0.895346838636268
0.815132494624595
0.896924725390276
0.89113426068404
0.843407174214129
0.82001972538145
0.79304846718666
0.772119295314171
0.987605413837876
0.868169419221513
0.84251047008651
0.996221979047249
0.843736095511026
1.3852112171523
0.981121370238987
0.889358030607215
0.890986170762796
0.768413200895656
0.878725541764725
0.744378646705041
1.2929138610634
0.792024529591858
0.856497076749693
0.83525793742456
1.21557249011458
0.878871457310632
0.81538373275842
0.931876573891688
1.02581986345789
0.88984826285707
0.845144231058329
0.907106318155149
1.09065909190578
1.10945510286481
0.75622287121948
0.907667278283464
1.28826476540388
0.883685457914178
0.860246561483263
0.815516905522844
0.840736191906741
0.799363087515843
1.14321651189649
0.892231054822776
0.923842812699526
0.862444670904263
0.804017738210002
0.932203711493851
0.848490785807361
1.35466385584995
0.984043913689487
0.773905944590484
0.80550817851226
0.775131577781756
0.871883493060745
0.981121112506266
0.803198868380664
1.06440317661455
0.960664636999466
0.971940295710618
0.898827353837149
0.873576084475003
0.87737340367827
0.874909061831111
0.888562194250728
0.908663672328521
0.810199699914042
0.873503020533411
0.85848369736306
1.03780085201899
0.892488585483639
0.866540401011129
0.890202206971224
0.932330235877439
0.881304014061858
0.906515835680843
0.817443538118909
0.831631064856311
1.17135770045818
1.06110304514198
0.972438246569888
0.849465122482973
0.826864408521388
0.952603168354247
1.00699180953613
0.852799707484459
0.948107164182012
1.10260813017173
1.14582337039776
1.0603452895009
0.766167846482182
0.776528231450412
0.779072974745936
0.83065258380108
0.86676278421449
1.04062538136427
1.03053813378794
0.785242030961787
0.729875251698125
0.758698655578941
0.833692859551237
0.966635285254561
1.16974975439242
0.916752153113409
0.768041808353042
0.811985414399823
0.786014659473077
1.49487097498945
1.4517877196067
0.789827021638221
0.87426752576106
0.903104986597142
1.36345704831171
0.895151315836489
0.833621385995488
0.814555361366547
0.842705356342316
0.884166772173835
0.864009797335968
0.961646536017609
1.36816501478719
0.852414060142633
1.26315604241905
0.959449060740879
0.926626463005562
0.771919631851959
0.765047557287633
0.761347325558281
0.785269397187215
0.807911435963207
0.797381541146776
0.902053478846545
0.846138414103494
1.15125089045764
0.76132659370971
0.830187597148585
0.875015242141495
0.982102647855989
0.897561971740494
0.872010522587042
1.16598188004696
0.926916376536624
1.21840809092204
0.86193961454269
0.908211800680015
0.918486166041462
0.86294076990145
1.10700349259935
0.797141226476414
0.830948473087231
0.975411923878788
0.897360609040651
1.01102490546329
0.812747967526984
0.841590957170037
0.879034358928167
0.916073646125731
0.865307910025643
0.87603396329711
0.930238379675285
0.908223355398516
0.870171312072256
0.874099019377184
0.885882352616075
0.876036926197799
0.899711606971771
0.894217858846183
0.819310259489638
0.776934467626509
0.897386121153809
1.07450540173025
0.865193906579533
0.991153492718653
0.847862633432409
0.91168435207164
1.47072045740518
0.723834201538064
