0.697427573560971
0.836560236331911
0.947473883028464
0.912631967850604
0.848300123578471
0.808611984124174
0.96722111557418
0.998702349657597
1.06489287827548
0.918985022038824
0.7015553854293
0.67262119861601
0.963212071561409
1.66450093588364
1.02744408830779
0.80587560512511
0.791387064373991
0.767256774596427
0.91837306374309
0.863715531394067
0.697564906575238
0.756522257828386
0.764526428934325
1.31611951047728
0.923020952654081
1.02377185046638
0.805795565630203
1.41488494216525
0.74720195098789
1.11443634389131
0.876295745971549
0.861157605711807
0.744330598646054
0.870805835704601
0.891410761141858
0.871244066219588
0.774118704202171
0.768892108183454
0.881215260307954
1.01393778346336
0.754857888193858
0.952734650801081
1.49493585897271
0.828666219805322
1.20813723676356
0.685748650865931
0.818060469865861
0.801341436315402
0.944466851593307
1.20261230241681
0.785480408256871
1.02598428220358
1.27259236462072
0.925640851504581
0.766866781644401
1.63687916706615
1.38315063287596
1.10068608211073
0.903228216259885
1.60892952066515
0.825033218487331
0.836653180581714
0.987907294791527
0.943175658816299
1.01246884925906
0.943890931465666
0.827052731900951
0.843122598876739
0.902295193625517
0.900022665370775
0.803214649688628
0.729610511430966
0.882031275903773
0.830782911957793
0.828184231472471
0.761151562751345
1.15631048164115
0.883889980675958
0.754925817514675
0.743032841521022
0.928964783755996
0.849370033122619
0.866654567605694
0.933259760182709
0.87353730682723
1.4348735865189
1.57058805271952
0.768493304566724
0.751043207086211
0.671518208320184
1.09945849763903
0.781815555653817
0.90116339796767
0.820935551382102
0.858048098203482
1.05959301650961
0.710598654415404
0.773122130279999
0.784437165569117
0.817234286794696
1.29351590740528
0.782458776309379
1.24550307278311
1.34538230196049
1.67593315186923
1.03165462275783
0.813711483508407
0.893281311088139
0.778293965937319
1.66193298086684
1.31409195827137
1.52325223795792
0.871631234500317
0.896198388503143
0.787622976557849
0.88038446076694
0.658354909991976
1.00111430133512
0.799635638466544
0.958949078686569
0.758434126985261
0.958319834724959
0.862198574812751
0.860634132107465
0.885229965163327
0.721881064635699
0.784748789132011
0.646141150117223
0.622930106835225
0.794516221903421
1.23962236879064
0.916490237882835
1.2106960446743
1.17275270388912
1.4082612503276
1.38685156186702
1.20324913131303
1.41072324720241
1.31168901613757
1.0704835334972
0.681117695781367
0.958743952093509
0.748597295368709
0.615031615062531
0.934498828604109
0.787838309291898
0.783382627148075
0.991134379743833
0.880597313861061
0.899746480804651
0.936067665945524
0.774397882331294
0.739355770851254
0.591531520175902
0.590377798991707
0.661586176251314
0.578756439148668
0.626108378137631
0.764481340048626
0.683178096642778
0.500476363343413
0.562747706842616
0.544906507998756
0.605090629892518
0.729908390190265
2.15805452981953
3.02759124808275
2.28304288649859
2.38257058591254
2.41411186426323
2.25443962299235
1.49246786974139
2.43136794852629
1.93867024631052
2.83690833171825
1.79464469663425
2.44296078020266
2.47489002594585
3.47840222766368
1.88396651296149
2.12033322351371
1.45742693460942
1.64758545076587
1.69980575271079
1.45292757017578
0.851758749007736
1.5907949544829
1.35147768204901
0.894109552656547
1.16684421068747
1.04882149996779
1.05138889638824
0.831078089020828
1.22525695904518
0.90343120346014
0.973052300285862
0.808690631897974
1.04587417633198
1.22248963091928
1.14387429714671
0.74099588677635
1.10302612051975
0.717285979929995
1.12112638369599
0.712216946149326
0.698790996018452
0.827054151456039
0.570802329962934
0.590868868060452
0.630803747352398
0.602770600719768
0.853285993838379
0.759553102311157
0.547309219476975
0.849198596173892
0.920199713804473
0.776941496851875
0.726643297381114
0.673402545894031
0.865351790993412
0.918921950245572
0.821359332400356
1.20351666411531
2.32648774954827
1.32315955750788
1.24461929293599
2.01580945739595
1.98177704240574
2.6101738978722
2.19207137521466
2.79239566184599
2.37543600370826
1.0580695967609
3.13516940242866
1.92364016173061
1.33393456227495
1.99689154112917
2.12105706583679
1.52664823102561
2.16067930903607
2.24414623364988
2.12360493056246
2.60922126398405
2.78932777073086
2.63997902430997
2.52618266422127
1.85619352551118
2.05543901479842
1.88360465871761
1.73485947060231
0.537072065147529
0.604812878527276
0.589267312499285
0.861519043929097
0.755649924466022
1.00144609541363
0.851300927120361
0.95958304032921
0.835508391893207
0.781450406354052
0.821907025505795
1.02515210316827
0.895921146888146
0.868598800059126
1.00300748746845
0.837421711485267
0.842459852542005
1.45855176203787
1.8732178531813
0.790747825886834
1.20955204498712
0.813266802397934
0.890512139794275
0.799110378710983
0.881423676563757
1.17836268599929
1.02888943815194
1.02916894219425
0.933850528498306
1.07879017318281
1.30030983114057
1.8673025305996
1.1491853014077
1.810808488465
1.20884719172916
2.1769306177691
2.21040669410321
2.17134047886237
2.02239820702566
0.907088899174813
0.956712712097223
0.906378735002835
1.08980909161469
1.47713120399091
0.794783656199133
0.719117567651092
0.957208642706487
1.11369564499622
1.36155753448278
0.875632252456182
0.693308235473295
0.817310302285242
1.53292051426305
1.37189350011486
1.32181081752474
0.841794316383986
0.811318413440568
1.05140822347156
1.04290859027226
0.960150373293654
1.13400074141448
0.739187322343032
1.51912207577901
0.823183658225895
0.863650110577749
0.915398136284609
1.50851134086658
1.7018565676463
0.646377774167219
0.691715251459308
0.764229055096302
0.880013978946009
2.46236281897281
1.04107228631989
0.846629298373923
0.539050475166549
0.715225519619892
0.730209776100292
1.020838741896
0.858000668686207
0.882123585444815
1.2413198399411
2.69829634127388
2.27156315655109
1.52427934953762
1.78306460535781
0.823466080891561
2.43582429895998
2.13135614630814
0.79281943092901
0.760552402281698
0.957332639232464
0.625267547636981
0.836962575630088
1.17158675078561
2.24251823839872
1.51223391730738
0.978859975288407
0.729717775896927
2.8576023286838
0.914525882063114
0.893036027239047
1.0636994455907
0.910939145991874
0.798007738047941
1.57410920410683
1.40287477279656
0.806138388733385
0.679356333248699
0.964241164200356
0.892905839160135
0.816705696910955
1.74451614452594
0.779792252684872
2.99409796085309
1.45194433110273
0.863841484346409
0.742116691494982
0.862335911389238
1.11793902219349
0.875200017391789
0.900724295863926
0.661904657424922
0.649473799478962
0.778605663792287
0.706317927356366
1.86870928232517
2.20748220743997
1.4453960938923
1.69363162221929
0.866959848231269
0.761154291401227
1.84118892258326
0.807320060640602
0.812101718818995
0.82488802859853
0.989280420944142
0.660249803268336
0.780383523826535
1.0845318456514
1.24891353743318
1.36641989576738
0.79809508318585
0.779565279836147
1.42569581037305
1.11651814130388
0.769967724452212
0.713353702875119
0.995212910508278
1.88999946378062
0.762107851094846
0.890549436122515
1.38031062390331
1.12598304865839
1.37206639026712
0.914910145773138
0.844028239697994
0.783819224888886
1.02437563141327
0.787236532545231
0.916592000017402
0.953915789677062
1.55088475935209
1.30744005287566
1.63540877555264
1.52408452417489
1.41758400728091
0.967833901689681
0.638636831307815
0.593443076720269
0.72064991159026
1.56677283279041
0.613590829136054
0.649218755436564
0.820068646398868
1.015428302771
1.77946335132536
1.39925134316141
2.13294996914545
0.925401507428167
1.03357906668429
0.830770184118495
0.944614027218246
0.860031139229876
0.995385343294197
0.952135658893387
0.782732422400618
1.00702392076116
2.26994235366789
1.99779000161957
2.39195369022371
2.68580643167759
2.21532915682145
1.46953219472956
1.60345689130716
0.76047376366289
0.8150206864456
0.99012203390902
0.951758207072775
1.17270146168609
1.13585022462136
1.00437096065461
1.00218380411864
0.823887780699795
0.877994763272178
0.839814983966027
0.881965330335466
0.839817271636828
1.11620054202997
1.01731400200535
1.20461873319794
0.94262992153992
1.55652242070397
1.57354717887458
1.48206988102332
1.61935739274587
1.51982651812323
1.39882372599176
1.40080200570102
1.36319009837203
1.68186221942186
0.563539965617073
0.635777904034267
0.554389286510719
0.741269394472203
1.20220877496727
1.09441794506795
0.651103053516682
0.961222999911152
1.30770274953655
0.828136472212139
0.742414670428714
0.589125617252097
0.742715102418593
0.896480331127262
1.29284241776449
1.30952291151263
0.857410570030722
0.714401272897609
1.22479553298894
1.19162649969552
1.16238288391659
1.42351830319991
1.97973357917487
0.827315803404306
0.720262449717753
0.742190823244674
1.00005256429756
0.8682826275014
0.875876452079682
1.30689726188907
0.710688760449504
1.351246979148
0.866151766719451
1.85941573370496
0.895313452372811
1.28846419581539
1.14603776180947
0.923896317645603
1.10349418892148
0.814307358538549
0.978674296778631
0.834565137532121
0.7356808376184
0.671070997566976
1.14057528511248
0.59074862591253
1.03480656306861
1.75246946213029
0.863103811608001
1.47007167853753
0.911001368454206
1.05813745749801
0.982899761228009
0.707525255146212
0.83495680815662
0.673697547961564
1.00478783649488
0.675224580063955
0.931007119781022
0.886216943381841
1.22681283429125
1.54170224537794
1.03625721628485
1.50805919115925
0.930165980867501
1.91101841082864
0.75290974850395
0.755257507846301
0.737742467901942
1.10478438531476
1.65989386953101
1.07790813794902
0.876310445309732
1.20072463520266
0.804467429885752
2.43861468649583
0.894802111716646
0.953572499357409
0.82180920798904
1.09285697220847
0.706215918683363
2.0288676092864
0.750128784632852
1.28483483349018
0.833661602813485
0.561063175652533
1.10040182194655
0.625431223456166
0.560541032827232
0.847932227060599
0.794755744418176
1.07652642303584
1.21039872292385
1.61858640426284
0.669195623201257
1.14669765569799
1.47728103075439
1.40609677866318
0.532788688955489
1.34302651299738
1.49501617695662
1.00009205279559
1.03340948965938
1.21831428194274
1.14233671957962
0.892637749089825
0.695228931261424
1.90443765158806
0.798127177368226
0.698553482961171
0.813902793001149
1.13217039990634
1.06993123105319
0.909396718485373
1.06162818268385
0.738416162419407
1.3183787942275
1.05588156610116
1.79133656852213
0.867032447335557
0.815536169095885
0.977172119049231
0.606622774189135
1.14222391893084
0.69042124305524
2.87168745327192
0.948301614091333
0.976158926420651
0.8355167225239
1.80489751721516
0.898118751353386
0.870086103401319
0.986686013718696
0.995278230664154
1.19782246228737
0.791600927981521
1.53364035638964
0.861703415348517
0.810082463778738
1.13232065979881
1.68209558365678
1.61469318706706
0.876930461543602
1.11391195960539
0.956906461665931
1.30537919659822
1.23437497736097
0.843195457295755
0.750318516206438
1.05144174977423
1.0441964818695
0.751569635387418
0.757425171154141
2.39798999051741
0.687359181593369
0.924691782370748
1.39876695782551
0.768217019077722
1.09666476472954
0.915465444235898
1.89630703596606
0.973381905889238
0.8555129573209
0.750019795499557
1.42727132522544
0.923261896991767
1.04436174514168
1.08008219452231
1.41244078399925
1.65977756487115
1.55419626937812
0.736779558190176
1.71807401136618
0.813712266011948
1.18363939877104
1.50911612388271
0.704025023924412
0.819331426982979
1.32588916683119
0.775833803647696
0.768295940712167
2.30873512622619
1.01693366014941
0.862481485707187
0.894943522518415
0.805662058317807
1.03171891109871
1.19379466569014
0.924843635153614
0.792255286307733
0.982364526480118
0.714052777773176
1.6367220919777
0.578420424767431
0.981302138354565
1.91600373997646
1.39148002718022
2.48703730566924
0.880929974745763
0.802248210239351
0.935500049644689
0.865809626072964
2.1653810942873
1.09914288170762
1.57796843005094
1.90404170305571
1.51772865944918
0.738805505258029
0.72264852168538
1.49559230859523
0.964331043628695
1.29486242579202
1.15311285063534
1.92661213683428
0.673952993913752
0.853624941007816
1.16428266706457
0.906335892924164
1.00363727917387
0.673899984917167
0.77057928522398
1.942700122703
1.11030585768885
2.36754550882136
0.923198916268127
0.851774377887504
0.672750235930993
1.09868028279004
2.24367379635758
1.09186985157466
1.51858499124511
0.759119733545355
0.978444858972319
0.948743869566644
1.36932779209094
1.78029197435252
0.815997032773537
0.811013841017613
0.817458168497394
0.849819452271298
1.94450018598764
1.81155693351917
0.775721805075913
0.764599223835137
0.925354307715915
1.3333432603928
1.91089024520477
0.779484064736505
0.684193057281861
0.649580009761449
0.542234094783379
1.74845650533823
0.69245137944431
0.702584098806741
1.12916678346963
0.817814768381982
0.671103181408801
0.689154147207521
0.744683589014118
0.862584022647962
0.956138371833277
0.861270003215786
0.929364714977373
1.78501866305863
0.711171178140352
0.883843938443163
1.02942288931602
2.83446040590677
0.920299043788527
0.781830848360479
1.04498343316811
0.956893458666422
2.68455342169637
1.26102942209331
3.04550849689236
1.42254286168235
1.49766816803263
2.4870865147853
0.746364796470929
0.791066590163497
0.7710079895939
1.46376537144412
0.810158991922936
0.771849072473832
0.778801934142681
1.45020385992974
1.01132322897255
1.193981794477
0.980741615344727
0.82920687865785
1.58951721649298
0.625354206830857
0.882982050941079
1.75883436299413
0.641273481133512
0.78450374259356
1.29271187531785
1.02262757391855
1.33587839826686
0.637569689989516
0.502412152843925
0.656843477908758
2.49635518556774
1.37252425837056
1.38607984854581
1.25336702045312
0.944910414003674
1.17191931424244
0.721844839341901
0.916677939083652
0.977178638079283
0.748143045561608
1.12033958082989
1.09853525865368
1.04356672864154
0.802847541498005
1.11656921139565
1.79504400254764
2.21356946181227
2.32847965708005
0.847915471742173
1.5568071210243
0.790923388946145
0.816834257338726
2.28746770939243
0.924038396266219
1.05779887209023
0.653663311378292
1.46890660280821
0.788301062183836
0.770627223477406
0.680902698444642
1.37419000807707
1.11045065871819
0.87682949746754
0.805150891252816
0.829912178730067
1.04434162647152
0.990030018753112
1.72401436639094
1.03964987595192
0.827933537905518
0.814407396593255
1.20654733698504
0.999373242170101
2.4410374582317
1.75791066462529
0.99932466372928
0.619183527087512
0.981692231507267
0.802857639459655
2.41142846088189
1.37169956325814
0.953598060234134
1.60329738050031
0.739514583738699
0.835843135334881
0.665556430587106
0.69805892241165
1.22789084040388
1.02989615705738
0.887020997116759
0.931681421118617
1.39432993834593
0.869626815837952
1.16575947508734
1.67737224183708
0.751313894354699
1.25913153989304
0.979419154079071
0.840819044221291
1.54125002829653
1.72732543025045
2.98472882230404
0.952156137405602
1.5817886495478
0.741909158912792
0.807988093381932
0.899788720869637
0.899204538646902
0.850134650584566
2.70985303547846
0.790409297458269
2.79158817298139
0.629884691944155
0.982257845156825
1.86640228109971
0.88217284121723
0.932819131502825
0.809682660114453
0.837266012600605
1.3100865841501
0.744424785199305
2.21075904289791
0.789509521835335
0.871249277993701
0.808321801122317
0.657397865348675
0.562621850015679
0.689809639096145
0.653105867900319
1.95474112397657
2.76892479694389
0.878191283679198
0.917143593319012
1.23525779620812
1.93684008333953
0.87679174984146
2.55352204677715
0.825408056296606
1.04767005602597
0.940895812942374
1.24178539726366
2.76328143487096
0.893091338926669
0.83297854726615
1.02159592483845
1.19563096529107
0.762164376312101
0.977429100722726
0.748558923674341
0.873092981205313
2.2239154609697
0.667340138111939
0.74237857423927
0.888827008451687
0.948602412699878
0.772162846639824
0.916419875824391
0.867866382230793
0.853631685591589
1.54701967343146
0.637700645108642
0.662639503335702
0.857539075562108
0.946758497128608
0.94828812353129
0.631175110983432
1.17636434197204
1.00078071219561
1.44874404870466
1.44981133343341
1.39643943243766
0.701765728021082
0.854202975167789
0.876938352759862
0.74639524869463
1.91205596286861
0.787304202017641
2.25482145615101
1.53097030807948
0.79692392711666
1.20645133476781
1.0029022814105
0.880612844521907
1.03987642703526
0.734634172291544
0.726892516392678
0.802739235353148
2.05679096370024
0.738561966331856
1.21836933185025
0.662342967913854
0.972471402964329
1.34263140126958
0.990078588051363
2.31136952663045
0.826347750926718
1.08117396103359
0.821070272944179
0.616379408791823
0.937668520438115
1.34166929719744
0.976045625548626
1.03108078453333
1.22525355823427
0.71687914051247
0.767345405763347
0.740992717576073
1.37832981396385
0.858611480918235
2.20571189657201
2.99452091247467
0.856163935532237
1.66598310798464
1.37343099099113
1.23995156850784
1.12813717085894
0.967210996974319
1.23349426218633
0.871055784368098
0.922098330592637
0.888886277780061
0.879156220641759
0.881834189633918
0.957129467292557
0.844279448330645
0.854150683038626
2.37329773660089
1.08434108239364
1.20748358995451
0.875157183753108
0.665078973220321
0.619747078270329
0.654923897775374
0.884854386883125
1.53804532800821
3.08589042225846
0.761233754431323
1.80970139267321
0.727282911412072
1.04217032099929
1.61902498115052
1.01423499846009
0.870522675134827
0.721905500626925
2.4937733852876
0.802705035612921
0.724286102645704
2.514793496376
1.86232884070261
1.23985178256309
2.00086146179033
1.80978565170954
0.712695406733267
0.811541563170877
0.723154280808642
1.1342721919652
1.35985709604691
0.921289930228817
0.812232762220315
1.10794009395415
0.779846671069115
1.8260383402365
0.989589196005202
1.2548290586406
1.16227561792149
1.57789830151014
0.920444437677279
0.8307951592666
1.04980293411573
1.7618747975939
0.943871028222883
1.2819157420758
1.09093543598697
1.06384771972616
0.542442391732449
0.648418443709495
1.41725018685543
0.836724251786435
0.815606680270936
0.78146119891662
1.78584964748026
1.11856976074015
0.754527921147174
1.3458476759491
1.37353578348527
1.6418624979728
0.895153612702877
0.835686337557651
0.83061460678957
0.954756989539312
2.37409371723504
1.15214576746976
1.32255575139666
1.34158471323689
1.47085017742344
0.971506168978874
1.02316949042116
0.808810754775284
1.0446935921206
1.64275201559492
1.28652239226518
1.85644908786069
0.734166835229964
0.865776091959184
0.660588410732512
1.01135044437469
1.10055147006607
0.677136469836383
0.802350779745914
0.937136885085753
0.939835544304488
0.784951199128127
0.985160267369556
1.06350840439029
1.22029576739752
0.88328700397915
0.784983957174256
0.85294599606371
0.854462884289417
0.803000970323177
0.78413234747315
0.759315328215064
0.714249508967157
0.95316252234589
0.838169143730273
0.811743006766917
0.931755103389409
0.842056722201575
1.37961161661904
0.940573217013235
0.854318475908085
0.861130525616524
0.7344330096087
0.848343599759826
0.705474323183938
1.26958620800078
0.753772569168521
0.72277175170024
0.712221132650137
1.20722238907139
0.848031263964793
0.797280141713318
0.920583118142936
1.00613136094874
0.828387538447127
0.792222847791467
0.884709400532105
1.08767021836718
1.08816230028777
0.742529230275605
0.877721484637171
1.28274315102622
0.854349903981412
0.82818760119992
0.769324198772679
0.808771849763135
0.757557922928163
1.09399941146299
0.830814052156099
0.911759963673201
0.822033722815909
0.786990453157883
0.899589325586591
0.817045804866416
1.34412847674023
0.948930357602754
0.739734563422047
0.769193804465558
0.739988245561565
0.829037101210829
0.954416297875969
0.787950481770031
1.03396289893708
0.920344738904525
0.946035800852872
0.854771501599718
0.821143133414316
0.846206518081023
0.823270880330143
0.872834918281115
0.884891313912749
0.790310598954133
0.845718023538814
0.831376283535923
1.03990172160134
0.866289698791028
0.837218218750335
0.845014335556085
0.890583523417286
0.850205863724124
0.877206298070957
0.772168023782886
0.793322238761545
1.15958056175147
1.03169846525076
0.882065724063054
0.759234521417349
0.785852567629824
0.927192514056948
0.984211089973683
0.837999760113983
0.927785625429496
1.09138646303976
1.13500383570046
1.05678228811281
0.607926549845539
0.686751250576431
0.650484047476556
0.798412501023286
0.836124140092954
1.00650277058789
0.998426923876338
0.756183705944841
0.702499337543505
0.727556927860239
0.80360495753991
0.896339707200542
1.11103304711082
0.888302383896464
0.722957311509743
0.77607759323779
0.778631030208748
1.49310655579866
1.44244926497339
0.756015164788773
0.845233558813943
0.841281917689542
1.36411207893379
0.86863932236784
0.804014837289922
0.793316846231238
0.696043776225542
0.840911568769756
0.833718183215882
0.933515080717893
1.34185349402806
0.821672038976467
1.26304660141362
0.898871433359884
0.918280431843059
0.740337683323335
0.731235872868861
0.72674429080285
0.749783172805328
0.773392512683015
0.762584880355142
0.845084334940693
0.801799765021119
1.12783667096632
0.719007208582368
0.7880381682193
0.854160959111892
0.965827669265869
0.888042659037569
0.816476386736923
1.15329738812374
0.883144556206954
1.21556284525367
0.838307350920376
0.878722724075937
0.888379751505721
0.813012049139109
1.10990560047405
0.78231607063582
0.784557671557176
0.864842945956873
0.869035730324842
0.97046083033752
0.779557093456137
0.82977507924515
0.856934763522408
0.890863492672974
0.842105527099493
0.846623775910393
0.902609756717271
0.833146033917892
0.807023094294863
0.775743382435571
0.860873327319875
0.839440201983355
0.879581195744763
0.850028677867113
0.779209680487973
0.760310337585004
0.887930912458215
1.05716356833732
0.867875135069703
0.997255265300087
0.841696048065914
0.903759193147445
1.47204460107742
0.68511501348256
