1.54261210375241
1.23805808113905
0.984335338397102
0.965841846372909
1.09009951933616
1.1597876245531
1.143767449435
1.13798392303047
1.12469241625124
1.11189071814287
1.07214159166877
1.06985749173107
1.22945965422777
2.03589889150556
1.85513646228431
1.17240545594537
1.1598262274718
1.16199778232495
1.27286701988068
1.44553584174919
1.54375810902043
0.967092701049388
0.937089105945674
1.5159946063711
1.43285695925962
1.47338572592665
1.04381270080756
2.12624099797578
1.13946427961579
1.11350205059495
1.12942134079925
1.32445968376604
1.1069631998495
0.951837315542549
1.06181028757352
1.26548758204802
1.15254729035958
1.15196396535271
1.19639307275731
1.52393155200028
0.935590918401977
1.61654542900784
1.75404105781193
1.11065865523196
1.35163943928662
1.07734782616232
1.09063559349389
1.00855310468652
1.05525794271832
2.07927953353175
1.12540270245694
1.12126004069315
1.43842669711968
1.13995907611929
1.14577727185728
1.94490205013093
1.61299319523951
1.28617495993744
1.09170443873511
2.08604651448485
1.20029572349209
1.16063170262825
1.73680956613602
1.52520284244356
1.11708379926965
1.34487134197436
1.02324948673128
1.21792803313297
1.35183908969603
1.07383754570794
0.983890336969585
0.951183879147738
0.958656670558426
0.943742006049712
1.05646412913347
0.927104105905788
1.31943160410094
1.16869869582423
1.15039940592206
1.14412909367705
1.39594205617167
1.14589788145419
1.22090135525342
1.02293429789391
1.09529487213702
1.677056412444
1.84929011731107
1.15580447810954
1.07914662722271
1.07145128925758
1.9736046130146
1.1532967860254
1.14985055858999
1.27046753070194
1.530002129485
1.50403799463233
1.08910982072169
1.16026267681073
1.12931159211665
1.11655630557008
1.47712344277786
1.5025227034439
1.39486049141433
1.56169102446758
2.00488783496149
1.25913423191573
1.09730876291144
1.09782506377694
1.13142154365429
2.06987548739336
2.1094161626729
2.1098620314189
1.10143920832456
1.19363594377317
1.17587019890947
1.23622132728012
0.844870260875132
0.954469563352226
0.871771273178833
0.957309741412005
1.02505840625702
0.948879169991907
0.947619055433965
0.905977962677477
0.886999261272821
0.963041026807543
0.938604196602024
1.03194368517054
0.997214738284034
0.952529601218985
1.14697245492413
1.24721404459389
1.23084020243907
1.30893239353903
1.36577129751528
1.33879933226379
1.26966977909156
1.3828762765411
1.28570922229025
1.33782104471472
0.917579275473202
0.758219224216338
0.650090155656703
0.638045588261375
0.685956567603755
0.819982994608297
0.898315177180082
0.730447208306259
0.960638422447029
0.900275395642663
0.768351507540288
0.8180976832247
0.786702048427054
0.77240859580277
0.782941476631418
0.773352596184418
0.763932158465448
0.821109584796779
0.701423559043651
0.653631209959753
0.767999874910722
0.768529014218962
0.715670920322127
0.766137602917278
0.787536925598377
1.81440292876641
2.27644983260858
2.31374424228562
2.3945959859896
2.37518881377004
2.1511469636298
1.34956671994949
2.58790187834404
2.25789603332025
2.69931792713224
2.05763907655204
2.23739663003981
2.70284675282475
2.89727176200872
1.43057668979884
1.97044119481842
1.01933817609664
0.95036067056821
1.12337912996249
1.04841116393186
0.799594487510744
1.19630568071103
0.971221989801012
0.95784061250914
0.943480442036522
0.925996585546903
0.902662430613102
0.958124462157046
0.976774123094665
0.999899840304995
1.03409624483636
0.993688112030689
0.994850247778694
1.00123076425989
1.03780453931471
1.1137159145155
1.06824336658028
1.1227208426427
1.09446669832033
1.03853572432098
0.831271957882067
0.709083147309269
0.644298222902055
0.626333085819122
0.596856739989486
0.621764527789952
0.627393106498246
0.691153047854599
0.586123717288691
0.754796850604852
0.766224238722962
0.680654445286134
0.618633973688114
0.595663643314696
0.576200767702176
0.630796663353685
0.953596505632752
1.4147371913166
1.82563963226886
1.64540670415819
1.57647038000528
2.01643680357399
2.13816683029193
2.17789275335854
1.77089308388011
2.18265617948816
2.16824927877185
1.35044636996418
2.73820940367946
1.93138502013588
1.41720332082296
1.14955278567795
1.27600353459076
2.35968563727421
2.50411590911841
1.74543773364776
1.43648157727538
1.99478290451144
2.03442589563174
2.20453233405295
2.04449421053034
1.62823333259302
1.33132408216697
1.71214201849642
1.3617515107166
0.796162286965384
0.817288019019642
0.812052154564724
0.826943144023859
0.791451776929651
1.11230781614879
0.930779161065098
0.924218121112066
0.851610005751201
0.928561903738159
0.862935643354326
0.878031480009682
0.851977165207158
0.910885987825784
0.87037663667881
0.832391372689348
0.985894922543486
1.01705403154132
1.0029088322284
1.03793970372534
1.02980571078072
1.02716199719169
1.02888291466847
0.995963747841274
0.970410458959689
1.4026798463198
1.07874185358636
1.17475162930055
1.18584631973048
1.19215742697353
1.49121113909017
1.78589592947497
1.66329427667847
1.75252131606514
1.69611254951328
1.83314945627575
1.96109744319887
1.90315574217725
1.95111843881836
0.999180728483421
1.0605300107782
1.08566710389577
1.05654569456752
1.14674707490884
0.885805645347915
0.919740368648134
1.10619966823425
0.95533401813473
0.904385494166662
0.648900398184651
0.587151606415262
1.24816488349309
0.887109382148882
0.810427143268918
0.9291671242874
1.08900925379457
1.04909591033424
0.960135130971903
0.639220378583403
1.00305304872479
1.07524151443152
0.745846641254908
1.49293545879321
0.716016928277307
0.90889657529558
0.899724719296874
1.17827218822149
1.45249234940864
0.748457615523677
0.828283299397664
0.988072373430065
1.20899013997369
2.5908678464668
1.37900190686248
0.75283456586995
0.704675814963897
0.714108831706097
0.914875649410995
0.953242842110735
0.802520958823445
1.23334797427202
0.900316444678888
2.36291077628458
1.91344413319617
1.70435397395469
2.0834474081822
0.576326879738171
2.1431310409604
1.82997849014394
0.743298194177461
0.706409859571062
0.979508474416244
0.851576179351534
0.979417491656715
0.898985303356864
2.38655276612985
1.81940812331646
0.8262173073232
0.723418895879431
2.33511035776694
0.959248547219133
0.65388690626944
1.20500888280841
1.13514198286073
0.840461673537689
1.24682136357429
1.29793750945653
1.13745152650338
1.05484459594763
0.954609777845481
1.03066109311213
0.91259249897133
1.61539396397746
1.22325902402508
2.71698981906745
1.40576234246637
0.873842379449587
0.747418138883197
0.980147147800662
0.972225053420622
1.20261310434906
0.912818340398049
0.713826322556868
0.748607605075852
0.868804982394886
0.858482474678302
2.31297539215647
2.5771493464036
2.01601184543535
1.55746298434962
1.00133997191349
0.70912000958885
1.09524527771645
0.806922709496972
0.902926379840741
1.06560168165926
1.04740444798204
1.0529521890422
0.611752460310963
1.58701447290607
1.58052996265839
1.13183605317894
0.943203033024977
0.806965825304049
0.998117809408814
1.01785438214397
0.890253115154246
0.628886446118644
0.545589436360901
1.82212959642731
1.08504298737616
1.14635041619568
1.41193270681147
1.21734210929516
1.36356893472194
0.921974351731749
0.974004253764339
1.02408094365731
1.03682266329611
1.07482556709175
0.922516305659238
1.03383180430879
1.17201009409332
1.0323635199464
1.24401697656409
1.26637219358608
1.33838392750657
1.17073748811983
0.820142645327598
0.880335487575628
0.989112538615979
1.17073779962104
0.793561695348236
0.637704359076448
0.879242007885752
1.37312013148653
1.77137454527456
1.5759319698834
1.78513398142652
0.963590943823055
1.01430521633309
0.910255012729284
0.805922135858149
0.84484912617627
1.08702744602218
1.06984256422623
1.11409288051352
1.16640585389314
1.23287576080506
1.05913919466555
2.01244609920424
2.2284505316189
2.18859103187546
1.74965991871357
1.0338710237475
1.04735325792246
1.02795717415525
1.09389924782386
0.984510492687513
0.997080934261288
0.998251678453299
1.03311588177976
1.05922249812503
1.09667999355245
0.910475433056122
0.615979079641953
0.691186502826973
0.699533911129575
0.925914108799053
0.940309673289786
0.945318652480536
1.00878164394192
1.05204530065685
1.21015997707163
1.36704129286327
1.72646609581022
1.0920543964547
1.20410243308266
1.30479407166869
1.41876787629163
1.15614066691177
0.576675619131156
0.654932221619839
0.600000094981003
0.93339818632995
1.25526565128147
1.53113217115601
0.744085787871233
0.937787415150474
0.926481202524432
1.06026243874669
0.916737812243307
0.725000986411545
1.00770887058913
1.20777885344851
1.23125643207413
1.78850142862253
1.08913816486633
0.665427186689621
1.08938177225551
1.96039956556155
2.03198188674161
2.29245286235051
2.12417509030514
1.05138150970422
0.911031699464742
0.854458064601157
1.16735131307881
1.03613002115239
1.60928345350873
1.33242570299767
1.06185934693421
1.38575097895232
1.05896392042281
1.99183196384209
1.11563117677811
1.22876063587543
0.823292821503509
1.17794287442078
0.772007763869493
0.8195343868828
1.11182955691806
1.04520931668123
1.10451633348145
0.916677528611103
1.10935567644549
0.706681833088748
0.890147088445901
1.18366111892665
1.21243530802901
1.59197039429254
1.01405735433466
1.23141316578857
1.09969884606893
0.837300157245373
0.713939736397801
1.03988992956911
1.06806148796907
0.768964000423076
0.991967223555838
0.826467588151801
0.806398526594006
1.13062365062999
1.29016849223257
1.79737820911251
1.20359385928026
2.20266917227925
1.11619469159668
1.13882044034932
0.810535270780403
1.73904770942555
1.98650051827394
1.6229224562305
1.16485230749242
1.00506956313928
1.06525108038673
2.13904743949475
1.06443102726745
1.08765490634596
1.10191956402872
0.773314400195451
0.699799256955694
2.13620972190121
0.738132311581732
0.977477689119281
1.06322912844432
0.773713668054162
1.03578659918194
0.758573813057413
0.720729498060789
1.02437596851512
1.1043330935848
1.03657755715615
1.07391903298867
1.59472483824807
0.626613613048222
1.37918094668899
2.24280029928476
1.28948918934573
0.613244807720638
0.990717071871333
1.0019640834307
1.00322989707635
1.54518118715349
1.29686274366433
1.2759949765148
1.14785968306969
0.845111742449245
1.72210148311322
1.58869301910086
0.899628669106347
1.12384594056819
1.05512054386201
0.864160212508038
1.12415412318622
1.09699588672394
0.799325341289977
1.27735019161233
1.19132044053192
1.75175804494768
1.03029312538106
0.970869135187713
1.16834305228511
0.798323805619201
0.738735382225535
0.816940676834979
2.40627671289433
1.15169337501611
1.13287345250626
0.657563167381011
1.49303210807192
0.551496639379106
0.881299472728929
1.06986945423081
1.38233278736784
1.58336860547415
1.08348923709372
1.63725715926764
1.09818176952022
0.751655081578155
1.19452976330541
0.989284401878312
0.972318599673332
1.0105606059981
1.48512651705785
0.92426126528403
1.23134568450493
1.16619441527447
1.01564255694212
0.972475923730615
1.03331542001405
1.15319556520834
0.912313586583924
0.829235621981493
1.96145768350067
0.799815212277534
0.999549052570314
0.958273991458147
0.958427352811811
1.01089967362381
0.955015196921234
1.62608006603196
1.21113211118376
1.12683781062493
1.13894491584553
1.23864366099665
0.689087663239945
1.35340051053347
1.21052829257216
1.55333702531279
1.85718257291261
1.74334404908309
0.8751886503662
1.61348060125291
1.1752843946586
1.01998044953099
2.26650991670433
0.870661962769991
0.901633011693394
1.73010373031709
1.01875143013139
1.03276463416741
2.13370765526067
1.00527234802331
1.01998907829763
1.07973761933367
0.669267250160407
1.51921524464651
0.908917450259499
1.1148915900217
0.95260394742685
0.871981724344773
0.837903120111531
1.58589577839825
0.688374088147185
0.897757956589756
1.76959152333062
1.06817647537935
2.06521680823085
0.778350367092852
1.06419197848469
1.10477547228982
0.889617882962022
1.97411914036677
0.727949584899176
2.05066123505301
2.35597043884465
1.29191274786709
0.891736327669646
0.953397728724979
0.920188854020579
1.00438621006851
1.62238395055211
1.45732308936432
2.07666778814122
0.668090827260312
1.01695462425612
1.09732587345931
1.24286196488037
1.05548672602456
0.807544445390525
0.633849872091557
1.59119785506468
1.32489670477629
2.55417761451184
0.757807452356699
1.29887339578423
0.931416749360526
1.07674260706151
2.62339273485004
1.08482695150851
1.19852511540475
0.681869550624357
0.853877397197977
0.877554476405251
1.50049619762082
2.38277361817084
0.807924222707779
0.852322736266796
1.26235182717041
1.22957295285998
1.7514734688933
1.63108060030391
0.943524155929577
0.643976484177908
0.826441549083714
0.890166418832222
1.73020394725495
0.780452817366593
1.06588652432041
0.739621477394632
0.758144374046582
2.31559239023228
0.889311517810329
0.885238153316402
0.978625129383741
1.08451321602229
0.706730995080315
0.97518791980889
0.822691257174507
1.00001654225606
0.989958071358649
1.12293141106082
1.06036865119793
1.56708287314188
0.587006138674319
1.11756974369423
0.920798338713962
2.48558740033262
1.2808585061716
0.754530391115689
0.806946077223917
1.07470272614752
2.60320154992716
1.2477437695709
2.8158077430331
1.43858456133782
1.55057451659694
1.70256361904911
1.09385789262777
1.12082136635373
1.05302293578969
1.46421523953643
1.18108548992578
0.863584553341187
0.788514401452332
0.850167003537623
0.877925149152128
1.01130703272288
0.848978736828154
0.961501613563171
1.46736933122707
0.791524791071459
1.05614509535569
1.30107380510746
0.75963715634114
0.724571383849163
1.97582189650947
1.02030256052255
1.44211693365149
0.645365422915779
0.731981495016525
0.729264659464361
2.08403075797183
1.38692217482582
1.35048491345396
0.905087901742911
0.660439557382488
1.19509553747598
1.0499858850775
1.08713055464474
1.05430064762209
0.571044574960572
1.1071791339188
1.23152462187193
0.938562958151945
1.05863515914916
1.45552188269936
1.57584644429294
2.40067586126154
2.31236285133894
0.786295650691041
0.854965315894203
0.924243454293675
0.973531090092017
2.05654327264346
1.26866124344151
0.564392417955053
1.1361272689235
1.86941194118048
0.619804696227465
0.76762216650321
0.733032560494155
1.07214813016586
0.749722252115465
1.07608962062249
1.00996300946146
0.921515174770261
0.583123728631073
0.641152806612866
1.93228164512787
0.992790183988529
1.07207082740197
1.13971854260397
1.05693602246807
1.33621567109165
2.50057545490605
2.46583036994853
1.36198559887864
0.758612391363348
1.28931840834378
0.976458512452842
2.21543700226682
1.31723222605919
0.998986294198012
1.58233110834577
0.898393675491713
1.17844589215709
0.794311444675048
0.728792661988391
1.16502614428199
0.696403750444669
0.919058650207158
1.05694090309149
1.34074423805225
0.733326740879163
1.5721833644136
1.19156914137444
0.987272369890957
1.20844821932628
0.883892965500846
0.653714081889624
1.87811009306559
1.69834492965968
2.53072466910376
0.983208587400609
2.21995811561229
0.83235531734036
0.621701135935079
1.17373458280733
1.19792806668808
1.03416991356268
2.039772612004
0.71363956810805
2.28338524455961
0.676092711806104
0.836373209406701
2.06917917116486
1.21572491222488
1.19330804436682
1.11606124651608
1.04257377905897
1.63844862417
0.740647719567047
1.8445906765631
0.961681614241518
1.10985709131139
0.866062440874581
0.812047257763251
0.842483578451033
0.811662049194791
0.804164790811482
2.11743075772795
2.39197867454467
1.13687218751935
0.825044240357758
1.26554101968908
1.77766505160729
1.21877067834093
2.27091032523416
0.918544861266031
0.944670918019937
0.946778104422283
1.54578668476454
2.22738787011751
1.30102776581164
1.03995849102278
0.937336220491066
2.09306062315571
1.09495826761138
1.07823199650074
0.712087096820887
1.13502264283874
2.19700235819391
0.785384062947653
0.867944713469107
1.04453347675071
1.04396299289353
1.04070790874993
0.764478182852587
0.928822498298193
0.898105820730173
1.95435471772595
0.73346609184942
0.766209281072227
0.998557167478423
0.939077951662975
0.892493804651346
0.743155435560905
1.38838789707374
0.964238940024072
1.30685579130669
1.3050774926992
1.33644790093361
0.862770272532331
0.842450827223256
1.0434250780429
0.923092527127053
1.45638807276086
0.990160096133846
1.96850108424221
1.12661651062023
1.02572485478037
1.78258692020779
0.721661877781136
0.867698746590678
0.95169320001559
0.937124658248413
0.894844621045849
1.12690862757287
2.0727509359398
1.06394502007395
1.51739632389209
1.06043023299185
1.40112873509282
0.89627268675269
1.17826275333597
1.59832565379211
0.808750186221267
1.02155607788007
1.25934103294001
0.933579692527776
0.693486281217833
1.68716889264588
1.18038606882088
0.957796554851713
0.833841457934241
1.08128874949475
1.0645129484624
1.0627039741903
1.26015126141678
0.63718436371575
1.93121410128491
2.59964197611682
0.822290755054721
1.01696960923779
1.26657036521096
1.18399381701162
1.52519853551158
1.07797287856632
0.882226750361312
1.05402036708859
1.07201592333808
1.04333733037214
1.06348924303523
1.219643677252
1.12985106909444
1.1110309522773
1.08357255925729
2.21085072439739
1.01577222160111
1.66233008110882
1.1118718051904
1.06301134817413
0.698781874653802
0.699032442883493
1.54227695500953
0.896584761362603
2.86365174586402
1.14537727759191
1.65333696572439
0.851022872341973
0.819016987942182
1.51112527263093
0.972052075506725
0.927565996707269
0.795942777665435
2.6778896842815
0.853106616897406
1.12515091430521
2.05324375297254
2.14955353814672
1.2434299099194
1.76090188651595
1.7296808995945
0.984938131784281
1.14836185317475
0.882751208449733
1.08018023567168
1.32539258086432
1.23318195705884
1.1674586465233
1.10838965669037
0.876349486762666
1.75447720153291
0.801590463880752
1.08128773650078
1.08634477576725
1.19828101311528
1.35422986922991
1.09086595314751
0.90539267488231
1.91495099026248
0.700708049518014
2.13210738560616
1.88486957537265
1.76194386460188
0.796173828222326
0.814062611041066
1.02102030455466
1.06326780682758
1.0193896477859
1.08116463139278
1.36611354163165
0.879970865690889
0.896867331057252
1.48251319565143
1.38367684750049
1.49507860891917
0.885974601274593
1.0698549776239
0.85182692832542
0.975404941503185
1.89377151691414
1.11439838461563
2.19403665835417
2.24279805823878
1.65737527543703
1.05613828221332
1.00056304408848
1.12470223269065
1.24531967608372
1.65519596311158
1.40941405940238
1.27839604028819
1.0492454324387
1.03990173983506
1.04690152375398
1.29558773075316
1.45856119196137
1.4185657157307
1.28339045385352
1.10316261174233
1.13168651135238
1.2416379523978
1.22564229971046
1.21250398969853
1.1854933805403
1.19448618289918
1.16964984122735
1.32533703278042
1.44775022311497
1.19986713978734
1.20262609553066
1.18290300755714
1.14861492186972
1.75894815200497
1.17213627581332
1.20946556686042
1.68889021449263
1.12616768496096
1.8621051966473
1.25602292149913
1.21193627668296
1.1514470372475
1.15052559902645
1.18522490588446
1.09828210796153
1.94275267543259
1.15043709500342
1.48224284752658
1.36559744188068
1.58459458274302
1.12197492598844
1.02656855794665
1.05305163022268
1.17091368151578
1.34395292919131
1.22160974184327
1.05831330455856
1.15035772799215
1.38329991432528
1.09816401692661
1.14396134330101
1.6995783768099
1.16084550340947
1.2431670016921
1.14110283050567
1.18526998186195
1.17917037196432
1.91487104920211
1.37729722692452
1.01369325306398
1.29189823313113
1.17086273712222
1.51911944260953
1.22269290330252
1.93549834973985
1.65791344341647
1.13865363220831
1.16939509696189
1.1537674661178
1.22060596287907
1.22876693322374
1.14963628965241
1.8042432410635
1.5366466311654
1.21386747349925
1.46201335286866
1.26865356076277
1.16639816033942
1.26042052526403
1.11604400150687
1.11144824674313
1.02229798395621
1.17245440167828
1.13853467659451
1.13582002751833
1.07863309447398
1.17544772079928
1.19016436354816
1.28232524414861
1.14133703502567
1.19089735195315
1.17494698250017
1.19283483032273
1.46860287913359
1.59420537900334
1.44227272702183
1.36858482016815
1.18315867083537
1.17434103865198
1.20412247107066
1.01995505367553
1.09082246945036
1.15034760488291
1.18171053699182
1.16669410786846
1.47929756582949
1.28157444338142
1.45993246297985
1.23229361707819
1.19991616395769
1.28366764661057
1.36808644323188
1.13467136238689
1.08877139328132
1.11440397011371
1.16757896992109
1.5667934737932
1.95820162582311
1.20436952689281
1.10642145031074
1.17873739585532
1.09820189826847
1.95252554583276
1.99080114286836
1.14717144485152
1.14199705850522
1.3397742065566
1.71785666969188
1.18707676333873
1.15770072029297
1.0100919583665
1.44602597041915
1.23570566212976
1.08659660804139
1.09463215508877
2.01406874389229
1.17395217936246
1.57740645657664
1.40610993424502
1.02147133841719
1.1430910087061
1.13514542091037
1.13325893318713
1.15304263597056
1.19520793164395
1.17371862989248
1.41689518243124
1.20929397883621
1.82815970338959
1.13541044736216
1.16530584930857
1.07446659286101
1.05419969367851
1.08148769265935
1.3024144783705
1.37996932829672
1.20439981546772
1.47705519224764
1.03340520216045
1.12402579106813
1.11410224858207
1.22418708093046
1.12728013346481
0.985911849130572
1.14203714260809
1.48423065660829
1.17015798133987
1.68641601690888
1.23205891686973
0.994741957388263
1.06300924921163
1.12671298067301
1.08639712868741
1.12462872271501
1.16114315704412
1.37914237388799
1.31309818095492
1.40475448296772
1.16561628017781
1.21672330379919
1.10314792484204
1.21655327077724
1.1632894645282
1.12491182559118
0.994950645750468
1.1500525086028
1.11669015880437
1.12597777047347
1.1508252448411
1.16647473358398
1.84584457909359
1.08209602446905
