1.22141005307662
0.995343845321156
0.968255950692359
0.943607636272219
0.803303769356911
0.906482672930937
1.03324965229048
1.07741047808309
1.14535802267021
0.922844551171737
0.925113555895268
0.932884241651756
1.10025155454346
1.9506502346952
2.03067047814513
1.31378175301143
1.24839224086775
1.16428004222287
1.3145360459968
1.29405230299566
1.24299589694549
0.771024822591854
0.799194829563087
1.47529388060013
1.80171589368813
1.18248497402559
0.800805357096061
2.14849761394969
0.810274742286989
1.07380082261309
0.959354629969799
1.06955008805318
0.992141537851733
0.893898708508005
0.948799339277191
1.57127851750585
1.16221322044989
0.871035582776163
0.974321151395872
1.24088397100117
0.773451824884165
1.96272880122219
1.66256042962571
0.805638377947425
1.28377710954088
0.955538724762088
0.922818001453523
0.801992972555932
0.878625440935527
2.11259474680523
0.80403768642156
1.09480153136134
1.38535376134162
0.981782087035948
0.852354599766821
1.79872037329713
1.56085622740677
1.18376394922574
0.841056559762327
2.08710818603699
1.2493962520343
1.03845427523695
2.00661312060201
1.89590885394026
0.966480764206672
1.32345466404899
0.818324089248448
1.4471793232066
1.69615761079917
0.840793383806744
0.802923416977056
0.753936156331402
0.912596798561398
0.857027596028633
0.8095357958254
0.785133425982188
1.23199866312464
0.967870908696239
0.854311308291505
0.823289274765319
1.12195755981879
0.928565923364649
0.981194191386516
0.961686028352233
0.949213621912495
1.60832806962692
1.72763861716937
1.15289377992954
0.922822298138396
0.942672437275093
2.07456663074166
1.19347250408373
0.977739634652616
1.02286037545299
1.23670351025757
1.22082856985989
0.97248153359454
0.881218762173172
1.01314746394525
0.810017447463586
1.43204930283757
1.27455573462672
1.33533486695047
1.51842950724056
1.87855484578008
1.13983345238259
0.77967337966638
0.840206515716776
0.815002849329493
2.03030325732469
2.13965030755918
2.13068311190717
0.921521659550261
1.06735788285225
1.2037178336225
1.29440423740087
0.748529423423838
0.930550268144496
0.823240520803999
0.914955367172059
0.84071666262668
0.93396747288924
0.86906111197329
0.864610019586691
0.855793190816977
0.794410007916312
0.832841321341256
0.802753167942822
0.771649497275865
0.82928666675239
1.13049405115038
1.05066598465694
1.18418243004558
1.18762566452827
1.45400408494325
1.36303047280661
1.27461134712598
1.48440837185765
1.38881828399807
1.36393099365114
0.828028462987993
0.847538808317505
0.747466790760273
0.680397065406622
0.865803723547692
0.836293261966949
0.831797251102176
0.88158413768335
0.901460800988031
0.924156411205191
0.838095866389277
0.76164000356313
0.748189271609447
0.664352356737629
0.618347860690763
0.71650824701146
0.66209314606076
0.704112914995283
0.680075325973136
0.625606230963458
0.514007866763275
0.595897393108321
0.648446342196799
0.667863665627128
0.718446026369574
2.07013743257277
2.58326920979398
2.32508881632995
2.36495672397483
2.27921665678254
2.21336913460789
1.44118110017007
2.30940275741214
2.25688546160216
2.57836898439487
1.95092458741334
2.42534882656465
2.58971402493661
3.00406857804156
1.81294640380887
2.06453197098482
1.37574080878294
1.43910090330097
1.38357439829606
1.27480593651847
0.909521573906597
1.36822553682517
1.23001715629453
0.925843069414517
1.02472903388234
1.01230347120227
1.02666315570409
0.95190446038814
1.06795158716024
0.994346339370183
1.02655514172777
0.983321837821183
1.06222736154489
1.18058216455045
1.07636193135661
0.933613048746712
1.0410652661766
0.93751614045076
1.04704418172277
0.935395025419931
0.777656607944106
0.740408258305458
0.648270740489959
0.622829281273952
0.640386681857173
0.559715367749952
0.873227700885628
0.793274208777627
0.553671638414562
0.798262126669558
0.846375238475436
0.767278761346553
0.712580988297913
0.681322195649498
0.784443386239569
0.851706716326847
0.872006543288641
1.49252149690495
2.05200574799072
1.53933148300356
1.48054508054791
1.91938796740733
1.91472432393649
2.29279320444305
2.04585708078021
2.42693482947811
2.21622351410729
1.47846147097871
2.86730931456574
2.10198005788363
1.56332651254686
1.64471659370558
1.85787816141186
2.33460313808222
2.48731484358684
2.24643537003185
2.05067741892391
2.47224263583322
2.53326772064719
2.51167580073603
2.3968712709505
1.99762198517991
1.90301379589582
1.97179824810877
1.68510343575002
0.614090899007945
0.64382297460766
0.688777838854078
0.950549167579827
0.776428683109629
1.10992832694092
0.929340590290047
0.995960400727949
0.856832900833444
0.861016373887378
0.862251248591267
0.910442466387596
0.854959923128665
0.898945096933944
0.928568170326413
0.872022475465852
1.02149872942875
1.30389936237243
1.4617670225838
1.04378465770759
1.24192489730099
1.0702725739563
0.996500343018094
0.898347562512125
1.01073988676961
1.38399746515881
0.992974652653779
1.09800002518801
0.982696782520943
1.10628499848548
1.39704897861371
1.87914941580539
1.49748296233079
1.83909130748199
1.62159966235599
2.06369678070299
2.1131852200278
2.11372558993101
2.01390356063816
0.89040070545559
0.93541034794424
0.921518881790016
1.02022589569648
1.47403129760673
0.824326834974013
0.734786331391089
0.99194915506924
1.05734025431439
1.15107048348576
0.797280172629259
0.636068398205492
1.00796166527468
1.33978748775319
1.24245945270631
1.2293218279623
0.9223570305421
1.04027965664889
1.01457550602584
0.998651625526632
1.05752093741946
1.03434534849095
0.72930158794458
1.64726344086657
0.760582902627737
0.866449360405428
0.893578353306483
1.35110299443272
1.72437585196361
0.719114991046063
0.740312663654594
0.834955370534741
1.35575783618211
2.34128299736917
1.64825406504814
0.842563894613806
0.549566728553765
0.712489815181844
0.798273409676788
1.03772965852135
0.757585717729916
1.24563405809554
1.17393066781234
2.57544201723119
2.10261146202016
1.61208716252979
1.92219225988318
0.774487190713387
2.14503228073528
2.03034487241086
0.754120770600505
0.701365002282803
0.969456773688674
0.679105143603802
0.807517291663165
1.02994827845995
2.27818307249398
2.00446459154295
0.863811153038215
0.753065822234978
2.59474354175947
0.972492038929207
0.813478847992011
1.16374376222147
0.968812045079403
0.798174437755791
1.50432713303609
1.35416374288127
0.97299134651559
0.923590525720909
0.958523716966026
0.929198759174747
0.837251128185658
1.73731880366588
0.915448528292673
2.6203238387583
1.57884127454177
0.857888714227328
0.709650666442111
0.858231602633861
1.03742688605395
1.26409326653857
0.88627525016304
0.68507839298106
0.719357213776998
0.804781909959884
0.738822232458377
2.33783156738515
2.63344100714552
2.23612973338972
1.74447289765789
0.877951884052108
0.774886839776492
1.56191005151228
0.857261630491069
0.864756854170803
0.933034068360012
0.995296777143873
0.946318294216859
0.771239591944874
1.35504826054517
1.34035383258735
1.27743283983638
0.818886496259369
0.774078012020485
1.29151536792021
1.08877134644313
0.812125337196329
0.674886725851718
0.865021398906757
1.92675190279252
1.01458546386482
1.06712910123434
1.52641774051367
1.18475660628773
1.55214527096092
0.915451848413988
0.834785463558958
0.767503655998798
0.9790610401881
0.896146240235011
0.904303553098506
1.03186359749597
1.31844197263218
1.22127764461937
1.44396835494359
1.38885725790659
1.43475916077504
1.00396393402539
0.694885213990909
0.682116075486856
0.74639262878031
1.41731682629477
0.728211375912311
0.640019607310038
0.826273762988954
1.15262471703286
1.91207204974185
1.60502880731091
2.01284858665826
0.916414295193973
0.969474925189391
0.859716360369868
0.868261503684805
0.830214931957149
1.04732241446225
1.04203462193367
0.935576785736834
1.0586522401295
1.94723150307466
1.63061780768757
2.19802846111494
2.42825938963925
2.24669465126763
1.86547243581167
1.37431702465006
0.835465929527267
0.847373997418732
0.973602118652762
0.998209276895262
1.08499722640063
1.09590755242367
1.06851200874379
1.08511326436494
0.947959334054631
0.876941336935776
0.783502616946489
0.815927127615411
0.787755637763234
1.0550874934007
1.01142171263474
1.07238692716013
0.984625063033213
1.47166804131488
1.54758941058859
1.57220934205518
1.71524205690339
1.41397029133354
1.41797709948123
1.48261156794856
1.48991875720456
1.54753375351391
0.536045702215101
0.617105658504359
0.518280734096335
0.747139504169109
1.2065149550337
1.84678568470677
0.63018239228233
1.11628272607924
1.28595466236678
1.05108846867763
0.778554294341238
0.588435659242297
0.766051980882693
0.981834765663629
1.23597620227142
2.05338063467772
0.938900036369629
0.668099331378904
1.09390766605492
2.17358112587359
2.14605126466439
2.25772456585316
2.10636479879372
0.790606983621877
0.755565062446599
0.762296947307246
1.1098689404251
0.824474930052578
1.38220033523376
1.33414233682985
0.983852902558084
1.41719892281872
0.8394694713666
1.89575812806402
1.00645679913574
1.33661938502578
1.09249632269367
0.980746930201424
1.06293157849119
0.906063150236778
1.04557460317723
0.891836490669988
0.827306326673872
0.71629138694898
1.06464513769079
0.564927899620098
1.00341045180854
1.57999540157636
1.26676415800424
1.61155069793938
1.09793315649679
1.13987058163717
1.02522813563306
0.739297421335969
0.820877199011132
0.976632767029654
1.03091711537791
0.646199413374425
0.949053033901474
0.85352932025914
1.07317549299082
1.38696562899839
1.41193000979877
1.77375617450742
0.997245782584063
2.25519347532984
0.869071974354769
0.915362270989466
0.779448399953017
2.07250320341051
2.11887029295557
1.97620851496942
1.05813015704031
1.20076184522131
0.900650377691911
2.12935206495168
0.840774364522268
0.947298631635864
0.852163999008071
1.09513335062037
0.683418712456508
1.94974747987757
0.744895705568034
1.18732436785338
0.950636643937829
0.607188306507122
1.06370702391062
0.700983408508678
0.550219890508068
0.82157225625041
0.960436799487797
1.17669629541724
1.08654796048318
1.75071433419888
0.645744081036004
1.44839307394788
2.24161491124596
1.50102926730915
0.546131696222442
1.26494983209025
1.37309172669706
1.02157798131236
1.42729664154589
1.24828604535248
1.19709691361191
0.965414229103728
0.733682002954184
1.88947193282174
1.3162790673933
0.736655317162711
0.923936383681573
1.04960038693917
1.08430866546369
1.05004582689798
0.990365367956928
0.784645939707246
1.27976731157295
1.05378988803312
1.83108680363014
1.03646436436205
0.822789609571243
1.11554469616203
0.598810112917773
1.04864657861169
0.725747987281469
2.69671382014648
0.99128190176092
1.01476865120503
0.770281873286027
1.80539635132292
0.790543502817502
0.842797941458863
0.970166005334934
1.69656249059013
1.85227913787255
1.03289297663073
1.52145435967915
0.942209296214597
0.797101730928328
1.1614755154228
1.33359792376949
1.41753152927525
0.842749306412059
1.23522366933673
0.930207586346499
1.42552796880135
1.17292341325564
0.803540127371844
0.748349083670993
1.04619268813959
1.04373232934929
0.808721794455778
0.764132287272031
2.15474099586242
0.745608713083607
0.954192280204531
1.25693798073949
0.775947901863402
1.09176841148624
1.01480666775378
1.82186902613054
1.10166231825134
0.963580433186851
0.883952964833017
1.3009051611677
0.86059880466618
1.39558511170854
1.26381300180282
1.57028210617441
1.75936869256689
1.68501428826678
0.757595109517615
1.67637045555866
1.18903868421761
1.11435799413063
2.36358384864418
0.734918509899465
0.830302603615812
1.97589380871956
0.787346532144174
0.980349549482138
2.24120340186361
0.985166026504616
0.855726522872521
0.87643629491329
0.768051982837796
1.87228660277029
1.12681682821397
0.966121564410078
0.87181144132558
0.982551987519111
0.751556692594508
1.63013394807977
0.567265484716967
0.951125561422055
2.07136633950587
1.29303814657933
2.20515120574347
0.809181034527545
1.04434582592295
1.01147513532804
0.921480668438138
2.04818862871174
1.08429871103666
2.21601797184287
2.39675184308434
1.42907266481395
0.78430128801796
0.767818414763658
1.25807112880407
1.13797502764605
1.83077395494688
1.6513745520399
2.16355566519685
0.687711860348854
0.895926070670756
1.087636366899
1.46857932639062
1.02922596840539
0.719649549532481
0.720724567567041
1.91404397584683
1.44763531577437
2.48001836699029
0.874902509057263
1.06005216505748
0.732565770438488
1.0596729500189
2.59124024719287
1.14453053702644
1.34026023379127
0.691996347548849
0.880670053432548
0.919846453323282
1.52906447918073
2.35501128590357
0.783522836979549
0.798174625817374
1.02772050486885
0.992326174765109
1.97101302812781
1.86909295657098
0.792618054369636
0.76584704575357
0.833294832948954
1.18010608790204
1.93311444029225
0.817556845916445
0.960948031475366
0.649472640937255
0.544322183675378
2.42345379606717
0.744950094298078
0.748742967063232
1.05498285848461
0.892378522540527
0.650557646795275
0.737241297408762
0.762910809652016
0.82511409248531
0.923382890451347
0.909536527415322
0.939776709818686
1.82411494504541
0.644196786644795
1.06886972655967
1.0657506089633
2.6388852796193
1.56192528127936
0.740032398591157
0.928008299554921
1.00837062362232
2.46531729524342
1.3289507884972
2.64625496163759
1.55509183646849
1.61768591464438
2.36106968632246
0.999535964112891
1.02061624842517
1.02848912176382
1.50949273519695
1.19619592026477
0.829881108104981
0.757489569785294
1.28900083024853
1.07374899168854
1.27936667256684
0.997050015036329
0.80872143331179
1.70458794571422
0.640141609251498
0.952422510514244
1.69386831373555
0.687335856170877
0.735883039693141
2.21997739328101
1.01341064244752
1.45504120812103
0.611516331360771
0.522421247323845
0.643099540352285
2.34288848836488
1.4539909163918
1.46641819172697
1.18375789303641
0.862509789564343
1.21152442608587
0.990557188170515
1.01786033905393
1.03606326926211
0.67549048184094
1.08690920251963
1.24693650361923
1.03303006604119
0.774730892790852
1.4334888754724
1.79183888109419
2.4637177508662
2.45205279724941
0.807715266468313
1.33461497234271
0.882947740860262
0.819580966458707
2.15083015036715
1.11188880770982
0.936422913455309
0.875802063660564
1.64081164150796
0.729613427454144
0.839766679959888
0.725050262338504
1.23150951374143
1.09416835032574
1.05883672962173
1.04560102802549
0.819092767631694
0.986486465569107
0.935247944511029
2.04383732204167
1.11463198437605
0.88566249653091
0.878823794935058
1.0934537429136
1.32740954726465
2.37515330040749
2.39203895333617
1.35106228222735
0.705546760254111
1.48793527825674
0.781483596241009
2.12859723145169
1.43879016939376
0.959924208893246
1.6864381038966
0.768812477992055
1.26069589897655
0.742894194281903
0.737051136937453
1.20127554387091
0.89954306281546
0.904051689577501
1.02981475190708
1.46645089686775
0.817178149372855
1.31830633020401
1.53091023399229
0.939304929961455
1.2905306224102
0.932699277125376
0.761736898335632
1.71092368858396
1.79797802060798
2.66681448993721
0.945210326705359
2.24019747386322
0.781681268435712
0.781899619046449
0.972306487253712
0.977123188874875
0.825397241757801
2.4166857777797
0.713909953410376
2.58143749714124
0.60318321075868
0.921266982640187
1.98464001286254
0.989932011525429
0.990500980318464
1.0329458068572
0.913940738179574
1.43213512945118
0.728883587904793
2.07380404065008
0.849735780119748
0.951905472923583
0.79898685926676
0.724877015305868
0.656052077269755
0.732886325809105
0.720595115690168
2.20118670929703
2.48972190068509
1.02381818049944
0.919874792141183
1.22567666142096
1.91162544512503
1.28901698008098
2.40611903093584
0.837687865567555
1.08101867065491
0.949301040945458
1.34591345335571
2.58666423215583
1.07862118556577
0.957682542958684
0.975605195485086
2.1510786979446
0.891878699834808
1.06434102913497
0.703797363309669
0.99211475348667
2.30138922940247
0.632705359577659
0.787525676244561
1.08288480497757
1.11180658022074
1.03037075973717
0.941783609473798
0.879880166841734
0.850826713315464
2.12105238281662
0.662794299479709
0.654700910637855
0.874642550349069
0.956122412516208
0.940411725235516
0.654027005263957
1.23059827055432
0.959075430894174
1.45489173539083
1.3953702348817
1.40146554907026
0.747199691604109
0.940220933803491
0.960238352276209
0.783380560852731
1.92570400648687
0.802438936245645
2.14040373369109
1.44018601201256
1.05688035213682
2.09745926030513
0.92079480950853
0.998227557929166
0.961379872709782
0.826344865563776
0.802063153382526
0.900429066005329
2.05500790102374
0.921854665779162
1.57016511202043
0.931454415339516
1.73623646869904
1.26823621747007
1.01515827266255
2.26341779061252
0.904463536553041
1.01302501710302
1.0173170124244
0.68872995608331
0.848805599256279
1.61757874978504
1.10208440246554
1.0243227797097
1.1511563641778
0.981330421426908
0.878681672366346
1.00554456789972
1.36105364932305
0.781023801862104
2.14795727932751
2.70268895252631
0.86778007786958
1.34767169775228
1.30128672358003
1.16601089001271
1.25140641966207
1.06929874694133
1.16655117196336
0.857879890555785
0.867760611063735
0.842568016652342
0.939368325649895
1.2452727025157
0.994861219243806
0.962886431444083
0.926592500914901
2.16780050101961
1.09177778524586
1.95468129194208
0.952692276734507
0.944628795992881
0.601857127948846
0.649395101831854
1.34943067303501
1.37089544852052
2.72896013667484
0.900705191332406
1.93918082118168
0.767621319644678
1.04937821459518
1.6626294811083
1.06184385999676
0.909382938618889
0.727671236611758
2.73796092643398
0.867124674694344
0.826039840653521
2.24139716019733
2.15838128892025
1.21938126575292
1.97886777212104
1.87746085667765
0.755286210319346
0.925240869863287
0.757775112896343
1.05105646843437
1.3623380410314
1.34115063929119
1.20003953658008
1.07527455578464
0.794942150939285
1.86505808899121
0.907153634129344
1.11600816752011
1.05083979725543
1.36517726183932
1.10700932260039
0.818923273785872
1.02756430497836
1.9791334205308
0.938195943580451
2.22680474632365
2.09888751186361
2.06813817287622
0.628279797710692
0.682508112587085
1.33382724913793
0.796634721285464
0.786764436064622
0.759010045231236
1.78830481515898
1.03363009558418
0.770059286371073
1.49485703493334
1.49703971267541
1.73263607273657
0.939814640828786
0.919348898806965
0.927583643509886
0.974496275006812
2.12816738183518
1.10233697675012
2.19121421971137
2.23955734831233
1.62492647262218
1.05691458778807
1.08503314325759
0.996833723804812
1.14027152978738
1.7142495141633
1.54359537395027
1.71548021809855
0.926139356859233
0.963226581937475
0.930845637728655
1.38072107280037
1.39438258793241
1.05638633227821
1.04707038473211
1.04337421119122
1.02301796295392
0.807110479607786
0.957194565589937
1.04695199584519
1.19032728724001
0.991918683419814
0.979771412990186
1.05470697814525
1.55491003181351
1.46786946534389
1.11981908583908
1.0421886122864
1.05706451379506
1.31128464899167
0.858190615748604
0.86375076629536
1.89596484336583
0.919262161115925
1.67167722946346
1.09807963099768
0.98639694654249
0.824878851420921
1.12035656711645
0.88119475769658
0.957821379335418
1.91744202567963
1.22200737849318
1.13305356517887
1.16816892005344
1.39976851277935
0.817480749405932
0.862958789074376
0.983158879728655
1.02576212234727
1.05831912228816
1.54508557947825
0.865443972868251
1.13020224795123
1.22659044220482
0.932064768639779
0.827396928160647
1.52495045284301
0.84305777815512
0.830801046462209
0.999059572851122
0.84813981370122
1.17468751183253
1.95857450435222
1.73523167567449
0.974282474004753
1.58431716093884
0.946967937799323
1.45333110607494
0.817853692388717
1.81531906272149
1.65037475854436
1.12555600624032
1.13242433863648
1.05586731588435
1.02956008176229
0.920637477051299
0.945742413700323
1.39818608972376
1.15531520699218
0.912268690966523
1.6711461075247
1.01549513232553
1.00385347662056
1.03121032274928
0.962886157989093
1.00126964025027
0.82885671661694
0.926647862431145
0.891899625424612
1.05237505488427
0.840923392651138
0.853360437537988
1.04089964181227
1.08115695345893
0.806755509397048
0.841185037493551
1.37940687886492
1.2899213634011
1.31167740682176
1.28206200180252
1.13406561511349
1.06254099017475
1.33890406852641
0.957041833445697
0.959149124259753
0.90973040657069
1.00556258248384
1.11657633055258
1.11546434225028
1.10011377150434
1.14032645744689
1.07196933652527
1.07483392060704
0.829706747156668
0.833042517093878
1.13805844065526
1.16875873903765
0.97387270008772
0.939563318773128
0.96222650890265
0.862396054393497
1.86892962004472
2.01908333608686
0.865240970946328
0.973913796975199
1.19948937139267
0.924499775663589
1.80073759983689
1.92770003848521
1.17793463799025
0.831530921005124
1.70511370816192
1.58113787217318
0.972863553146166
0.839063572188965
0.80425924586023
1.19710371385071
0.990662276608418
0.813561986392566
0.870722183026526
2.01294653216683
0.880741933714501
1.4482442828622
1.1100647566274
0.967578679615981
1.11483183610841
1.09190487276966
1.0710861511118
1.10356144523835
1.05860401412224
1.07051228054643
1.73449870117732
1.50913012389265
1.5246949746168
1.07584369319028
1.00458748500462
0.931644770812823
1.03901824310366
0.95926186920012
1.0369967101459
1.2639425487238
1.06038808988093
1.35898895151086
0.825592789204399
0.828734983298506
0.830558902818328
1.5304302602731
1.11944151023956
0.830618308229428
1.01006621976323
1.17682699784776
0.924529230542072
1.77374969696682
0.797457925679478
0.886699813796303
0.866713848862743
0.888411850136955
0.88790753035524
0.826063335711011
0.869257513700698
1.08497501508632
1.04377460961567
1.08528734349788
0.974391141224488
0.996578247618281
0.980856270165187
1.04486781001368
1.32603524573204
0.946596466941947
0.943152258645375
1.07765387903847
0.917817422869371
0.982516910945116
0.921428564809458
0.980366210368302
1.68785557248615
0.94625382098231
