0.696288727899621
0.835224568334877
0.947882664244967
0.913284510326413
0.84880239721151
0.808711635129762
0.967440323404165
0.999475065077081
1.06625108063579
0.917483485220393
0.703103168332631
0.673510999072839
0.959959529543227
1.66680817747962
1.02895600300708
0.806293638519997
0.791596340968854
0.767388884013103
0.916741427505595
0.858914939070108
0.695746853494865
0.75639893003984
0.764951148447961
1.31579252860488
0.924573261794989
1.0220681899628
0.805929907724941
1.41908493897517
0.749174537758453
1.1129322526235
0.876586753295518
0.861206664944994
0.742956664131043
0.871484648105505
0.891658035013548
0.872421232714815
0.774030448986548
0.770036221045794
0.880506492442423
1.00973521960635
0.75489324167097
0.954014254223983
1.49366152109542
0.830002850734554
1.20623344210218
0.685236241591697
0.818247651330355
0.801380429285713
0.944466368762872
1.20529256710536
0.787251760873002
1.0263657071202
1.27198588241417
0.925828275889684
0.768577305145169
1.63624945871094
1.3822570214505
1.09756045755695
0.903991149234744
1.61315882415074
0.825535313265784
0.834325856352683
0.989238414514585
0.944697419510292
1.01059356456793
0.939715732302546
0.827116088426738
0.843996083545627
0.90378367666011
0.900248318512751
0.803106157395252
0.729535146938368
0.882757253476907
0.831378093472062
0.82833573832404
0.761351891974225
1.15371340069037
0.883767513556471
0.756435682209201
0.744955577970971
0.928841469075242
0.849989290089129
0.865434088645435
0.933414834281296
0.873864831736754
1.43362340016931
1.56939058364979
0.768433190445991
0.752197379702348
0.671670191694258
1.1014260704845
0.781816955908138
0.901200794255821
0.820390968715864
0.854867282534357
1.05624941522238
0.709629532954452
0.773344798969663
0.782637516852962
0.81876893359149
1.2932238354916
0.779097408653571
1.2442827627618
1.34472781638139
1.67662250384968
1.02836839073922
0.814445527911362
0.894279477989465
0.780187346694763
1.6655264373672
1.31761752258313
1.52775411657536
0.870842662424469
0.893413860752728
0.788128369893935
0.880123477917603
0.658407873477384
1.0019461546483
0.799730084542731
0.95907188710836
0.758841978936407
0.958566455519074
0.86229941763474
0.860599359462148
0.885839404035477
0.721686559915836
0.785152064205821
0.646794225683584
0.623018065325359
0.795343615031402
1.24024925379647
0.916459052587151
1.21122648189236
1.17279222977429
1.40886343665229
1.38738154473612
1.2032121239542
1.41029473449197
1.31114102197125
1.07060058536288
0.681621188608216
0.958534151886648
0.748397574935986
0.614722292230211
0.934215807915118
0.787878308913364
0.783471539740389
0.990693937519332
0.88068481271193
0.899693618720599
0.935660128446376
0.774872417001594
0.739533602306735
0.591445788227461
0.590851576171705
0.661739897279161
0.578860362851845
0.626303622939559
0.764906239772801
0.683261751903871
0.500194697119258
0.562317718099674
0.544925980517986
0.605502836669132
0.729430856241099
2.15796347456237
3.02726798179354
2.28287826431232
2.38102364559048
2.41397074886
2.25286993959336
1.49200630191407
2.431936985133
1.9390369400641
2.83712702731149
1.79367520355646
2.44333321364624
2.47437916104115
3.47810186124645
1.88394181223044
2.12018746306165
1.45665899361813
1.64721624985996
1.69925175183556
1.452380899062
0.85128878172239
1.59085034361564
1.35184207915758
0.894364496749962
1.1674522266465
1.04873152548366
1.05162578608883
0.830958186046778
1.22520827716017
0.903379662505846
0.972594782310643
0.809201147542267
1.04594102552563
1.22244979656968
1.1440713468258
0.741473744929425
1.10301201120086
0.717476897585385
1.12107073538098
0.712616596384249
0.698360819701316
0.827343735539804
0.57054709181042
0.59128529647534
0.630696616653025
0.60262102770492
0.852892295945225
0.758853325723371
0.547059238513405
0.849580239516386
0.919938036411106
0.776849864581471
0.726744573217347
0.673580920527101
0.865205672746902
0.918939651495516
0.821465086967417
1.20407155346676
2.32709830789946
1.32316870550534
1.24482194746405
2.01516204663449
1.98007993961832
2.60993762589448
2.19194430459658
2.79167782601892
2.37622862577691
1.05860778623401
3.13472972970262
1.92164998171602
1.3323434178476
1.9962681745601
2.12146771911242
1.52806926245413
2.16075037389937
2.24489750730268
2.12432052777367
2.60805940745095
2.78981938600076
2.63950232497791
2.52444551585207
1.85468531117721
2.05419136536994
1.88373463556646
1.73451121914329
0.537121404490098
0.60446657627843
0.589109470034754
0.861202952420901
0.754945243986402
1.00111544023546
0.851030586992876
0.95998631985223
0.835817403677676
0.781469373906988
0.822450380363943
1.02527326590128
0.895854634770209
0.868367201699845
1.00280803988204
0.837850936523787
0.842411656301981
1.45925608068285
1.87367435373331
0.7913915374527
1.21036204153416
0.812196489589138
0.890678553678155
0.799108470880479
0.881296775856572
1.179033273231
1.02888451942101
1.02930895621206
0.933992125912882
1.07863105120165
1.30039627517415
1.86854506622279
1.14702709942604
1.81158650509242
1.20739199316908
2.17781199908821
2.21042698344283
2.17208437414627
2.02187176851082
0.906860636223666
0.956695700709458
0.906759531729048
1.09000780425015
1.47932547500886
0.794846255616606
0.719893331819447
0.957134949584398
1.11578159795941
1.36005072541045
0.876181860098069
0.693129413556184
0.81678016127834
1.53125614523443
1.36928604192759
1.32604901978165
0.843251006070599
0.81099726153071
1.05418676888727
1.04470602487184
0.95956132185267
1.13270455804851
0.739432621658535
1.51539229676964
0.821831947546754
0.864074368966527
0.914410707555047
1.50661954749701
1.70309809248277
0.645746148266464
0.691637663457564
0.764621695727911
0.88044190940578
2.46136711093409
1.04266987157898
0.846956587243973
0.539124086828986
0.716023888363897
0.73074711463173
1.02159977298311
0.856921476896544
0.881615339671003
1.24553376045784
2.69437774204014
2.27203135620624
1.52368980159571
1.78280703533127
0.823976286551932
2.4309797992972
2.12979791090484
0.793709652588497
0.760666441382948
0.957737783394556
0.625814976280625
0.837378695154731
1.17113100858091
2.23944802962912
1.51393842658884
0.97809223569864
0.729953875600173
2.85027545883227
0.913081255962595
0.8936152766374
1.06275657393271
0.911367105255768
0.797697582396457
1.57739057451831
1.40311694925565
0.806674434684393
0.680429317324812
0.964658955424451
0.893274527017807
0.81740007852455
1.74549582568703
0.779463990828197
2.9922431261593
1.45095420012151
0.86455448026051
0.740763479762668
0.862225239237019
1.11663665204646
0.874982463737878
0.899301282271646
0.660510689547309
0.649169219193476
0.778911448070876
0.706171610914142
1.8716721401541
2.21040567937515
1.44753761049179
1.69219303028128
0.867452337797009
0.759884452917505
1.83746082762888
0.807180121075228
0.813281756046373
0.824528950842265
0.986954636574243
0.659837959790628
0.78044976529918
1.08099497388351
1.2470626015752
1.36608635937974
0.798685990153641
0.779317486688556
1.42204967932224
1.11196341458401
0.770124416382535
0.712096374430286
0.993889810672449
1.88884585648008
0.761236496058839
0.888514443929564
1.38216837718958
1.12673535853991
1.37416856524974
0.915290442241327
0.845882612273035
0.78504593994317
1.02663496397133
0.791155099730205
0.916672162725268
0.957906274704088
1.55037199041263
1.3085458155588
1.63717203299847
1.52499735998954
1.42016137052393
0.968075495102344
0.639202138261001
0.593680340278245
0.721073863240539
1.56917750635803
0.614215463664175
0.649565528975102
0.820245798639835
1.01523717888251
1.78117030255986
1.39421409955849
2.1329625068956
0.925208336365307
1.03312609475185
0.830849886498259
0.942908805792188
0.859347914366276
0.996284118803445
0.953925606241684
0.784625319238296
1.00789115995781
2.26906116142029
1.99495421739119
2.39252257493836
2.68667997302805
2.2159054300371
1.47105567659855
1.60354957564546
0.760513057470914
0.814858591111312
0.990329196723108
0.952241105135618
1.1714761944903
1.13794916762879
1.00676707093464
1.00500752889539
0.826881494734528
0.878314049870668
0.840168768839583
0.882529593605953
0.840820646317085
1.11646973243755
1.02019984553668
1.20330492624064
0.946983028983378
1.55752746342287
1.57367004219038
1.48383960095394
1.61927166828288
1.52182813324066
1.40225099206974
1.40408115394662
1.36492834305395
1.67979855067951
0.563091966621607
0.634643199369837
0.554339444784338
0.741900830326416
1.19944285707868
1.09646404968001
0.650825035284709
0.961652409427304
1.31010713913778
0.828151916505752
0.743097493470362
0.588984975863792
0.743097703142662
0.895520519200507
1.29089255622905
1.31146862623269
0.858375827350933
0.714266820562535
1.22331919272642
1.19330204959864
1.16365724258995
1.42584851096724
1.98119285519725
0.827962953924974
0.720218016111447
0.742000328496154
0.998058921628126
0.868573297790917
0.87249410270606
1.3064086336627
0.709904331506999
1.35232693112208
0.867856637134387
1.8582612406115
0.895596840128891
1.2875376526417
1.14895235592125
0.923529509937346
1.10799496563215
0.814301730088119
0.978706299603142
0.838229805197522
0.738686065044121
0.671594774300013
1.13982370504146
0.590736425429539
1.03624954479029
1.75064554291656
0.863708312009244
1.47018306179018
0.912324165367814
1.0549889320533
0.983831453073752
0.708540847370735
0.834318046239374
0.673217324929032
1.0056885757541
0.674952038345218
0.929800094514312
0.885436207691423
1.22515650892024
1.53926360970457
1.03682431888051
1.50891062946314
0.929584297776707
1.91469893466033
0.755703077581435
0.755225795333282
0.737314403824541
1.10666002590081
1.66075701276517
1.07996619152562
0.873849350741999
1.19966723783795
0.805740612747954
2.43402494588829
0.89585822849961
0.951947372752706
0.824128777986067
1.09610127463732
0.705554715012698
2.0287500729671
0.749925324667978
1.28326815002392
0.837822938166673
0.561154056754567
1.09947297292418
0.62568183680489
0.560686211549512
0.848126409018028
0.796447199970208
1.07855948013272
1.20985587394302
1.61799612531225
0.669906993471289
1.14236207214771
1.48057169328539
1.40884827941064
0.533301841922809
1.34366346397222
1.49609173813839
1.00431158733481
1.02870681433706
1.21615193738391
1.13944118208776
0.892984221158528
0.69536620615191
1.90436988700514
0.796438622543476
0.698411630388162
0.815811927720971
1.13144545575291
1.07112181504952
0.910222468656793
1.06000997363007
0.737773820554209
1.31685977478175
1.05610707268243
1.79193220448172
0.866797359973025
0.815892751619317
0.977173397213583
0.606143600515321
1.14445073599396
0.690193448187225
2.87024697637949
0.948255635276061
0.976752432588684
0.834743171419422
1.80574227352563
0.897058326105026
0.869026700599173
0.984813002603009
0.997005870081762
1.19997833733082
0.790855500331027
1.53337104068295
0.863054184951788
0.809838487576884
1.13013801776271
1.6807232135608
1.61123041952993
0.878531541110614
1.11248180061189
0.958649724730788
1.30414419969304
1.23452261746198
0.843911853019394
0.751332917306844
1.05069950935531
1.04553759588651
0.751852778118516
0.756900399011663
2.39632177187498
0.687297848900022
0.928554829261472
1.39977459224879
0.768577977974117
1.09672517834073
0.914718908319172
1.89435697810076
0.970308372995043
0.856299314501609
0.75144994527726
1.42629438507026
0.923463605137734
1.04429904578644
1.0804570541161
1.41252109477146
1.65840710677693
1.55314958326953
0.73668408166058
1.71908839554291
0.813357114003536
1.18687761759283
1.51123482926718
0.704592677440569
0.819545210861142
1.32790147025453
0.77613076806834
0.767719100068948
2.30757780319365
1.0196897515647
0.864785464425263
0.896856530106423
0.806814712753146
1.03373192660035
1.19312597418001
0.925233600044673
0.790894601679478
0.983532592479214
0.713639092998316
1.63581585128769
0.578586362419379
0.98005800296661
1.91619582332916
1.39242918010193
2.48532144539754
0.880848126749695
0.802073016478633
0.935919699170312
0.866526483810381
2.16289561011586
1.09941849377793
1.57973755214678
1.90579720178832
1.52023609527806
0.739417426645816
0.723116580922724
1.49399004890826
0.964613999962111
1.29684812479366
1.15450338671378
1.92653283528352
0.674861619755344
0.854107115479669
1.16326336132232
0.907224227422417
1.00391595600219
0.674521022899366
0.769951777466193
1.9429033091973
1.10876513507109
2.36832705689694
0.923204379436875
0.852252749094026
0.673091561254276
1.09900471535166
2.24642965116432
1.09140674527379
1.51809378240677
0.760088577627515
0.978939306443148
0.949326940522546
1.36981231231042
1.78269924710831
0.815644669626099
0.810818327650076
0.817750567683327
0.848591437878967
1.94272618863727
1.81068517129045
0.775863299651517
0.764096995206616
0.924986462436912
1.33193395232466
1.91181247557715
0.779587986589279
0.683521163547826
0.649040757947322
0.542194286502697
1.75083543797426
0.693580081083966
0.702849618495235
1.13132365516872
0.81883094681425
0.669887193566176
0.689614474375867
0.744860145356523
0.862876912456512
0.955648865028925
0.862556386599433
0.932144379160315
1.78521820561764
0.710303432480567
0.882578866938469
1.03018700176364
2.82876728440469
0.921542539122868
0.781956042253124
1.04347519534333
0.956941435509794
2.68424653644701
1.26065982468234
3.04237920374394
1.42417420597928
1.49865031553356
2.49028898825012
0.745204949908618
0.789375381286941
0.771106255294525
1.46484854220733
0.810062695436971
0.77165155213152
0.779429551334949
1.44738013081033
1.0125844088078
1.19460558531369
0.982607590393098
0.830426251746108
1.59053053777896
0.625300933840802
0.881580188067776
1.75869925528538
0.641422360447686
0.785164669375037
1.29503342525066
1.02128070364482
1.33671620371381
0.637704209135771
0.502710757190611
0.656351011902937
2.49645904391748
1.37456004213535
1.38899358185859
1.25283070765526
0.944259421366884
1.17194245517562
0.720846816597712
0.917870295954909
0.97833705786845
0.746936988241344
1.11920688983268
1.0975265559443
1.04379103565224
0.803784980721798
1.11100191535441
1.79517744871619
2.2139399645424
2.32914552998625
0.847506536030522
1.55469293438714
0.792374147820172
0.817022656923006
2.28717688907419
0.923960564560325
1.05769877227376
0.653836800613967
1.46858911030593
0.788621199935174
0.769908797447011
0.679761711715657
1.37577744067918
1.1146773374795
0.87665698114076
0.805997292144323
0.830966414346259
1.04439249942479
0.991405155391512
1.72533931905342
1.0394950701573
0.828486935037723
0.81508096341286
1.20628316051113
0.998953316448088
2.43804231670382
1.76037472207929
0.999566295859755
0.619534969665935
0.982598957173173
0.803490928483692
2.41001249550945
1.37012333319567
0.953811350910787
1.60429596491999
0.73964982874354
0.835915765187159
0.665519009435397
0.697390941031408
1.22688662004897
1.02919540163018
0.886908317495596
0.935348459429394
1.39307564021818
0.869908088583076
1.16217386054673
1.67566098047464
0.751813984155153
1.25800744165296
0.979160279596474
0.841085454766731
1.5414452010573
1.72545842691877
2.97871869111112
0.952373727220782
1.58567261292067
0.741541079847231
0.807497868282761
0.899584562329372
0.898411120130345
0.850294193141745
2.7113672406405
0.790588352541008
2.78620790129789
0.630403263647103
0.9816797536255
1.86704058219732
0.88119563816976
0.93237530429115
0.808103994702142
0.841417930069149
1.30770346842763
0.744522152058712
2.21247716903405
0.789904303864419
0.871919825169899
0.806764281261509
0.657126509368194
0.562984469987403
0.689756186385264
0.653199675839373
1.95354017911434
2.764726034226
0.879314399069338
0.917058892817324
1.23447622093639
1.93808015147473
0.877526587040295
2.55406739421061
0.825666551213166
1.04710584578459
0.94142587485493
1.24140313842072
2.76189238585058
0.893791813828264
0.831448568812524
1.0211658857635
1.19728634611502
0.765655382937625
0.979910499297049
0.748324268357402
0.873092318258355
2.2255234474703
0.66637454434497
0.742241206952279
0.889587614263871
0.949053771678086
0.771322925052825
0.915228656433473
0.868409754968538
0.854154264154267
1.54855546352369
0.63721747211494
0.662657184315191
0.856766769717296
0.945874034852395
0.947364090749355
0.630883612910029
1.17533886372907
1.00297470369067
1.45195552964589
1.45136734444414
1.39781651010371
0.702379513814152
0.85441670785243
0.88127486495534
0.74725683103248
1.91243117874141
0.787668852633094
2.25561509743145
1.53006851052151
0.797873922817557
1.20862609054819
1.0016149781847
0.880421317308315
1.03943839484498
0.735591200319592
0.727256292120726
0.804796240075438
2.05601897796207
0.73960843913082
1.21886710549985
0.662942842723784
0.974214664067424
1.34598558888643
0.990504730401412
2.31430769642498
0.826340018390585
1.08111558059925
0.820560223434966
0.616874390048422
0.937443937656941
1.33784690579385
0.973641973811085
1.02935376691316
1.22953202772424
0.715855178277311
0.768785529200844
0.740531331218326
1.37589870455456
0.857408436830129
2.20489173099004
2.98964278508449
0.854925819273919
1.66459562045686
1.3724157585585
1.24029974160248
1.12589023504318
0.969358374397177
1.23864324377994
0.873161510737142
0.923378480106969
0.890174981571268
0.879627147859016
0.881317191256525
0.957158790167388
0.846271703401335
0.85358579760981
2.37420636789128
1.08454086349323
1.20953548085019
0.876186442430506
0.664887324115487
0.620060911762317
0.655569800378017
0.880848945558299
1.53560104851757
3.08357290659421
0.761382732431871
1.80793578173705
0.727183035459417
1.04790680894955
1.61804072691177
1.01272321930449
0.869223304235041
0.721299150122211
2.49690366130843
0.802334396152824
0.72687286066415
2.51470941724839
1.86580739768894
1.23755302192385
2.00029879425909
1.80924752912263
0.713216345463893
0.81167945771271
0.722980289489457
1.13416500712458
1.36013470180887
0.921477219924533
0.8120194697567
1.10869426796862
0.779817722012156
1.82507114463556
0.989120580899662
1.25395594086834
1.16093483511643
1.57906735914443
0.92066233013203
0.832499807601769
1.05102760690488
1.76355103749413
0.943329409187535
1.2833082054212
1.09231728897909
1.06540665434059
0.54279188492432
0.649011066430814
1.41934342979093
0.837217048380279
0.816186427557976
0.782337459287909
1.78400401079651
1.11856769894845
0.754401055945966
1.34637534674055
1.37587588880161
1.64217298582165
0.895908292998245
0.836720135077377
0.830460791806647
0.95853704103049
2.37438590117046
1.15186798059364
1.32511776868724
1.34304415527021
1.47004302185749
0.973861694363756
1.02385180465911
0.809462385303856
1.04150458064966
1.64390005109522
1.28671705360153
1.85553877016676
0.734832219436064
0.870345080848416
0.661163923315936
1.01218449899626
1.10045606080562
0.680620570175414
0.801896744288499
0.937718922067424
0.940862450500609
0.785855032616461
0.985281597145578
1.0639035318297
1.22161367717985
0.88443873954153
0.786237126006825
0.850850031179784
0.856219896252405
0.803815807186771
0.784236114743989
0.759601793222316
0.715265533560842
0.95136068448048
0.838989889468322
0.812961597961994
0.933488795892325
0.841729115028194
1.3790745283449
0.937252011994774
0.853287219573728
0.862100112307045
0.73487423426735
0.84859106982331
0.705742244591197
1.27325437268592
0.754073607841594
0.72088436998267
0.709203984627279
1.20486067211722
0.848457161762877
0.798229369337668
0.920531360186731
1.00689553789115
0.827921379445914
0.792887864086041
0.884996237228172
1.08912495172771
1.08512154673766
0.744169256066252
0.878378815887953
1.28098658287451
0.855365623800183
0.828632658203461
0.76779570712111
0.809270464884572
0.758108591647449
1.09703814905918
0.831850452048102
0.912357742098606
0.823393831961645
0.788116369223087
0.90060517291339
0.817876159701006
1.34658154503078
0.950846079549253
0.739968941302885
0.769390878700628
0.740602636975478
0.827617140736935
0.954520097401014
0.788917174016508
1.03188577285471
0.916993098879383
0.946356954521978
0.856384570822983
0.820047145878421
0.845162932181861
0.822350741106667
0.872513234727275
0.884284181813046
0.790986949453559
0.846986036555839
0.832523861458116
1.03880307020286
0.866518209439287
0.838232791277268
0.842527856132126
0.88791452069594
0.851037505250769
0.877975139122662
0.772599435170365
0.793729303124943
1.15710700743179
1.02838367266655
0.878724481636922
0.758846292791722
0.78628918339641
0.927581245946682
0.984700341224836
0.838918992311535
0.928726536403627
1.09255914999795
1.13634992723468
1.05745860955009
0.608925126490168
0.687725447831964
0.652549108308767
0.799496880999968
0.837029404159245
1.00307512925873
0.995135336580639
0.757497724863808
0.70379328292035
0.728751169696629
0.804464090490166
0.897588627426107
1.11376749719257
0.888912033555807
0.722072987871824
0.776825142392762
0.779610894581299
1.49406934920353
1.44591106437473
0.756181400523447
0.846528534213469
0.842250211207671
1.36252200988196
0.868082500153645
0.805356076835682
0.793558835260063
0.693934378372028
0.839694247707401
0.833968207998779
0.933725042047427
1.34602943649816
0.821934843186998
1.26148006558846
0.8982259051157
0.918535443119231
0.740413641014034
0.731609609667735
0.727458497086621
0.750016179303589
0.773408754656033
0.762790998948078
0.846310412462952
0.802571969918403
1.12671230142822
0.720133204372719
0.787137655549426
0.855228149405382
0.965884869228244
0.887968139346469
0.81613857305919
1.15075819382932
0.880268139884032
1.2138744671094
0.838411921751052
0.879654607151466
0.88901308298526
0.813817929890497
1.10949270172817
0.783051720477701
0.782716033239234
0.860961936876696
0.869232247269807
0.972947344435652
0.780515828074226
0.830674029904366
0.857537810946612
0.891662748301388
0.843059965769722
0.847176398895628
0.903366841713668
0.832058073995729
0.806351939715382
0.774268885496351
0.860140408519672
0.838340994733699
0.879096234035166
0.847666598374937
0.779632382392518
0.761891804153054
0.888565751955315
1.05763340898079
0.867101079867637
0.995234362264041
0.841029526687331
0.903698228370479
1.47087746087555
0.685496446648869
