-6.89974240811581e-06
-7.27631577078519e-06
-2.77534810350281e-06
-3.22401504552182e-06
7.70351997276684e-06
1.00275011237088e-05
1.78685943670888e-05
1.92683748954246e-05
2.22972128362672e-05
-7.64040448369389e-06
-7.65701065564304e-06
-7.42372049630202e-06
-6.80741650342758e-06
-6.76145998118259e-06
-6.89961547269841e-06
-6.3452525082662e-06
-6.37148248562116e-06
-6.5700218109805e-06
-6.73639313609388e-06
-6.81728536711417e-06
-6.86191892751958e-06
2.2701733150443e-06
-3.45478839193548e-06
-6.93211071756108e-06
-6.29856693758191e-06
-7.01387655583433e-06
6.71309797581128e-06
-7.22784458950724e-06
3.21670454397344e-06
8.56229425877844e-06
-7.35105426047966e-06
-7.09399798952578e-06
-6.86368123856726e-06
-2.18651898225157e-06
-6.15531609532944e-06
-6.28402163217038e-06
-6.44705138547177e-06
6.67794016638099e-06
-7.41407642578165e-06
-6.96796690937535e-06
-2.74469274253527e-07
-6.4842661046547e-06
-6.67754280657266e-06
6.75679402265609e-06
-7.06788248444193e-06
-7.10985212238089e-06
-8.04292396326862e-06
5.82698441966643e-06
1.3448617844927e-05
-7.15941822312292e-06
4.68336485569837e-06
1.48348665498358e-05
-7.06400420400886e-06
1.57079326391449e-05
5.23226772537521e-06
-6.68811385620602e-06
-6.76672170591498e-06
-6.94886511676e-06
1.057004220105e-05
-7.02279592940358e-06
-6.65803185456104e-06
-6.76041287034223e-06
-6.67973933389087e-06
-6.36853407332023e-06
-2.73143733862619e-06
-6.77959077089013e-06
7.5113871879228e-06
-6.30529964253667e-06
-6.28154966398263e-06
1.06964366972468e-05
5.38653288012461e-06
-7.29304544654815e-08
-3.42803373601347e-06
-2.23284871267186e-06
7.82636256858627e-06
-1.64099883428581e-06
-7.01574073805094e-06
-7.40587575623e-06
5.23228689788816e-06
3.42965724115115e-06
-7.03744800064404e-06
1.14175268693176e-05
-7.36822679683408e-06
-4.24875626938393e-06
-7.20783398799067e-06
-6.69938973763679e-06
-6.68393515748602e-06
-6.50827752814994e-06
-7.82935966730793e-06
-7.25851187876368e-06
-7.04202051401333e-06
-6.40118201582209e-06
1.48442740088016e-05
-7.18925892908339e-06
-6.93063435785594e-06
-6.99419239978273e-06
-6.96933213071101e-06
8.28846522896957e-06
-6.78609651883698e-06
6.23949454056723e-06
-7.01204286206228e-06
-6.83897753678361e-06
-7.08444208771001e-06
-6.8451115344485e-06
-6.70739854557209e-06
-6.87392520441112e-06
6.05704953488025e-06
1.00495454308624e-05
4.47461161325053e-06
-6.88982444448884e-06
-7.22817799030655e-06
-7.14943051167374e-06
-8.10253839145574e-06
-6.77035250655422e-06
-6.6152891656029e-06
-6.7007348831253e-06
6.05438351106448e-07
2.84884211120869e-06
1.50622152397227e-06
-4.94810334131082e-07
-6.49548217759316e-06
-1.60138056284796e-06
-3.51337499953306e-06
-1.74683447530299e-06
-1.04019728407773e-06
-5.05691251897612e-06
-2.36645495951621e-06
-6.65275324340711e-06
-5.9579369212148e-06
-3.59878891586444e-06
-3.074030021616e-06
-6.02962334074517e-06
-7.63060052076559e-07
-5.45056617709883e-06
4.28736720975769e-06
-1.87197222169641e-07
2.6874640589532e-06
7.80918073569707e-06
2.10725559690663e-05
2.91063541090411e-05
1.95561822896874e-06
1.26631554006574e-05
1.99134069175484e-05
2.05373962041842e-05
3.08527187594323e-05
2.82321886991089e-05
2.7163846470006e-06
1.83285533910954e-05
2.00203967074188e-06
6.64541630408093e-06
1.68026860116457e-05
1.17048832791954e-05
1.3551213682127e-05
1.73873116059968e-05
1.8806799911609e-05
1.68738578114155e-06
6.72020473814019e-07
3.82275689376527e-06
5.14252688013773e-06
2.28681045345859e-05
1.70799042979986e-05
2.15130721428497e-05
2.10747660514959e-06
1.80954597120278e-06
2.3124443462396e-05
2.92665476936776e-05
1.97819141136095e-05
1.55965273727674e-06
6.94452478207149e-06
1.78780300296737e-05
2.68642379571178e-05
2.16236389873686e-05
7.78484015773257e-06
-4.1126134870824e-06
1.30725795324896e-05
1.51648556820281e-05
2.19568559513652e-05
-2.18455430549189e-06
8.47902207290988e-06
2.56586279345021e-05
9.6612829507832e-07
1.72733363016614e-05
2.66324495523708e-05
1.39257441774752e-05
1.65713834467798e-05
2.94619016336115e-05
-1.74488027413248e-06
1.02064866929427e-05
-2.69838472045499e-06
4.31033271263954e-06
8.18714811995269e-06
1.42801600802505e-05
7.09239764106649e-07
4.713435468008e-06
-2.23498208161247e-06
5.1643394786862e-06
-4.91535103197801e-06
-3.5929593126991e-06
-2.02333025019187e-07
-1.86853814807307e-06
1.19524390166328e-05
-8.67303290753586e-08
9.57612363939352e-06
4.73531254314245e-06
-7.53910720038372e-06
7.78180552582252e-06
1.03040189634511e-05
1.87689972960814e-05
2.31842849113671e-05
2.44167533138416e-05
2.74747268442087e-05
3.98852652665254e-05
3.18490000990657e-05
2.77561701606392e-05
1.28689118303437e-05
1.4112590217464e-05
1.72816107808033e-05
1.89242314369097e-05
1.86338001707348e-05
2.67923900004713e-05
2.92081679341624e-05
-1.43138969671118e-06
-4.79294502014542e-06
2.79771522847949e-06
-5.36634000065396e-06
-5.96233490254097e-06
9.63144195791417e-08
4.34976264506419e-07
6.48331959016817e-06
2.36626093167336e-05
1.34590466628354e-05
-2.64183048451881e-07
-6.08881958667178e-06
2.45288728191165e-06
1.13268291297359e-05
5.91526895276614e-06
2.31814710120092e-05
2.3113208071017e-05
-6.67534959639716e-06
-4.48123756444904e-06
1.64802958111399e-05
1.90251775415803e-05
8.63484776908132e-06
1.03997602129743e-05
8.24612624394218e-06
1.2358058093553e-05
1.14448079088193e-05
2.31001389438928e-05
6.64944979435003e-06
1.10961398506043e-05
1.86010197904427e-05
1.84026382963292e-05
1.94155989143277e-05
2.67272032310313e-05
2.60900763633983e-05
-5.83632849394508e-06
4.42645455271021e-07
4.31175576631911e-06
1.39466304810605e-05
-1.73628528127725e-06
1.07865876938223e-05
9.65009306806622e-06
1.54972032928605e-05
4.73291289955054e-06
1.44540901883096e-05
2.16649380407011e-05
-5.51146941712214e-06
-1.5752043228183e-06
3.68329345053599e-06
-6.58859727221828e-06
-3.22809576780807e-06
-5.90505305074276e-06
-3.36158248179899e-06
2.94171919349381e-05
3.57247122028874e-05
3.05399650007695e-05
7.35816999545297e-06
7.7314526575948e-06
1.46504077725305e-05
1.41394888298947e-05
-3.74286620990191e-06
1.29281273639313e-06
-6.67611042077712e-06
-1.39800003365458e-06
-6.2860630584826e-06
-3.55103217491607e-07
1.49796028137798e-05
2.91964100687756e-06
2.03478384821472e-05
-1.56273785477092e-06
-3.60251921277404e-06
-6.12236916633976e-06
-3.95630880881465e-06
5.45597200133008e-06
1.85154540633188e-05
1.73757428851953e-05
-7.5973199905115e-06
1.32458371473312e-05
3.16765123313469e-05
2.46312610658619e-05
3.25955730473741e-05
-7.28503318060711e-06
3.88759726963895e-05
3.81643033174529e-05
3.2834383717273e-05
-7.25281884363773e-06
-6.83349720812106e-06
2.35116277059186e-05
3.99410540630979e-05
-2.23346974700753e-06
-1.70474718490294e-06
7.09157909536714e-06
-6.54572913220671e-06
3.45514838279923e-05
-6.09617656454671e-07
8.74079004129381e-06
9.68677828182977e-06
6.69688568663922e-06
4.27094571753097e-06
4.22750899908693e-06
-4.23142335441624e-06
-6.2326691581092e-06
3.37564200554841e-06
-6.15450670113385e-06
2.87889156237526e-05
2.4394531404914e-05
6.47526025589125e-06
-8.61338486175055e-07
6.14971483143564e-06
2.41441909822046e-05
-6.3930121038758e-06
2.76523552090835e-05
1.6808461944637e-06
6.88168162431693e-06
-4.30589622905711e-06
1.28720749840366e-05
2.80292268549379e-05
1.56152395529385e-05
2.91434974940051e-05
1.1385816272245e-05
1.34001066332406e-05
-2.61409035422615e-06
1.87953152794933e-05
1.76084817508953e-05
1.29040548819895e-05
-2.57956392574322e-06
-5.6816586594781e-06
2.05754015001195e-05
2.49723531509944e-05
8.13718438066909e-06
-3.53412606839013e-06
1.83206917653434e-05
2.12897722556056e-05
-7.49145289770078e-06
4.38198867911299e-06
8.29849487584754e-07
-7.27147624104015e-06
1.31932471585928e-05
-7.53617017998601e-06
-1.70130765138787e-06
-5.31214152472021e-06
-1.80302142123986e-06
4.63598012729368e-06
1.75153915037646e-05
9.49230060741588e-06
3.84073737978455e-05
2.45077348438817e-05
3.06705925078021e-05
-3.73639389462856e-06
-2.30619414173906e-06
-6.27388278771809e-06
5.4899409838134e-06
3.49389888817819e-06
2.36870480738031e-06
-2.20345359654974e-07
-1.99949522405648e-06
-7.28910868917508e-06
-4.59231622925952e-06
-6.13516049477142e-06
1.9989732903278e-05
1.77202629148041e-05
3.68377453700724e-05
2.75790751954629e-05
2.93814905597617e-05
2.90722481054576e-06
-7.63611691959923e-06
-6.38474143835483e-06
-7.20108880126748e-06
2.50453978119335e-05
-6.94979993153872e-06
-7.03976812344222e-06
-1.13453965485632e-06
1.26145161810453e-05
8.05335055421193e-06
2.17461061068082e-06
-3.18537526356311e-06
6.13161379959536e-06
3.28962752684527e-05
4.25338576522394e-05
3.02023719091627e-05
-6.68768264595164e-06
-6.692105097678e-06
-6.73186392027699e-06
4.33559909625681e-06
2.66968479200608e-05
-1.67494010687562e-06
1.68678766431145e-05
1.17603866777283e-05
2.03850598150766e-05
7.39040450292928e-06
-1.44945296782792e-06
1.10761226490913e-05
2.29189116982739e-06
7.30172687447367e-06
-1.2820668379089e-07
-6.05103639030965e-06
-7.17614057901933e-06
-7.65089643528823e-06
1.99026794734318e-05
1.31119845838441e-05
1.08894487225304e-05
3.63577775703707e-06
4.93938590294805e-08
2.01569677470431e-05
-1.58165042122651e-07
-7.03747748147418e-06
-3.10072476931692e-06
-6.80553424303618e-06
4.92737057022556e-07
3.05206815578406e-06
1.3954524420239e-06
3.87306074221091e-06
1.29670140174762e-05
7.89955587046514e-06
1.22976567008061e-05
1.39795963387957e-05
1.08684983847058e-05
1.33028118010395e-05
3.22795560125451e-05
3.40910314062755e-05
9.07158052826804e-06
7.98326778909778e-06
-1.69477458495245e-06
-5.53990596043369e-06
1.81760502730455e-05
-6.52875250156688e-06
-5.33911243412131e-06
-6.86354517856003e-06
-5.90960419637606e-07
7.46834066526506e-06
1.12726970060421e-05
1.19577150875924e-05
1.85248557642192e-05
1.07151837364625e-05
-2.13317943563271e-06
2.43254839775211e-05
2.08047981418287e-05
1.79520397252908e-05
1.33422718021146e-05
1.72275387630363e-05
1.01672365115147e-05
1.22744006069688e-05
1.58195679576327e-05
9.78209954269874e-06
-1.12288576762154e-06
-6.12486492226242e-06
8.32068239808188e-06
-3.20573645983112e-06
-5.30107456708433e-06
-6.93812670189108e-06
1.88850604866983e-05
2.65521477849581e-05
3.20553715115812e-05
2.13943852772844e-05
1.77441383685431e-05
-7.10995014342107e-06
-6.13714863676434e-06
2.17692210744618e-05
3.4819466001568e-05
4.10793705061038e-05
-6.60715813162043e-06
7.98225151205674e-06
1.31695251438074e-05
8.57338937585901e-06
-7.47507767475587e-06
-7.14220406474374e-06
-6.02862625830812e-06
-7.25879747324217e-06
1.6566958076229e-05
6.2778591322817e-06
-6.55258661396144e-06
-6.85804603085045e-06
-7.26643723441469e-06
-5.72194229527233e-06
1.08240567359466e-05
4.56256071635542e-06
3.0662268751328e-06
-6.80182560713197e-06
1.31711299339121e-05
-6.83722135587154e-06
-7.17666536355375e-06
-6.88845007123554e-06
-7.13928695263379e-06
1.23580122671688e-05
-5.92831027985203e-06
1.81034568782051e-05
1.51721212031742e-05
3.87343159419144e-05
-7.55957795234288e-06
3.45485461912324e-05
3.37544000118713e-05
1.04153782481778e-05
1.03851910564149e-05
4.61401128214018e-06
1.57758113234989e-05
9.36842230274203e-07
2.19371314994599e-05
2.52710574835188e-05
3.36554907630284e-05
-6.54723691888361e-06
-6.59343033551917e-06
-6.44194379560078e-06
-6.89035542147408e-06
-7.03337359165791e-06
7.41410795836679e-06
3.35185697764175e-05
-7.24865199019379e-06
6.67367149691579e-06
2.4160051035162e-05
-7.50373292999935e-07
2.19678630560217e-05
3.60080728340125e-05
2.05308913771328e-05
-6.65316149829203e-06
-4.69200867949841e-06
-7.50928975059025e-06
-6.06017566806924e-06
6.00120831596931e-06
1.15327436930054e-05
1.94898998252655e-05
-6.31943224715773e-06
-5.44907786778835e-06
-6.20137117991813e-06
-6.71517288745545e-06
4.75046423815949e-06
-7.0646462176616e-06
1.55525935846065e-05
1.28858894609157e-05
-7.31853458105279e-06
8.12980397577777e-06
3.66693356201064e-05
4.58027122282246e-06
-4.33033384425903e-06
1.9421350965335e-05
2.19968782093998e-06
8.76015536370031e-06
1.70933596754363e-05
2.34918822255853e-06
2.0667578157759e-06
1.57508550527744e-05
1.26210369279534e-05
1.25330005334611e-05
-6.20119679944531e-06
2.91587259967884e-06
2.51679898393286e-05
2.95981876152412e-05
-6.75400024232268e-06
-7.35912792329637e-06
-3.50120767791483e-06
2.12580695856765e-05
1.66354693615965e-06
3.53513980804615e-05
1.04733731835671e-05
-6.81030108596746e-06
-7.09722525424007e-06
-6.99994190478201e-06
-7.44379529317477e-06
2.22355564324075e-05
1.2920095518296e-05
-6.88420662734672e-06
1.51942775013248e-06
1.01684939792757e-05
-2.72262926852079e-06
2.21396697221017e-05
1.49816026661707e-05
-3.11015944341708e-06
4.66507259771534e-06
-7.23561547490867e-06
-6.26455015768839e-06
-1.58255539920369e-06
-5.66046624842623e-06
1.04848162226257e-05
3.44037805742222e-05
1.90436261772921e-05
3.82076161518314e-05
3.43439322411827e-07
2.01086991644031e-05
-7.61403829487693e-06
-7.68380355621233e-06
1.92401482815722e-05
1.02493054332586e-05
3.27832094040077e-05
1.24181593648683e-05
-6.73247007442778e-06
-6.18652496154383e-06
-6.10766610949798e-06
-6.61395800494996e-06
-4.23392890954519e-06
-7.33395304317604e-06
2.69712724183722e-05
-6.92951358390748e-06
3.9398236049906e-06
3.08363065024327e-05
1.63480442945071e-05
-7.01528720996705e-06
2.33744824629418e-05
3.5447507886653e-05
4.18737734393726e-06
1.48523904866659e-05
1.4692330707434e-05
-5.03078100072893e-06
-7.35720616895216e-06
-5.86620225308331e-07
1.90331395692674e-05
2.05957768688192e-05
2.22853576035402e-06
1.4144276113852e-05
2.54337892045106e-05
1.60505492578681e-05
1.28816721437255e-06
-2.66159411986458e-07
-3.27842078639451e-06
-6.79251098636552e-06
1.42102174524169e-05
7.6580215357575e-06
-6.85165002403391e-06
2.59727468180686e-05
-6.11708699812677e-06
3.65807600512966e-05
-6.7141860213913e-06
-6.70924181714032e-06
-6.67784016540666e-06
2.03406546372392e-07
9.47625160819483e-07
-6.41040055939594e-06
1.41565822980168e-05
-6.4717635671788e-06
2.0521654355678e-05
-5.31747997041925e-07
-6.02708684909788e-06
8.04870028084442e-06
-7.48134962133437e-06
4.07791176656849e-07
2.10655474994098e-05
1.44514836741736e-05
1.23146446178828e-05
1.17321516738623e-05
-6.18563222466654e-06
2.40293589978246e-05
-7.47597503195504e-06
-5.84554042051751e-06
1.89874708312717e-05
3.35886111650593e-07
1.6459528733614e-05
1.39513814112965e-05
7.95541093181339e-06
2.06805775829465e-05
3.4376397531221e-06
1.11976998910587e-05
1.28568818275144e-05
-6.58392122141738e-06
8.77160987164568e-06
7.32411176879799e-06
2.34149938806149e-05
4.18937967082167e-05
-5.59121847261635e-06
-5.17517206059363e-06
-5.38188377509061e-06
1.28179817068508e-05
1.09811261761878e-05
2.97994692463898e-05
3.67217640745633e-05
-6.04278152239196e-06
-6.10425401205204e-06
-3.1518170159694e-06
1.73253212464334e-05
-5.38834935004151e-06
8.61555606331629e-06
-6.2175011230993e-06
-3.11852575591464e-06
5.59001702204716e-06
2.55783743283745e-05
3.2174917738275e-05
-6.71015700680099e-06
-5.0119585719982e-07
2.75285065802488e-05
-7.1319589641914e-06
1.26414661210585e-05
6.68281887517254e-06
-4.48171621838146e-06
-3.86818027043862e-06
-3.16136717285042e-06
9.81281620431381e-06
1.62650022710996e-05
1.14543419486835e-05
-6.818560929985e-06
-7.27543307433375e-06
6.78652177375027e-06
7.81564298128359e-06
-7.27070904002882e-06
-7.33935709526652e-06
3.91309521517352e-05
3.80380226014417e-05
7.25608922972214e-06
3.84784371117372e-05
2.24050557268479e-05
3.35240157945403e-05
4.80147537968708e-06
2.87094197899149e-05
-7.03474958293736e-06
1.95029021421563e-05
1.80664640107291e-05
-5.94853429148112e-06
7.93678944291323e-06
5.68024931925244e-06
9.24634847944166e-06
-7.0830227225523e-06
3.145984343611e-05
9.6749751422142e-06
1.64219008180203e-05
1.64535332336823e-05
1.16480392622562e-05
9.65942173703121e-06
1.48597161159249e-05
3.29627239070206e-05
3.0796201649918e-05
-6.67849634841012e-06
9.11135270832066e-06
2.53259822528363e-06
-6.2267865182659e-06
7.33792169798513e-06
3.2680191649677e-05
-6.21915435787181e-06
2.01351921955217e-05
9.81577832553138e-06
7.36554981470591e-06
-5.770094337938e-06
-5.78038904360552e-06
1.70739953922623e-05
-6.77390811755873e-06
-6.72015507511757e-06
-6.66108140998331e-06
1.03851844785605e-06
-6.4938192144013e-06
6.0893174600207e-06
1.01437940370311e-05
3.89446004125007e-05
3.62789914959516e-05
3.54621309826915e-05
3.39661763839359e-05
1.8224176139609e-05
3.03695743443568e-05
2.19137948641893e-05
-7.48312063805106e-06
1.53320352079805e-05
3.45842555100776e-06
8.51815361806402e-06
-6.34475135122656e-06
3.43727380104415e-07
-7.02497693686043e-06
3.00173798733498e-05
2.00734477133663e-05
2.89799399529782e-05
2.85793837723702e-05
-7.07810717288965e-06
-7.01551106122899e-06
2.26482974678578e-05
2.3754250741081e-05
1.27147957570733e-05
-6.99825894117678e-06
1.36648187231398e-05
9.02347707308655e-06
2.93403049832676e-05
1.02364684330215e-05
3.02249486605868e-05
6.47952335432614e-06
9.44430501901516e-06
-6.78655363591471e-06
2.15084715151343e-05
-4.22635206137568e-06
-2.20488835019812e-06
1.86003860727277e-05
3.84508308524741e-05
2.65662965492049e-06
9.07483309124524e-06
1.49250092369508e-05
2.74792578525114e-05
3.96749627566163e-05
7.71367292498675e-06
-5.68777253098796e-06
2.54825912992332e-05
3.16490648681149e-05
4.56388320969548e-06
1.20041510750997e-05
3.75457012984098e-05
-6.59391648933012e-06
-6.43017650600128e-06
2.06141533917995e-05
4.66275386296031e-05
3.43517389547095e-05
-5.10382610190062e-06
-4.07179838876388e-06
2.25159452648553e-05
1.46400564931036e-05
1.33042920254675e-06
-6.25968557748348e-06
-5.41704217677528e-07
-6.98613451552612e-06
-6.3280450823413e-06
1.13295683095677e-06
-6.15393435370041e-06
1.66509826144645e-05
3.08366385707075e-06
1.68725424912704e-05
-3.03974299528188e-06
-2.81543241537402e-06
-2.60751117039008e-06
-6.29821252081657e-06
8.68943280084122e-07
5.71881016952624e-06
-6.10202136860547e-06
2.18532519314979e-05
2.76819478481129e-05
1.38651227494239e-05
1.24732223366543e-05
1.98878192950866e-05
-6.99378088155936e-06
2.54301328559111e-05
-6.3491213198021e-06
1.92436908289895e-05
1.10548209301263e-05
1.85952293123318e-05
-5.70962205569702e-06
-5.98601914000251e-06
6.51225495010831e-06
-2.69984127216482e-06
-7.35124099938067e-06
1.64733604675696e-05
2.44103138463438e-05
-7.47814152506505e-06
-7.48047690644052e-06
1.12332784869746e-05
2.52113474802272e-05
1.01763409163553e-05
5.21247855258741e-06
2.72260787092116e-05
2.26866409466338e-05
-6.3472379393118e-06
-7.4344435026202e-06
-7.56158510065669e-06
-6.66657258232081e-06
9.43314137692344e-06
-6.89362699110248e-06
1.44847087106667e-05
4.78308024447827e-06
-2.61638253848143e-06
-7.32533782586622e-06
4.02660971328464e-06
1.8555403234161e-05
1.46067178784142e-05
2.9288044369001e-06
4.13533743773262e-06
-2.26598647345506e-06
2.58131288024709e-05
1.49172396409812e-05
2.43122236514737e-05
-8.10350631497766e-07
5.27871174339142e-06
-6.61651605909758e-06
4.67681034931771e-06
-2.44189317252157e-06
5.70433733763524e-06
-1.60306200384606e-06
-6.8974948278669e-06
7.93087627031881e-06
-7.13927762427862e-06
-7.49962805820249e-06
5.71598167314087e-06
-7.05136528711562e-06
6.6953173177618e-06
1.90714489592771e-05
1.75584661143496e-05
1.62411379326257e-05
-2.05139812258126e-06
2.17631476431071e-05
1.85575746481967e-05
-6.68393688738702e-06
-6.87391039536639e-06
-7.10321381527468e-06
2.93079527013784e-05
-2.01310646715616e-06
-2.03571386876844e-06
-5.6786737518217e-06
2.1401460028621e-06
2.29352382785964e-05
7.77114503756529e-08
3.84433846780217e-06
7.8958068846688e-06
1.63603744630926e-05
-6.2992509006102e-06
2.29123950792512e-05
-5.69996059138181e-06
-7.3004470259331e-06
-7.22949288924872e-06
6.62870660985438e-06
3.29546065644497e-05
1.0422598924896e-05
9.11962943898572e-06
1.70825045252506e-05
9.44180031974871e-06
7.3859279228355e-06
3.28522245878326e-05
-6.56650399207577e-06
-6.18702199993593e-06
3.93929735565112e-05
3.6880575231784e-05
8.2759288343108e-06
3.70924524965214e-06
5.68759318331888e-06
8.52325223784557e-06
-3.29505778315979e-06
-7.7702007584092e-06
-5.68029206008218e-06
-7.37457376269976e-06
-6.21145622638249e-06
4.20691750847983e-05
-7.62161805340181e-06
1.9544131851911e-05
3.42878454118944e-05
3.35787104187612e-07
-7.22969412977353e-06
1.11755078678725e-05
1.94581550454986e-05
-5.72937776968328e-06
-6.80404388796412e-06
-6.49737193032369e-07
3.83463392926883e-05
-6.886583020159e-06
-7.07575470145498e-06
-6.75178353778313e-06
5.97269758219627e-06
2.48106482279244e-05
7.10234577486893e-06
5.14310912604468e-07
1.17820303429161e-05
2.62077999830504e-05
-7.06969642236478e-06
-1.9770225464917e-07
-7.01703191457636e-06
1.94779213475714e-05
3.1742259961478e-05
1.2836900670719e-05
1.36467963423152e-05
1.44507714712735e-05
-6.2182352701253e-06
-6.31930607543648e-06
-7.62308800349486e-06
1.27913544100516e-05
-8.16886421247742e-06
-6.26191407129564e-07
-2.48596091724011e-06
-6.07530244300885e-06
-7.37441925738655e-06
-7.19792215950514e-06
9.26152262700061e-06
8.32288683218922e-06
-6.82591524562433e-06
3.2405372000537e-05
2.52164848318778e-06
1.02905272165386e-05
1.33566320550608e-05
7.08063627060445e-06
2.91727305361613e-05
1.23876310248416e-05
-2.40816747934608e-06
7.9873722156577e-07
2.23170842483905e-05
-2.03416099474372e-06
2.94305422990139e-05
3.66978309584964e-06
1.43852020459701e-05
-6.62822431811279e-06
-7.18961811518356e-06
2.06405380206495e-05
2.17966522175978e-05
7.73535953985617e-06
2.39886805692858e-05
4.57304715514205e-06
2.10320770154375e-06
-7.22272905572445e-06
-6.19665923600151e-06
-6.36687333202848e-06
-4.02826276102862e-06
-5.58838991245165e-07
2.51477238306284e-05
1.55513357700393e-05
7.55196726998271e-06
1.21372609174624e-06
1.48537097536635e-06
-7.05798073643033e-06
8.64436486115911e-06
1.85947957369158e-05
-3.41300673499601e-06
4.33284930103027e-05
-6.7628047861072e-06
-6.67543662710372e-06
-6.46030707897721e-06
1.58059322110424e-05
2.0759729202345e-05
-1.31918960824229e-07
9.81131271791649e-06
1.32167995484731e-05
6.42375636295938e-06
2.57429572525711e-05
1.78943699310487e-05
1.64428810823986e-06
-6.91192748329109e-06
-6.86727631314467e-06
3.10735126678989e-05
9.72143813067748e-06
-7.1199297210587e-06
3.46501080090866e-05
1.08081486948385e-05
4.97708735636309e-06
9.6142374778471e-06
-7.23862023945093e-06
-7.0642514250724e-06
-6.65996846368807e-06
1.41337160548899e-05
-7.62352181266606e-07
1.34127090850055e-05
-6.87757489542264e-06
-2.98832478897619e-06
-6.60911013553654e-06
2.02392370255773e-05
-7.54701893300798e-06
7.50700413170145e-06
-7.39907657547387e-06
-6.59911415995783e-06
-6.26371899632633e-06
-6.94057762526217e-06
-5.99137657278322e-06
-1.37523962247533e-06
-4.41092459623727e-07
-7.18766815754697e-06
4.05493291378436e-06
8.54022752722451e-06
1.73238687947504e-05
-1.28452022273479e-06
-7.29135007309108e-06
-7.09390425094366e-06
-6.9168733374053e-06
-6.85450428516819e-06
-6.87995691833896e-06
-6.93910365476846e-06
-6.98332558516501e-06
-6.92587332330753e-06
4.72968926436082e-06
-6.052315801986e-06
-6.9407487540487e-06
-7.64156277177772e-06
-6.70183536645393e-06
-6.85617996801527e-06
-7.04149274588414e-06
4.18955855601008e-06
-6.68533683195321e-06
6.34780732707885e-06
-7.2678296732205e-06
-6.89771454892898e-06
-6.52093384712187e-06
-6.94338158959088e-06
-6.8617831058133e-06
-6.95005516605396e-06
2.33661339696752e-06
-5.41433024620347e-06
-4.5459380797444e-06
1.38725949891378e-05
-7.0594375828472e-06
-6.52579072230601e-06
3.12433518475535e-06
1.51803101640347e-05
-6.96575778975457e-06
-7.69859571935347e-06
3.25604736978022e-06
-6.8096185840517e-06
4.58302050154501e-06
-4.58314028496295e-06
-6.96418929052304e-06
4.06253737497345e-06
-6.76250113481442e-06
-7.05667129099861e-06
-6.68128993201124e-06
-3.27709129047676e-06
-6.92529134972603e-06
-7.17989778164534e-06
-6.89319056458691e-06
-3.652723718737e-06
-6.73149397543552e-06
-6.88058634600588e-06
-6.58728689619894e-06
-6.80552898037575e-06
-6.88098097400362e-06
-7.11372628150636e-06
2.24208065925466e-06
-7.28275767249749e-06
-6.8752073796279e-06
-6.98293536967894e-06
3.67907716136197e-06
-6.92226627819164e-06
-6.83362933310347e-06
-6.67745073569693e-06
-6.22084188830191e-06
-7.16217270615355e-06
-5.3174909606702e-06
-3.62742706747181e-06
-4.61121920174538e-06
-4.66931691540305e-06
5.64590028209174e-06
3.40162418782369e-06
-3.75662439687723e-06
-6.85404696182005e-06
-6.96373058851606e-06
3.74386326620815e-06
4.53194789888813e-07
-6.49975559008409e-06
-6.84095096799273e-06
-7.00017818561392e-06
-6.94220848321042e-06
-6.97894980004866e-06
-6.43603475767326e-06
-6.75930677116575e-06
1.10590170104174e-05
7.02887055263607e-06
-5.39713567123765e-06
-1.0023322606871e-06
1.89525888103696e-05
1.5233174560959e-05
7.95148449964925e-06
-6.90514302203335e-06
-6.95536143005037e-06
-6.97164948681577e-06
-6.69767673898949e-06
-3.66829996462973e-06
-6.87647324801753e-06
-6.92687893079949e-06
-7.3430045317875e-06
-7.50226407765262e-06
-7.37546342899469e-06
5.53591470084623e-06
-6.76377642082471e-06
-7.09609201267302e-06
1.81238597485344e-06
-7.04851789858247e-06
-6.71159288453868e-06
-7.84995937015298e-06
-6.69146206036311e-06
-6.81484610031972e-06
-6.49640205225152e-06
5.42306999426699e-06
-6.46915107670971e-06
-6.74735499039471e-06
-7.34016442451862e-06
4.23118115488475e-06
-3.43130298072238e-07
-6.86353214225482e-06
-7.25898003069123e-06
3.96229298492001e-06
8.94492808198771e-06
-7.01777894908044e-06
7.32480678568312e-06
-6.9290656443368e-06
-7.02247405971644e-06
-4.41695343393413e-06
-6.56283851845545e-06
-6.68980987662451e-06
-6.80237286239294e-06
-6.73105587927781e-06
-6.90475899552318e-06
-6.86379815005689e-06
-6.82267955845927e-06
-6.80203623785463e-06
-6.78726036351936e-06
-6.887085952402e-06
-7.12976803467631e-06
-3.91541873601487e-06
-8.04793260821566e-07
-6.51132716556381e-06
-7.11413344413311e-06
-7.01511450833817e-06
-6.80568260034635e-06
-7.02484165105752e-06
3.64727622297405e-06
6.88121569074831e-06
7.16636969112442e-06
-6.40942566196405e-06
1.34732740286802e-05
-4.39567530417451e-06
-6.85918228907163e-06
-6.95292734411085e-06
1.0071695316812e-05
-6.94269519337381e-06
-6.86272035590999e-06
-4.84919753086974e-06
-7.03424359752967e-08
2.475702025999e-07
-3.0613264309633e-06
9.33100029177769e-07
1.54494508338524e-06
-6.97455217138628e-06
-6.76367470259681e-06
-6.8847559136884e-06
-7.24150683035365e-06
-7.02203270794235e-06
-6.24073742938834e-06
-6.9465755347334e-06
-6.44000863566454e-06
-7.49770988123823e-06
-4.83629260559268e-06
1.91758725965867e-05
-7.93278965897725e-06
-1.5619820521402e-06
-6.62476002518913e-06
-6.81042845744042e-07
-6.68481527652251e-06
-7.30222940603832e-06
