1.27791670524376
0.942123082314852
0.965304173762674
0.926689879983996
0.936036564149006
0.868096640032029
1.00112785717337
1.01205497855172
1.04799912404703
0.919581642474195
0.802977774630525
0.807554886381693
1.08547934406986
1.60186028956369
1.10365450878074
0.867764388723368
0.857614424933743
0.85567733544866
1.09373023561762
1.3060412482393
1.2766555599548
0.817134531355938
0.791858019985258
1.28766069321255
0.976599297669272
1.13474833276172
0.890855390041033
1.42092232864574
0.808504214229702
1.05519862499028
0.9002927905379
0.949420648757045
0.8971220129806
0.881350996663651
0.908473334772501
0.920225686086991
0.850408073680806
0.826161725061625
0.950679355478615
1.29006003283668
0.799474574018511
1.02583780395044
1.46103963050457
0.902261124424066
1.23369486167303
0.842921232468101
0.87007886961886
0.872594397084142
1.02709495007727
1.25683685372103
0.852189044875525
0.989691250286008
1.25705676353139
0.975040925369624
0.822766006215998
1.59074903106563
1.354315843312
1.18283389331774
0.980484783600075
1.56131048019929
0.927307698190561
0.977047667920575
1.06467044942758
1.0050494984856
0.971991890560492
1.22738595400529
0.902806840626452
0.895674151611809
0.950594281761353
0.986523696993842
0.866930030586166
0.785209555629138
0.894363183379533
0.846264878571328
0.917265723044743
0.796802533505084
1.21114957596054
0.93109119560551
0.811748741753832
0.802006151671618
1.01784628648902
0.903041030187138
0.957180534852826
0.956700865567692
0.891294431122001
1.40489480895601
1.531323309051
0.851275719689649
0.827554673454492
0.822347970999882
1.16773341994105
0.852552311985667
0.948379741302425
0.922318306461305
1.30085419286695
1.22503229788176
0.867126849167883
0.835890968154376
0.932044087837836
0.886818294996114
1.2682806561119
1.30380535423932
1.24819392566412
1.31740810354274
1.61974427102071
1.13578557268086
0.901576457789047
0.966771398728111
0.840904659348035
1.59988658445762
1.34574383037096
1.50072574508466
0.899998130236284
1.02733421296655
0.878346477464308
1.00945425355683
0.66689004129301
0.950386137991106
0.807881176421574
0.950981927117861
0.733857202707001
0.963951198257272
0.86453830225745
0.850106284914525
0.846149126418466
0.726366832625574
0.775983141031106
0.651244279386384
0.633183529624095
0.780831777132291
1.1198185511555
0.9182349423384
1.08470756611456
1.10813752133614
1.37154509170194
1.30968095427956
1.18040890280168
1.415848931208
1.3228956907137
1.19294407934368
0.850722486123337
0.920386846178897
0.734511781727279
0.632740155345243
0.861121743025537
0.768044696637949
0.850611512293621
0.969237750595041
0.929939110614871
0.948687447250252
0.92118657757121
0.747251547854364
0.730896203135876
0.614899518378534
0.584347374548021
0.663714750191935
0.5825942873782
0.653700472153942
0.648545719187845
0.641746109466785
0.537989504951566
0.627765403867336
0.540907606579228
0.593257452110438
0.793298900466796
2.07609751938507
2.83388163202357
2.40915382758814
2.54557394592866
2.29718534698704
2.23807822722178
1.46813590973631
2.36985033752151
1.95606332743995
2.77881468400329
1.89312607129256
2.43412376606473
2.67309216621511
3.37292367210669
1.68806615585759
2.05140249644483
1.43843627471531
1.54292651362611
1.58756257737797
1.4129702152582
0.950956609300294
1.53016042192908
1.37559745298729
0.928820243328311
1.05803146340322
1.01157205190593
1.03942028018394
0.86347595732971
1.08822310350566
0.949836172729621
1.07903231519828
0.868533122699311
1.02814792448021
1.15437477819326
1.09967310911656
0.758557814439587
1.0653827233814
0.74601054875567
1.0408743456521
0.825389066678927
0.798025538886476
0.708329520948778
0.562049435737098
0.588670807854835
0.63949110519538
0.558142223971778
0.895084378839326
0.836614730515083
0.537088292805225
0.844196273482269
0.916623998099675
0.774840247276566
0.701783474195299
0.669591827931217
0.834112711547528
0.853808478855382
0.825275515929354
1.22444307109355
2.274828498312
1.36612908621742
1.27806052927761
2.0287823588637
2.08726481725356
2.57901144912344
2.11899557698353
2.65995910548169
2.28448859088283
1.07354060468246
3.14493565870128
1.93351793891334
1.24606526053423
1.70205789505202
1.76979277149261
1.63109624702987
2.32719103647982
2.22924606479172
1.99740866922281
2.72438531088244
2.76811598365168
2.57196295878491
2.5679631523598
1.91298572118353
1.95484872357865
1.90416086662317
1.6867688523578
0.581714548842095
0.678573425942263
0.680628334579464
0.948501747064508
0.839148274251606
1.03126298927807
0.848565282218974
0.929489043685008
0.843418140265538
0.830910055320535
0.87918753644251
1.03577777044029
0.895884920150228
0.889013405726115
0.993029028496758
0.866216409644825
0.87019455344895
1.1168522147285
1.37582540464472
0.867369648245407
1.04153648340815
0.943535753987946
0.980023584427854
0.838282373413934
0.911497630291712
1.24881069440342
1.0395818676453
1.01077109779212
0.935134277580422
1.05677765384893
1.29151822419134
1.84347117720178
1.59073736178076
1.92430686597109
1.61328163484773
2.0484678128399
2.18709842070212
2.07838900981119
2.14789977935384
0.929107926340863
0.964365128515897
0.905694418287883
1.12130913792356
1.39888024757959
0.857288584907434
0.812571424183167
1.00994462061509
1.0731195685948
1.34523561401302
0.866611689140934
0.698165608086017
0.894837075382298
1.47338749648761
1.40278663981506
1.12040261790107
0.833379002419761
0.864723975433244
1.08149296206885
0.980051341152368
1.01860077942766
1.08462276093199
0.690241035175988
1.64324174535313
0.849684814491416
0.85792693408375
0.976267598154889
1.28207741082052
1.6437821326674
0.670969098007732
0.721488830581734
0.756779330621316
0.923416729659272
2.53366320885288
1.04951357327442
0.832347576565702
0.585687713163035
0.628631748954529
0.736262808893127
1.06954056581709
0.891476716113811
0.94895728848794
1.08707111631648
2.79773140694434
2.16383699379014
1.64234153983962
1.81732854434422
0.802910222700375
2.53223773665242
2.23190672522201
0.723846166269366
0.678653426495505
0.966550173357449
0.701381206095951
0.933280389891026
1.10466638365741
2.31409919379339
1.48099311783015
1.01321291053317
0.717200461113909
2.99311295160243
0.878834784912822
0.768161363991295
1.05529882527581
0.938917166242676
0.844608921330122
1.42934524492292
1.35123751015889
0.833553509748984
0.799345065235645
0.971796333367318
0.895340286832326
0.795315705170983
1.63747126791727
0.806330869348222
2.92984942914647
1.45776875635883
0.929184060075584
0.821773120388805
0.85762836439446
1.01808028806213
0.929303697280014
0.95266449195984
0.65078132503375
0.656434329351463
0.759709084864227
0.722325544554349
1.90935519430477
2.32994620879777
1.50272181855504
1.7309215946311
0.876831600875502
0.844520033169126
1.74007871165841
0.818127690093337
0.859700106533723
0.892101631704933
1.01250216959065
0.815463145424131
0.754477881065945
1.42984439642504
1.31197251350458
1.36224765992912
0.856439694793308
0.803011483193866
1.28268541927324
1.12158165128035
0.869398436959121
0.735087115997978
0.961888657124174
1.92132128439451
0.891543079195834
0.992048871681251
1.31543477285871
1.06692236856942
1.42838633000328
0.912831525266047
0.915762795252912
0.873905373245286
1.06461165923789
0.819141473556735
0.916069762352177
0.993962397336729
1.48114605090793
1.29687632592804
1.49637591412454
1.43978150969564
1.31577133146174
0.992896185900308
0.684804718087774
0.676529777446265
0.822555074784649
1.41682176515002
0.621855617092957
0.658610588832108
0.807752921840991
1.05009664839452
1.86443656812448
1.67132628089686
2.15881326566587
0.971091865321768
1.06674363313111
0.884383068291112
0.977126544800144
0.895839471781186
0.985821687135839
0.987181381544584
0.809554258959745
0.993403038678511
2.00036122202797
1.79778601411561
2.32776276864003
2.6283115402101
2.20373216744373
1.44367157108636
1.48532553722973
0.768681529251489
0.823748312711176
1.00954950743889
0.944149806921682
1.16254729342103
1.12495386689809
1.07762126200667
1.02054490246649
0.847037560781589
0.870805244680796
0.815333265389365
0.87747649166898
0.805583527643428
1.07508909541725
1.01951408648948
1.11464706420811
0.957674851805824
1.48788504341542
1.52762413826688
1.42130669149352
1.5633017421085
1.39715065418787
1.28625804761921
1.30118728745371
1.29452408716276
1.64008168790303
0.538185248736154
0.688698533917941
0.492893417966762
0.839028119204431
1.2542252867186
1.11209984299584
0.641918084035427
0.936086320514408
1.15717034820589
0.903629484476608
0.7864366309345
0.548115928743294
0.835056264121552
0.965277029554571
1.31130338324435
1.33609744067698
0.851829541330351
0.634628513628597
1.14208966000423
1.26528206595667
1.24827177249223
1.50510723614669
1.90463597189892
0.919492238306157
0.771244625765592
0.771214294747992
1.0638705789684
0.960429626428688
1.42634026267175
1.28641984357735
0.849890475622424
1.29260566630654
0.934346208321251
1.79270717411955
0.926592421705145
1.28163325522143
1.02111304183757
0.979643375303752
0.96924561744219
0.82064137047894
0.944484043727606
0.873892306502956
0.784057104508744
0.769292031035134
1.10206040281406
0.590045520287739
1.05962974304889
1.60606126313064
0.932102312038055
1.42012583633301
0.882179001671001
1.14768206875358
0.998784152367926
0.700991779372682
0.878400841304445
0.829818035930051
1.04455708079087
0.697680419610323
0.973715131853238
0.90380918542184
1.23952890479576
1.33368113247314
1.1026510543986
1.50282552427945
0.956527188897793
1.8703045567054
0.792687956533919
0.80359121982351
0.779770020690944
1.16206188874998
1.64662601597341
1.12031674505537
1.00033167682624
1.27291892452855
0.7788448362543
2.54212998147995
0.970773322725986
0.964477670773555
0.875266501041283
1.05675550685601
0.646838450648804
2.04336941066359
0.726814789370929
1.09118335916155
0.861684688033839
0.561807661123086
1.12208660388694
0.62876933784033
0.533376757261097
0.94027321328878
0.807160593188862
0.929247171217979
1.13265087225886
1.74461576997003
0.664575282626224
1.36308338794793
1.52739595397819
1.32721156264485
0.54758294081712
1.21170966106264
1.30130691334088
0.997996675152554
1.4796277977214
1.25351909135147
1.21053879341727
0.924114232272766
0.779669343684658
1.86948079739851
1.3910524713737
0.746527978230697
0.851104893198634
1.08967005727979
1.0714115406624
0.900630044760013
1.02237103894913
0.774455178090889
1.32225309888062
1.00579320789355
1.73343309200117
0.939731519722507
0.878684227901805
1.00738729321841
0.660714737400811
1.02064063696054
0.705910271758671
2.83292156693624
0.994259718462875
1.0018143479513
0.740943301855154
1.76202632519894
0.866047940852268
0.909061397015068
0.996632154780379
1.01754864307625
1.19095618363782
0.905140992010009
1.46726488112827
0.854568418973717
0.766864366614857
1.17601872202464
1.32558782433076
1.59203410800415
0.950479476669866
1.17041048646317
1.00778025785331
1.29523168955538
1.13875556023312
0.934841821799476
0.847135331888085
1.04120179052947
1.0084989890455
0.75137393596377
0.814134164430409
2.39579260090542
0.692315999984871
0.951757518529604
1.26027209910533
0.866008861907009
1.09579511359501
0.929315988988605
1.92708493834177
1.0837149875569
0.89422021136708
0.797038479496022
1.40935934688906
0.886934676912089
1.07617966218204
1.10681705916132
1.36604974668085
1.61024815302727
1.50847833959409
0.765954070861987
1.58116781641627
0.886848048579248
0.984651371479641
1.59894682023728
0.780904676476862
0.825578004288616
1.32235417198906
0.86200051531455
0.892660254242187
2.24831372006933
1.0540157880246
0.924751838038383
0.951809188559419
0.698835831273131
1.06509672540932
1.2385022569245
0.950471647222413
0.808042864802057
0.979206565225562
0.720375831398373
1.61320672122063
0.528838485907995
1.02928477687022
1.87283069143797
1.38465992076248
2.49025489901683
0.895671177542283
0.895832338989876
0.915031876054353
0.863974402949713
2.30419333950814
1.14524216035951
1.62307840005491
2.00449267094126
1.39282546559974
0.783154746984343
0.802337531423418
1.44703061963526
0.971224790697509
1.26886050064794
1.14593127500634
1.92852346187724
0.657547579726422
0.843275348845949
1.08566070578973
0.942386751014135
1.01372871681549
0.670431706662527
0.718151950457626
1.96346141960813
1.23619194204874
2.4323839573538
0.908732537241105
0.918080999303222
0.765048075168103
1.07461823340624
2.35734665683149
1.13160051468562
1.48744709110051
0.642492987997694
0.98149953036221
0.948673982338362
1.32151974185189
1.87170545712011
0.838242127105857
0.86445762794538
0.865544137140218
0.939971468175269
1.96183872510608
1.80469404257344
0.830674453262643
0.802135451508548
0.939515803860066
1.34587588167185
1.8733617963388
0.773532696848162
0.838566923662871
0.630839281296094
0.556785610138457
1.84013944739716
0.719398797726273
0.743054164570171
1.06946986250262
0.814113674893472
0.74026274638195
0.785471300745359
0.797603650994819
0.956832781772968
0.985140867932578
0.864249127055197
0.967514564952487
1.77680530994763
0.678646285297295
0.967758416615472
1.01663204870018
2.97450686210449
0.954899635963065
0.722172872148524
1.0669932683023
1.02347103281297
2.64421232742691
1.25719053732308
3.01820569075587
1.36206959893225
1.44193406586623
2.38922586499729
0.890481842840894
0.930423132674624
0.866918310669451
1.39821746368775
0.888219797751427
0.883328374931512
0.730907057093235
1.45625373786718
0.947892281559818
1.10960318800489
0.902077979927554
0.912936546556901
1.67145328335907
0.668536104384102
0.940668029916703
1.70695337964635
0.624243514948861
0.704197318837136
1.35278366712031
1.05819390719092
1.28439828390724
0.657630333478607
0.534447548485345
0.71263898328678
2.38750060382081
1.29370565269752
1.29054199064396
1.29892211760489
0.913495598281563
1.14853037463092
0.841999339951275
0.92824166776614
1.05050237439002
0.716178802035747
1.05693242197722
1.14009827976799
1.00323553772333
0.892724335887349
1.43973702189242
1.7140901720491
2.31172601821806
2.34036547139628
0.854653147135437
1.52585608325142
0.88943085139462
0.878815101485404
2.29148435571988
0.981123930366244
1.00506099991596
0.693883946511043
1.54162435554501
0.790151267430608
0.867528657683945
0.691472062440688
1.15881638294293
1.0249746883058
0.937171251635874
0.869184036437019
0.908212433432585
1.02661969994759
0.912663366834336
1.69529261153977
0.944984746113076
0.838116541964098
0.824223362415633
1.14113376858271
1.04936192079992
2.46123037536238
1.86693233665791
1.04801042418669
0.622220159920597
1.00222028180053
0.899965115885252
2.46121101948359
1.38070248552532
0.969271682447693
1.54691634892372
0.761616475652231
0.89248405872606
0.683889475248499
0.695430570263792
1.24228996688134
0.985589931690239
0.89542453132532
0.954670230085821
1.40077936369696
0.844067018913752
1.35555588502432
1.48048128036549
0.815831119687462
1.24311126987241
0.963016024570957
0.728654570949507
1.57170483071125
1.86389504963632
3.05793003607718
0.962485802752449
1.60191901086746
0.78075077478876
0.791122840161328
0.950931339286
0.968701262722595
0.939461128698661
2.52823275573026
0.695479015207606
2.92050987282344
0.637179894385713
0.999203188979931
1.79509772475703
0.946848221599267
0.976485530495585
0.936059146583466
0.869123833240796
1.46122341051954
0.702349245215421
2.13662733508248
0.786193698937351
0.879985545087584
0.863898976359969
0.708525560481532
0.627629225009688
0.710515861363679
0.676115288512196
1.96822765983863
2.75126981875616
0.886580378867691
0.95295865496494
1.15372920572274
1.86841319312993
0.955172066604808
2.54400208431292
0.811097216021687
1.04777052424996
0.947010961243927
1.25940866096059
2.77186323878891
0.928983025636872
0.922755157944041
1.05416666761044
1.27576703448064
0.793507374936801
0.986639969511283
0.688724984935518
0.910803133879485
2.15427968476137
0.716211422299778
0.810573497915309
0.883428816473233
0.89668734922765
0.862584217651144
1.00486318969348
0.868692091182079
0.834231779358529
1.55323908596669
0.610229316210491
0.661169372177321
0.903325872125026
0.996890238299487
0.997177571161891
0.61574448891904
1.16351842088564
1.04838155424635
1.32800609085946
1.36048589440124
1.32191998927861
0.724958664805351
0.83793868674425
0.902243381023001
0.790914239121421
1.74253852260018
0.862132337242185
2.15743327621264
1.43082707730185
0.866581357339877
1.25201101764112
1.05147587193803
0.897044363622366
1.0597558256069
0.864211970224433
0.841588437793464
0.844751892931976
1.98641119565107
0.824822245869723
1.22821243722979
0.804393793408344
1.00493737772041
1.16802273673449
0.985376908014697
2.20671770141469
0.83667231704748
1.11716505230808
0.910596566698195
0.716974854849805
0.90476527369684
1.67989397906389
1.06011557163403
0.958251668795093
1.06372264995426
0.867073452999064
0.7465915479964
0.862768528971983
1.18943522873805
0.780524022335469
2.21134274662788
3.09283767447022
0.922157605507095
1.58196823729585
1.3593495270342
1.11695096119639
1.22120628828873
0.972647400839073
1.05232450346403
0.931766467604886
0.989516916737434
0.963503820654256
0.881294201780643
0.943168662477325
1.00270171279177
0.871030288583942
0.899946008803085
2.34851311027588
1.06612025827976
1.22530094516713
0.878772370064157
0.820741164732838
0.542629827770014
0.589720601321516
1.39426385881979
1.51558054588896
3.07958802428816
0.814936054272763
1.78281408813997
0.762620316911969
0.913061169174101
1.6089400034899
0.947269698357264
0.92008647227475
0.797117160090967
2.579803007404
0.822180550524278
0.775144802982861
2.43724498910115
1.79932214073323
1.2743034235806
2.01034051397802
1.90117721297826
0.795500389324469
0.834278852674769
0.767346539093604
1.07426120152805
1.3139107652341
0.960102205986932
0.879804760953874
1.05605556508925
0.78476602756611
1.96808008735499
1.00650442903862
1.16346440244273
1.09804941292978
1.45087828584449
0.987214763648854
0.899098695488503
1.04475816180663
1.72142931965965
1.01002330260653
1.37081018016838
1.16926654054223
1.13212597399559
0.57477212207403
0.681583770849696
1.11753029519217
0.929057724834902
0.91171144184652
0.872745557621343
1.61247682958202
1.09255430682935
0.792233784556881
1.29916757001668
1.2956930620559
1.67660822423893
0.883995997551547
0.820465192668979
0.853689433409541
0.951354416998928
2.35041113682247
1.1304042585925
1.38763041587827
1.43487768894828
1.43006391508662
1.01812320541664
1.03044582338575
0.822546524734162
1.14156285449005
1.62526323535268
1.3228274858365
1.57577601063381
0.830098349456412
0.896622965826703
0.800258232455238
1.06091628807759
1.14567923708814
0.963222388750367
0.973976401772927
0.98590551654477
0.99127611900186
0.860707703455828
1.04170641110448
1.1030002894264
1.22248600478232
0.879455836731535
0.883640710596663
0.99093172196915
0.920572770230572
0.882504642273397
0.862916542545902
0.83551162183052
0.856227231397065
1.04241724674786
0.9071382109182
0.882104644894234
1.00223092256695
0.86863277630081
1.37045922229098
1.0738154378712
0.941892805952157
0.934251267986086
0.829149794735569
0.915893006144378
0.849167202263634
1.25727210008492
0.832026560717363
1.16296857600567
1.11542046454045
1.23453571428071
0.929889711939842
0.841615277675159
0.959590134000139
1.03861803503836
0.966002014561632
0.871959568370429
0.947509184394656
1.05598760217147
1.16091727534843
0.820444656872516
0.954842462688328
1.29236408655023
0.923520395177074
0.901315143818069
0.924984063078768
0.881503143772327
0.880689041461358
1.12913118181828
0.912278193163118
0.943273448161888
0.897115362871769
0.835616758341342
0.963468591296283
0.889023240986708
1.31844773074809
0.999654595613516
0.82074400339437
0.847896499273453
0.821886127275216
0.968114716667949
1.01698866562728
0.843080409687681
1.11075478246705
1.04139074345839
1.00572384017843
0.926359689493646
0.9447890558398
0.931129765521549
0.956689499330577
0.917867040920331
0.9509942710498
0.842483419090332
0.909255133925305
0.895047887793268
1.01217350782169
0.938866340793174
0.907230356613196
0.992496902086828
1.02566797412952
0.928620292368428
0.947894472707089
0.850623008152466
0.872869043316098
1.20071086402422
1.1192726824341
1.14417766566932
1.01268254522113
0.86628252264838
0.977980684019091
1.03265636186825
0.87319038268588
0.975239569921857
1.092410187118
1.14541855816239
1.03393592063476
1.1327517492352
0.936654303490926
1.04005302212281
0.871542050792437
0.908564090230062
1.12002127118148
1.10353915695176
0.862487856288202
0.818435653505719
0.84598048193057
0.868735365951564
0.975566803548585
1.15821590649662
0.95518109891774
0.879148832346459
0.882810412525745
0.839904185462997
1.45737066683746
1.40197618628536
0.832965757915763
0.91315883962901
0.91534578515068
1.35565090864493
0.932264813302972
0.868831653700315
0.852570750348306
1.19170316837446
0.944502218651617
0.916326031027607
1.0121662119217
1.32824163253453
0.888587165802671
1.26573030681097
1.03010388062548
0.949237951847821
0.824501896813681
0.814609535214747
0.81033883919515
0.829883931015519
0.850983584952813
0.840587505141276
0.924643299225153
0.883193975414164
1.17458670677832
0.82281202984263
0.930910331782915
0.903122847331982
1.00979307829088
0.920564129426042
0.931450951711893
1.20040162601598
1.02376150765309
1.22957214446401
0.90492229875704
0.953223156094647
0.967461708174888
0.88182717826841
1.06479826308002
0.820160338362736
0.937395349547995
1.22157488080436
0.926954027160554
1.01533729786937
0.85491039555182
0.857174574349688
0.915788843271215
0.955020302321367
0.899318348873235
0.923774442637072
0.972050788153941
1.02572895050892
0.964812851262087
1.06084167737679
0.928019564521246
0.937218644275336
0.938078805298951
0.996004810348514
0.851397992340922
0.834681801669145
0.913710928201507
1.08244960065847
0.888526196100863
0.979801457235614
0.856236265915341
0.898099280978165
1.44993606022798
0.830062982080251
