0.959834726216418
1.49777550325339
1.06174280198803
1.03034370343389
1.01483228742898
1.12114385715822
1.08805671864719
1.08186357675361
1.06373661892808
1.12443739177058
1.00755495362674
0.957524421260379
1.16250157354068
1.6506873249086
2.4661395683296
1.0717579506694
1.04558294476483
0.99581759419158
0.981616292773987
0.96794686326267
0.95725843895376
0.898010568616057
0.941346497962566
1.47165968896486
1.62070700351554
1.65760791917118
0.987710823608782
2.44856548860002
1.09217341852105
1.09862833555681
1.2801871171693
1.57308718345225
0.962060537625875
1.00887927177483
1.19167656618234
1.26511316378346
1.01259695849573
1.11111758323828
1.40664470959989
1.28646027896759
0.875268968637898
1.99564097319559
1.2545498686348
1.04089965473248
1.46076038237961
0.925869093340306
1.07243851530775
0.944792673216131
0.972970356286358
2.70991161664801
1.06694173850865
1.08598363937966
1.56307124524051
1.08109569830902
1.10135021372309
1.38448553054336
1.31692129035811
1.30012654786609
1.00738662067879
1.99420729661634
0.985282507013441
1.04752659278208
2.24244049241362
1.80937220730655
1.12952198618248
0.971840120670259
0.96044387114621
1.16744328303152
1.45399299479111
0.992212222188837
0.913083635562556
0.884209800070013
1.01690036740947
0.982217522518108
0.993930607087282
0.882524287093576
1.37711261795683
1.3403900285359
1.10959687965384
1.09999707623772
1.63745353428997
1.09614057513993
1.45893034686306
1.12946336627311
1.23401993417782
1.26330369651876
1.28634975049391
1.0020302419334
1.03801462515805
0.929199397521812
2.62584470562517
1.02471504401156
1.10030854284427
1.52825984920667
1.06283289130334
1.49565717066216
0.937930323060462
1.12402650641151
0.999098253451265
1.05069809150484
1.53882863808151
0.960414020996307
1.52091541496933
1.38213177943561
1.50172152620504
1.2277824707273
1.02510039183
1.01660198754493
1.07716184750087
1.80521062086152
2.59176837877436
2.21863149198385
1.09933840303269
1.10188432339662
0.989471525888848
0.983111471224229
0.992621932815877
1.06995333604836
0.966384526756733
0.891033582070555
1.11255641204353
0.984500418177353
0.971290798792406
0.973312064632516
0.988047389087235
0.976450490498254
0.941185680137627
1.12013829807166
1.0179170382191
0.948024534293862
1.39274834162041
1.46038767000231
1.4060571020587
1.4762736914672
1.41420379064583
1.44479573279278
1.27412677582829
1.36338965536271
0.982486424357029
1.31050372431213
0.849349196764524
0.737191441757051
0.662948815296119
0.624309687907629
0.548158517921173
0.566257584654702
0.889852331105306
0.745576062216446
0.932224744470944
0.868622031979043
0.779074875796672
0.819208333184661
0.804834794346845
0.840731152253435
0.85930796784463
0.756978894374401
0.749726301330817
0.791318850625967
0.7002459429199
0.571686373846014
0.854791851756257
0.853876651547653
0.69536059284409
0.723743605041882
0.878939707738526
1.8291396514332
1.82378649055228
1.91371181064817
2.07503512654129
2.82613777862837
2.43936280038817
1.25468338529007
3.11837550157558
2.42388260499582
3.34799362039186
2.38016628589657
2.50159316915744
3.30365735723965
3.65527946701535
1.27039587500408
1.36161945485556
0.684909205861887
0.707368700269552
1.41582942217415
1.26376733480241
0.848571436376672
1.42583375800141
1.08977779877743
0.842885758905143
0.811985645468903
0.818509463811927
0.800713569475857
0.845001255810707
0.886754706622317
0.917987698333822
0.979580909142382
0.883447556954068
0.842315967230208
0.854196169869901
0.986435741804072
1.07199769833022
1.04399777226629
1.09233901163045
1.07646933321259
0.916513407522213
0.801360992122515
0.592302511259478
0.49119865544735
0.45414032282055
0.461779035967683
0.529578857716003
0.23398628153225
0.332293956163837
0.386828717749622
0.65391493321086
0.722039360843248
0.633594173441103
0.556583432364165
0.50248164811484
0.415683952106499
0.466678803034706
0.921075066980269
1.08058900013528
1.46173586029645
1.41781659328779
1.4711657488328
1.90341794917238
2.02267421078553
1.71892660431
1.42386670744337
1.66263433439514
1.89494089879776
1.28792277532937
3.25645367481381
1.82139536292655
1.19851145767634
0.822921473826595
0.954528547868255
3.09854329626994
2.82552648147318
1.45304832390595
1.0690070483674
1.593294329062
1.4910003485411
1.74957998226649
1.42610097035519
1.17412055378908
0.942923933213644
1.21226617628564
0.966955263177289
0.84606364042289
0.859177076275547
0.808665166692931
0.924512843250696
0.871168135599178
1.14980949699539
0.991873689237003
1.02305254126572
0.96142233747378
0.9210117068228
0.961818333287308
0.944687259912176
0.821703424266996
0.803233466689995
0.77966017010782
0.769753317426993
0.966541649981465
0.839326852666297
0.79198654267775
0.93903313658379
0.823262634662172
0.815987460239477
1.09901455258062
0.898088290287872
0.759010385361673
1.55585660267868
1.2538280945657
1.29089611756528
1.2450217385659
1.12479734706066
1.75245675856554
2.02322317024005
1.14265402970847
1.44921677528282
1.07892865722942
1.53316025011289
2.12698086505841
1.63565444227618
1.9234460953629
0.996458442121324
1.13014337127583
1.17727281477262
1.09738858073552
0.943990599328752
0.864514687002271
0.855737205637076
1.19464823000341
0.858592477383021
0.978183293616551
0.50583536016682
0.360206987188723
1.50643998600261
0.484243789105432
0.407263384624475
0.626777828920178
1.18896122153919
0.879880974372229
0.846747565005964
0.339398906031658
1.07373109720608
1.05634411688313
0.734031592379319
1.00018899188499
0.625880940493595
0.989733961737176
0.933565862514641
0.914781592971613
0.992227230444567
0.742350236079868
0.77909940666721
0.956090135823616
1.10828942020584
2.69596011255233
1.42348025000958
0.608527508487725
0.686076104535376
0.642214085439106
1.07058671137133
0.949538002933708
0.866955228437177
1.01994804809369
0.597774503472973
2.10158006056503
2.059476511649
1.69844306921296
2.54714652870212
0.431122820021676
2.0378221509768
1.45606575433281
0.75163733839955
0.721281640976647
0.844888526406677
0.848760526316878
0.900720098312844
0.777257986257091
2.20754021999252
1.84758481764251
0.906777334052041
0.632652476540248
2.14971602167526
0.913494004540744
0.563109666886879
1.05620734103716
1.25436033446524
0.818534845129058
1.4911877840738
1.53155630029906
1.09705560040424
0.95052210128981
1.01036046708235
1.13708809902813
0.967196582442926
1.8758653699156
1.33112646109936
3.07358670395645
1.52334472210646
0.79114552237175
0.788916489673371
0.932758221462127
0.835546786485525
1.05102575571179
0.915140100192727
0.695073250140491
0.752661807959149
1.00670186211998
0.881745041333642
2.44949851246547
3.27179304017636
2.41393329716002
1.5143819678453
0.985824100189252
0.695748420238227
0.705182853886022
0.512728525134824
0.970831645607541
1.01360912346619
0.97791155129804
0.880777347064515
0.528984942284179
1.22617683769549
1.75198481974123
1.23707449051274
0.899926334806541
0.741797253926038
0.787794802038884
0.878972958476295
0.884178731269049
0.414261745835684
0.281374683776853
2.1776364342107
0.965634695153907
1.08564212632662
1.2098166252711
1.27947276322954
1.04758024929228
0.990656214310675
0.880366786297478
0.941294902104339
0.932161252806977
1.01559738606302
0.974877309767337
0.966882003388971
1.45176850121144
1.20189641832522
1.61029269593526
1.53759541273437
1.61945341049715
1.40246516363569
0.857091920167739
0.900008743717181
0.943237505854542
1.40044379629105
0.868648667739076
0.463800878705871
0.981345678862276
1.61567223697638
1.25038358622781
0.991127976089827
1.28828088429717
0.970517814696933
1.03932835493538
0.921864617607199
0.757213704664209
0.866193562053795
1.04625617978286
1.0149943677953
1.06632281360465
1.2543396558033
0.85857489745248
0.682806438536955
1.88499824170954
1.76594631052919
1.87101505890985
1.7669996001449
1.08949817734111
1.11059582627076
1.05131989111369
1.14869575040362
0.895185469619163
0.916016407099812
0.915996593837319
0.967613766650373
0.984769074100051
1.03923711990609
0.993098528926488
0.504785390707727
0.58060501950166
0.556241459722661
0.823553637100909
0.843337725349356
0.837552512814956
0.927528059637981
0.795701007203417
0.843813142239757
1.0217086284867
1.18871944555971
1.05582260445562
1.23598764358703
1.34532578979515
1.44439660220635
0.752528777591388
0.369625022186302
0.549007522894212
0.48258131348934
0.874396298592452
1.31033217472287
1.70379146565257
0.813446749505957
0.571300129044109
0.550866242824671
1.03257923682544
0.870796087931728
0.776674947301188
0.963638257875359
1.46230718846729
1.32947193951784
1.99993589076481
1.216016734159
0.605518742934819
1.07146548729614
2.51712016832751
2.69504815106814
2.98259245720368
1.67978181946879
0.970899372945487
0.853161017599874
0.797721856045698
1.16005050132757
0.95645546735478
0.963781161250782
1.52356863415766
0.902793178802901
1.5953499844563
0.973038872464142
1.38749360749548
1.05352951128356
1.07138668613765
0.545492500710143
1.36773698804414
0.513993216465251
0.464141194139114
1.08426808374229
0.969627238576939
1.05139508838584
0.890887370930543
1.33283516915386
0.723240660395529
0.781167222692539
0.898957230638606
0.971050460663543
1.1682651665235
0.922966931034788
1.21784655298363
1.27437950034794
0.82319548457653
0.622406626359638
0.84895463604337
1.03256544561021
0.838237635409983
1.09049434545339
0.632083285509834
0.630342859948629
0.837629277259454
0.970526546086582
1.77988774762795
1.48070934776234
2.06705470213751
1.06700554879747
1.09835580569151
0.828986918857781
2.12150095058329
1.99514543901985
1.90337143118773
1.07789833114834
1.10102716931757
1.18959124114687
1.86840046200753
0.974477927881462
1.07525558436764
1.03566103673395
0.40790848209066
0.683205631779478
1.9550316543702
0.781302199751578
0.828401675123451
1.00356621851726
0.863480264155252
0.984787025865092
0.735011273177807
0.754655217337301
0.955796255491718
1.05646984776522
0.881046223772909
1.0499192191244
1.42595238247698
0.466952703836968
0.960535369198232
2.73411460481163
1.10912816575773
0.427266877551566
0.804258417224139
0.656691407941437
0.926487508182839
0.953937278584489
1.38968443950653
1.31230301866257
1.29132018634935
0.811251948528719
1.92677742036001
0.977496039685985
0.839951571946579
1.07160463324496
1.01577144603549
0.964277197743635
1.0835961775396
1.09685767585682
0.831468588548842
1.41571660411221
1.45825370815768
1.20077268320165
1.0649305541327
0.915217204405305
1.203064549531
0.880504064404578
0.513586428096796
0.801135239876287
2.58249993965027
1.30868249981987
1.30953331938026
0.519426908242541
1.03002022291709
0.360187969081696
0.79483831846102
1.03616936428946
1.46932774713644
1.71727473589811
0.996178545788539
1.91634707464062
1.20754366867463
0.5997860435966
1.2344338931209
0.798578586310267
0.56100911174507
0.913289875518503
1.75221124734828
0.818636055776586
1.11126080522694
1.35268476544421
0.929002812687453
0.895192810870479
0.953631209387593
1.4067938596108
1.01083443514191
0.812232683587107
1.49088286699391
0.853068566582581
0.911453366418968
0.626764325250956
0.906524801063579
0.932581973377169
0.989112780785198
1.16068951660265
1.15754286005092
1.07157647689021
1.09753308945135
1.39768337557741
0.677568880646038
1.23243327784737
1.23916333139706
1.24516803389321
1.27953842621383
1.22403219631499
0.830639090841392
1.89687840304519
0.9991337644585
0.756433989917943
2.93516602090337
0.854578062975656
0.952286567980522
1.85898311447171
0.969660653593141
0.886446366545247
1.57973052441497
0.897489700017797
0.928806516131929
0.99708613698673
0.618100397704457
1.73352042187717
1.02273087305021
1.20185659602631
0.857597190468312
0.782787790446412
0.926897011666517
1.61704090381197
0.663431792520522
0.850361126748094
1.69803512509019
1.19224898974573
1.93855014298863
0.719298557697213
1.00047150501136
1.07708316581733
0.989779516632799
1.78410308610075
0.301862580939014
2.32397812482124
2.82820164922848
1.64224852639491
0.874257610493132
0.923858879855981
0.870094665378113
0.767415842033447
1.70585291187394
1.48170964978148
1.89668561336119
0.507242751947644
1.10841100303787
1.07402659674445
1.18632597429378
1.21814881778307
0.78805165779226
0.509371845395798
1.21051438746569
0.96578104241644
2.93416055351685
0.618985634740927
1.54541354695924
0.914998764058261
1.04639145670315
3.28998463213708
1.15870234136906
1.37187603613943
0.664779615310716
0.892588981637624
0.832248887920396
1.33299311679912
2.77449522455564
0.838686187093097
0.827806996593079
1.4965120596133
1.49640094591582
2.08526002517794
1.87726478001259
0.883178246541093
0.535179899391893
0.85159847337883
0.973450364827836
1.18724602708854
0.578801592803348
0.906880100636477
0.81290709850946
0.836753306395557
2.89960464297726
0.872358208814561
0.838828700019533
0.891721380586455
1.19447316604018
0.692979506734911
0.943750671153673
0.929293319385296
0.921074001847423
1.03975550147448
1.25410228765723
0.974224652904109
1.54530431308321
0.418410059670262
1.08043273497363
1.03449370292058
2.4449463935898
1.27418026815181
0.665176481535438
0.782937751618529
1.16086924829073
3.22229963743542
1.16451507360387
3.39659909504018
1.12712763560864
1.11925718868402
1.27368228466714
0.958776777828673
1.00286597466513
0.92734743024789
1.65864473727599
0.982364001939912
0.803241663340673
0.784950425411942
0.42273322380181
0.506181032144395
0.652224107116832
0.552435687143296
0.870541662607905
1.17242486263274
0.849068161581203
0.99219765924026
0.868928686887471
0.745748964734168
0.719023986576689
2.46474229704408
0.959216686514929
1.54456131153953
0.521887456458596
0.77932255883642
0.758774192484685
2.12040212217832
1.57498458397748
1.49996378396471
1.01566048115995
0.628131872747946
1.16543811602643
0.869372517522246
1.03937026172503
1.0052547237871
0.408204241741011
1.08408977059237
1.15953652964533
0.815250061369795
0.979250065507445
0.958901090390241
1.53505913574624
2.43987540947724
2.10715844656407
0.650703659001829
0.584430056484275
0.857858349279478
0.912018297304875
2.10620438009515
1.37438064338056
0.309595442105754
1.1083790206515
1.78804009489171
0.470537005831761
0.815926259900343
0.721113724238169
0.794611294576662
0.42392494242583
1.08830820548439
0.981866514447158
0.833127380013455
0.221052546670156
0.408751045529078
1.8460061738145
0.894679088155541
1.0937184536437
1.23932134275014
1.02134450037078
1.15657806714122
2.53344611889456
3.11916533193659
1.10416506590625
0.759781051725592
1.24177931417066
0.897575967743696
1.9042632416564
1.11368131807948
1.0860854961984
1.09907075609059
0.90594734862502
1.0489637505955
0.844289516898631
0.702379153015418
1.25133164518804
0.668085689221715
0.751367904456508
0.9883481661153
1.23005870022282
0.727950260614945
1.48211597334875
0.911767979390772
0.868920703552724
0.988487505145825
0.788778361154539
0.578306774598711
1.82489798867288
1.15798114584084
2.61690435055808
1.05373138454907
2.51058891490788
0.836847495788914
0.574815084209816
1.35478347808373
1.41359569804542
0.967940631778658
1.6979599593261
0.722657571979114
1.9854918391893
0.620897122588073
0.768097728200662
1.55566172321094
1.4881866661055
1.4515869625536
1.01713256953772
0.972041546799467
1.60803804448713
0.775991469406567
1.86491750573367
0.922446762554784
1.24582975385538
0.846784330829517
0.850463919364643
0.886715932994643
0.767160687987948
0.767218850728096
1.96329830625858
2.40417551654675
1.09387630423099
0.914822627367655
1.37575796194623
2.02910234675724
0.973488248777423
1.814427928478
0.9609527101806
1.00885262874891
1.00851646558596
1.82854050972329
1.78644648464105
1.53038503853209
0.937090300173711
0.876783424076579
2.78478529576354
1.04276213932782
1.00273427876399
0.74309071130498
1.08350782073681
1.81819688539633
0.865156772173499
0.864921482805597
0.896937975503064
0.862271998620758
0.844840878508259
0.369576418661605
1.00281922201575
0.994746485372958
2.09037422349643
0.722728458328835
0.839519687034413
1.09368035397941
0.966083160687752
0.868610771055573
0.809280167219138
1.61286684464779
0.852849041970798
1.56104803057136
1.6021869532516
1.60564197593975
0.829129083589342
0.488698330036198
0.973618354964398
0.883639629427697
1.16624187210234
0.94048251026634
1.99300807573395
0.826604213695436
0.954799798084553
2.11602365426743
0.470883048715368
0.499448253414459
1.00789985131988
0.960480628899154
0.906506581053447
1.07522117233846
1.4946492995973
1.0033204345369
1.47519015646918
0.929239835556594
1.52324040960438
0.556022808060684
1.44566998516609
1.24301530740543
0.458105733102322
1.04110898926597
1.51952449913726
0.920353419643132
0.701893255237929
1.12863705111547
1.15031987381058
0.840195800440397
0.55388934590237
0.929240721360355
1.18316266778587
0.921936432774381
1.01638526759776
0.504367033032545
1.32451632188381
2.7622807883726
0.812222644202881
1.17594749637272
1.42871416822244
1.39955491044183
1.694888197575
1.00665992138263
0.597039789437731
0.968166198783769
0.981775606587861
0.950377963386741
1.19159610538662
1.03714299733711
1.25410435412791
1.05436038205567
1.05899641518045
1.91014438970932
0.918313000515236
1.84589464505602
1.23378099154745
0.904293557650237
0.705303820489739
0.577283436557259
0.957457424220127
0.527877242311675
3.54510164709042
1.10591100528544
1.44085729174062
0.797341532060233
0.540623324856603
1.5474217605436
0.898385432318637
0.828312518413368
0.884775331893311
3.41437641498432
0.555323434399723
1.07963318669866
1.57128120097729
1.89526027579236
1.32090115893958
1.86844009683102
1.7099225728444
0.95047917029473
1.20389038235204
0.822365126598123
1.06087338228985
1.55598742961921
1.12175831316927
1.01384226376462
1.33289448807005
0.93279170043463
1.48831042327973
0.749629026958263
1.05578014415253
1.07344285321516
1.54094785548882
1.60237855632213
1.01664251490626
0.803096937419168
1.82767823343659
0.650898266416177
2.80469332408884
2.45256981179323
2.21053442424757
0.870305429018652
0.849662447737549
0.82652367660533
0.984546989038354
0.940577614816867
1.00899254534747
1.13874640689836
0.769446990039456
0.836261968878692
1.43801614204435
1.35075720855949
1.32389314417066
0.999969527233296
1.19850769117956
0.509400047613269
0.894434818071208
1.53414594048856
1.28754457706859
2.83986136864464
2.97170532999127
1.21743230913
0.99383695671134
0.895085304842032
1.08561453638745
1.22360238109157
1.34529959272919
1.0348396975481
0.986092666118322
0.963172839264708
0.97928726589946
0.90615237159609
0.994095340874899
1.25813514834848
1.13535000237911
1.11839819387665
1.15444814134326
1.08110152009085
1.22329980771774
1.18705747412891
1.16527050479691
1.12022764756992
1.20453731230968
1.17819200314312
1.10000938588685
1.81697855578812
1.17837766295808
1.19221646001465
1.20103866261634
1.17829724584554
1.43299568504742
1.12992953081132
1.16848195533906
2.2343853580754
1.1452131159912
1.33339735156149
1.16952345478158
1.42852949168384
1.09474677941756
1.04967171598375
1.15207206303047
0.97523594935979
2.00020759930511
1.08508278760933
1.0069761513591
1.01835181544525
1.50739631691417
1.06388391008913
1.01245521800205
1.18246084051379
1.12338811651906
1.51486521179695
1.22777737544095
0.982243507401238
1.11181595203401
1.3819178620559
1.07800657110622
1.08250730163636
1.38114972507346
1.11002456972809
1.22596746409061
0.990614747260408
1.15448553345676
1.04189952869073
2.40756925179152
1.61222961364837
1.07348081676288
1.48363648196923
1.21635626464299
1.52321301540756
1.20191918006352
1.65267842477959
1.88729110989008
1.07138642539694
1.14791534429486
1.1580368456728
1.06563524431707
1.19444365752731
1.18925494151976
1.42246414223166
1.31258700483587
1.18051963244547
1.84643724622052
1.51706356560276
1.39955425538368
1.37981369983524
1.27801299376945
1.28694444892451
0.969553892388535
1.1082038095935
1.0831581765569
1.13616578919148
1.0118421045
1.13356702825451
1.06147662796219
1.14262224974403
1.08030752531429
1.1499205471314
1.12309516742826
1.15276189410133
1.50008192397411
1.46892215175128
1.21917725374526
1.08755560243825
1.16079033362093
1.13231839580571
1.16671177439053
1.05455501063513
1.06943401097586
1.09523137543658
1.12682623709304
1.15457063245221
1.00079028953553
1.13098889124826
1.06144304544988
1.2019734261082
1.16379183558465
1.23412489731161
1.29519191508301
1.09456423241895
1.01662524983988
1.0485991423885
1.12956829742686
1.97595085466604
2.53184667179451
1.17230152456506
0.958424113370765
1.01689439362049
1.08480756350543
1.49837646547422
1.80018145951833
1.05812457785723
1.08476913459722
1.4768434570362
1.3247747813262
1.38309784199884
1.11303978006908
0.937230817834409
0.987867437868406
1.47382830672255
1.02910383037905
1.01931702726987
2.15716551804663
1.13871808093878
1.48226239501219
1.56051217888741
1.12632086903626
1.04021106020809
1.08423618787593
1.12133028118753
1.11985412105509
1.19649385964397
1.16998226849454
1.71589955345563
1.22547670845056
1.35623514080259
1.13314239024527
1.02091239371234
1.05261348153838
1.13758005122077
1.22546629257907
1.54809030286975
1.44002256093536
1.09616133836817
1.54017391062649
0.960901044598549
1.05488661128878
1.0405784257476
1.21163309081335
1.10128341724074
0.970251523866345
1.0007675232083
1.1024215821417
1.13065766848541
2.06841424905569
1.21385364001721
1.03356795868615
0.993370814212867
1.06411108543135
1.02962064906482
1.07088658091192
1.10745014967256
1.33998137182773
1.38210073240908
1.09530133614994
1.35674546546991
1.43150446300647
1.27321541926102
1.07447240421721
1.08403759318836
1.127693417712
1.06500483079668
1.09044104745961
1.12988600242671
1.14302639766713
1.18749476362408
1.18277214717412
1.29510559736448
0.955250344284342
