0.969538467677401
1.52918400068827
1.08177898393854
1.05056677646605
0.988298081998503
1.10532625614139
1.04774372135525
1.03767408598787
1.01059524076294
1.16503780270114
1.03782441717676
0.974467522074458
1.15452398829695
1.57335305507487
2.61182436986284
1.06669098451663
1.04283369107816
1.0095648946018
0.998185322677127
0.979469581265694
0.96604976196725
0.900220907512945
0.968332976953776
1.48705013636435
1.6717198943246
1.69989740205641
0.97939718604613
2.53703823529074
1.08806144839265
1.08943066539737
1.30363030988523
1.59952718808327
0.956052840640741
1.04042241443915
1.2284131082988
1.27284476226715
1.01743079809645
1.10296915873222
1.44309004805651
1.27967698641253
0.881357739169955
2.06064313906213
1.16295834126141
1.01970327441355
1.47445712522497
0.927118314248647
1.11115466058133
0.940879869936528
0.933601660551782
2.90259440362907
1.05487365889838
1.05671192377737
1.60311201407847
1.04626070810514
1.09472388374586
1.28658051031801
1.27007878327755
1.29623996194271
0.971499537304324
1.96632365981487
1.00061773636672
1.03947480832492
2.33973628606455
1.86381563287663
1.15549008255344
0.986489514988079
0.950779041302411
1.16935376998306
1.48854848062695
0.957022199391939
0.908361096248645
0.891104182861312
1.04257536092058
1.01470617901655
0.977015492593233
0.892232606996897
1.38108454754952
1.37011111889246
1.10452181539733
1.09698427368444
1.67556556331466
1.07427785682168
1.49638882751091
1.16187936055218
1.26262749409111
1.19083877992371
1.18317906278445
1.01067663043666
1.07303510578489
0.936743278242592
2.80330238677163
1.02536841439768
1.06937024162273
1.55575061582983
1.05521492221961
1.50470736702399
0.934989304159774
1.11330068734669
0.991244157107696
1.03236073208918
1.57396366707942
0.968075270256341
1.54721635307065
1.36367900770619
1.40928468119622
1.22216126029713
1.00325782875416
0.98361057784483
1.06735994053775
1.73791802538225
2.73189419167616
2.2385634428198
1.13995374145164
1.09369712968225
1.00426839585872
0.998767393356007
1.03217969414977
1.09091849703603
0.983437189028949
0.8936672113689
1.15252786238415
0.993766381020418
0.984440672678561
0.992544445521241
1.01750969978037
0.991014689161662
0.955332609458117
1.15846303632438
1.03755660020175
0.958790975088267
1.42641525332866
1.48314568343376
1.4225186797085
1.48959787687455
1.41314238237702
1.44916539521533
1.28709214974945
1.35933675733415
0.9242289610818
1.33495377759351
0.845468905642947
0.722974848430043
0.648954664012463
0.619050515862805
0.526972153293773
0.555552319535979
0.904047316251029
0.727624711325919
0.937127223402637
0.8667222171132
0.758244936885662
0.81811127272951
0.799651499936259
0.826653412650068
0.83115472844074
0.766880181005703
0.759589282444238
0.796501092265608
0.70096199046493
0.552821908174563
0.854220188695482
0.839510235725786
0.689220027531514
0.720877784704519
0.852819417178522
1.78960948316955
1.74996180568139
1.88533793282669
2.05732852968167
2.88105227135054
2.4679225283279
1.24702096160457
3.18252949739915
2.40891726256345
3.36523454537151
2.35210858428428
2.37025369243752
3.34628489949302
3.66504024171935
1.11279607462916
1.22663318791561
0.576724124151125
0.593883235098743
1.37234060358714
1.23559442531283
0.82837587225281
1.42503291892555
1.09591609799472
0.851448674755674
0.797427123408619
0.793798916385646
0.756196013791459
0.84515254888495
0.872876044869083
0.926066439919533
0.968803704196662
0.900335960792979
0.855736246950359
0.857069203482936
0.999877638932554
1.04869502396563
1.05546447007678
1.07672101422219
1.07468353544152
0.943039180110918
0.78926038023554
0.571698905857413
0.455439891833814
0.415223537712662
0.453202635468909
0.528456855844019
0.151602187541164
0.275186941279151
0.366302661982829
0.646694732530028
0.714397279793244
0.624901106406257
0.54660564223429
0.494309747350681
0.382508541031505
0.442783294416687
0.93458697192357
1.05264064338073
1.41880941207498
1.43221336604202
1.4987494035333
1.90915158250512
2.06429905865087
1.6829683366986
1.31392924745909
1.58961117145103
1.93084230109419
1.31635451138116
3.25992640733578
1.61417378049369
1.07854992235906
0.733673788931407
0.820652759778558
3.2508229105069
2.83152061370055
1.2412487329507
0.915412474172546
1.39195994737904
1.28916373508432
1.56893544455167
1.22937971634117
1.02327249020563
0.803131730992916
1.07327898075732
0.861772772959153
0.809704396791753
0.827015709608703
0.759148840686593
0.909671263621245
0.859476267758292
1.17104137519005
1.01171192003879
1.03950865066344
0.961444587142943
0.94077019761488
0.955418724899985
0.925691851916102
0.788430849277981
0.799549025372796
0.73754755503902
0.704842934020788
0.987490118948918
0.849517834028348
0.78537368114479
0.949982197396477
0.837693205369927
0.835973142539188
1.10097018361928
0.915314592437971
0.752634678930043
1.66365873488488
1.28320447749875
1.33578495978079
1.33929541141523
1.1663147563922
1.78021653411379
2.04932438626906
1.16284396274052
1.46679345534573
1.0524380071066
1.53509417469686
2.11887267601083
1.62602708201565
1.88440606379077
1.01300188016495
1.15620667986818
1.20960724869915
1.10497431003988
0.865595097863186
0.836786837003625
0.802726056157872
1.20586439894876
0.817143830035801
0.907997553521305
0.477502539335606
0.30563435896091
1.53032737415314
0.370872821290297
0.271769476942693
0.577895859580143
1.21485975825554
0.895068567296539
0.771207286063961
0.272656160344146
1.09856354091735
1.07559979908504
0.730658510413677
0.961642606694317
0.58677925999046
1.02553210413707
0.928788932248826
0.86578222050643
0.875806592514825
0.729813975428071
0.77817486803267
0.966694292188778
1.10916970584461
2.71165544712445
1.46812683848161
0.579185646928159
0.683857871511883
0.625155789661046
1.11415950615871
0.930195621208483
0.819660081706638
1.00956425131945
0.556587322200123
1.92992355761376
2.07935308328888
1.71902107338466
2.62828943379077
0.39429110523729
2.04314256706638
1.3371254135662
0.746418179435335
0.712289176933493
0.853547635330213
0.803987465260223
0.847886781849595
0.736391527491962
2.18088119781885
1.89199458383166
0.866105305812047
0.626799900427145
1.94010974192519
0.933777452204005
0.514063636935711
1.0901928687638
1.26992628887528
0.824360743725501
1.50100247138525
1.5419839021403
1.0713879159586
0.975717013274678
1.02208187416323
1.17501030283565
0.987087506463837
1.89393228964241
1.47263952995132
3.05149230257057
1.59786816322721
0.714394727234109
0.764083586521264
0.944144080101545
0.84730938479065
1.04750525814058
0.900498658379904
0.687433862815264
0.751722357159264
1.04728932295828
0.910257056618766
2.43741794004632
3.37161301516943
2.44666993472695
1.46516274631693
1.00704613319616
0.665269641324787
0.590543327903746
0.471487931612849
0.980217782022916
1.04912365986787
1.00725209178325
0.892423512475115
0.511401931852791
1.22563104330875
1.79377561558861
1.24592631677134
0.885679546182836
0.738354867466356
0.782010841565283
0.893064611787925
0.900012354902887
0.369272235913417
0.196789497053769
2.25708473142165
0.966734274087616
1.08822719563124
1.16314204356795
1.29846044666815
0.95563116371485
1.0102153522726
0.824555495641891
0.901262416972551
0.86738511928856
0.995679342698914
0.989115331441607
0.935547559520405
1.44849841330111
1.20813686323949
1.61639603436999
1.54337063668611
1.6630468623862
1.4386090039203
0.823603777954079
0.888619732332865
0.920911403782633
1.39628652838341
0.886637340470158
0.441938936060636
1.02222671636103
1.6402476143423
1.21532728254745
0.953863688694614
1.22908090015093
0.987026702501367
1.05303417069406
0.944227769424276
0.722971344846531
0.876421791423716
1.02083304008578
0.983169386038462
1.04560811305828
1.31707628043213
0.709156680852976
0.565217787512296
1.87600187458568
1.73172799303592
1.88599373951479
1.85163605427477
1.03596467387439
1.14315218975256
1.07563166887553
1.16459162026476
0.898014911287011
0.893700003426149
0.881519386840964
0.935399180630194
0.935895398349928
1.01442575518598
1.0211658006488
0.477658251456215
0.561544916296943
0.531045459526764
0.782451480322968
0.788741595081955
0.806955731106823
0.888559636927039
0.691569196251033
0.73711885544152
0.936812009916432
1.09009687504801
1.00836608809581
1.22488852897296
1.34460114332923
1.45726063487021
0.63555548966272
0.345397055224327
0.524710896755604
0.493158888820589
0.823851144934688
1.31112174800313
1.76768571074623
0.792956055673232
0.519989575003419
0.467582082743946
1.04758057121687
0.86840503487215
0.783150205297238
0.952246800029081
1.49970449310452
1.33715843006534
2.02210799368021
1.2438403102922
0.582916371474343
1.06686299124271
2.6060378979441
2.83666627411801
3.16235339821603
1.57006975240986
0.934477665557033
0.853935624710288
0.796811621249064
1.1714377408932
0.915945856138416
0.953300052648535
1.53974983991976
0.907876819420035
1.63548557251906
0.932569008241801
1.27979163160824
1.01115930334304
1.05407467882059
0.50220510055069
1.39909532241894
0.4766957401208
0.425235803428416
1.0660937807196
0.936952815038586
1.04052074606843
0.856580176157519
1.36689972398474
0.720678624660557
0.699993039295094
0.776378418575349
0.961876986186083
1.08768181171712
0.939587521700342
1.21750513226046
1.30125261179834
0.829120177947286
0.570446821406302
0.867971858105817
1.0230235385465
0.802206921802756
1.09554058933526
0.587671986509464
0.551819433027979
0.757466975874193
0.957855997027436
1.85851785881945
1.51505748863793
1.99443503425311
1.05561406614221
1.07735972242046
0.805190213262143
2.16943483623157
1.98815456125803
1.94924493754488
1.0738003917632
1.11155289300579
1.23308379730229
1.84737302785234
0.931042543734216
1.11228107640167
1.01250321365943
0.332544682685414
0.675670513198788
2.01279575328977
0.761118809189701
0.826672304798033
0.980410636925822
0.848858751817147
0.983919101307213
0.739577268116787
0.761369868699282
0.922846849184322
1.03135900660016
0.900100828774135
1.05340252888316
1.34459461653215
0.420959891867691
0.953920124520294
2.85468679854551
1.05300144027394
0.408780341505212
0.800082503138979
0.565147856674501
0.893598614460836
0.935473900540511
1.39140672806605
1.30998444072536
1.31209809692692
0.749326856648464
1.92365830950677
0.986548758853232
0.845365067557145
1.05105828582169
1.03554843311083
0.947388297931576
1.05269413477675
1.12241350333087
0.824360515763583
1.41780198861475
1.49317780477901
1.08949807474528
1.0919165637095
0.902898082468497
1.29225009498353
0.855872290891545
0.470146234697533
0.814689258320367
2.40799073118944
1.33250504192971
1.33617982836919
0.473047589871286
0.906527276544021
0.307504446537226
0.771069793078266
1.07027787188689
1.51396633723461
1.78885840082964
0.99950917774593
1.96176803136079
1.22741706871571
0.59560858089372
1.24560317822647
0.791279477022872
0.431052870337716
0.858528767376664
1.79810671196966
0.74265756419825
1.12228146747406
1.38050208107391
0.880495807341174
0.847872288506946
0.976165365533644
1.44726538171561
1.04161093667629
0.768082827360978
1.38597163279011
0.870583650285524
0.866087494259725
0.569870654888414
0.866996262412977
0.932089240642721
1.00558130757746
1.1099889057042
1.15409312205854
1.04097675559223
1.0866294603003
1.40425367070366
0.648749293622047
1.24821882894227
1.32005506791646
1.1872667582841
1.17687765990302
1.12903471273087
0.837276864120783
1.91800440582542
0.995704833520091
0.74972352171489
3.04950810863387
0.805992938174998
0.984963319363708
1.89835335875432
0.960231061651192
0.913332475914772
1.4297782267967
0.829755957985942
0.881340293015823
0.958640643978789
0.585856478924854
1.79171292788991
1.00057300756302
1.2145407176065
0.88604608099871
0.72298365394367
0.961273193499665
1.57487318422261
0.664010679601061
0.835161223843599
1.49475464799567
1.20085261785259
1.92631943646659
0.724249362105792
1.0088124287983
1.06295942673786
0.997134789870684
1.72550838701001
0.191255321360281
2.3287304236869
2.86891091289479
1.67234271213075
0.86551445706693
0.913780351378128
0.790694314373063
0.759409421380234
1.78631462062278
1.53731853986508
1.90767313458238
0.483556544714499
1.14630073996761
1.06124283426877
1.19259214299961
1.23559335085643
0.792131615807155
0.463507928524021
1.07472171571521
0.958068127031204
2.94024477271141
0.575639476307957
1.56497420248143
0.898864328570402
1.03746045575655
3.40735838338082
1.18170514833565
1.37528043097889
0.653633755790835
0.858373318650364
0.809752439161356
1.30673799542675
2.8366407411766
0.851737351801375
0.84375966286409
1.51831134295079
1.52701201327346
2.16457538394868
1.94907628056582
0.878044144693922
0.496566528252517
0.802429401464122
0.911494657360645
1.05754291759544
0.560974205297736
0.911175427752691
0.796695773718427
0.831174440746278
2.97858317431485
0.877301967564466
0.840249244626008
0.862900517745895
1.23201776758766
0.674137028766488
0.932460806094962
0.920700674609711
0.872568430602228
1.04317780935582
1.3255803651673
0.92835167032817
1.50634956217048
0.38887549119787
1.09004451908093
1.04490090599276
2.30216063853292
1.28876311887125
0.654771333908179
0.729766513391348
1.16897452660582
3.2514563435026
1.15928947347941
3.40479368888187
1.05920586572185
1.03501415669861
1.07895146291614
0.956654388994554
0.998332750110582
0.935489139901466
1.67400032295176
0.97963719992857
0.794678759460236
0.784656108288508
0.292089958534677
0.453647691767669
0.581442707742514
0.521750069584305
0.810974315635362
1.06755037249211
0.811581694853503
1.02605384375299
0.741419687396405
0.750240568513873
0.712772479221337
2.52411607780729
0.961033419082311
1.58123369279098
0.490817950101836
0.783423637366238
0.737775733468716
2.07527879253148
1.61758808672093
1.52884104037326
0.996410930463998
0.594802713247191
1.17561037355707
0.8820290799444
1.00993405889934
0.985900411421165
0.380459369919586
1.06799585159973
1.19892863645555
0.7965005570857
0.94642286141568
0.94890180501037
1.40814697346191
2.36977987344571
1.98192031421433
0.615351480356147
0.457883668711209
0.855482978045095
0.901810528680991
2.11245761449463
1.5013911162955
0.235456610689869
1.09918918678763
1.83661665543864
0.449093304833517
0.795128363436931
0.709187609995247
0.773936315545437
0.359999594743831
1.11083978937645
0.999924213168898
0.766710039989627
0.124443409472944
0.366548881403101
1.89642721043809
0.90795718712918
1.1533718485467
1.33373007593836
1.02826474031624
1.16025768845437
2.50346498029653
3.26380523021968
1.09209052505721
0.767137675184032
1.26141199733827
0.845897325085564
1.9216799410512
1.07638656902861
1.11393310542709
1.00137940720038
0.93212773530069
1.04634008868006
0.851863524562379
0.689545936107606
1.26889554708086
0.633651308630912
0.73752286304003
0.951138729202912
1.21121299847642
0.710401987940802
1.49001249375776
0.796561328610057
0.890613061835138
0.969498038546878
0.762822378227764
0.538231965246593
1.89834027763373
1.12002227771277
2.46368696039777
1.07732774549091
2.56724373199586
0.821266902468072
0.548963698620068
1.38489722735918
1.44907577796133
0.940757628067248
1.59502109783338
0.717917007869604
1.78750877623516
0.603921102181672
0.705861943703795
1.45222839138859
1.52111749509051
1.48881902103891
1.0157564379402
0.943024954220781
1.6302196384604
0.769195389633191
1.88307561356052
0.93405291574095
1.26886541103238
0.837914363154765
0.829468359899859
0.873204588489636
0.769241939956024
0.767643465261803
1.94376881572675
2.36613390216486
1.0633969421504
0.897219282277554
1.38478304040809
2.04906205265205
0.973494170622719
1.78001123432901
0.976499194261263
1.01375087053959
1.02459313252333
1.87715853516093
1.59481073672605
1.54724689791697
0.967014022398369
0.860721380069842
2.95873550974484
1.02790611787285
0.953271738581605
0.729799066939567
1.04795143802077
1.68830864745564
0.837741155592315
0.838517642967673
0.912301217317534
0.883549345045802
0.86446357228792
0.285922472757999
1.03646802664451
1.02973048101315
2.08980624495804
0.725979918243334
0.806362776982209
1.11084691168755
0.95416985917625
0.847252342966763
0.801184335859269
1.6353885711847
0.778562170776982
1.59538173259224
1.62544641222022
1.63735129417117
0.831420613312248
0.452584940977156
0.942681130517152
0.88011453706107
0.999103770441702
0.930416575597951
2.00497209777889
0.739043908280023
0.966903760920948
2.14973225663652
0.399236213949304
0.443935423641308
1.01102071913879
0.980578295387993
0.91673487879691
1.05833158175017
1.37172358833301
1.03721219979212
1.52091975219563
0.945642465167035
1.56971418436753
0.481275425231215
1.48376810241154
1.04504391969807
0.411354440828986
1.04247314625758
1.54418009124595
0.905179602444486
0.680166612299462
1.12546564823896
1.15563707985789
0.850212923258736
0.50693726999543
0.928632071164611
1.22641195707641
0.927641795497086
0.946716752299611
0.448592971014186
1.16640400616092
2.66302006530554
0.7854694092235
1.10057611796987
1.43319917912251
1.42371895402501
1.73503547754081
0.9578895995975
0.557507217650994
0.926759340004145
0.937308711625171
0.901947609793515
1.23046251331506
1.03050715964202
1.27116118161755
1.02625663229493
1.09796474618439
1.94358650834915
0.930088634987034
1.88891436976215
1.2529871174701
0.911928154724745
0.709566984144523
0.571018321444209
0.951847339040394
0.390600145369604
3.56655491486319
1.08886069701456
1.25606302238795
0.790353635502384
0.512376060843875
1.5288440178684
0.910230658201057
0.83386686395689
0.872411620472312
3.5273349227634
0.520077607703933
1.07464864665257
1.48729804340548
1.81110622847272
1.32529724669027
1.83115795111011
1.65787769403279
0.94748251683469
1.30574404206126
0.820559548020136
1.0665035010172
1.57479704504986
1.12694993244508
1.01150288519815
1.36614062097182
0.966245118452928
1.39778434750244
0.729989833532971
1.04571664945779
1.08459059748037
1.53950906236022
1.62925803487641
0.989338028282431
0.744181882142762
1.89332245358534
0.595605052699395
2.93469571576999
2.55770450689972
2.27707792839782
0.857658887527657
0.809708258433583
0.831142652123658
0.951516954049264
0.898753341486961
0.985882707342087
0.968776293946998
0.713248183652966
0.838191614864628
1.44455570042697
1.34383870381497
1.25489183022738
1.00924119808373
1.2393306367418
0.462267656737172
0.860229830390743
1.48899946295703
1.31298646146862
3.02302715818737
3.14246447782086
1.13647566467903
0.958635402537123
0.899497089925263
1.05875410790209
1.22030336565468
1.3294472701428
1.00690067579438
0.858022807366572
0.993545921855257
0.958022331738197
0.927029348225663
0.977175004844011
1.26566667888341
1.19695359406302
1.08409797956948
1.16558424497687
1.07483979924916
1.25652193503644
1.18617706739047
1.15007760995737
1.07743010651184
1.22349675136406
1.21796760596581
1.06442059819589
1.99186282193112
1.17476662222274
1.23151313832831
1.24720532337566
1.23155734509141
1.44095201878781
1.12566666829711
1.18869807163009
2.38852429304705
1.18676219229246
1.23487679720913
1.15666712020858
1.46941305968609
1.08434973619338
1.07953726096211
1.14698237076576
0.975933078251172
2.04528436632362
1.09341099145245
1.00449113040531
1.05262887198264
1.53774423156748
1.05693216291622
1.03313943985679
1.21225777688563
1.09465553293528
1.54753730020791
1.2227012032932
0.974614208153902
1.08019918278928
1.39137709323513
1.11274364919232
1.0703198812122
1.34064704204672
1.1019328955131
1.25302867504392
0.975466676681307
1.15627892095506
1.07644733882759
2.5906342000968
1.66718993739214
1.09296139447939
1.52126700901367
1.25854390932038
1.55261191637522
1.22474597141113
1.61536962075552
2.0217161742821
1.09031942078185
1.17724729272346
1.20138620138892
1.03518869707737
1.19954809153994
1.23392364111344
1.40364272854177
1.32544418125714
1.1818877727348
1.98075232866152
1.55285401144879
1.46108500068475
1.40306446770298
1.30933205806941
1.3235500259987
0.979118025781262
1.11361851288999
1.08947274977613
1.13796997245871
1.00625033331603
1.14495419008484
1.04699220447469
1.12298803370979
1.06832841321171
1.15421236656061
1.11979860483905
1.17714037949263
1.53377339061981
1.50570159174973
1.20061126756648
1.06344890121028
1.16875283563674
1.11258272345286
1.15786069913887
1.08245082825199
1.06911318801651
1.05120594022555
1.09196628702109
1.14499478873274
1.02769657994405
1.18472702959965
1.08869325836835
1.22849648055636
1.17757715535082
1.22651701140685
1.29657725540511
1.1146026353248
1.03972922038293
1.06522837728078
1.12507568888501
2.06709374360128
2.72350265937878
1.17873017149552
0.951499086189495
1.04373055523544
1.12261299529149
1.42010789588442
1.77058721852436
1.06783070752319
1.07176297338367
1.51113996884763
1.2622857934363
1.42117218143724
1.10831009424226
0.940099806081536
1.01076906281058
1.51196764937717
1.02362934940154
0.991178779239345
2.21114948944573
1.13107200683667
1.50020600736513
1.59429940767936
1.15585557825054
1.05872187242131
1.11302079833524
1.16049507637955
1.14825479992722
1.23874555331305
1.20869217441753
1.79347702595982
1.2149047764504
1.28246307159761
1.17990100786024
0.999148265525775
1.06343473616098
1.14933848495626
1.25898520842998
1.58051664979804
1.45522467550517
1.08429498218594
1.57958419919208
0.956806854870279
1.03318502626639
1.01549044727424
1.20875407574997
1.07733079784832
0.991066301305587
0.988418765077542
1.08502220872435
1.11433901760168
2.23124545241052
1.24506757369439
1.06638705559712
0.991768053229136
1.06117856545833
1.03318978973271
1.07009211299742
1.10229129048162
1.34393311065033
1.40064166442288
1.07177885576672
1.39719904941625
1.48342550734199
1.30815772266618
1.05479956640172
1.0785039455324
1.16291586157963
1.08947486289408
1.04553647540027
1.17158716432343
1.16700475068205
1.22983445113209
1.20284417036698
1.1926276237248
0.961173247430699
