1.61448464357026
1.61448464357026
1.52573390616752
1.53648996224716
1.2801170990639
1.2519865396311
1.0865639133482
1.05774247322863
0.992866646138163
1.6058412718306
1.61448464357026
1.61448464357026
1.61448464357026
1.61448464357026
1.61448464357026
1.61448464357026
1.61448464357026
1.61448464357026
1.61448464357026
1.61448464357026
1.61448464357026
1.40801419275526
1.53964029689894
1.61448464357026
1.61448464357026
1.61448464357026
1.30514157918692
1.61448464357026
1.38392370621697
1.26977464425812
1.61448464357026
1.61448464357026
1.61448464357026
1.51509823597966
1.59373993266377
1.61448464357026
1.61448464357026
1.32136007348435
1.61448464357026
1.61448464357026
1.46861568790258
1.61448464357026
1.61448464357026
1.30163461019132
1.61448464357026
1.61448464357026
1.61448464357026
1.32733509333597
1.15847860177071
1.61448464357026
1.34839310177304
1.14415839813497
1.61448464357026
1.13132523176217
1.3470552704553
1.61448464357026
1.61448464357026
1.61448464357026
1.21925020123943
1.61448464357026
1.61448464357026
1.61448464357026
1.61448464357026
1.61448464357026
1.50482641125655
1.61448464357026
1.28994851248011
1.61448464357026
1.61448464357026
1.21634218543793
1.33878160419193
1.46111300425384
1.54153018653449
1.51517050250208
1.27956551490336
1.49974346063969
1.61448464357026
1.61448464357026
1.34959848946932
1.38215864821303
1.61448464357026
1.22225103176253
1.61448464357026
1.55534257573926
1.61355157808449
1.61448464357026
1.61448464357026
1.61448464357026
1.61448464357026
1.61448464357026
1.61448464357026
1.61448464357026
1.14975523712094
1.61448464357026
1.61448464357026
1.61448464357026
1.61448464357026
1.28866716409837
1.61448464357026
1.31381101532774
1.61448464357026
1.61448464357026
1.61448464357026
1.61448464357026
1.61448464357026
1.61448464357026
1.31493003206096
1.23081567412421
1.354813507069
1.61448464357026
1.61448464357026
1.61448464357026
1.61447559280808
1.61448464357026
1.61448464357026
1.61448464357026
1.44790556394871
1.4051473026162
1.42972724477301
1.48136009290706
1.60489603573813
1.50241910666637
1.54336878759907
1.50636251373063
1.48877408971
1.57427671512329
1.51696429241968
1.60785175234276
1.59151395223084
1.54077013870071
1.51965007115553
1.58511119474768
1.47116150566855
1.57791029833174
1.36993673146986
1.46630297331312
1.39940408079156
1.2957628767244
1.01906452122026
0.853205908882789
1.42656407001585
1.20654090636352
1.05255191011584
1.03479714447932
0.802073668470954
0.8736940432235
1.41253052997175
1.08665354661824
1.4303125940893
1.32436368812074
1.11664033049729
1.1946494739617
1.14869673177869
1.06009473761557
1.02879331181319
1.42536973034386
1.43254173240204
1.36793167973181
1.33536404276394
0.953924022746703
1.07238982474696
0.980155991384731
1.41008775629067
1.41471378268374
0.948768324806676
0.86660236931826
1.07374886170926
1.45804395573432
1.34844750538183
1.1155554404224
0.925789804659177
1.01260647363941
1.32787059104998
1.57862506238536
1.19829412144876
1.15068648149732
0.998494706111463
1.52793773442914
1.28779898476492
0.912207283532959
1.44600572367688
1.09896579885494
0.900723462450099
1.16392896836569
1.10696005756191
0.830293917318066
1.49458851379431
1.23895341400554
1.49694445247208
1.33620499036947
1.24454669686911
1.11516593308158
1.40634036910548
1.32248073222302
1.47646906583385
1.31531097680502
1.53600789264931
1.51851289678116
1.44844438078699
1.46830993941935
1.19669142200849
1.42964143026097
1.24105783010698
1.32770435188135
1.61448205948535
1.2924989250421
1.22324845492608
1.03782967733548
0.950838988614438
0.921433242100195
0.860958016071979
0.599439259573108
0.778770202193662
0.855576529225806
1.18038767053584
1.17053614782186
1.09531499348575
1.05668702985055
1.05055341923336
0.868148038637228
0.820670524974208
1.5017487154553
1.57679212593968
1.41260242517689
1.59258008147106
1.61059961962715
1.4747809097561
1.47529457920806
1.34898035334814
0.976754353811904
1.20118235814792
1.49141832292871
1.61430077068556
1.40521267531362
1.21157000414061
1.32466393805581
0.948109748369152
0.95272724479313
1.60763285825866
1.54713361159655
1.09952252376068
1.03804563998886
1.26906998775568
1.2365320756209
1.28355271595303
1.19586207764296
1.20765009841015
0.95104578092702
1.31614341629435
1.21873947022718
1.03414987943386
1.03748905009638
1.01419869035716
0.888218888653415
0.897105847599476
1.58865529023798
1.45524591473861
1.36540556109875
1.15029686640142
1.49602870962217
1.21927665529618
1.2380196207861
1.10357057622158
1.33435815435304
1.11635539184826
0.964222572504829
1.59053092757324
1.50209830191858
1.3819274616768
1.61448464258555
1.53263713915886
1.58324578624448
1.52487429617776
0.84562257013282
0.716875730148523
0.830168025199011
1.30800765095867
1.29496111432038
1.15459703876422
1.16090179615037
1.54494032943292
1.43693713962981
1.60987730416059
1.49755315990281
1.60273078208726
1.47490347371695
1.14938271672822
1.40479097324674
1.04596534999598
1.50659778419871
1.5440651935751
1.59472279904193
1.5431259141828
1.35519748228319
1.03976439702295
1.05975156897731
1.61432842214808
1.13945843999737
0.781812979478396
0.923835161719276
0.751841096935451
1.61448464357026
0.630741839483234
0.652123315070601
0.75815779203675
1.61448459963946
1.61448464357026
0.929048161874844
0.588153542149091
1.51380554513841
1.46999702894312
1.29604995779381
1.61027294473718
0.717837134872838
1.48092961185832
1.27449171781366
1.23975466940465
1.32907327977021
1.36675934025607
1.36474099718395
1.55755190896513
1.61448464357026
1.42613357486467
1.61448464357026
0.864937245626246
0.92358488212289
1.30788834400276
1.48320369178
1.33000718051306
0.915005982925116
1.61448464357026
0.851793457861738
1.41586288337506
1.31808556226871
1.55668562241702
1.21203521065436
0.846123448315475
1.14986387157385
0.864871954113657
1.2031948210634
1.14761982491879
1.49198813192998
1.02603876188825
1.05921410812446
1.14618346434322
1.54869269421734
1.60676582805504
1.00032310463571
0.943996566503963
1.27450165139782
1.54183821637402
1.04573789899758
1.01311671295109
1.61448464357026
1.37641873448054
1.44568009766069
1.61405969164337
1.17785545952465
1.61448464357026
1.50405610724208
1.57795619936859
1.50212148445787
1.36346207296208
1.09810693848905
1.28956172493074
0.673729282451453
0.906220842886932
0.793838630875596
1.55111250549232
1.50317074393035
1.61448464357026
1.33958336935915
1.38116046828581
1.40876929530275
1.46733619968661
1.50632081881122
1.61048669854726
1.56971407863269
1.61383751894529
1.04459976068689
1.09114492873236
0.667783137663066
0.869422308216666
0.846760105251764
1.39160509938239
1.60834322554627
1.58038599919487
1.61448464357026
0.922416599302848
1.61445022732655
1.61446366908688
1.48178023698363
1.1773360564746
1.28618783684465
1.40493325625668
1.51643857955711
1.33743411258554
0.751814163985902
0.534912017919366
0.850362031462424
1.61448464357026
1.61448464357026
1.61434184636123
1.3615843630994
0.905802350012843
1.50489593280259
1.07242621578597
1.18545331383141
1.00545024806843
1.28474227464775
1.50004356433344
1.19866879209529
1.41084151231509
1.30321694628537
1.4621522307085
1.58588755909999
1.61443497668782
1.61448464357026
1.00553262975035
1.15166166218115
1.20420748168619
1.38686299288705
1.45996626208881
1.01237016703943
1.46888008484775
1.61448464357026
1.53406148157367
1.61447913878723
1.45754295592029
1.40664411180584
1.44094006795745
1.38760629421312
1.18819493342866
1.30291039515311
1.17631850631251
1.15000786045953
1.22978339377053
1.17823678342205
0.753478135121819
0.722675097251593
1.27512771217418
1.31817276977882
1.52301750621263
1.60273279352506
1.07671286167515
1.60516356521978
1.5824869375741
1.60408276514198
1.43787981340476
1.26422977372956
1.18680439959405
1.17776017277966
1.05433132799392
1.22453325532168
1.51474707309181
0.933488880447839
1.01410573245107
1.06296023275392
1.1344598257781
1.05690407097267
1.20186652701657
1.16913715541338
1.13255195273201
1.26165940739356
1.49782270715706
1.60132657432496
1.29010812583448
1.53563132239033
1.58039529242132
1.61448464357026
1.06228675639933
0.879999511781196
0.764963516650545
0.987375673784379
1.05227367012028
1.61448427174424
1.61448464357026
0.97168790220763
0.732676839111983
0.593259183772372
1.61447364684757
1.27797879433242
1.15125207600977
1.25900303781015
1.61448464357026
1.61140038462354
1.61448464357026
1.61448464357026
1.08072690374017
1.3042818433932
1.61448464357026
1.61448464357026
1.61442193164471
1.58857966443609
1.2090639803854
1.35485397231069
1.39645858590319
1.61295421774865
1.15951688572502
1.61448244594584
1.61448464357026
1.61448464357026
1.61448464357026
1.17680609201014
1.59690819004981
1.07628694715046
1.13854611862413
0.644548886638544
1.61448464357026
0.709924529238272
0.756311315889892
1.21716103384848
1.21532488947787
1.34775009050835
1.09432018951264
1.44127177015427
0.971474457503053
0.887358894859577
0.744377783147502
1.61448464357026
1.61387583788322
1.61066570104351
1.61448464357026
1.60108319259416
1.28993044085751
0.738067707405669
1.61448459720472
1.29278263849918
0.918715328448385
1.47133690364977
0.998959566983253
0.694912895623137
1.01636701058012
1.61448464357026
1.58665361584499
1.61439777005325
1.58934566581315
1.32424724290753
1.21304667831507
1.01637085346653
1.61448464357026
1.60497888530643
1.61448464357026
1.61448464357026
1.35423624190708
1.61347638234467
1.15946955885053
1.16672414386867
1.59059958614905
1.27283290380555
0.663940453812551
1.35550291858331
1.57956863398251
1.01883943834613
1.41904292812626
1.25461439721144
1.06656431631937
1.37318710461781
1.41011553010608
1.10112426192413
1.17197334723144
1.19241923189411
1.60432127213542
1.36474891604676
0.942050160570475
0.816186572080484
1.61448464357026
1.61446841922188
1.54602263461025
0.991938889492808
1.40772054803046
0.711404648594311
1.20536994114938
1.61448464357026
1.61448464357026
1.61448464357026
1.61448464357026
0.955279828828131
1.1902580570041
1.61448464357026
1.42492934093099
1.24310854674627
1.49135476505405
0.9839568301462
1.13751449305791
1.50528622220475
1.36110389055405
1.61448464357026
1.5869830916103
1.50096108530647
1.59363954683254
1.2245537530961
0.747765618682844
1.02683689659159
0.638901695281026
1.45544973067444
1.03196467622835
1.61448464357026
1.61448187741899
1.02693105909679
1.24555440931823
0.73968514297521
1.19696999425368
1.58284134574427
1.61448464357026
1.61448464357026
1.61448464357026
1.55251845508577
1.61448464357026
0.896232937139279
1.61066677116814
1.37364811330807
0.807061751836521
1.08716272419436
1.61448459792
0.930969490102469
0.724526493419359
1.36934332484692
1.12002861282266
1.11927201226785
1.54718648902734
1.60755205663012
1.47738639665034
1.02288743901866
1.04352137916088
1.41408931263085
1.12912691169927
0.903463672779474
1.09172966173959
1.4013772869094
1.47757078526381
1.5407160764268
1.61448464357026
1.16105796713642
1.29972869262382
1.60352517807975
0.925751629740593
1.6140650629416
0.710178086000757
1.61448464357026
1.61448464357026
1.61448464357026
1.45919943437492
1.44173723244883
1.61448464357026
1.14546468960156
1.61175182651572
0.991366106253067
1.47758683996729
1.61442641381901
1.2739000974615
1.61300139901131
1.4538321454979
0.986117509690641
1.12740656071249
1.18093564392345
1.19551015956638
1.61448464357026
0.947108104945236
1.61448462461319
1.57795729367397
1.01808887860958
1.45503015176529
1.1191620331767
1.13807971934931
1.27918636338909
1.01783552667001
1.38481851804893
1.23404923755195
1.1905520222504
1.61447690765468
1.24876875700083
1.29720333723248
0.988907328380099
0.561948346902845
1.6064015622893
1.59421355256681
1.57420421950335
1.16828279703353
1.20557487657005
0.826577470152396
0.699927944738459
1.61318945400443
1.61447318446376
1.55420274791301
1.07222977542053
1.58102796702577
1.25172776217208
1.61448464357026
1.51975729731885
1.32900944107999
0.894174263794573
0.794173771490664
1.61448464357026
1.49775095707848
0.889822884600868
1.61448464357026
1.16401136398041
1.28828942654523
1.55275741176352
1.54143373721401
1.52486265891782
1.22848430271395
1.09171733145836
1.19381380123931
1.61448464357026
1.6092891491058
1.32876767577289
1.29924433243599
1.6141375926312
1.61448464357026
0.663796002432848
0.6843135494031
1.29590207431612
0.631601055984142
0.954794446822914
0.744056027339469
1.36099933335569
0.865121653463249
1.61448464357026
1.01713685491677
1.05114605164707
1.60622731369853
1.27541197330044
1.32885498280682
1.22644694095765
1.61364553665145
0.776183158357508
1.23097234260355
1.09470598489146
1.0862565770774
1.21725147133489
1.26190731429471
1.12505604135962
0.78014349227677
0.789573329951634
1.61446429170567
1.25897377873351
1.39431834787863
1.61448464357026
1.29298376497077
0.758633574288196
1.58418602950561
1.0566097718466
1.24778042695424
1.32703417964097
1.59595232811624
1.59649097662643
1.08768680536288
1.61448464357026
1.61448464357026
1.61448464357026
1.44132181797656
1.61448464357026
1.34082399000119
1.2329794349871
0.632777642074338
0.699381942562374
0.713318604286139
0.754928513352849
1.04367809470547
0.829694039625999
0.96387190801934
1.60582120044946
1.14162547415533
1.37515562306371
1.26671935269634
1.61444177188995
1.41493915618735
1.61448464357026
0.806497260158147
1.01102822200701
0.824575034061378
0.887083309947871
1.61448464357026
1.61440050320975
0.976955693131435
0.966351868531953
1.18648540933619
1.61448464357026
1.15612914356742
1.24294439984767
0.815911690990292
1.22669651199682
0.826221920115709
1.28461827460242
1.23839384754739
1.61448464357026
1.00489370656763
1.54214445620182
1.5025362916227
1.0745962520063
0.647860510218737
1.41296990980124
1.25627122003827
1.15493161078378
0.890378654272921
0.590722069757313
1.28804965372967
1.60363432003882
0.901986754777382
0.781414346708852
1.36112746211038
1.18642398890578
0.641542119068252
1.61206888340368
1.6115316771433
0.990650222353642
0.448580847599083
0.707498520650488
1.59403883047415
1.55760085288246
0.99295827780731
1.15802320361253
1.39925389992814
1.61448408610326
1.50588954877695
1.60565229645779
1.61222322715569
1.43594230902854
1.61448425064165
1.07855406651887
1.42484464763681
1.10819159642114
1.53091467111763
1.53155987274901
1.52050549588945
1.61448464357026
1.44218407010416
1.33116575813912
1.58844592297188
1.01137281595165
0.880249432362062
1.14854196192132
1.19828832918087
1.05408706917614
1.61448464357026
0.916845972275126
1.56189772747274
1.05493565174496
1.19450934116881
1.0375433198339
1.6077693984174
1.59615983012629
1.31293839398933
1.52452848468305
1.61442712524515
1.08329444750686
0.946491544505118
1.61448464357026
1.61448464357026
1.20398602495024
0.952917295844218
1.22402271852841
1.3399739813217
0.863296270499564
0.944289279973156
1.60577829307271
1.61448464357026
1.61448464357026
1.61448464357026
1.23493036469459
1.61187673063469
1.1268437962506
1.36491601201342
1.52647900159013
1.61448464357026
1.37251032660157
1.03518044249839
1.11926746023073
1.39800870383554
1.36152356908813
1.53741289498006
0.949305136764616
1.14491592013121
0.935220024122553
1.47498955810368
1.35046238126079
1.61448464357026
1.39035950016672
1.51869870157366
1.34287090390551
1.50252290979738
1.61150292083188
1.28795048607814
1.61443792719269
1.61027414750195
1.34700902813932
1.61448464357026
1.30532469983874
1.04896059777197
1.05660494902481
1.11510793352191
1.50501163876
0.970104356076824
1.03643386848664
1.61448464357026
1.61441519669828
1.61448464357026
0.835755279990549
1.51167208869995
1.51154552748311
1.60954467955079
1.40599038000819
0.943187960058613
1.45789658577394
1.3749996752421
1.29007777092553
1.0831288869327
1.59921872503569
0.943318297039515
1.58426016478409
1.61435280911527
1.61448464357026
1.307355899304
0.771992718642942
1.21475698805236
1.25192288268877
1.08447500372997
1.24569685557241
1.30883606920921
0.765322081910625
1.6144842751985
1.61448464357026
0.621991513358683
0.69189654656397
1.28928953917182
1.38672845487418
1.34040792050621
1.27592989345185
1.53912684833394
1.6144775802214
1.60716488405842
1.61448464357026
1.61448464357026
0.576408068733731
1.61448464357026
1.0314403992221
0.743735544105841
1.45662072658108
1.61448464357026
1.19393288616258
1.06403906187354
1.59066947575847
1.61448464357026
1.47410175135175
0.642055440846765
1.61448464357026
1.61425454797578
1.61448464357026
1.32331461191321
0.90760892702741
1.31031487663971
1.43900447328086
1.2086253154598
0.901689084890165
1.60957988288573
1.45972716539229
1.61448464357026
1.0425198726729
0.773750113097979
1.16596056574386
1.15171072044984
1.13116013607425
1.59497621622522
1.61448464357026
1.61448464357026
1.18742886040691
1.61446442693221
1.50211500977832
1.49189347841533
1.61448464357026
1.61448464357026
1.61448464357026
1.23366899338306
1.2633367099301
1.61448464357026
0.777053045175149
1.42283987279256
1.24302289556551
1.16675620701548
1.2999239823493
0.821478039512378
1.20141737967767
1.52053439606566
1.42915610609682
0.973611675060629
1.50672708425491
0.843391590750505
1.3731841035636
1.17742771181385
1.60504158954087
1.61448438236617
1.0298766223252
1.01118906164234
1.27855928010901
0.963735831318787
1.356761918704
1.38186084756978
1.61448464357026
1.61448464357026
1.61448464357026
1.53968939515977
1.47678013705518
0.947706998427075
1.14255609148919
1.2699470107628
1.41031422842994
1.42913214540047
1.61448464357026
1.25923877564817
1.02556784420563
1.55767463681735
0.532619663649345
1.61448464357026
1.61448464357026
1.61448464357026
1.0933534911395
0.986030744854895
1.4707314958185
1.23225749696863
1.15531933022475
1.30484976308811
0.906782878151608
1.04008052166622
1.42726125268485
1.61448464357026
1.61448393816674
0.817332922594957
1.24247219323475
1.61383439016049
0.735644403975347
1.19445393214479
1.36289200433166
1.25853645192629
1.61448464357026
1.61435161145377
1.61448464357026
1.14204161493154
1.45258020476204
1.16614561774096
1.61448464357026
1.53861058199094
1.613462824917
1.01652522913893
1.61183834556857
1.27440038118709
1.61448464357026
1.61448464357026
1.61368817658147
1.61320168821006
1.59206569412169
1.49359934751205
1.47484528308954
1.61448464357026
1.38366787300888
1.28807437381683
1.10065756906114
1.49276057566237
1.61448464357026
1.61448464357026
1.61448464357026
1.61448464357026
1.61448464357026
1.61448464357026
1.61448464357026
1.61448464357026
1.36147128322851
1.590047613385
1.61448464357026
1.61155985904986
1.61448464357026
1.61448464357026
1.60978961331195
1.36260100831315
1.61448464357026
1.33465289526184
1.61448464357026
1.61448464357026
1.61448464357026
1.61448464357026
1.61448464357026
1.61448464357026
1.40221492144696
1.58199559328182
1.56023190887605
1.17709440963763
1.61440157506602
1.61448464357026
1.39289452707656
1.14611426604168
1.61448464357026
1.61448464357026
1.38172476599123
1.61448464357026
1.35831309848004
1.56443647905782
1.61448464357026
1.38108436421531
1.61448464357026
1.61448464357026
1.61448464357026
1.53638153559083
1.61448464357026
1.61399787947442
1.61448464357026
1.5405142123868
1.61448464357026
1.61448464357026
1.61448464357026
1.61448464357026
1.61448464357026
1.61448464357026
1.42159776857577
1.61288500194477
1.61448464357026
1.61448464357026
1.3910079859434
1.61448464357026
1.60756539963312
1.60495609360059
1.5960165464492
1.61297891382686
1.57592735697524
1.54212949757821
1.56216617601639
1.56314983912655
1.33854675399556
1.38309973706574
1.53964999364063
1.61448464357026
1.61448464357026
1.36984466483353
1.44761258964293
1.61448464357026
1.61448464357026
1.61448464357026
1.61448464357026
1.61448464357026
1.60229127125041
1.61448464357026
1.23546956330317
1.32207380942307
1.5822361275396
1.48728967778884
1.06862490467487
1.14717025661765
1.29654022305197
1.61448464357026
1.61448464357026
1.61445807464839
1.60270908422146
1.53629806470203
1.61448464357026
1.61448464357026
1.61448464357026
1.61448464357026
1.61448464357026
1.34688036177862
1.61448464357026
1.61448464357026
1.42563086893069
1.61448464357026
1.61448464357026
1.61448464357026
1.61448464357026
1.61448464357026
1.61448464357026
1.33616590994764
1.61448464357026
1.61448464357026
1.61447985239418
1.36766749444339
1.46872972789627
1.61448464357026
1.61448464357026
1.36711539050098
1.25864250013776
1.61448464357026
1.3118655193815
1.61448464357026
1.61448464357026
1.55916524279806
1.61448464357026
1.61448464357026
1.61448464357026
1.61448464357026
1.61448464357026
1.61448464357026
1.61448464357026
1.61448464357026
1.61448464357026
1.61448464357026
1.61448464357026
1.54950827010734
1.48178168037776
1.60029005637338
1.61448464357026
1.61448464357026
1.61448464357026
1.61448464357026
1.37860620457991
1.30145585712621
1.2946221643488
1.61448464357026
1.17461018203769
1.56005779254715
1.61448464357026
1.61448464357026
1.25416834364785
1.61448464357026
1.60694158684271
1.57113393217766
1.46389474173473
1.45518070068697
1.52968347336169
1.4349195919216
1.42325333113682
1.61362773814763
1.60820806474717
1.61230100755223
1.61443940580739
1.61142521446481
1.59484689421215
1.61448464357026
1.61448464357026
1.61448464317269
1.5698695008252
1.06256342730623
1.61444841245499
1.48401120891116
1.59659588285076
1.47738915608464
1.61448464357026
1.61448464357026
