0.425548541831591
0.682984782984009
0.946607248629753
0.906032201912717
0.791934891670423
0.777194764055674
0.938808097834016
0.971855731651223
1.04211169998809
0.948889983675878
0.701826021442333
0.650025629556586
0.983911072737502
1.69865290263522
0.971400584088774
0.788541613865838
0.781838970993066
0.744405233303034
0.864981121030762
0.70770219910617
0.423713738326967
0.729356442058421
0.755700259526182
1.39920494803147
0.836768111119094
0.91894326754825
0.752611173982631
1.40006632853134
0.708034911758678
1.13068829778175
0.843054818626515
0.696171250718615
0.720959406495889
0.863773572105867
0.888914069991166
0.815661235100082
0.769137210569658
0.737822723552041
0.794992154189527
0.895192067245943
0.739196326017134
0.871552571295757
1.57260447968856
0.780030540508154
1.26665799983448
0.649348234133217
0.841580932084468
0.761263097090867
0.888237085237482
1.16543399020001
0.741677237183521
1.01558535003241
1.34658272766586
0.898689885173589
0.73280769339283
1.69340102956228
1.46781684430947
1.14130115013912
0.851277382350148
1.62260436383316
0.784470342894338
0.835258998419629
0.918048324383776
0.856417378470177
1.04087680508469
0.861584651635595
0.781187282541457
0.807083365774183
0.827065910134669
0.842958923894335
0.770597714609869
0.707632161676038
0.874142042458447
0.823860930420201
0.770956723692509
0.74988798950547
1.20553554742025
0.826743135008127
0.722271688699661
0.706325367959426
0.786206722077185
0.820662638319751
0.749213813406441
0.935606069008176
0.857706580423782
1.51808782064973
1.63919196441613
0.755264244786445
0.765157524788982
0.637081272693895
1.05224514783778
0.778460020842635
0.871284387636168
0.645699310436218
0.656202321696043
0.970447475750263
0.678557153120046
0.741897966671002
0.77230697386509
0.771123791638075
1.37305884372702
0.563347618949177
1.31212705834518
1.43067723615071
1.72047464107936
1.06234371046338
0.75779223335601
0.843570721033123
0.737167367906907
1.68715507440234
1.2875888644112
1.52259778396404
0.899371450186461
0.906088175972785
0.755344366302514
0.835067985681679
0.638837555661185
1.09097956583345
0.785896741067362
1.01948949622566
0.765890933706423
0.969476853570231
0.862487031113504
0.837272512235996
0.919563171373465
0.70169599901032
0.772669844568378
0.62076412212219
0.578584442002696
0.840909174445518
1.28057791529517
0.880559237651354
1.26125418878224
1.20579722858335
1.41335274036843
1.42507202905184
1.16068039425259
1.38789606396717
1.31171947647271
0.987904262770989
0.615367655128333
0.995086848548439
0.748343360741247
0.577289711785794
0.953088200678415
0.784502840139722
0.774601717268489
0.999701643232628
0.86713097784212
0.881911002780001
0.950866465123082
0.805914720548416
0.731654256975242
0.566964223153922
0.613078646519386
0.66548614875517
0.570016021720697
0.613702661065707
0.802886530053639
0.705142649583175
0.498528470630121
0.531182989432983
0.507854651987494
0.620731468852855
0.725488084325714
2.18639484028589
3.18456352733652
2.27145912127419
2.24159035369918
2.48517334102768
2.17036429751889
1.59126857731102
2.41156798788181
1.89090548327536
2.90463427268431
1.66752042938237
2.45095854435822
2.38266699224392
3.59023351644993
1.97673466668154
2.15029009477706
1.45624431036891
1.69483295557459
1.76433437867624
1.44346675961183
0.815523507923731
1.62836144394898
1.43393548784095
0.87673640962805
1.25975391474172
1.05812268947849
1.04069369626652
0.776563196785751
1.31398680581851
0.869409452486235
0.933196450355089
0.762491039102515
1.0080955298719
1.25106893840935
1.16907477121866
0.733730722069176
1.11614653718873
0.685874485931455
1.14772706113705
0.701943069846815
0.652780675354304
0.870892631703448
0.513254726241666
0.588623397901857
0.595870470741635
0.603825640143536
0.836529959002984
0.751228883596608
0.551726215381917
0.86244204532688
0.921359358927165
0.753446341183798
0.745043872325245
0.657480066902943
0.899370919589832
0.935454820919156
0.787353337537104
1.17196206330362
2.43943878784235
1.25521191830312
1.25110384007145
1.99971071558697
1.91860464678904
2.6547342948786
2.22108737221288
2.80723028305716
2.49095319579866
1.04829418843548
3.2065636990843
1.76736337289627
1.17734006436956
2.06152361169919
2.2360183490759
1.47442865903033
2.09928467892714
2.2819177262654
2.12282272569021
2.56643051655488
2.90083462981787
2.68038788279825
2.46431598727542
1.71288496188296
2.04509213462952
1.89911676595443
1.74592816121678
0.524505126608268
0.5806353679267
0.550541677622991
0.814855836544296
0.747925800610556
0.978519588028268
0.842625172035467
0.976703550356669
0.857114676555166
0.776702421702622
0.800730523734484
1.06762927994872
0.908400162828966
0.83491343695086
1.03624822831298
0.828098577152085
0.811497502897813
1.49315561861312
2.07761314611381
0.77383785813124
1.18035203794828
0.696644686581378
0.830793878208841
0.792794430278701
0.877019394197405
1.18878166858011
1.03613143538914
0.980206683519036
0.933981219625474
1.10287409722576
1.23633548272365
1.86641235989913
0.99484286613533
1.86963573316406
1.06333680860495
2.23742290598411
2.22129416537023
2.13705669751154
2.03994001007708
0.917994710140334
0.959316234243454
0.901190208601413
1.14092864868126
1.55502831744412
0.727855130555656
0.666002882939349
0.92590814395341
1.1334881035389
1.36215609431393
0.925813232859016
0.75004233582118
0.63651952315288
1.50234164800707
1.302832345459
1.39159117281376
0.829075089648325
0.751783296843285
1.02492045621925
1.05837699571522
0.825865519983779
1.17336117083849
0.763543037091601
1.57876367791271
0.753092476339274
0.86439925891348
0.935598353622924
1.56956149469676
1.8023096745605
0.630271539981011
0.681563364598667
0.7426248151502
0.876367092248529
2.44983137561973
0.970273101347112
0.788175263610537
0.537768969381006
0.740564904576738
0.673313660025891
1.0016864276593
0.884912632782586
0.862421612561006
1.26983513600256
2.67059128183115
2.43660925168687
1.4932313292615
1.64808745228023
0.82812466056106
2.47001623803269
1.99210477186723
0.819133424658899
0.780144229003289
0.945667763884613
0.586010333618245
0.767643726056684
1.24184429193739
2.30127913727982
1.35065058391768
1.02507457829009
0.69957502182539
2.78806202975223
0.911939866324376
0.910380215702371
1.14743882781218
0.874125466837489
0.800099562258498
1.67960699151012
1.47843008252755
0.777150647346244
0.667317900585644
0.968966192155473
0.903255174902206
0.822276288501279
1.86246945823781
0.836502151759668
3.32018046305567
1.35036570706774
0.826674433678327
0.737883800207554
0.887854457185024
1.1961458101633
0.882409672161067
0.87554947402786
0.660445788804251
0.641128652889754
0.795076019794331
0.708477781745589
1.84546331960968
2.13054949312866
1.31963334676072
1.57890949058818
0.800380853833147
0.733042809805873
1.8369882242968
0.666545687644924
0.81224026174495
0.847023239105891
1.01547890858297
0.601897366775592
0.762480814985413
0.948700025546604
1.24909537023274
1.34411858910317
0.749993059128783
0.775657727443532
1.48247938951127
1.14349207799423
0.753285095431181
0.679880370009157
1.01355924864628
1.81559648369317
0.743749188039211
0.901873614201885
1.48361271157919
1.10205466346625
1.25995686324029
0.906465657071376
0.797716659691875
0.724030082670369
0.987916030204149
0.761206159983685
0.907037725207111
0.936442267669365
1.58305869436138
1.36454322269423
1.72346592932736
1.59378125081908
1.5157377896751
0.900369709201023
0.608604526867699
0.524516492206566
0.644884290639619
1.66195208786824
0.577929044799026
0.692542823829292
0.83035121632074
0.910777379975539
1.9170450101757
1.43915554645503
2.32587188035196
0.925545213357538
1.05637007144671
0.82255947932626
0.935655629650494
0.860189202024387
0.989117675556923
0.932528003250034
0.76549373047628
0.966937801278294
2.33214285347405
2.02523903043154
2.44473664781412
2.78316391475568
2.17220339452433
1.27523624608141
1.67134555909333
0.735658610473876
0.801217329335587
0.98950361787562
0.932746595515101
1.19770804491745
1.15590036030418
0.974411467633134
0.986387361434561
0.802835615022454
0.872492660320959
0.866849047168456
0.914838918970025
0.852232613949418
1.12768898805347
1.0075122927004
1.25460867253974
0.931168231566027
1.60549192707053
1.63648477216424
1.58299915354102
1.7142053307464
1.60448406124938
1.4964396844517
1.50576240293269
1.46177042155047
1.7010904312953
0.641345438930612
0.657111953126713
0.688296106281438
0.677948277615377
1.24680850136643
0.972859689593114
0.661327007050761
0.900678510830469
1.33201077078222
0.808605616493427
0.714729309960084
0.597890430503171
0.676160705128909
0.781290555407413
1.32201146491193
1.16219270664356
0.847707275119407
0.720389716069255
1.26183359838236
1.1051796393946
1.09794031895429
1.37929229912397
2.0116189524258
0.765063449314825
0.696888666733157
0.73597251437708
1.01988012221949
0.803745124456418
0.618415638243486
1.38002086003339
0.663604600356844
1.43946008216052
0.817345582282791
1.91287146080739
0.878424019140031
1.27490525191945
1.19942164646061
0.853200837524507
1.14106455975897
0.751346472637043
0.973642033792359
0.803488757467545
0.700252882215623
0.60065028550335
1.16240914832136
0.598805739650029
1.01231032576295
1.88279265849979
0.829562486917266
1.57005524394394
0.894323134016783
1.09223487867191
0.953394282081445
0.718859575159161
0.781110326851511
0.580871645234261
0.984133368737147
0.68014317677228
0.907213212302334
0.786442910410233
1.21800049193164
1.65434842652774
1.00840223332791
1.31676810990402
0.827007859635975
1.92171119293385
0.723436282004927
0.729301749232389
0.687902354901347
0.999637314594757
1.52672075206567
0.963145098840743
0.885060146290926
0.935353809464359
0.807172425547881
2.44901753668996
0.841460251580601
0.987138969029865
0.782555940481682
1.07669262143283
0.716181161867234
2.04911719375364
0.742286264615027
1.29334524224952
0.813426476925542
0.56824257059141
1.09472230005579
0.618355713813986
0.570245432492295
0.782087549131675
0.785830444198036
1.0636213707829
1.24474205898892
1.31409590053166
0.684014613650411
1.12086041106138
1.44454895822488
1.50652567663169
0.574748485898643
1.37723178043584
1.58858844219497
1.00540352021027
0.903718698787727
1.27393180144866
1.18773109701214
0.848577811666867
0.653486311041786
1.90144159833694
0.534774352976366
0.680920152867264
0.788811524877418
1.16780782989358
1.06648794762552
0.885953596642185
1.09791647448917
0.733517045401271
1.37645082549268
1.04292721707261
1.87958054639168
0.783874222464385
0.771902690519434
1.01007180680608
0.604760883891041
1.18323644263456
0.693647694163193
2.86110697888907
0.895415564880714
0.932169740666687
0.835700846092545
1.88022577958822
0.936820392126968
0.811164790286521
1.01928755869265
0.911575664027953
1.06375733645675
0.783494415552607
1.69534062851215
0.845898727765601
0.817263587454716
1.15514210041964
1.83376036504951
1.57086891392694
0.825781878797127
1.03400762308367
0.921637474178936
1.15712653260884
1.26015686991552
0.779761131937346
0.68919107393023
1.07388007222747
1.01626693813943
0.706282607993346
0.743992262393342
2.35992696868543
0.680358641353349
0.903499589221432
1.40664743309294
0.694144591435056
1.09425252068268
0.879298414399435
1.99836016126235
0.997273672650664
0.833946609570291
0.723793571522523
1.46253032489291
0.921613060397376
1.03365811725736
1.05042476399165
1.50888619175331
1.73340783114268
1.64076471649957
0.731446939938063
1.91435948387095
0.808334323557385
1.24540672260908
1.42840062884504
0.654128484642852
0.819833616327073
1.17406284053264
0.716952424673896
0.72290205504961
2.32305139199255
0.984300445972102
0.81840690920833
0.852097183384127
0.815103970983739
0.919975001101948
1.27200506287012
0.900291666595841
0.698836208234412
0.975739302914739
0.716780113942657
1.66638249832794
0.585384704454716
0.942041339207092
1.80998882369356
1.37360344130064
2.58174721179147
0.957648904034379
0.791981382238406
0.929380966186413
0.874532394046894
2.1181115396394
1.05650244805646
1.43458167676592
1.8095819883037
1.6119259194346
0.692633822847426
0.656298183574721
1.51381966287818
0.914759687157896
1.15140263923037
1.07767862018395
1.81251724211428
0.673999020661751
0.866445968891109
1.18900691581509
0.878431904727098
0.977795583623902
0.678597841825159
0.7599444342163
1.87976610285761
1.09267941448193
2.40754361765313
0.855719157972343
0.682443758556221
0.59509167342134
1.10353130498909
2.20734749738864
0.970353928330099
1.54074347452713
0.785551087269047
1.04724328010807
0.964837988957884
1.4643237976494
1.73728595805248
0.821049814123152
0.831491873343666
0.664040112404797
0.694114826796374
1.85699552866484
1.76662038438001
0.745267446148889
0.7394029724915
0.961541405477082
1.33482363905176
1.98351587813923
0.740792998685525
0.639222435857825
0.655927743281378
0.546709073974118
1.65086115672254
0.67195233207032
0.683620154103244
1.17120701033189
0.80599090762158
0.671274646585041
0.614314894545096
0.747462713961509
0.793429712551788
0.92725451893196
0.82935851672078
0.895815207896429
1.78408359060979
0.725794836015542
0.887388504922053
0.989646716361163
2.81678406168065
0.868278212133299
0.809449668068577
1.007006233628
0.925837326306474
2.65796046031745
1.21421582538715
3.25345348198225
1.52661252046358
1.60169121758255
2.79822631245604
0.723867592619443
0.781727922117447
0.744807152893599
1.49197805132824
0.790626022904509
0.735050992166901
0.819981688572459
1.39031641352425
1.01852067646339
1.13338555662655
1.01846008023623
0.776341290369213
1.38998866191317
0.617317577354731
0.903626222136183
1.82459207967568
0.645259792990229
0.814042380794169
1.18742442849369
1.01659722941826
1.42538088301521
0.659594928992588
0.492310768071053
0.642076880964604
2.48731510792114
1.46939063956455
1.4888528181934
1.31935550015913
0.941827326412696
1.13929121185673
0.649713833788434
0.906838544461721
0.944596472399426
0.789970452655275
1.1347838190822
1.12626322531664
1.05045943469145
0.74284584921848
1.06567930818254
1.81094030399215
2.17639386759139
2.32904797694493
0.787135301193584
1.54315183764586
0.764065630068576
0.778350210979636
2.32073500102556
0.955255857596201
1.09168628700761
0.630393379350162
1.33099363900482
0.837082437791718
0.722510230518271
0.674682656547227
1.42087105686103
1.11968253935159
0.845630521457017
0.76976843076347
0.783339791583756
1.05056403051111
1.0119339485079
1.53278708099763
1.03510121394049
0.827086065664783
0.80747164929505
1.23819065270913
0.995526421048612
2.60458522694614
1.71138121971156
0.95048806887536
0.605972534349917
0.960169454526827
0.737085532062538
2.4555952437038
1.36031736447059
0.962605108042012
1.70577017207811
0.736098754457052
0.839625651335324
0.655417007591862
0.692799772394566
1.2143175130553
1.04604908874431
0.77364010186376
0.914327723801117
1.37439454473247
0.860779989679073
1.10701998407646
1.82197906817563
0.684953247697027
1.29506395761632
1.00227199205116
0.854793929748514
1.42968531314226
1.87413362456828
2.97708088219036
0.965154306285043
1.56183363297471
0.693905177722678
0.800947331237223
0.834357856728281
0.80763095245848
0.788215432721018
2.76168469058422
0.821021242664277
2.74265530286911
0.638311462414526
0.992295323168748
1.90555492919704
0.745625563741483
0.835144293109081
0.805773238473774
0.812923158444618
1.28886948623622
0.747239977588288
2.42744904342519
0.756272937133214
0.849295398781678
0.782995656041294
0.608505139452472
0.513443847301518
0.686807541946846
0.641273353227871
1.88259624970045
2.78476769047794
0.850395605652775
0.922840813277798
1.27603522047345
1.99584477347646
0.84125036157764
2.62572863906514
0.82106266112373
1.00296780094483
0.936864199298128
1.20511543242527
2.78626919680207
0.754855448678926
0.83521280883318
1.06685075186907
1.1433769245058
0.736920921989345
0.963256114028241
0.759423349909468
0.845959577000559
2.25471348954719
0.667518458307041
0.673402969049756
0.856759806924353
0.889174546603186
0.676114720364976
0.855212216505304
0.862819307021444
0.858923769485258
1.40255006274477
0.645490478240018
0.676784712542872
0.840129683485243
0.922990875553112
0.926572687087275
0.626768891189769
1.14199190579313
0.96505070916921
1.55201114403077
1.53561068609864
1.48484521175058
0.692547411156025
0.826059230964101
0.857761880102046
0.713988398638896
1.9343020754598
0.734552680175876
2.27708409901944
1.6175271205746
0.779706638110365
1.08354946307191
0.99057501744701
0.826435366202248
1.10802457467726
0.705529665798005
0.696537076810173
0.774046925448784
2.09021644130113
0.752766076274439
1.14345598138955
0.631913522779443
0.882755640146064
1.39870723842796
0.928227068574978
2.48770376123077
0.713233518963469
1.11630857151283
0.641029144416214
0.538595779176996
0.950085974445868
1.21172009078062
0.998655021849262
1.00304242329162
1.28329708302314
0.682003082944787
0.762610702817763
0.706467116423782
1.41265458051378
0.850860101480589
2.19526488934343
3.01766150551621
0.84284663662058
1.7061031556785
1.42643361384279
1.2855948465211
1.06943747694784
0.957351242506091
1.28781085281712
0.826305430118081
0.873311558697809
0.835954936830345
0.881760073731543
0.878899866381891
0.916013207433931
0.824473453751866
0.881264822957132
2.4656724173629
1.0962003147132
1.06571023802718
0.852187336062942
0.620604487272222
0.63264135095366
0.668859295031194
0.68511145132727
1.48197224846849
3.19306307934188
0.734660049430789
1.72286349817746
0.711443434862256
1.06942647304275
1.59011768973055
1.01110422270998
0.786234879558443
0.719705886677292
2.46484819602052
0.632794308561174
0.689792976873648
2.51504956967992
1.88467842721894
1.27911135801273
1.93297877098399
1.64739877238162
0.651372747106946
0.862198430994241
0.705236033037846
1.15590658158496
1.43921587125056
0.930453067677868
0.814522506479093
1.11171320523109
0.784386993912756
1.61222447234562
0.991403378176775
1.29090220694627
1.20078942593991
1.65627951198147
0.775569502598384
0.783438872742581
1.03999422727686
1.56066194354633
0.896254104245902
1.21118328374531
1.01584164683496
0.973105795796315
0.52084266121251
0.636893057210278
1.4425706397328
0.77518182391357
0.748919718638839
0.722448866817297
1.76940441614996
1.14195743007968
0.743436690906262
1.43732466428579
1.47671861735466
1.59426130784569
0.905811372974075
0.837274301520305
0.72200812633087
0.954021607620097
2.53143709853256
1.15444921764302
1.28247347702956
1.28907956196227
1.56144209212634
0.94748586629899
1.01172444520558
0.778800445790708
1.07784934371793
1.65721753556897
1.29124238822471
1.89695200943065
0.743987341347346
0.850624227735967
0.625472341878861
0.979349611854584
1.08552616741199
0.528604590409218
0.693785824531256
0.909847549442919
0.912279312180397
0.749688372284699
0.955441197090373
1.03644676237103
1.19892459275135
0.866751746533499
0.765435951686851
0.832998084672661
0.827270633569986
0.768294607505587
0.751024555725693
0.722159714696627
0.632507900196488
0.944863500785981
0.800927797577824
0.777716560891689
0.888769583491323
0.861217921313729
1.42553976973822
0.952332656691702
0.76432397432683
0.817485103016738
0.702336507862771
0.813169596348178
0.680736034675386
1.27359308517343
0.728692579371942
0.504474679808214
0.53883460722612
1.26315427347405
0.802199914370258
0.776417474494931
0.907382909177255
0.976558038496651
0.669054736677368
0.746384849591352
0.853048657492509
1.0721974142831
1.12424308291153
0.748708180252913
0.833026150871945
1.33919183864346
0.814137496970838
0.794142802967256
0.75072895919593
0.772190301461046
0.702230390109228
1.07065550936383
0.781400608168102
0.897195354633018
0.789066872884679
0.775407444217542
0.881132679830856
0.78082966952348
1.36671979374247
0.932110609262657
0.719179013062134
0.736656979310186
0.699505065802123
0.810968990586274
0.92347543669102
0.783412028403395
1.03957087761056
0.909476092886846
0.913731750549249
0.82278578222587
0.670373394072739
0.798622891729529
0.71435571861243
0.844517882249934
0.850843844007355
0.766818141317262
0.814118066171114
0.799720471020665
1.0457117754151
0.827915214074967
0.802311445292246
0.841335810211748
0.884629086149188
0.803483797545154
0.839361156946039
0.736173147784516
0.75935555247712
1.20904244535388
1.04783922678059
0.734018462377231
0.606255371282738
0.750676447705284
0.89483088779123
0.953350649356072
0.821023680351078
0.901809885852162
1.06757024806712
1.11034668072781
1.04588906044752
0.352024455550842
0.562618070734609
0.451019007500524
0.763623810918259
0.800114620649042
1.0304300044761
1.01513893336481
0.740063681294967
0.690694775206983
0.710006542504229
0.768998418075974
0.842076293600008
1.07934619728847
0.852959792632204
0.696133658177988
0.730378853465138
0.794627493228655
1.53238848818533
1.46169657956839
0.74002412227577
0.802710835045321
0.779014499962899
1.43100270423608
0.801023212213529
0.765971794965817
0.766938212129114
0.4744783160768
0.717483950723482
0.786371948998319
0.884556836221458
1.34076565731386
0.78783291004015
1.33124424077804
0.753821428694262
0.910766030689995
0.725128023695212
0.704664115878221
0.690138184199453
0.720925602712641
0.739794179321826
0.728497992986772
0.802342161831239
0.765176646056915
1.14420022721857
0.659173749764892
0.769678439137099
0.828787175651652
0.943556768121168
0.875256550082077
0.645449668590269
1.20198593844876
0.888194523033637
1.2770988084081
0.804428081027846
0.831303320176479
0.838425239780157
0.763337459715294
1.10861124259365
0.766017046828979
0.770644946917598
0.692888518296398
0.836190402907952
0.948482499425447
0.743386595193864
0.815912446899927
0.827890010689844
0.857611079798013
0.813540930771025
0.805014184088511
0.864718694506557
0.678614068674952
0.668009427761339
0.607898283799227
0.808290461591998
0.766916308841887
0.849898458487813
0.84214427571449
0.750309262572193
0.758497342268354
0.877785016892716
1.0298437873512
0.892886850691171
1.01889964615568
0.849650318107316
0.897833022988873
1.53186946366408
0.657877589846479
