1.37284307158139
1.00176191640939
0.962993318639857
0.939612382493445
0.98198547741229
1.02736277656177
1.13165986936016
1.14836017656949
1.18313726175866
0.942846910884865
0.879574182063964
0.898401649284263
1.17699945947005
1.80720332150875
1.46268397728833
1.02682199811497
1.00688473696821
0.998339667357331
1.22233680931747
1.43686164865984
1.42976295498879
0.872101887324203
0.843972951267065
1.37045741627541
1.25194336624257
1.22573475203088
0.931109392515204
1.72792207151051
0.944992732420006
1.09203622614815
0.955222107358181
1.06163942658243
1.02044036237729
0.90458907910215
0.93165767001956
1.13050291111676
0.989450496027647
0.979903766446567
0.996839680832883
1.3431973891466
0.853561562917252
1.35789179396633
1.59022458305256
0.982506680934281
1.27637375602796
0.945492731445654
0.905354283011889
0.915355382474418
1.03196785882776
1.60588044637263
0.961576822797064
1.11577755023235
1.31119410485519
1.09188724787657
0.967554749342614
1.74631132428165
1.46411157293828
1.23743179103676
1.0234622491293
1.81162604961613
1.07288309360065
1.10094320519549
1.41440196518997
1.310061575192
0.989274872248078
1.34461064221023
0.937748507114831
1.07901827900526
1.19522352542923
1.00991912636153
0.909284879245159
0.847113371173473
0.914259990725059
0.880611410507638
0.952249147032297
0.849084240934052
1.2587155782507
0.982867523777075
0.965040816460923
0.946908829556764
1.13099682808333
1.03711348518446
1.00396014718371
0.954114080742205
0.935882900635945
1.52414509519679
1.67097182843373
0.991423005475914
0.883518684337764
0.918468363040861
1.52924954628715
0.994105203445852
1.08999381192907
1.01307805721028
1.36309122895988
1.29263473476921
0.981322553767969
1.00042102996919
1.06190292240258
0.978332828876562
1.33639718262274
1.44871643408956
1.29443650285381
1.41595794900716
1.7975492691004
1.20837846020762
0.962993712141426
1.02033925075968
0.960762745257158
1.82859826435206
1.67299249968576
1.77901032296494
0.925208564983768
1.13859753062565
1.02457263364466
1.14875080167162
0.743375394456292
0.975284273278621
0.854561319373029
0.973569911717376
0.804485916359119
0.929335850546619
0.868828476357351
0.863134107359789
0.865754293554467
0.779784303329008
0.818898027600981
0.748426004416826
0.735825932013806
0.807617298966032
1.09118970340103
0.978027864214966
1.1138430851419
1.14251375936722
1.40317291011057
1.32550893631116
1.24996001006136
1.41742522228502
1.3570682551659
1.26241769222683
0.922162862998683
0.866551330317304
0.740075362275008
0.671478560983898
0.829375936048577
0.82557097084897
0.865704704150154
0.898018672366961
0.946382725734762
0.940128406318973
0.865163779124472
0.763091330274333
0.751538514655443
0.685238850801824
0.647527591229859
0.719251012020385
0.670931287229408
0.724419507221658
0.678526885622915
0.664809645391606
0.580778299054094
0.634807393790554
0.647766611896212
0.670516666714734
0.754396351786927
1.96684292585025
2.55459585131693
2.32899807887838
2.39140231900965
2.18678289528491
2.15573899819459
1.37040705093711
2.2531943684753
2.12530414703008
2.58156189628492
1.86474094020112
2.39817588172162
2.60421938649911
3.05033690156436
1.72716650157886
2.09085155649881
1.31674254956079
1.34968600235165
1.3755793605518
1.22425787957409
0.889389322661559
1.3111150352933
1.19733387902067
0.928484244494824
1.00601388686063
0.996339214084546
1.02717940475553
0.911938048367065
1.01473272038949
0.928311731588224
1.04595773430644
0.902362600744761
0.982473001911843
1.05584215772929
1.02910000018264
0.978589710132619
1.03068562924966
0.98359012738867
1.04874620328788
0.86460801046764
0.813995716687
0.730293346389523
0.64828915975348
0.645041361922625
0.653431587086937
0.586198163165488
0.844114969087502
0.80909993953334
0.57916939771443
0.823479694558658
0.878904716521506
0.760140591003389
0.684889207015013
0.652040462536306
0.746498564445622
0.784345023245815
0.876689548168716
1.37515857615472
2.14204365356541
1.52568445327015
1.39034255856422
2.03335380258006
2.06090433924279
2.3242921696945
2.01302843663258
2.43661392356376
2.20662825558091
1.21650967676295
2.89616695241973
2.12458481802295
1.55149741568455
1.53398599516116
1.78813619558069
1.93347105619415
2.43525132588486
2.22507276611842
1.97475627126415
2.50566385759656
2.55980232519738
2.53653736642761
2.48206508885983
1.99438326330921
1.89220834110509
1.94822297372411
1.7042773160742
0.655292597545161
0.731551905123024
0.734647561514003
0.889106197442813
0.784510666955279
1.13416551822519
0.890033907583485
0.933992927947798
0.817340321640991
0.8583784107473
0.832758867252369
0.958367992696066
0.893853434530647
0.933986472188309
0.965066688638455
0.900440247351309
1.00061297375982
1.20749053232316
1.33311652582324
1.00849501924841
1.11632136978329
0.964394967846212
0.947785944837753
0.881619385058904
0.944767605381844
1.28247215273464
1.02916528074458
1.0802179572588
0.978819889015108
1.08510432843142
1.37130609382222
1.8009578805585
1.57633994525538
1.82629018874089
1.75931793881573
2.05822136675605
2.11774919157002
2.15208108181989
2.08767980969136
0.931060166320337
0.970101970866903
0.944766781327563
1.06300854360231
1.32803361171244
0.877670916262583
0.857600922351319
1.00510831931444
1.04413545723347
1.18074343902509
0.808175463293142
0.687256293037586
0.973951949604217
1.29353123888284
1.2372089067779
1.10226035911503
0.905905217733744
0.986795877076028
1.07813364948518
0.890023811935284
1.05792042548197
1.03742389021587
0.728793529956392
1.65002507123861
0.82424158753132
0.875720034317409
0.978077002548594
1.2940257372106
1.65996568897277
0.73796099228932
0.775457140935714
0.829517475916771
1.07980067133309
2.38335808197864
1.24959018628492
0.846555322366029
0.608344752215476
0.691301528769547
0.807365273285624
1.02381485232073
0.841190757112283
1.10521061482717
1.02714592377585
2.65733490760254
2.04839744990496
1.63571319359661
1.77921274552051
0.756892194801344
2.32512684999869
2.12763825402104
0.740692634369016
0.704356922916034
0.946092744167997
0.753465413924367
0.953093849622181
1.04528672209449
2.30066244604594
1.68466407524724
0.916520951415003
0.756866114758304
2.74224594747204
0.961558834010897
0.782259070155282
1.10498567710207
0.982792001980909
0.843103039145263
1.30598863106098
1.28940498932215
1.04004022251537
0.868422219110704
0.952406909258979
0.906920685332539
0.828905436730158
1.62947064138532
0.894299906829357
2.68648970764912
1.44768829699066
0.939798296873651
0.763392507684341
0.896429304382336
1.00036849683919
1.07440082067677
0.921168987513349
0.702707507484576
0.718127516663371
0.806552958163696
0.778457893909711
2.11761156788307
2.41883957248108
1.80399949895778
1.70485648356213
0.91227275997476
0.793608495768485
1.55372354310227
0.861691944501913
0.849136496549271
0.907155917132923
0.983667088269394
0.897938197350094
0.72945756431255
1.45201279969742
1.38266417550795
1.276162057064
0.887179327822524
0.79727146238065
1.18160036230039
1.04063052065683
0.884746653533032
0.727268009667979
0.857099965045998
1.79560642785015
1.03177538654539
1.11977546456269
1.37692887284477
1.1431102356169
1.48604843596325
0.910743797951977
0.95886299689827
0.933553469265
1.09666232812668
0.946679576736967
0.901816855989014
1.03087542732975
1.28183119950314
1.1404454902022
1.32354788443241
1.30544877107801
1.26952716648091
1.01243825141488
0.739709136146844
0.747628529729057
0.870998445933544
1.26422682283842
0.706416977636589
0.672028538340947
0.838699783034592
1.14279124280436
1.9782701219928
1.70596091541426
2.10685981811874
0.959436132126507
1.02210705607404
0.888539799307408
0.915577161859754
0.869232981368368
1.06890186525618
1.06741812341546
0.986924771338479
1.05047671038265
1.87884292194432
1.56695007580088
2.26731999126361
2.42273699480027
2.18471026111832
1.57976740917559
1.30511439322596
0.836520629096074
0.868337725466186
1.01947494549533
0.930567160584738
1.07019872466948
1.07414633918098
1.07763153584109
1.10049383010785
0.993709104958796
0.877847049715664
0.765479178180089
0.825016957718527
0.804876655664119
1.04275507135052
1.02199849005598
1.05350415939758
0.999810455017688
1.35656570995309
1.47354732292473
1.45516075199878
1.66075192327504
1.26234077601582
1.22534473110492
1.28649100388168
1.33283745039471
1.53002738667051
0.57701444083392
0.680652320913153
0.546224747445646
0.875994347400746
1.25405539655579
1.38135681535905
0.673541577509226
1.02390336392227
1.19065348253584
1.05001918093649
0.83500841197239
0.61309165519552
0.882524168650306
1.00070470002348
1.26532274477131
1.63723529202873
0.912287759102504
0.675828466105161
1.1007254276217
1.61350518012458
1.61249598540597
1.8310361613012
2.05373570651522
0.963391438867367
0.826289311514768
0.816437115651523
1.15814465041619
0.982358980233993
1.55775959070692
1.28429830250537
0.960686639218005
1.2974927922073
0.997448779077908
1.90611865291368
1.07838501296713
1.28609764183524
1.0025097155282
1.01095914922774
0.923528730762688
0.873505954865582
1.06487426061615
0.964852651899185
0.926629398566844
0.819713239658658
1.07490434529549
0.618013192777627
1.04587533863972
1.51491604238741
1.08950952407737
1.51944331744226
1.03105723988772
1.20577208296881
0.984546725833716
0.748318618757533
0.84092608696498
0.893704881094622
1.05255745521274
0.715768765614824
0.943579674224184
0.893488283827316
1.10742062379923
1.33699730866834
1.248044088713
1.60373307091803
0.983985041719857
2.06540136741045
0.948209461703463
1.00542164303417
0.803751679189119
1.4946833146601
1.87102820289317
1.42989290865687
1.12212314323522
1.20257233925467
0.853963199395975
2.30379242306237
1.01525333970277
0.962783185190207
0.981689588283561
0.981028015930377
0.692006018055611
2.02254436728512
0.748374244396828
1.15253476123263
0.971633783701159
0.635110651080698
1.0540352109958
0.698315170637507
0.591543499752589
0.961907197749041
0.994714288880726
1.07642572652588
1.07674480400792
1.77086736036335
0.6829680157043
1.44070161377036
1.83509532117334
1.33532701069691
0.586756746659663
1.12886821833924
1.28669328690759
1.01061570033773
1.58453168258733
1.26682046227403
1.24488155870303
0.976661339176106
0.809773530616429
1.81089190899252
1.45203619243162
0.807930688194309
1.00154295197323
1.03215109676975
1.0007391688219
1.08250850110663
1.00586880211364
0.813067087143752
1.2824464930121
1.01273306184923
1.79522949037335
1.04246627125524
0.909499452166207
1.03855397108332
0.689023657306677
0.957177381249886
0.760337632144536
2.71735731140902
1.01289861639605
1.00658321686251
0.757455635730055
1.77047555915024
0.782350614937653
0.894148261929001
0.97913401247211
1.24841540795537
1.43420606819046
1.05204290322075
1.51596698069902
0.923222229039438
0.791899944909165
1.20832875203323
1.24307439612525
1.41473113661973
0.99328237409646
1.25504828257244
1.01424861390218
1.32568970775476
1.14236331601415
0.968248256560545
0.897696914661586
0.992919026392378
1.01467818413919
0.808322956618076
0.82483662600092
2.22561405536072
0.747565013793185
0.996098787158894
1.15291978056172
0.897597080003522
1.02338435409327
0.991186275864856
1.86594630182563
1.17306073526911
1.04432830147546
0.969620974413161
1.2951014707996
0.854247609533605
1.21668627594063
1.14535573547341
1.46056507745256
1.73081295608249
1.62332143407804
0.816261575055472
1.60022832175877
1.03148868884239
0.998982598684236
1.90130163084391
0.817464496187696
0.855726330218121
1.58993680693719
0.904312509131303
0.904304990044748
2.29291255881402
1.07745693788578
0.983318070775455
1.02280230269684
0.73998164011325
1.35070131331901
1.07912900322361
0.983363279073093
0.866980526678553
0.991051124895738
0.773778516987711
1.54127973813043
0.594788532039255
0.986729239632471
2.0190748339896
1.25352551942768
2.32356838850512
0.848353498508672
1.04482622273279
1.03423908929146
0.857967578423883
2.17839738722462
1.03948385775171
1.89700407829332
2.18026714963466
1.27830652847651
0.824245558618813
0.849885269866943
1.26780135089436
1.03052883845706
1.46194403792536
1.31246309150252
2.00971195584798
0.703086850450317
0.868581091827155
1.09541109252245
1.11926719882995
0.983225307165493
0.728963730276026
0.730950065594354
1.89443685304703
1.34365430126998
2.46402284484753
0.889955522489754
1.03035051322649
0.820046244938056
1.06832223364881
2.45233935430744
1.16130655378835
1.31655480732401
0.684379968168036
0.937871142794159
0.94999096880047
1.40271588098633
2.10339001231156
0.818167827604156
0.851220729377208
0.963618494770632
0.99233706090529
1.84066381171917
1.72148942375822
0.873571633173519
0.773256588194626
0.906830977893242
1.16593944217044
1.9011224532002
0.816423957027834
0.93961962475032
0.675249194174778
0.604268158773712
2.07801564654504
0.775972385543288
0.798831264058043
1.03020044144699
0.883293918363825
0.711370631253397
0.841522348476105
0.763506570010371
0.972308173627479
0.968812957986104
0.93212349774319
1.03967387734166
1.72092107269159
0.665561124510662
1.10003485467721
0.994944238429734
2.76860367772423
1.15575503258147
0.739444365406702
0.982623045565666
0.989325087912584
2.4417091646364
1.2877404596823
2.74525014469147
1.42967923028347
1.52772043944411
2.28447128806891
1.02245498536138
1.06616889270533
1.00341107688047
1.44782484480468
1.03697826657048
0.901451947785942
0.749881352844162
1.28030621844678
1.00405879808602
1.1913213707188
0.936387333046012
0.947623449779383
1.69089743400805
0.71209172545199
0.933571152921293
1.65716416534779
0.694189515141579
0.729822914649155
1.68274576646245
0.998755917418847
1.32663834507544
0.664215222021079
0.573809773515138
0.69145654851251
2.26232175675875
1.29634028325892
1.28141676197972
1.12430987851751
0.861576527842843
1.17838874039978
0.937824547537638
1.04836757541625
1.06061333044711
0.689855167399084
1.10097274956735
1.17528538271952
0.991996047142413
0.951252174670461
1.5164049477371
1.6910660860674
2.4048915679106
2.40795868077831
0.843311460951846
1.32556145584479
0.942925184476787
0.911918122953707
2.21231966625052
1.04495187729423
0.875575576002151
0.94299799092927
1.6604146331333
0.747116878535424
0.820360096748519
0.739524315410524
1.12079742886632
0.953729097091264
1.07128045259518
1.00949754274091
0.935015142153982
0.919094243586385
0.834435670865504
1.8084435672806
1.07009855288253
0.886280573908796
0.888059578350277
1.07028785370422
1.19842378259944
2.41459906986651
2.10655444906193
1.22672236288402
0.694157509951458
1.16570692119931
0.931540475255856
2.241708850248
1.38408736072245
0.951414900273682
1.61799325862505
0.814042541673299
1.03910740653945
0.748347050549533
0.742396219963174
1.22415409629751
0.91149962748765
0.924165634700445
1.0415365608875
1.39568114193552
0.823169871540642
1.40048532068379
1.46527751482693
0.872193937554415
1.24304013716292
0.96116548398981
0.748273528955035
1.66321933401235
1.88945280287096
2.81671260703591
0.936359226411736
1.88086728292829
0.806343267989546
0.762906908092324
0.994800514528561
1.00585294586562
0.963134213159525
2.347357700981
0.711362792641641
2.68693239554418
0.653085987250008
0.964783479963383
1.9480961938976
0.987650681208618
1.00271212367606
1.07510856462803
0.959768182589016
1.49237307391977
0.724538893748548
1.99284935257167
0.845946663104704
0.937849481238877
0.847628324751734
0.757130106917158
0.704880626525984
0.763499191703658
0.739674304784115
2.06495476309881
2.51220583460925
1.07527652459681
0.887989480754371
1.18297142311019
1.81467792898978
1.10659705118808
2.39626323624433
0.837708281081624
1.04718751765917
0.943903772420546
1.34991398564869
2.63753600196764
1.03607801378859
0.914252342855277
1.05284455775609
1.63803337427066
0.943951973511886
1.09617410992254
0.714146010783223
1.08128934639499
2.25690108199611
0.707955340845716
0.840496267505679
1.02343848024575
1.02468648344893
0.944578409060537
0.945937464421015
0.886241908195403
0.855218623994146
1.82025602877982
0.675169963559169
0.697080474655763
0.901995484051123
0.960546702596493
0.960477347686138
0.671101891909285
1.21692500140674
1.05506061635381
1.26434082609644
1.28050633144996
1.28304292453808
0.778050103816522
0.900322482529929
0.985152410301494
0.837689849593608
1.88125998109948
0.899961027400068
2.14304251441888
1.37261080313749
1.01115352150557
1.57395834068323
0.96241694577955
0.938312200973834
1.05412785951761
0.914240369867422
0.868523262213838
0.989596176839501
2.08080939900434
0.87208662195992
1.35513144595289
0.889604017489143
1.25370904724137
1.1635523497747
1.00150943775383
2.17075776990658
0.883411966594094
1.05705370210556
0.995719778502731
0.786366879855899
0.854374612718534
1.710292077443
1.15932168686838
1.00723778250589
1.02894437413293
0.984814878518691
0.832178475794608
0.990849759113381
1.33408122176971
0.779523574219324
2.19950729939609
2.83834601610251
0.917771225045818
1.36373777811289
1.2898951998009
1.11396663622745
1.29870007299299
1.09388951650364
1.02076575247759
0.999514440535988
1.03656035168824
1.00825889221889
0.912247187778922
1.09177880164572
1.01078169170107
1.02167664365516
0.917650839901919
2.21081409308948
1.00147844525989
1.51405915991376
0.940926159159939
0.912222708942007
0.612990676636793
0.654083343405157
1.52259831755
1.33745369779934
2.82337040251992
0.999987564844997
1.95931807483805
0.808354511970949
0.89280397415345
1.58599285744549
1.04675792903529
0.933255332015257
0.754267484913148
2.59003262043538
0.875586695722329
0.928717815348389
2.26415902121091
1.99786781985708
1.25702907420512
1.94486841957977
1.88350212212413
0.850451754544608
0.897231081715133
0.818753873486686
1.04702362582214
1.286423748693
1.10653480321426
1.02225170178324
1.03072140696353
0.823926621197129
1.94627434777466
0.951823855222146
1.11376987318329
1.05726970774921
1.28526719469421
1.09817565355524
0.981551165931843
1.03478748161249
1.79188151512711
0.927630479678104
1.71726439146149
1.52718101319585
1.4758741900035
0.658547317906799
0.729839485987536
1.20614385719243
0.969648787111095
0.948523321982278
0.940102597830719
1.73295315247206
1.0507694619813
0.840249258416073
1.36737772893636
1.32747339587342
1.65732191977473
0.872840390314647
0.879952727710069
0.896916470556753
0.974872228389782
2.23321319388897
1.11849408725906
1.72740037716071
1.77922727882834
1.54088043562692
1.07494475861615
0.985081709455488
1.04045726004761
1.20714578334038
1.70408000712057
1.43109819724545
1.67529959708008
0.86746249473497
0.967610344662634
0.87041369522087
1.21791068572329
1.30297544453176
1.19185949384363
1.07860213568946
1.04539164752093
1.05571574165477
0.974476457142477
1.11247505916528
1.15978927845222
1.24799959266498
1.00289815486197
1.00999486586994
1.13770823284373
1.14009776619208
1.04064990656724
0.97617341363624
0.946598929699354
1.02751411480408
1.25568457952322
1.01209172161835
0.98259156087937
1.32724770524714
0.921984401671553
1.56201746301574
1.1762999491283
0.998482728040392
1.00935494801759
0.962920296588139
1.03441887084714
0.958109380271119
1.54785815511769
0.975679173325388
1.27409002048199
1.29397286266817
1.35612968113611
0.980562414827191
0.908189614454873
0.97948420943219
1.13535274219421
1.08107822740117
1.07359281094417
0.986846949232572
1.15588289846492
1.25730535845443
0.900264595093269
1.00911618346769
1.44099865819337
1.01313833289609
1.0076717134735
1.04438581013885
1.00185376589074
1.02752134239926
1.45535019144494
1.17542393633487
0.976112578051078
1.09632649947642
0.943474944081577
1.17720096103852
0.991353743337797
1.57244685072447
1.25653753923663
0.950685147138524
0.965429369680068
0.941648970575971
1.09690120955542
1.09137049264817
0.936756783384485
1.32792100027705
1.21805078314095
1.08040036693903
1.17066905114442
1.02624391467479
0.985370370152251
1.04448157774838
0.959001015560295
0.994707692771949
0.90703757527011
1.00079745739558
0.979746868484753
1.07201276908741
0.980039842433419
0.98862593911114
1.10998997975661
1.15471704281876
0.996080916825336
1.02249214436506
1.01690628870756
1.00005018993912
1.298509609835
1.28504924993238
1.2280389603221
1.14671960138525
1.0110567747297
1.08916895931043
1.10903238030382
0.927138761065471
1.03273206662557
1.18423899801946
1.19771204924311
1.11092964547788
1.31571081114575
1.14355703436317
1.23692642051294
0.979231142814106
0.994428559358144
1.20811527649245
1.22206225390931
0.981453618987699
0.914678717764264
0.95969885487664
0.997353420101624
1.28912684611983
1.49795977862326
1.03782159602944
0.992442982408291
1.02861493982675
0.899171121979852
1.66474644593552
1.66069151090467
0.971666771111694
1.00203281548841
1.16494878786892
1.49678001349977
0.985996564639543
0.985895639785229
0.90926286386799
1.35918415401221
1.0058033724373
0.960514505208642
1.03229535003556
1.62477214080817
1.02121663302223
1.37669950602818
1.14308900215708
0.964407279300535
0.956187863434637
0.938353804914912
0.933413951775547
0.950563476864916
0.959843431661603
0.953714897777632
1.1874170495203
1.0609911264058
1.40163671630134
0.967650856817945
1.05093518153354
0.971117177751544
1.03866430555205
0.949231650200982
1.03910243449355
1.27263796233024
1.13629666824226
1.31444443093189
0.947968666713052
1.01386266864218
1.01378397838843
1.08215238806787
1.13947123776835
0.879673809591868
1.06189325382431
1.29326575734665
1.05792141764311
1.29482953670051
0.966778124856056
0.904664878716907
0.969043951172601
1.01129302407905
0.96805343556228
0.97873297572534
1.02751920831446
1.13756308213823
1.07414037733064
1.1798299709451
0.977928848889033
1.00161859722509
0.977626076410756
1.11487807045857
1.01045524686328
0.928253659292166
0.942226538802214
1.17651648343383
0.925566056489774
1.00551186845735
0.935001936625058
1.00051302367098
1.61094672040999
0.931194619981799
